Datatype: PopulationSize
  0.00	  1000000.00	        0.00	        3.00	        1.00	        0.00	  1000000.00
  0.01	  1017021.00	        0.00	        3.00	        1.00	    17021.00	  1000000.00
  0.02	  1033980.00	        0.00	        3.00	        1.00	    33980.00	  1000000.00
  0.03	  1051436.00	        0.00	        3.00	        1.00	    51436.00	  1000000.00
  0.04	  1068919.00	        0.00	        3.00	        1.00	    68919.00	  1000000.00
  0.05	  1086775.00	        0.00	        3.00	        1.00	    86775.00	  1000000.00
  0.06	  1104982.00	        0.00	        3.00	        1.00	   104982.00	  1000000.00
  0.07	  1123533.00	        0.00	        3.00	        1.00	   123533.00	  1000000.00
  0.08	  1142260.00	        0.00	        3.00	        1.00	   142260.00	  1000000.00
  0.09	  1161147.00	        0.00	        3.00	        1.00	   161147.00	  1000000.00
  0.10	  1180535.00	        0.00	        3.00	        1.00	   180535.00	  1000000.00
  0.11	  1200229.00	        0.00	        3.00	        1.00	   200229.00	  1000000.00
  0.12	  1220498.00	        0.00	        3.00	        1.00	   220498.00	  1000000.00
  0.13	  1241002.00	        0.00	        3.00	        1.00	   241002.00	  1000000.00
  0.14	  1261761.00	        0.00	        3.00	        1.00	   261761.00	  1000000.00
  0.15	  1283001.00	        0.00	        3.00	        1.00	   283001.00	  1000000.00
  0.16	  1304681.00	        0.00	        3.00	        1.00	   304681.00	  1000000.00
  0.17	  1326838.00	        0.00	        3.00	        1.00	   326838.00	  1000000.00
  0.18	  1349090.00	        0.00	        3.00	        1.00	   349090.00	  1000000.00
  0.19	  1371635.00	        0.00	        3.00	        1.00	   371635.00	  1000000.00
  0.20	  1394893.00	        0.00	        3.00	        1.00	   394893.00	  1000000.00
  0.21	  1418429.00	        0.00	        3.00	        1.00	   418429.00	  1000000.00
  0.22	  1442136.00	        0.00	        3.00	        1.00	   442136.00	  1000000.00
  0.23	  1466332.00	        0.00	        3.00	        1.00	   466332.00	  1000000.00
  0.24	  1491186.00	        0.00	        3.00	        1.00	   491186.00	  1000000.00
  0.25	  1515937.00	        0.00	        3.00	        1.00	   515937.00	  1000000.00
  0.26	  1541287.00	        0.00	        3.00	        1.00	   541287.00	  1000000.00
  0.27	  1567183.00	        0.00	        3.00	        1.00	   567183.00	  1000000.00
  0.28	  1593662.00	        0.00	        3.00	        1.00	   593662.00	  1000000.00
  0.29	  1620487.00	        0.00	        3.00	        1.00	   620487.00	  1000000.00
  0.30	  1647852.00	        0.00	        3.00	        1.00	   647852.00	  1000000.00
  0.31	  1675542.00	        0.00	        3.00	        1.00	   675542.00	  1000000.00
  0.32	  1703733.00	        0.00	        3.00	        1.00	   703733.00	  1000000.00
  0.33	  1732429.00	        0.00	        3.00	        1.00	   732429.00	  1000000.00
  0.34	  1761399.00	        0.00	        3.00	        1.00	   761399.00	  1000000.00
  0.35	  1791249.00	        0.00	        3.00	        1.00	   791249.00	  1000000.00
  0.36	  1821041.00	        0.00	        3.00	        1.00	   821041.00	  1000000.00
  0.37	  1851750.00	        0.00	        3.00	        1.00	   851750.00	  1000000.00
  0.38	  1883199.00	        0.00	        3.00	        1.00	   883199.00	  1000000.00
  0.39	  1914942.00	        0.00	        3.00	        1.00	   914942.00	  1000000.00
  0.40	  1947139.00	        0.00	        3.00	        1.00	   947139.00	  1000000.00
  0.41	  1979911.00	        0.00	        3.00	        1.00	   979911.00	  1000000.00
  0.42	  2013303.00	        0.00	        3.00	        1.00	  1013303.00	  1000000.00
  0.43	  2046818.00	        0.00	        3.00	        1.00	  1046818.00	  1000000.00
  0.44	  2080891.00	        0.00	        3.00	        1.00	  1080891.00	  1000000.00
  0.45	  2115887.00	        0.00	        3.00	        1.00	  1115887.00	  1000000.00
  0.46	  2151329.00	        0.00	        3.00	        1.00	  1151329.00	  1000000.00
  0.47	  2187412.00	        0.00	        3.00	        1.00	  1187412.00	  1000000.00
  0.48	  2223896.00	        0.00	        3.00	        1.00	  1223896.00	  1000000.00
  0.49	  2260910.00	        0.00	        3.00	        1.00	  1260910.00	  1000000.00
  0.50	  2298575.00	        0.00	        3.00	        1.00	  1298575.00	  1000000.00
  0.51	  2337371.00	        0.00	        3.00	        1.00	  1337371.00	  1000000.00
  0.52	  2376173.00	        0.00	        3.00	        1.00	  1376173.00	  1000000.00
  0.53	  2415600.00	        0.00	        3.00	        1.00	  1415600.00	  1000000.00
  0.54	  2455923.00	        0.00	        3.00	        1.00	  1455923.00	  1000000.00
  0.55	  2497082.00	        0.00	        3.00	        1.00	  1497082.00	  1000000.00
  0.56	  2538881.00	        0.00	        3.00	        1.00	  1538881.00	  1000000.00
  0.57	  2581557.00	        0.00	        3.00	        1.00	  1581557.00	  1000000.00
  0.58	  2624745.00	        0.00	        3.00	        1.00	  1624745.00	  1000000.00
  0.59	  2668629.00	        0.00	        3.00	        1.00	  1668629.00	  1000000.00
  0.60	  2713504.00	        0.00	        3.00	        1.00	  1713504.00	  1000000.00
  0.61	  2759182.00	        0.00	        3.00	        1.00	  1759182.00	  1000000.00
  0.62	  2805367.00	        0.00	        3.00	        1.00	  1805367.00	  1000000.00
  0.63	  2852445.00	        0.00	        3.00	        1.00	  1852445.00	  1000000.00
  0.64	  2899871.00	        0.00	        3.00	        1.00	  1899871.00	  1000000.00
  0.65	  2948099.00	        0.00	        3.00	        1.00	  1948099.00	  1000000.00
  0.66	  2997583.00	        0.00	        3.00	        1.00	  1997583.00	  1000000.00
  0.67	  3047875.00	        0.00	        3.00	        1.00	  2047875.00	  1000000.00
  0.68	  3098848.00	        0.00	        3.00	        1.00	  2098848.00	  1000000.00
  0.69	  3150998.00	        0.00	        3.00	        1.00	  2150998.00	  1000000.00
  0.70	  3204193.00	        0.00	        3.00	        1.00	  2204193.00	  1000000.00
  0.71	  3257902.00	        0.00	        3.00	        1.00	  2257902.00	  1000000.00
  0.72	  3312846.00	        0.00	        3.00	        1.00	  2312846.00	  1000000.00
  0.73	  3367863.00	        0.00	        3.00	        1.00	  2367863.00	  1000000.00
  0.74	  3424072.00	        0.00	        3.00	        1.00	  2424072.00	  1000000.00
  0.75	  3481275.00	        0.00	        3.00	        1.00	  2481275.00	  1000000.00
  0.76	  3539668.00	        0.00	        3.00	        1.00	  2539668.00	  1000000.00
  0.77	  3598647.00	        0.00	        3.00	        1.00	  2598647.00	  1000000.00
  0.78	  3659038.00	        0.00	        3.00	        1.00	  2659038.00	  1000000.00
  0.79	  3720516.00	        0.00	        3.00	        1.00	  2720516.00	  1000000.00
  0.80	  3782877.00	        0.00	        3.00	        1.00	  2782877.00	  1000000.00
  0.81	  3846080.00	        0.00	        3.00	        1.00	  2846080.00	  1000000.00
  0.82	  3910638.00	        0.00	        3.00	        1.00	  2910638.00	  1000000.00
  0.83	  3976104.00	        0.00	        3.00	        1.00	  2976104.00	  1000000.00
  0.84	  4042966.00	        0.00	        3.00	        1.00	  3042966.00	  1000000.00
  0.85	  4110415.00	        0.00	        3.00	        1.00	  3110415.00	  1000000.00
  0.86	  4179896.00	        0.00	        3.00	        1.00	  3179896.00	  1000000.00
  0.87	  4249645.00	        0.00	        3.00	        1.00	  3249645.00	  1000000.00
  0.88	  4320968.00	        0.00	        3.00	        1.00	  3320968.00	  1000000.00
  0.89	  4393418.00	        0.00	        3.00	        1.00	  3393418.00	  1000000.00
  0.90	  4467202.00	        0.00	        3.00	        1.00	  3467202.00	  1000000.00
  0.91	  4542483.00	        0.00	        3.00	        1.00	  3542483.00	  1000000.00
  0.92	  4618525.00	        0.00	        3.00	        1.00	  3618525.00	  1000000.00
  0.93	  4695515.00	        0.00	        3.00	        1.00	  3695515.00	  1000000.00
  0.94	  4774271.00	        0.00	        3.00	        1.00	  3774271.00	  1000000.00
  0.95	  4854386.00	        0.00	        3.00	        1.00	  3854386.00	  1000000.00
  0.96	  4935385.00	        0.00	        3.00	        1.00	  3935385.00	  1000000.00
  0.97	  5018032.00	        0.00	        3.00	        1.00	  4018032.00	  1000000.00
  0.98	  5102255.00	        0.00	        3.00	        1.00	  4102255.00	  1000000.00
  0.99	  5187292.00	        0.00	        3.00	        1.00	  4187292.00	  1000000.00
  1.00	  5274540.00	        0.00	        3.00	        1.00	  4274540.00	  1000000.00
  1.01	  5362866.00	        0.00	        3.00	        1.00	  4362866.00	  1000000.00
  1.02	  5452789.00	        0.00	        3.00	        1.00	  4452789.00	  1000000.00
  1.03	  5543998.00	        0.00	        3.00	        1.00	  4543998.00	  1000000.00
  1.04	  5636966.00	        0.00	        3.00	        1.00	  4636966.00	  1000000.00
  1.05	  5731294.00	        0.00	        3.00	        1.00	  4731294.00	  1000000.00
  1.06	  5827479.00	        0.00	        3.00	        1.00	  4827479.00	  1000000.00
  1.07	  5924731.00	        0.00	        3.00	        1.00	  4924731.00	  1000000.00
  1.08	  6023973.00	        0.00	        3.00	        1.00	  5023973.00	  1000000.00
  1.09	  6125112.00	        0.00	        3.00	        1.00	  5125112.00	  1000000.00
  1.10	  6227896.00	        0.00	        3.00	        1.00	  5227896.00	  1000000.00
  1.11	  6332403.00	        0.00	        3.00	        1.00	  5332403.00	  1000000.00
  1.12	  6438506.00	        0.00	        3.00	        1.00	  5438506.00	  1000000.00
  1.13	  6546515.00	        0.00	        3.00	        1.00	  5546515.00	  1000000.00
  1.14	  6655957.00	        0.00	        3.00	        1.00	  5655957.00	  1000000.00
  1.15	  6767068.00	        0.00	        3.00	        1.00	  5767068.00	  1000000.00
  1.16	  6880334.00	        0.00	        3.00	        1.00	  5880334.00	  1000000.00
  1.17	  6995618.00	        0.00	        3.00	        1.00	  5995618.00	  1000000.00
  1.18	  7113094.00	        0.00	        3.00	        1.00	  6113094.00	  1000000.00
  1.19	  7232976.00	        0.00	        3.00	        1.00	  6232976.00	  1000000.00
  1.20	  7354002.00	        0.00	        3.00	        1.00	  6354002.00	  1000000.00
  1.21	  7477185.00	        0.00	        3.00	        1.00	  6477185.00	  1000000.00
  1.22	  7602761.00	        0.00	        3.00	        1.00	  6602761.00	  1000000.00
  1.23	  7729300.00	        0.00	        3.00	        1.00	  6729300.00	  1000000.00
  1.24	  7859141.00	        0.00	        3.00	        1.00	  6859141.00	  1000000.00
  1.25	  7990614.00	        0.00	        3.00	        1.00	  6990614.00	  1000000.00
  1.26	  8125235.00	        0.00	        3.00	        1.00	  7125235.00	  1000000.00
  1.27	  8260966.00	        0.00	        3.00	        1.00	  7260966.00	  1000000.00
  1.28	  8399780.00	        0.00	        3.00	        1.00	  7399780.00	  1000000.00
  1.29	  8540853.00	        0.00	        3.00	        1.00	  7540853.00	  1000000.00
  1.30	  8683594.00	        0.00	        3.00	        1.00	  7683594.00	  1000000.00
  1.31	  8829247.00	        0.00	        3.00	        1.00	  7829247.00	  1000000.00
  1.32	  8976997.00	        0.00	        3.00	        1.00	  7976997.00	  1000000.00
  1.33	  9126804.00	        0.00	        3.00	        1.00	  8126804.00	  1000000.00
  1.34	  9279949.00	        0.00	        3.00	        1.00	  8279949.00	  1000000.00
  1.35	  9435561.00	        0.00	        3.00	        1.00	  8435561.00	  1000000.00
  1.36	  9593719.00	        0.00	        3.00	        1.00	  8593719.00	  1000000.00
  1.37	  9754309.00	        0.00	        3.00	        1.00	  8754309.00	  1000000.00
  1.38	  9917998.00	        0.00	        3.00	        1.00	  8917998.00	  1000000.00
  1.39	 10083976.00	        0.00	        3.00	        1.00	  9083976.00	  1000000.00
  1.40	 10253014.00	        0.00	        3.00	        1.00	  9253014.00	  1000000.00
  1.41	 10425388.00	        0.00	        3.00	        1.00	  9425388.00	  1000000.00
  1.42	 10599781.00	        0.00	        3.00	        1.00	  9599781.00	  1000000.00
  1.43	 10777916.00	        0.00	        3.00	        1.00	  9777916.00	  1000000.00
  1.44	 10958413.00	        0.00	        3.00	        1.00	  9958413.00	  1000000.00
  1.45	 11142390.00	        0.00	        3.00	        1.00	 10142390.00	  1000000.00
  1.46	 11329626.00	        0.00	        3.00	        1.00	 10329626.00	  1000000.00
  1.47	 11518907.00	        0.00	        3.00	        1.00	 10518907.00	  1000000.00
  1.48	 11712213.00	        0.00	        3.00	        1.00	 10712213.00	  1000000.00
  1.49	 11907249.00	        0.00	        3.00	        1.00	 10907249.00	  1000000.00
  1.50	 12106738.00	        0.00	        3.00	        1.00	 11106738.00	  1000000.00
  1.51	 12309753.00	        0.00	        3.00	        1.00	 11309753.00	  1000000.00
  1.52	 12516784.00	        0.00	        3.00	        1.00	 11516784.00	  1000000.00
  1.53	 12726272.00	        0.00	        3.00	        1.00	 11726272.00	  1000000.00
  1.54	 12939446.00	        0.00	        3.00	        1.00	 11939446.00	  1000000.00
  1.55	 13155921.00	        0.00	        3.00	        1.00	 12155921.00	  1000000.00
  1.56	 13376495.00	        0.00	        3.00	        1.00	 12376495.00	  1000000.00
  1.57	 13599536.00	        0.00	        3.00	        1.00	 12599536.00	  1000000.00
  1.58	 13826818.00	        0.00	        3.00	        1.00	 12826818.00	  1000000.00
  1.59	 14057987.00	        0.00	        3.00	        1.00	 13057987.00	  1000000.00
  1.60	 14293496.00	        0.00	        3.00	        1.00	 13293496.00	  1000000.00
  1.61	 14533417.00	        0.00	        3.00	        1.00	 13533417.00	  1000000.00
  1.62	 14776382.00	        0.00	        3.00	        1.00	 13776382.00	  1000000.00
  1.63	 15022910.00	        0.00	        3.00	        1.00	 14022910.00	  1000000.00
  1.64	 15274438.00	        0.00	        3.00	        1.00	 14274438.00	  1000000.00
  1.65	 15530468.00	        0.00	        3.00	        1.00	 14530468.00	  1000000.00
  1.66	 15791043.00	        0.00	        3.00	        1.00	 14791043.00	  1000000.00
  1.67	 16056136.00	        0.00	        3.00	        1.00	 15056136.00	  1000000.00
  1.68	 16324345.00	        0.00	        3.00	        1.00	 15324345.00	  1000000.00
  1.69	 16597469.00	        0.00	        3.00	        1.00	 15597469.00	  1000000.00
  1.70	 16874469.00	        0.00	        3.00	        1.00	 15874469.00	  1000000.00
  1.71	 17158289.00	        0.00	        3.00	        1.00	 16158289.00	  1000000.00
  1.72	 17446054.00	        0.00	        3.00	        1.00	 16446054.00	  1000000.00
  1.73	 17736858.00	        0.00	        3.00	        1.00	 16736858.00	  1000000.00
  1.74	 18033191.00	        0.00	        3.00	        1.00	 17033191.00	  1000000.00
  1.75	 18334326.00	        0.00	        3.00	        1.00	 17334326.00	  1000000.00
  1.76	 18641182.00	        0.00	        3.00	        1.00	 17641182.00	  1000000.00
  1.77	 18952954.00	        0.00	        3.00	        1.00	 17952954.00	  1000000.00
  1.78	 19270119.00	        0.00	        3.00	        1.00	 18270119.00	  1000000.00
  1.79	 19591384.00	        0.00	        3.00	        1.00	 18591384.00	  1000000.00
  1.80	 19919580.00	        0.00	        3.00	        1.00	 18919580.00	  1000000.00
  1.81	 20252366.00	        0.00	        3.00	        1.00	 19252366.00	  1000000.00
  1.82	 20591936.00	        0.00	        3.00	        1.00	 19591936.00	  1000000.00
  1.83	 20936303.00	        0.00	        3.00	        1.00	 19936303.00	  1000000.00
  1.84	 21286759.00	        0.00	        3.00	        1.00	 20286759.00	  1000000.00
  1.85	 21643445.00	        0.00	        3.00	        1.00	 20643445.00	  1000000.00
  1.86	 22006217.00	        0.00	        3.00	        1.00	 21006217.00	  1000000.00
  1.87	 22374600.00	        0.00	        3.00	        1.00	 21374600.00	  1000000.00
  1.88	 22748916.00	        0.00	        3.00	        1.00	 21748916.00	  1000000.00
  1.89	 23128982.00	        0.00	        3.00	        1.00	 22128982.00	  1000000.00
  1.90	 23514998.00	        0.00	        3.00	        1.00	 22514998.00	  1000000.00
  1.91	 23907825.00	        0.00	        3.00	        1.00	 22907825.00	  1000000.00
  1.92	 24307846.00	        0.00	        3.00	        1.00	 23307846.00	  1000000.00
  1.93	 24712895.00	        0.00	        3.00	        1.00	 23712895.00	  1000000.00
  1.94	 25126281.00	        0.00	        3.00	        1.00	 24126281.00	  1000000.00
  1.95	 25546651.00	        0.00	        3.00	        1.00	 24546651.00	  1000000.00
  1.96	 25973894.00	        0.00	        3.00	        1.00	 24973894.00	  1000000.00
  1.97	 26407533.00	        0.00	        3.00	        1.00	 25407533.00	  1000000.00
  1.98	 26849067.00	        0.00	        3.00	        1.00	 25849067.00	  1000000.00
  1.99	 27297636.00	        0.00	        3.00	        1.00	 26297636.00	  1000000.00
  2.00	 27754870.00	        0.00	        3.00	        1.00	 26754870.00	  1000000.00
  2.01	 28218037.00	        0.00	        3.00	        1.00	 27218037.00	  1000000.00
  2.02	 28689006.00	        0.00	        3.00	        1.00	 27689006.00	  1000000.00
  2.03	 29167653.00	        0.00	        3.00	        1.00	 28167653.00	  1000000.00
  2.04	 29655529.00	        0.00	        3.00	        1.00	 28655529.00	  1000000.00
  2.05	 30151312.00	        0.00	        3.00	        1.00	 29151312.00	  1000000.00
  2.06	 30655502.00	        0.00	        3.00	        1.00	 29655502.00	  1000000.00
  2.07	 31167610.00	        0.00	        3.00	        1.00	 30167610.00	  1000000.00
  2.08	 31688154.00	        0.00	        3.00	        1.00	 30688154.00	  1000000.00
  2.09	 32217841.00	        0.00	        3.00	        1.00	 31217841.00	  1000000.00
  2.10	 32758084.00	        0.00	        3.00	        1.00	 31758084.00	  1000000.00
  2.11	 33304254.00	        0.00	        3.00	        1.00	 32304254.00	  1000000.00
  2.12	 33859459.00	        0.00	        3.00	        1.00	 32859459.00	  1000000.00
  2.13	 34424286.00	        0.00	        3.00	        1.00	 33424286.00	  1000000.00
  2.14	 34998979.00	        0.00	        3.00	        1.00	 33998979.00	  1000000.00
  2.15	 35582633.00	        0.00	        3.00	        1.00	 34582633.00	  1000000.00
  2.16	 36175358.00	        0.00	        3.00	        1.00	 35175358.00	  1000000.00
  2.17	 36779710.00	        0.00	        3.00	        1.00	 35779710.00	  1000000.00
  2.18	 37392764.00	        0.00	        3.00	        1.00	 36392764.00	  1000000.00
  2.19	 38015652.00	        0.00	        3.00	        1.00	 37015652.00	  1000000.00
  2.20	 38649117.00	        0.00	        3.00	        1.00	 37649117.00	  1000000.00
  2.21	 39292832.00	        0.00	        3.00	        1.00	 38292832.00	  1000000.00
  2.22	 39947336.00	        0.00	        3.00	        1.00	 38947336.00	  1000000.00
  2.23	 40611909.00	        0.00	        3.00	        1.00	 39611909.00	  1000000.00
  2.24	 41288629.00	        0.00	        3.00	        1.00	 40288629.00	  1000000.00
  2.25	 41977002.00	        0.00	        3.00	        1.00	 40977002.00	  1000000.00
  2.26	 42676748.00	        0.00	        3.00	        1.00	 41676748.00	  1000000.00
  2.27	 43387637.00	        0.00	        3.00	        1.00	 42387637.00	  1000000.00
  2.28	 44111663.00	        0.00	        3.00	        1.00	 43111663.00	  1000000.00
  2.29	 44843929.00	        0.00	        3.00	        1.00	 43843929.00	  1000000.00
  2.30	 45591937.00	        0.00	        3.00	        1.00	 44591937.00	  1000000.00
  2.31	 46350475.00	        0.00	        3.00	        1.00	 45350475.00	  1000000.00
  2.32	 47121037.00	        0.00	        3.00	        1.00	 46121037.00	  1000000.00
  2.33	 47903923.00	        0.00	        3.00	        1.00	 46903923.00	  1000000.00
  2.34	 48699866.00	        0.00	        3.00	        1.00	 47699866.00	  1000000.00
  2.35	 49509922.00	        0.00	        3.00	        1.00	 48509922.00	  1000000.00
  2.36	 50333713.00	        0.00	        3.00	        1.00	 49333713.00	  1000000.00
  2.37	 51171568.00	        0.00	        3.00	        1.00	 50171568.00	  1000000.00
  2.38	 52022328.00	        0.00	        3.00	        1.00	 51022328.00	  1000000.00
  2.39	 52887713.00	        0.00	        3.00	        1.00	 51887713.00	  1000000.00
  2.40	 53767594.00	        0.00	        3.00	        1.00	 52767594.00	  1000000.00
  2.41	 54661175.00	        0.00	        3.00	        1.00	 53661175.00	  1000000.00
  2.42	 55570498.00	        0.00	        3.00	        1.00	 54570498.00	  1000000.00
  2.43	 56494028.00	        0.00	        3.00	        1.00	 55494028.00	  1000000.00
  2.44	 57433771.00	        0.00	        3.00	        1.00	 56433771.00	  1000000.00
  2.45	 58389518.00	        0.00	        3.00	        1.00	 57389518.00	  1000000.00
  2.46	 59360986.00	        0.00	        3.00	        1.00	 58360986.00	  1000000.00
  2.47	 60347739.00	        0.00	        3.00	        1.00	 59347739.00	  1000000.00
  2.48	 61349803.00	        0.00	        3.00	        1.00	 60349803.00	  1000000.00
  2.49	 62368131.00	        0.00	        3.00	        1.00	 61368131.00	  1000000.00
  2.50	 63402541.00	        0.00	        3.00	        1.00	 62402541.00	  1000000.00
  2.51	 64454456.00	        0.00	        3.00	        1.00	 63454456.00	  1000000.00
  2.52	 65523469.00	        0.00	        3.00	        1.00	 64523469.00	  1000000.00
  2.53	 66611878.00	        0.00	        3.00	        1.00	 65611878.00	  1000000.00
  2.54	 67714169.00	        0.00	        3.00	        1.00	 66714169.00	  1000000.00
  2.55	 68835403.00	        0.00	        3.00	        1.00	 67835403.00	  1000000.00
  2.56	 69975816.00	        0.00	        3.00	        1.00	 68975816.00	  1000000.00
  2.57	 71135050.00	        0.00	        3.00	        1.00	 70135050.00	  1000000.00
  2.58	 72313714.00	        0.00	        3.00	        1.00	 71313714.00	  1000000.00
  2.59	 73511689.00	        0.00	        3.00	        1.00	 72511689.00	  1000000.00
  2.60	 74728931.00	        0.00	        3.00	        1.00	 73728931.00	  1000000.00
  2.61	 75967029.00	        0.00	        3.00	        1.00	 74967029.00	  1000000.00
  2.62	 77221839.00	        0.00	        3.00	        1.00	 76221839.00	  1000000.00
  2.63	 78500277.00	        0.00	        3.00	        1.00	 77500277.00	  1000000.00
  2.64	 79797567.00	        0.00	        3.00	        1.00	 78797567.00	  1000000.00
  2.65	 81117464.00	        0.00	        3.00	        1.00	 80117464.00	  1000000.00
  2.66	 82460070.00	        0.00	        3.00	        1.00	 81460070.00	  1000000.00
  2.67	 83822739.00	        0.00	        3.00	        1.00	 82822739.00	  1000000.00
  2.68	 85207269.00	        0.00	        3.00	        1.00	 84207269.00	  1000000.00
  2.69	 86613972.00	        0.00	        3.00	        1.00	 85613972.00	  1000000.00
  2.70	 88043174.00	        0.00	        3.00	        1.00	 87043174.00	  1000000.00
  2.71	 89497858.00	        0.00	        3.00	        1.00	 88497858.00	  1000000.00
  2.72	 90974367.00	        0.00	        3.00	        1.00	 89974367.00	  1000000.00
  2.73	 92474383.00	        0.00	        3.00	        1.00	 91474383.00	  1000000.00
  2.74	 94000346.00	        0.00	        3.00	        1.00	 93000346.00	  1000000.00
  2.75	 95550445.00	        0.00	        3.00	        1.00	 94550445.00	  1000000.00
  2.76	 97126422.00	        0.00	        3.00	        1.00	 96126422.00	  1000000.00
  2.77	 98727665.00	        0.00	        3.00	        1.00	 97727665.00	  1000000.00
  2.78	100352553.00	        0.00	        3.00	        1.00	 99352553.00	  1000000.00
  2.79	102006469.00	        0.00	        3.00	        1.00	101006469.00	  1000000.00
  2.80	103685151.00	        0.00	        3.00	        1.00	102685151.00	  1000000.00
  2.81	105391608.00	        0.00	        3.00	        1.00	104391608.00	  1000000.00
  2.82	107126053.00	        0.00	        3.00	        1.00	106126053.00	  1000000.00
  2.83	108887839.00	        0.00	        3.00	        1.00	107887839.00	  1000000.00
  2.84	110678269.00	        0.00	        3.00	        1.00	109678269.00	  1000000.00
  2.85	112497362.00	        0.00	        3.00	        1.00	111497362.00	  1000000.00
  2.86	114347000.00	        0.00	        3.00	        1.00	113347000.00	  1000000.00
  2.87	116224653.00	        0.00	        3.00	        1.00	115224653.00	  1000000.00
  2.88	118132871.00	        0.00	        3.00	        1.00	117132871.00	  1000000.00
  2.89	120070033.00	        0.00	        3.00	        1.00	119070033.00	  1000000.00
  2.90	122037659.00	        0.00	        3.00	        1.00	121037659.00	  1000000.00
  2.91	124036466.00	        0.00	        3.00	        1.00	123036466.00	  1000000.00
  2.92	126069133.00	        0.00	        3.00	        1.00	125069133.00	  1000000.00
  2.93	128132313.00	        0.00	        3.00	        1.00	127132313.00	  1000000.00
  2.94	130229707.00	        0.00	        3.00	        1.00	129229707.00	  1000000.00
  2.95	132359976.00	        0.00	        3.00	        1.00	131359976.00	  1000000.00
  2.96	134523593.00	        0.00	        3.00	        1.00	133523593.00	  1000000.00
  2.97	136724516.00	        0.00	        3.00	        1.00	135724516.00	  1000000.00
  2.98	138960626.00	        0.00	        3.00	        1.00	137960626.00	  1000000.00
  2.99	141229633.00	        0.00	        3.00	        1.00	140229633.00	  1000000.00
  3.00	143536617.00	        0.00	        3.00	        1.00	142536617.00	  1000000.00
  3.01	145880881.00	        0.00	        3.00	        1.00	144880881.00	  1000000.00
  3.02	148261684.00	        0.00	        3.00	        1.00	147261684.00	  1000000.00
  3.03	150678781.00	        0.00	        3.00	        1.00	149678781.00	  1000000.00
  3.04	153131636.00	        0.00	        3.00	        1.00	152131636.00	  1000000.00
  3.05	155625953.00	        0.00	        3.00	        1.00	154625953.00	  1000000.00
  3.06	158157451.00	        0.00	        3.00	        1.00	157157451.00	  1000000.00
  3.07	160731221.00	        0.00	        3.00	        1.00	159731221.00	  1000000.00
  3.08	163344418.00	        0.00	        3.00	        1.00	162344418.00	  1000000.00
  3.09	165998877.00	        0.00	        3.00	        1.00	164998877.00	  1000000.00
  3.10	168694324.00	        0.00	        3.00	        1.00	167694324.00	  1000000.00
  3.11	171432195.00	        0.00	        3.00	        1.00	170432195.00	  1000000.00
  3.12	174210251.00	        0.00	        3.00	        1.00	173210251.00	  1000000.00
  3.13	177036979.00	        0.00	        3.00	        1.00	176036979.00	  1000000.00
  3.14	179900277.00	        0.00	        3.00	        1.00	178900277.00	  1000000.00
  3.15	182810874.00	        0.00	        3.00	        1.00	181810874.00	  1000000.00
  3.16	185766389.00	        0.00	        3.00	        1.00	184766389.00	  1000000.00
  3.17	188766794.00	        0.00	        3.00	        1.00	187766794.00	  1000000.00
  3.18	191814984.00	        0.00	        3.00	        1.00	190814984.00	  1000000.00
  3.19	194910665.00	        0.00	        3.00	        1.00	193910665.00	  1000000.00
  3.20	198054079.00	        0.00	        3.00	        1.00	197054079.00	  1000000.00
  3.21	201245167.00	        0.00	        3.00	        1.00	200245167.00	  1000000.00
  3.22	204485886.00	        0.00	        3.00	        1.00	203485886.00	  1000000.00
  3.23	207775426.00	        0.00	        3.00	        1.00	206775426.00	  1000000.00
  3.24	211115254.00	        0.00	        3.00	        1.00	210115254.00	  1000000.00
  3.25	214503689.00	        0.00	        3.00	        1.00	213503689.00	  1000000.00
  3.26	217943057.00	        0.00	        3.00	        1.00	216943057.00	  1000000.00
  3.27	221437762.00	        0.00	        3.00	        1.00	220437762.00	  1000000.00
  3.28	224984505.00	        0.00	        3.00	        1.00	223984505.00	  1000000.00
  3.29	228584137.00	        0.00	        3.00	        1.00	227584137.00	  1000000.00
  3.30	232237673.00	        0.00	        3.00	        1.00	231237673.00	  1000000.00
  3.31	235945557.00	        0.00	        3.00	        1.00	234945557.00	  1000000.00
  3.32	239709573.00	        0.00	        3.00	        1.00	238709573.00	  1000000.00
  3.33	243525089.00	        0.00	        3.00	        1.00	242525089.00	  1000000.00
  3.34	247399441.00	        0.00	        3.00	        1.00	246399441.00	  1000000.00
  3.35	251331355.00	        0.00	        3.00	        1.00	250331355.00	  1000000.00
  3.36	255320419.00	        0.00	        3.00	        1.00	254320419.00	  1000000.00
  3.37	259368945.00	        0.00	        3.00	        1.00	258368945.00	  1000000.00
  3.38	263477118.00	        0.00	        3.00	        1.00	262477118.00	  1000000.00
  3.39	267645443.00	        0.00	        3.00	        1.00	266645443.00	  1000000.00
  3.40	271877387.00	        0.00	        3.00	        1.00	270877387.00	  1000000.00
  3.41	276166923.00	        0.00	        3.00	        1.00	275166923.00	  1000000.00
  3.42	280520314.00	        0.00	        3.00	        1.00	279520314.00	  1000000.00
  3.43	284937901.00	        0.00	        3.00	        1.00	283937901.00	  1000000.00
  3.44	289417058.00	        0.00	        3.00	        1.00	288417058.00	  1000000.00
  3.45	293961412.00	        0.00	        3.00	        1.00	292961412.00	  1000000.00
  3.46	298571782.00	        0.00	        3.00	        1.00	297571782.00	  1000000.00
  3.47	303243917.00	        0.00	        3.00	        1.00	302243917.00	  1000000.00
  3.48	307989973.00	        0.00	        3.00	        1.00	306989973.00	  1000000.00
  3.49	312796220.00	        0.00	        3.00	        1.00	311796220.00	  1000000.00
  3.50	317671920.00	        0.00	        3.00	        1.00	316671920.00	  1000000.00
  3.51	322614324.00	        0.00	        3.00	        1.00	321614324.00	  1000000.00
  3.52	327629634.00	        0.00	        3.00	        1.00	326629634.00	  1000000.00
  3.53	332709079.00	        0.00	        3.00	        1.00	331709079.00	  1000000.00
  3.54	337860613.00	        0.00	        3.00	        1.00	336860613.00	  1000000.00
  3.55	343083285.00	        0.00	        3.00	        1.00	342083285.00	  1000000.00
  3.56	348369596.00	        0.00	        3.00	        1.00	347369596.00	  1000000.00
  3.57	353731061.00	        0.00	        3.00	        1.00	352731061.00	  1000000.00
  3.58	359162262.00	        0.00	        3.00	        1.00	358162262.00	  1000000.00
  3.59	364668173.00	        0.00	        3.00	        1.00	363668173.00	  1000000.00
  3.60	370246601.00	        0.00	        3.00	        1.00	369246601.00	  1000000.00
  3.61	375899419.00	        0.00	        3.00	        1.00	374899419.00	  1000000.00
  3.62	381623618.00	        0.00	        3.00	        1.00	380623618.00	  1000000.00
  3.63	387421709.00	        0.00	        3.00	        1.00	386421709.00	  1000000.00
  3.64	393296846.00	        0.00	        3.00	        1.00	392296846.00	  1000000.00
  3.65	399243352.00	        0.00	        3.00	        1.00	398243352.00	  1000000.00
  3.66	405266731.00	        0.00	        3.00	        1.00	404266731.00	  1000000.00
  3.67	411360080.00	        0.00	        3.00	        1.00	410360080.00	  1000000.00
  3.68	417535500.00	        0.00	        3.00	        1.00	416535500.00	  1000000.00
  3.69	423783530.00	        0.00	        3.00	        1.00	422783530.00	  1000000.00
  3.70	430103270.00	        0.00	        3.00	        1.00	429103270.00	  1000000.00
  3.71	436503520.00	        0.00	        3.00	        1.00	435503520.00	  1000000.00
  3.72	442980986.00	        0.00	        3.00	        1.00	441980986.00	  1000000.00
  3.73	449532041.00	        0.00	        3.00	        1.00	448532041.00	  1000000.00
  3.74	456153484.00	        0.00	        3.00	        1.00	455153484.00	  1000000.00
  3.75	462859001.00	        0.00	        3.00	        1.00	461859001.00	  1000000.00
  3.76	469636624.00	        0.00	        3.00	        1.00	468636624.00	  1000000.00
  3.77	476487899.00	        0.00	        3.00	        1.00	475487899.00	  1000000.00
  3.78	483420299.00	        0.00	        3.00	        1.00	482420299.00	  1000000.00
  3.79	490427954.00	        0.00	        3.00	        1.00	489427954.00	  1000000.00
  3.80	497504798.00	        0.00	        3.00	        1.00	496504798.00	  1000000.00
  3.81	504650035.00	        0.00	        3.00	        1.00	503650035.00	  1000000.00
  3.82	511867057.00	        0.00	        3.00	        1.00	510867057.00	  1000000.00
  3.83	519165357.00	        0.00	        3.00	        1.00	518165357.00	  1000000.00
  3.84	526524749.00	        0.00	        3.00	        1.00	525524749.00	  1000000.00
  3.85	533956235.00	        0.00	        3.00	        1.00	532956235.00	  1000000.00
  3.86	541456696.00	        0.00	        3.00	        1.00	540456696.00	  1000000.00
  3.87	549022222.00	        0.00	        3.00	        1.00	548022222.00	  1000000.00
  3.88	556656949.00	        0.00	        3.00	        1.00	555656949.00	  1000000.00
  3.89	564356876.00	        0.00	        3.00	        1.00	563356876.00	  1000000.00
  3.90	572125879.00	        0.00	        3.00	        1.00	571125879.00	  1000000.00
  3.91	579950700.00	        0.00	        3.00	        1.00	578950700.00	  1000000.00
  3.92	587837444.00	        0.00	        3.00	        1.00	586837444.00	  1000000.00
  3.93	595777793.00	        0.00	        3.00	        1.00	594777793.00	  1000000.00
  3.94	603772335.00	        0.00	        3.00	        1.00	602772335.00	  1000000.00
  3.95	611821613.00	        0.00	        3.00	        1.00	610821613.00	  1000000.00
  3.96	619919432.00	        0.00	        3.00	        1.00	618919432.00	  1000000.00
  3.97	628060960.00	        0.00	        3.00	        1.00	627060960.00	  1000000.00
  3.98	636254546.00	        0.00	        3.00	        1.00	635254546.00	  1000000.00
  3.99	644488281.00	        0.00	        3.00	        1.00	643488281.00	  1000000.00
  4.00	652758907.00	        0.00	        3.00	        1.00	651758907.00	  1000000.00
  4.01	661061921.00	        0.00	        3.00	        1.00	660061921.00	  1000000.00
  4.02	669397044.00	        0.00	        3.00	        1.00	668397044.00	  1000000.00
  4.03	677752930.00	        0.00	        3.00	        1.00	676752930.00	  1000000.00
  4.04	686130553.00	        0.00	        3.00	        1.00	685130553.00	  1000000.00
  4.05	694525029.00	        0.00	        3.00	        1.00	693525029.00	  1000000.00
  4.06	702929233.00	        0.00	        3.00	        1.00	701929233.00	  1000000.00
  4.07	711339936.00	        0.00	        3.00	        1.00	710339936.00	  1000000.00
  4.08	719748396.00	        0.00	        3.00	        1.00	718748396.00	  1000000.00
  4.09	728153000.00	        0.00	        3.00	        1.00	727153000.00	  1000000.00
  4.10	736551174.00	        0.00	        3.00	        1.00	735551174.00	  1000000.00
  4.11	744925032.00	        0.00	        3.00	        1.00	743925032.00	  1000000.00
  4.12	753269000.00	        0.00	        3.00	        1.00	752269000.00	  1000000.00
  4.13	761585965.00	        0.00	        3.00	        1.00	760585965.00	  1000000.00
  4.14	769862319.00	        0.00	        3.00	        1.00	768862319.00	  1000000.00
  4.15	778090549.00	        0.00	        3.00	        1.00	777090549.00	  1000000.00
  4.16	786260654.00	        0.00	        3.00	        1.00	785260654.00	  1000000.00
  4.17	794367957.00	        0.00	        3.00	        1.00	793367957.00	  1000000.00
  4.18	802396447.00	        0.00	        3.00	        1.00	801396447.00	  1000000.00
  4.19	810349715.00	        0.00	        3.00	        1.00	809349715.00	  1000000.00
  4.20	818211950.00	        0.00	        3.00	        1.00	817211950.00	  1000000.00
  4.21	825973078.00	        0.00	        3.00	        1.00	824973078.00	  1000000.00
  4.22	833630627.00	        0.00	        3.00	        1.00	832630627.00	  1000000.00
  4.23	841170508.00	        0.00	        3.00	        1.00	840170508.00	  1000000.00
  4.24	848586608.00	        0.00	        3.00	        1.00	847586608.00	  1000000.00
  4.25	855861670.00	        0.00	        3.00	        1.00	854861670.00	  1000000.00
  4.26	862987958.00	        0.00	        3.00	        1.00	861987958.00	  1000000.00
  4.27	869960371.00	        0.00	        3.00	        1.00	868960371.00	  1000000.00
  4.28	876770637.00	        0.00	        3.00	        1.00	875770637.00	  1000000.00
  4.29	883409207.00	        0.00	        3.00	        1.00	882409207.00	  1000000.00
  4.30	889865838.00	        0.00	        3.00	        1.00	888865838.00	  1000000.00
  4.31	896134615.00	        0.00	        3.00	        1.00	895134615.00	  1000000.00
  4.32	902204333.00	        0.00	        3.00	        1.00	901204333.00	  1000000.00
  4.33	908080356.00	        0.00	        3.00	        1.00	907080356.00	  1000000.00
  4.34	913751051.00	        0.00	        3.00	        1.00	912751051.00	  1000000.00
  4.35	919206039.00	        0.00	        3.00	        1.00	918206039.00	  1000000.00
  4.36	924444525.00	        0.00	        3.00	        1.00	923444525.00	  1000000.00
  4.37	929463515.00	        0.00	        3.00	        1.00	928463515.00	  1000000.00
  4.38	934259508.00	        0.00	        3.00	        1.00	933259508.00	  1000000.00
  4.39	938832948.00	        0.00	        3.00	        1.00	937832948.00	  1000000.00
  4.40	943184213.00	        0.00	        3.00	        1.00	942184213.00	  1000000.00
  4.41	947316878.00	        0.00	        3.00	        1.00	946316878.00	  1000000.00
  4.42	951226956.00	        0.00	        3.00	        1.00	950226956.00	  1000000.00
  4.43	954920964.00	        0.00	        3.00	        1.00	953920964.00	  1000000.00
  4.44	958406206.00	        0.00	        3.00	        1.00	957406206.00	  1000000.00
  4.45	961679136.00	        0.00	        3.00	        1.00	960679136.00	  1000000.00
  4.46	964750611.00	        0.00	        3.00	        1.00	963750611.00	  1000000.00
  4.47	967626455.00	        0.00	        3.00	        1.00	966626455.00	  1000000.00
  4.48	970313389.00	        0.00	        3.00	        1.00	969313389.00	  1000000.00
  4.49	972812033.00	        0.00	        3.00	        1.00	971812033.00	  1000000.00
  4.50	975141299.00	        0.00	        3.00	        1.00	974141299.00	  1000000.00
  4.51	977302965.00	        0.00	        3.00	        1.00	976302965.00	  1000000.00
  4.52	979306749.00	        0.00	        3.00	        1.00	978306749.00	  1000000.00
  4.53	981157625.00	        0.00	        3.00	        1.00	980157625.00	  1000000.00
  4.54	982868968.00	        0.00	        3.00	        1.00	981868968.00	  1000000.00
  4.55	984445840.00	        0.00	        3.00	        1.00	983445840.00	  1000000.00
  4.56	985895936.00	        0.00	        3.00	        1.00	984895936.00	  1000000.00
  4.57	987228573.00	        0.00	       52.00	        1.00	986228574.00	  1000000.00
  4.58	988453379.00	        0.00	       52.00	        1.00	987453380.00	  1000000.00
  4.59	989575938.00	        0.00	       51.00	        1.00	988575939.00	  1000000.00
  4.60	990604265.00	        0.00	      100.00	        1.00	989604267.00	  1000000.00
  4.61	991545115.00	        0.00	      100.00	        1.00	990545117.00	  1000000.00
  4.62	992404931.00	        0.00	      100.00	        1.00	991404933.00	  1000000.00
  4.63	993191537.00	        0.00	      100.00	        1.00	992191539.00	  1000000.00
  4.64	993906707.00	        0.00	      100.00	        1.00	992906709.00	  1000000.00
  4.65	994561661.00	        0.00	      100.00	        1.00	993561663.00	  1000000.00
  4.66	995156307.00	        0.00	       99.00	        1.00	994156309.00	  1000000.00
  4.67	995697820.00	        0.00	       99.00	        1.00	994697822.00	  1000000.00
  4.68	996190049.00	        0.00	       99.00	        1.00	995190051.00	  1000000.00
  4.69	996639463.00	        0.00	       98.00	        1.00	995639465.00	  1000000.00
  4.70	997047189.00	        0.00	       98.00	        1.00	996047191.00	  1000000.00
  4.71	997417914.00	        0.00	       98.00	        1.00	996417916.00	  1000000.00
  4.72	997753632.00	        0.00	       98.00	        1.00	996753634.00	  1000000.00
  4.73	998059251.00	        0.00	       97.00	        1.00	997059253.00	  1000000.00
  4.74	998336079.00	        0.00	       97.00	        1.00	997336081.00	  1000000.00
  4.75	998588420.00	        0.00	       97.00	        1.00	997588422.00	  1000000.00
  4.76	998815903.00	        0.00	       97.00	        1.00	997815905.00	  1000000.00
  4.77	999022275.00	        0.00	       97.00	        1.00	998022277.00	  1000000.00
  4.78	999209362.00	        0.00	       97.00	        1.00	998209364.00	  1000000.00
  4.79	999379696.00	        0.00	       97.00	        1.00	998379698.00	  1000000.00
  4.80	999533878.00	        0.00	       97.00	        1.00	998533880.00	  1000000.00
  4.81	999672620.00	        0.00	       97.00	        1.00	998672622.00	  1000000.00
  4.82	999798340.00	        0.00	       97.00	        1.00	998798342.00	  1000000.00
  4.83	999912184.00	        0.00	       96.00	        1.00	998912186.00	  1000000.00
  4.84	1000015750.00	        0.00	       96.00	        1.00	999015752.00	  1000000.00
  4.85	1000109508.00	        0.00	       95.00	        1.00	999109510.00	  1000000.00
  4.86	1000194907.00	        0.00	       95.00	        1.00	999194909.00	  1000000.00
  4.87	1000272269.00	        0.00	       95.00	        1.00	999272271.00	  1000000.00
  4.88	1000341404.00	        0.00	       94.00	        1.00	999341406.00	  1000000.00
  4.89	1000404284.00	        0.00	       94.00	        1.00	999404286.00	  1000000.00
  4.90	1000460970.00	        0.00	       94.00	        1.00	999460972.00	  1000000.00
  4.91	1000512442.00	        0.00	       94.00	        1.00	999512443.86	  1000000.00
  4.92	1000559322.00	        0.00	       93.00	        1.00	999559323.55	  1000000.00
  4.93	1000601221.00	        0.00	       93.00	        1.00	999601222.33	  1000000.00
  4.94	1000639081.00	        0.00	       93.00	        1.00	999639081.25	  1000000.00
  4.95	1000673582.00	        0.00	       93.00	        1.00	999673574.89	  1000000.00
  4.96	1000705055.00	        0.00	       93.00	        1.00	999705039.22	  1000000.00
  4.97	1000733058.00	        0.00	       92.00	        1.00	999733039.82	  1000000.00
  4.98	1000758811.00	        0.00	       92.00	        1.00	999758771.46	  1000000.00
  4.99	1000781693.00	        0.00	      141.00	        1.00	999781583.40	  1000000.00
  5.00	1000802786.00	        0.00	      140.00	        1.00	999802564.42	  1000000.00
  5.01	1000821512.00	        0.00	      140.00	        1.00	999821205.33	  1000000.00
  5.02	1000838255.00	        0.00	      140.00	        1.00	999837933.26	  1000000.00
  5.03	1000853515.00	        0.00	      140.00	        1.00	999853193.26	  1000000.00
  5.04	1000866516.00	        0.00	      140.00	        1.00	999866194.26	  1000000.00
  5.05	1000875794.00	        0.00	      140.00	        1.00	999875472.26	  1000000.00
  5.06	1000879723.00	        0.00	      140.00	        1.00	999879401.26	  1000000.00
  5.07	1000880145.00	        0.00	      140.00	        1.00	999879823.26	  1000000.00
  5.08	1000880154.00	        0.00	      140.00	        1.00	999879832.26	  1000000.00
