Datatype: PopulationSize
  0.00	   100000.00	        0.00	      100.00	        1.00	        0.00	   100000.00
  0.01	   101690.00	        0.00	      100.00	        1.00	     1690.00	   100000.00
  0.02	   103402.00	        0.00	      100.00	        1.00	     3402.00	   100000.00
  0.03	   105147.00	        0.00	      100.00	        1.00	     5147.00	   100000.00
  0.04	   106905.00	        0.00	      100.00	        1.00	     6905.00	   100000.00
  0.05	   108751.00	        0.00	      100.00	        1.00	     8751.00	   100000.00
  0.06	   110570.00	        0.00	       99.00	        1.00	    10570.00	   100000.00
  0.07	   112373.00	        0.00	       99.00	        1.00	    12373.00	   100000.00
  0.08	   114296.00	        0.00	       99.00	        1.00	    14296.00	   100000.00
  0.09	   116231.00	        0.00	       99.00	        1.00	    16231.00	   100000.00
  0.10	   118215.00	        0.00	       99.00	        1.00	    18215.00	   100000.00
  0.11	   120245.00	        0.00	       99.00	        1.00	    20245.00	   100000.00
  0.12	   122278.00	        0.00	       99.00	        1.00	    22278.00	   100000.00
  0.13	   124321.00	        0.00	       99.00	        1.00	    24321.00	   100000.00
  0.14	   126441.00	        0.00	       99.00	        1.00	    26441.00	   100000.00
  0.15	   128586.00	        0.00	       99.00	        1.00	    28586.00	   100000.00
  0.16	   130744.00	        0.00	       99.00	        1.00	    30744.00	   100000.00
  0.17	   132953.00	        0.00	       99.00	        1.00	    32953.00	   100000.00
  0.18	   135167.00	        0.00	       99.00	        1.00	    35167.00	   100000.00
  0.19	   137335.00	        0.00	       99.00	        1.00	    37335.00	   100000.00
  0.20	   139615.00	        0.00	       98.00	        1.00	    39615.00	   100000.00
  0.21	   141902.00	        0.00	       98.00	        1.00	    41902.00	   100000.00
  0.22	   144265.00	        0.00	       98.00	        1.00	    44265.00	   100000.00
  0.23	   146741.00	        0.00	       98.00	        1.00	    46741.00	   100000.00
  0.24	   149269.00	        0.00	       98.00	        1.00	    49269.00	   100000.00
  0.25	   151858.00	        0.00	       98.00	        1.00	    51858.00	   100000.00
  0.26	   154378.00	        0.00	       98.00	        1.00	    54378.00	   100000.00
  0.27	   156980.00	        0.00	       98.00	        1.00	    56980.00	   100000.00
  0.28	   159608.00	        0.00	       98.00	        1.00	    59608.00	   100000.00
  0.29	   162301.00	        0.00	       98.00	        1.00	    62301.00	   100000.00
  0.30	   164950.00	        0.00	       98.00	        1.00	    64950.00	   100000.00
  0.31	   167688.00	        0.00	       98.00	        1.00	    67688.00	   100000.00
  0.32	   170518.00	        0.00	       98.00	        1.00	    70518.00	   100000.00
  0.33	   173374.00	        0.00	       98.00	        1.00	    73374.00	   100000.00
  0.34	   176291.00	        0.00	       98.00	        1.00	    76291.00	   100000.00
  0.35	   179229.00	        0.00	       97.00	        1.00	    79229.00	   100000.00
  0.36	   182191.00	        0.00	       97.00	        1.00	    82191.00	   100000.00
  0.37	   185380.00	        0.00	       97.00	        1.00	    85380.00	   100000.00
  0.38	   188441.00	        0.00	       97.00	        1.00	    88441.00	   100000.00
  0.39	   191591.00	        0.00	       97.00	        1.00	    91591.00	   100000.00
  0.40	   194870.00	        0.00	       97.00	        1.00	    94870.00	   100000.00
  0.41	   198056.00	        0.00	       97.00	        1.00	    98056.00	   100000.00
  0.42	   201415.00	        0.00	       97.00	        1.00	   101415.00	   100000.00
  0.43	   204744.00	        0.00	       97.00	        1.00	   104744.00	   100000.00
  0.44	   208196.00	        0.00	       97.00	        1.00	   108196.00	   100000.00
  0.45	   211570.00	        0.00	       97.00	        1.00	   111570.00	   100000.00
  0.46	   215196.00	        0.00	       97.00	        1.00	   115196.00	   100000.00
  0.47	   218865.00	        0.00	       97.00	        1.00	   118865.00	   100000.00
  0.48	   222498.00	        0.00	       97.00	        1.00	   122498.00	   100000.00
  0.49	   226240.00	        0.00	       97.00	        1.00	   126240.00	   100000.00
  0.50	   230063.00	        0.00	       97.00	        1.00	   130063.00	   100000.00
  0.51	   233888.00	        0.00	       97.00	        1.00	   133888.00	   100000.00
  0.52	   237775.00	        0.00	       97.00	        1.00	   137775.00	   100000.00
  0.53	   241770.00	        0.00	       97.00	        1.00	   141770.00	   100000.00
  0.54	   245936.00	        0.00	       97.00	        1.00	   145936.00	   100000.00
  0.55	   250180.00	        0.00	       97.00	        1.00	   150180.00	   100000.00
  0.56	   254397.00	        0.00	       97.00	        1.00	   154397.00	   100000.00
  0.57	   258667.00	        0.00	       96.00	        1.00	   158667.00	   100000.00
  0.58	   262997.00	        0.00	       95.00	        1.00	   162997.00	   100000.00
  0.59	   267334.00	        0.00	       95.00	        1.00	   167334.00	   100000.00
  0.60	   271842.00	        0.00	       95.00	        1.00	   171842.00	   100000.00
  0.61	   276384.00	        0.00	       95.00	        1.00	   176384.00	   100000.00
  0.62	   281089.00	        0.00	       95.00	        1.00	   181089.00	   100000.00
  0.63	   285890.00	        0.00	       93.00	        1.00	   185890.00	   100000.00
  0.64	   290684.00	        0.00	       93.00	        1.00	   190684.00	   100000.00
  0.65	   295621.00	        0.00	       93.00	        1.00	   195621.00	   100000.00
  0.66	   300614.00	        0.00	       93.00	        1.00	   200614.00	   100000.00
  0.67	   305693.00	        0.00	       92.00	        1.00	   205693.00	   100000.00
  0.68	   310791.00	        0.00	       92.00	        1.00	   210791.00	   100000.00
  0.69	   315921.00	        0.00	       92.00	        1.00	   215921.00	   100000.00
  0.70	   321200.00	        0.00	       92.00	        1.00	   221200.00	   100000.00
  0.71	   326541.00	        0.00	       92.00	        1.00	   226541.00	   100000.00
  0.72	   332081.00	        0.00	       92.00	        1.00	   232081.00	   100000.00
  0.73	   337699.00	        0.00	       91.00	        1.00	   237699.00	   100000.00
  0.74	   343403.00	        0.00	       91.00	        1.00	   243403.00	   100000.00
  0.75	   349155.00	        0.00	       91.00	        1.00	   249155.00	   100000.00
  0.76	   354956.00	        0.00	       91.00	        1.00	   254956.00	   100000.00
  0.77	   360955.00	        0.00	       91.00	        1.00	   260955.00	   100000.00
  0.78	   366889.00	        0.00	       91.00	        1.00	   266889.00	   100000.00
  0.79	   373034.00	        0.00	       91.00	        1.00	   273034.00	   100000.00
  0.80	   379279.00	        0.00	       91.00	        1.00	   279279.00	   100000.00
  0.81	   385630.00	        0.00	       91.00	        1.00	   285630.00	   100000.00
  0.82	   392015.00	        0.00	       91.00	        1.00	   292015.00	   100000.00
  0.83	   398654.00	        0.00	       91.00	        1.00	   298654.00	   100000.00
  0.84	   405262.00	        0.00	       91.00	        1.00	   305262.00	   100000.00
  0.85	   411963.00	        0.00	       91.00	        1.00	   311963.00	   100000.00
  0.86	   418912.00	        0.00	       91.00	        1.00	   318912.00	   100000.00
  0.87	   425986.00	        0.00	       91.00	        1.00	   325986.00	   100000.00
  0.88	   433232.00	        0.00	       91.00	        1.00	   333232.00	   100000.00
  0.89	   440419.00	        0.00	       91.00	        1.00	   340419.00	   100000.00
  0.90	   447920.00	        0.00	       91.00	        1.00	   347920.00	   100000.00
  0.91	   455448.00	        0.00	       91.00	        1.00	   355448.00	   100000.00
  0.92	   462987.00	        0.00	       91.00	        1.00	   362987.00	   100000.00
  0.93	   470771.00	        0.00	       91.00	        1.00	   370771.00	   100000.00
  0.94	   478641.00	        0.00	       91.00	        1.00	   378641.00	   100000.00
  0.95	   486662.00	        0.00	       91.00	        1.00	   386662.00	   100000.00
  0.96	   494856.00	        0.00	       91.00	        1.00	   394856.00	   100000.00
  0.97	   503224.00	        0.00	       91.00	        1.00	   403224.00	   100000.00
  0.98	   511767.00	        0.00	       90.00	        1.00	   411767.00	   100000.00
  0.99	   520264.00	        0.00	       90.00	        1.00	   420264.00	   100000.00
  1.00	   528979.00	        0.00	       89.00	        1.00	   428979.00	   100000.00
  1.01	   537728.00	        0.00	       89.00	        1.00	   437728.00	   100000.00
  1.02	   546904.00	        0.00	       89.00	        1.00	   446904.00	   100000.00
  1.03	   556084.00	        0.00	       89.00	        1.00	   456084.00	   100000.00
  1.04	   565390.00	        0.00	       89.00	        1.00	   465390.00	   100000.00
  1.05	   574870.00	        0.00	       89.00	        1.00	   474870.00	   100000.00
  1.06	   584445.00	        0.00	       89.00	        1.00	   484445.00	   100000.00
  1.07	   594274.00	        0.00	       89.00	        1.00	   494274.00	   100000.00
  1.08	   604327.00	        0.00	       89.00	        1.00	   504327.00	   100000.00
  1.09	   614523.00	        0.00	       88.00	        1.00	   514523.00	   100000.00
  1.10	   624828.00	        0.00	       88.00	        1.00	   524828.00	   100000.00
  1.11	   635527.00	        0.00	       88.00	        1.00	   535527.00	   100000.00
  1.12	   645953.00	        0.00	       88.00	        1.00	   545953.00	   100000.00
  1.13	   656753.00	        0.00	       87.00	        1.00	   556753.00	   100000.00
  1.14	   667891.00	        0.00	       87.00	        1.00	   567891.00	   100000.00
  1.15	   679083.00	        0.00	       87.00	        1.00	   579083.00	   100000.00
  1.16	   690286.00	        0.00	       87.00	        1.00	   590286.00	   100000.00
  1.17	   701782.00	        0.00	       87.00	        1.00	   601782.00	   100000.00
  1.18	   713589.00	        0.00	       86.00	        1.00	   613589.00	   100000.00
  1.19	   725523.00	        0.00	       86.00	        1.00	   625523.00	   100000.00
  1.20	   737786.00	        0.00	       86.00	        1.00	   637786.00	   100000.00
  1.21	   750135.00	        0.00	       86.00	        1.00	   650135.00	   100000.00
  1.22	   762612.00	        0.00	       86.00	        1.00	   662612.00	   100000.00
  1.23	   775448.00	        0.00	       86.00	        1.00	   675448.00	   100000.00
  1.24	   788246.00	        0.00	       86.00	        1.00	   688246.00	   100000.00
  1.25	   801440.00	        0.00	       86.00	        1.00	   701440.00	   100000.00
  1.26	   814871.00	        0.00	       86.00	        1.00	   714871.00	   100000.00
  1.27	   828530.00	        0.00	       86.00	        1.00	   728530.00	   100000.00
  1.28	   842686.00	        0.00	       86.00	        1.00	   742686.00	   100000.00
  1.29	   856770.00	        0.00	       86.00	        1.00	   756770.00	   100000.00
  1.30	   871115.00	        0.00	       86.00	        1.00	   771115.00	   100000.00
  1.31	   885710.00	        0.00	       86.00	        1.00	   785710.00	   100000.00
  1.32	   900670.00	        0.00	       86.00	        1.00	   800670.00	   100000.00
  1.33	   915784.00	        0.00	       86.00	        1.00	   815784.00	   100000.00
  1.34	   931138.00	        0.00	       86.00	        1.00	   831138.00	   100000.00
  1.35	   946822.00	        0.00	       86.00	        1.00	   846822.00	   100000.00
  1.36	   962714.00	        0.00	       86.00	        1.00	   862714.00	   100000.00
  1.37	   978764.00	        0.00	       86.00	        1.00	   878764.00	   100000.00
  1.38	   995404.00	        0.00	       86.00	        1.00	   895404.00	   100000.00
  1.39	  1012233.00	        0.00	       86.00	        1.00	   912233.00	   100000.00
  1.40	  1029251.00	        0.00	       86.00	        1.00	   929251.00	   100000.00
  1.41	  1046383.00	        0.00	       86.00	        1.00	   946383.00	   100000.00
  1.42	  1064009.00	        0.00	       86.00	        1.00	   964009.00	   100000.00
  1.43	  1081770.00	        0.00	       86.00	        1.00	   981770.00	   100000.00
  1.44	  1100039.00	        0.00	       86.00	        1.00	  1000039.00	   100000.00
  1.45	  1118571.00	        0.00	       86.00	        1.00	  1018571.00	   100000.00
  1.46	  1137425.00	        0.00	       86.00	        1.00	  1037425.00	   100000.00
  1.47	  1156380.00	        0.00	       86.00	        1.00	  1056380.00	   100000.00
  1.48	  1175816.00	        0.00	       86.00	        1.00	  1075816.00	   100000.00
  1.49	  1195536.00	        0.00	       86.00	        1.00	  1095536.00	   100000.00
  1.50	  1215818.00	        0.00	       85.00	        1.00	  1115818.00	   100000.00
  1.51	  1236501.00	        0.00	       85.00	        1.00	  1136501.00	   100000.00
  1.52	  1257152.00	        0.00	       85.00	        1.00	  1157152.00	   100000.00
  1.53	  1278323.00	        0.00	       85.00	        1.00	  1178323.00	   100000.00
  1.54	  1299874.00	        0.00	       85.00	        1.00	  1199874.00	   100000.00
  1.55	  1321666.00	        0.00	       85.00	        1.00	  1221666.00	   100000.00
  1.56	  1343714.00	        0.00	       85.00	        1.00	  1243714.00	   100000.00
  1.57	  1366254.00	        0.00	       85.00	        1.00	  1266254.00	   100000.00
  1.58	  1389412.00	        0.00	       85.00	        1.00	  1289412.00	   100000.00
  1.59	  1412441.00	        0.00	       85.00	        1.00	  1312441.00	   100000.00
  1.60	  1436082.00	        0.00	       85.00	        1.00	  1336082.00	   100000.00
  1.61	  1460149.00	        0.00	       85.00	        1.00	  1360149.00	   100000.00
  1.62	  1484630.00	        0.00	       85.00	        1.00	  1384630.00	   100000.00
  1.63	  1509371.00	        0.00	       85.00	        1.00	  1409371.00	   100000.00
  1.64	  1534686.00	        0.00	       85.00	        1.00	  1434686.00	   100000.00
  1.65	  1559986.00	        0.00	       85.00	        1.00	  1459986.00	   100000.00
  1.66	  1586370.00	        0.00	       85.00	        1.00	  1486370.00	   100000.00
  1.67	  1613032.00	        0.00	       85.00	        1.00	  1513032.00	   100000.00
  1.68	  1640099.00	        0.00	       85.00	        1.00	  1540099.00	   100000.00
  1.69	  1667605.00	        0.00	       85.00	        1.00	  1567605.00	   100000.00
  1.70	  1695429.00	        0.00	       85.00	        1.00	  1595429.00	   100000.00
  1.71	  1723463.00	        0.00	       85.00	        1.00	  1623463.00	   100000.00
  1.72	  1752610.00	        0.00	       85.00	        1.00	  1652610.00	   100000.00
  1.73	  1782075.00	        0.00	       85.00	        1.00	  1682075.00	   100000.00
  1.74	  1811812.00	        0.00	       85.00	        1.00	  1711812.00	   100000.00
  1.75	  1842335.00	        0.00	       85.00	        1.00	  1742335.00	   100000.00
  1.76	  1873187.00	        0.00	       85.00	        1.00	  1773187.00	   100000.00
  1.77	  1904186.00	        0.00	       85.00	        1.00	  1804186.00	   100000.00
  1.78	  1936313.00	        0.00	       85.00	        1.00	  1836313.00	   100000.00
  1.79	  1968939.00	        0.00	       85.00	        1.00	  1868939.00	   100000.00
  1.80	  2001853.00	        0.00	       85.00	        1.00	  1901853.00	   100000.00
  1.81	  2035435.00	        0.00	       85.00	        1.00	  1935435.00	   100000.00
  1.82	  2069515.00	        0.00	       85.00	        1.00	  1969515.00	   100000.00
  1.83	  2104072.00	        0.00	       85.00	        1.00	  2004072.00	   100000.00
  1.84	  2139200.00	        0.00	       85.00	        1.00	  2039200.00	   100000.00
  1.85	  2174943.00	        0.00	       85.00	        1.00	  2074943.00	   100000.00
  1.86	  2211574.00	        0.00	       85.00	        1.00	  2111574.00	   100000.00
  1.87	  2248525.00	        0.00	       85.00	        1.00	  2148525.00	   100000.00
  1.88	  2286107.00	        0.00	       85.00	        1.00	  2186107.00	   100000.00
  1.89	  2324616.00	        0.00	       85.00	        1.00	  2224616.00	   100000.00
  1.90	  2363834.00	        0.00	       85.00	        1.00	  2263834.00	   100000.00
  1.91	  2403468.00	        0.00	       85.00	        1.00	  2303468.00	   100000.00
  1.92	  2443877.00	        1.00	       84.00	        1.00	  2343878.00	   100000.00
  1.93	  2485020.00	        1.00	       84.00	        1.00	  2385021.00	   100000.00
  1.94	  2526762.00	        3.00	       83.00	        1.00	  2426765.00	   100000.00
  1.95	  2568986.00	        3.00	       83.00	        1.00	  2468989.00	   100000.00
  1.96	  2611908.00	        3.00	       83.00	        1.00	  2511911.00	   100000.00
  1.97	  2655746.00	        3.00	       83.00	        1.00	  2555749.00	   100000.00
  1.98	  2700564.00	        3.00	       83.00	        1.00	  2600567.00	   100000.00
  1.99	  2745732.00	        3.00	       83.00	        1.00	  2645735.00	   100000.00
  2.00	  2791543.00	        3.00	       83.00	        1.00	  2691546.00	   100000.00
  2.01	  2838426.00	        3.00	       83.00	        1.00	  2738429.00	   100000.00
  2.02	  2886003.00	        3.00	       82.00	        1.00	  2786006.00	   100000.00
  2.03	  2934655.00	        3.00	       82.00	        1.00	  2834658.00	   100000.00
  2.04	  2983595.00	        3.00	       82.00	        1.00	  2883598.00	   100000.00
  2.05	  3033780.00	        3.00	       80.00	        1.00	  2933783.00	   100000.00
  2.06	  3085031.00	        3.00	       80.00	        1.00	  2985034.00	   100000.00
  2.07	  3137150.00	        3.00	       80.00	        1.00	  3037153.00	   100000.00
  2.08	  3189361.00	        3.00	       80.00	        1.00	  3089364.00	   100000.00
  2.09	  3243246.00	        3.00	       80.00	        1.00	  3143249.00	   100000.00
  2.10	  3297986.00	        4.00	       80.00	        1.00	  3197989.00	   100000.00
  2.11	  3353077.00	        4.00	       80.00	        1.00	  3253080.00	   100000.00
  2.12	  3409182.00	        4.00	       80.00	        1.00	  3309185.00	   100000.00
  2.13	  3466387.00	        4.00	       80.00	        1.00	  3366390.00	   100000.00
  2.14	  3524750.00	        4.00	       80.00	        1.00	  3424753.00	   100000.00
  2.15	  3583881.00	        4.00	       80.00	        1.00	  3483884.00	   100000.00
  2.16	  3644195.00	        4.00	       80.00	        1.00	  3544198.00	   100000.00
  2.17	  3705471.00	        4.00	       80.00	        1.00	  3605474.00	   100000.00
  2.18	  3767745.00	        4.00	       80.00	        1.00	  3667748.00	   100000.00
  2.19	  3830784.00	        4.00	       80.00	        1.00	  3730787.00	   100000.00
  2.20	  3894987.00	        4.00	       80.00	        1.00	  3794990.00	   100000.00
  2.21	  3960499.00	        4.00	       80.00	        1.00	  3860502.00	   100000.00
  2.22	  4027142.00	        4.00	       80.00	        1.00	  3927145.00	   100000.00
  2.23	  4094293.00	        4.00	       80.00	        1.00	  3994296.00	   100000.00
  2.24	  4163004.00	        4.00	       80.00	        1.00	  4063007.00	   100000.00
  2.25	  4232883.00	        4.00	       80.00	        1.00	  4132886.00	   100000.00
  2.26	  4303608.00	        4.00	       79.00	        1.00	  4203611.00	   100000.00
  2.27	  4375238.00	        3.00	      178.00	        1.00	  4275241.00	   100000.00
  2.28	  4448851.00	        3.00	      178.00	        1.00	  4348854.00	   100000.00
  2.29	  4523229.00	        5.00	      177.00	        1.00	  4423234.00	   100000.00
  2.30	  4599284.00	        5.00	      177.00	        1.00	  4499289.00	   100000.00
  2.31	  4676500.00	        5.00	      177.00	        1.00	  4576505.00	   100000.00
  2.32	  4755371.00	        5.00	      176.00	        1.00	  4655376.00	   100000.00
  2.33	  4835222.00	        6.00	      176.00	        1.00	  4735227.00	   100000.00
  2.34	  4916398.00	        6.00	      176.00	        1.00	  4816403.00	   100000.00
  2.35	  4998449.00	        6.00	      176.00	        1.00	  4898454.00	   100000.00
  2.36	  5082608.00	        6.00	      176.00	        1.00	  4982613.00	   100000.00
  2.37	  5167873.00	        5.00	      276.00	        1.00	  5067878.00	   100000.00
  2.38	  5254729.00	        5.00	      276.00	        1.00	  5154734.00	   100000.00
  2.39	  5342571.00	        5.00	      276.00	        1.00	  5242576.00	   100000.00
  2.40	  5432010.00	        5.00	      276.00	        1.00	  5332015.00	   100000.00
  2.41	  5523068.00	        5.00	      276.00	        1.00	  5423073.00	   100000.00
  2.42	  5615137.00	        5.00	      275.00	        1.00	  5515142.00	   100000.00
  2.43	  5709387.00	        5.00	      275.00	        1.00	  5609392.00	   100000.00
  2.44	  5805415.00	        5.00	      275.00	        1.00	  5705420.00	   100000.00
  2.45	  5903061.00	        6.00	      274.00	        1.00	  5803067.00	   100000.00
  2.46	  6002081.00	        6.00	      273.00	        1.00	  5902087.00	   100000.00
  2.47	  6102950.00	        8.00	      272.00	        1.00	  6002958.00	   100000.00
  2.48	  6204983.00	        8.00	      271.00	        1.00	  6104991.00	   100000.00
  2.49	  6308492.00	        8.00	      271.00	        1.00	  6208500.00	   100000.00
  2.50	  6414552.00	        8.00	      270.00	        1.00	  6314560.00	   100000.00
  2.51	  6522315.00	        7.00	      369.00	        1.00	  6422323.00	   100000.00
  2.52	  6631302.00	        7.00	      368.00	        1.00	  6531310.00	   100000.00
  2.53	  6742522.00	        7.00	      368.00	        1.00	  6642530.00	   100000.00
  2.54	  6855729.00	        6.00	      467.00	        1.00	  6755737.00	   100000.00
  2.55	  6970295.00	        6.00	      467.00	        1.00	  6870303.00	   100000.00
  2.56	  7086692.00	        6.00	      467.00	        1.00	  6986700.00	   100000.00
  2.57	  7205580.00	        6.00	      466.00	        1.00	  7105588.00	   100000.00
  2.58	  7326016.00	        6.00	      563.00	        1.00	  7226025.00	   100000.00
  2.59	  7449029.00	        6.00	      561.00	        1.00	  7349038.00	   100000.00
  2.60	  7573767.00	        7.00	      560.00	        1.00	  7473777.00	   100000.00
  2.61	  7700393.00	        7.00	      560.00	        1.00	  7600403.00	   100000.00
  2.62	  7829795.00	        8.00	      559.00	        1.00	  7729806.00	   100000.00
  2.63	  7961212.00	        8.00	      558.00	        1.00	  7861223.00	   100000.00
  2.64	  8094466.00	        8.00	      556.00	        1.00	  7994477.00	   100000.00
  2.65	  8230226.00	        8.00	      554.00	        1.00	  8130237.00	   100000.00
  2.66	  8368437.00	        8.00	      554.00	        1.00	  8268448.00	   100000.00
  2.67	  8508621.00	        8.00	      554.00	        1.00	  8408632.00	   100000.00
  2.68	  8650475.00	        8.00	      554.00	        1.00	  8550486.00	   100000.00
  2.69	  8795682.00	        8.00	      554.00	        1.00	  8695693.00	   100000.00
  2.70	  8942715.00	        9.00	      553.00	        1.00	  8842727.00	   100000.00
  2.71	  9093121.00	        9.00	      552.00	        1.00	  8993133.00	   100000.00
  2.72	  9245728.00	       10.00	      551.00	        1.00	  9145741.00	   100000.00
  2.73	  9400803.00	       10.00	      550.00	        1.00	  9300816.00	   100000.00
  2.74	  9557843.00	       10.00	      548.00	        1.00	  9457856.00	   100000.00
  2.75	  9718311.00	       11.00	      545.00	        1.00	  9618325.00	   100000.00
  2.76	  9881089.00	       11.00	      545.00	        1.00	  9781103.00	   100000.00
  2.77	 10046318.00	       11.00	      543.00	        1.00	  9946332.00	   100000.00
  2.78	 10214856.00	       11.00	      543.00	        1.00	 10114870.00	   100000.00
  2.79	 10386410.00	       11.00	      543.00	        1.00	 10286424.00	   100000.00
  2.80	 10560404.00	       11.00	      542.00	        1.00	 10460418.00	   100000.00
  2.81	 10737097.00	       10.00	      642.00	        1.00	 10637111.00	   100000.00
  2.82	 10916626.00	       12.00	      640.00	        1.00	 10816642.00	   100000.00
  2.83	 11098862.00	       12.00	      639.00	        1.00	 10998878.00	   100000.00
  2.84	 11284679.00	       11.00	      737.00	        1.00	 11184695.00	   100000.00
  2.85	 11473103.00	       11.00	      737.00	        1.00	 11373119.00	   100000.00
  2.86	 11665898.00	       14.00	      733.00	        1.00	 11565917.00	   100000.00
  2.87	 11861837.00	       15.00	      732.00	        1.00	 11761857.00	   100000.00
  2.88	 12060751.00	       15.00	      732.00	        1.00	 11960771.00	   100000.00
  2.89	 12262338.00	       17.00	      729.00	        1.00	 12162360.00	   100000.00
  2.90	 12467627.00	       18.00	      727.00	        1.00	 12367650.00	   100000.00
  2.91	 12676628.00	       19.00	      723.00	        1.00	 12576652.00	   100000.00
  2.92	 12889761.00	       20.00	      722.00	        1.00	 12789786.00	   100000.00
  2.93	 13105543.00	       20.00	      721.00	        1.00	 13005568.00	   100000.00
  2.94	 13324757.00	       20.00	      721.00	        1.00	 13224782.00	   100000.00
  2.95	 13548357.00	       23.00	      718.00	        1.00	 13448385.00	   100000.00
  2.96	 13775862.00	       23.00	      718.00	        1.00	 13675890.00	   100000.00
  2.97	 14006188.00	       25.00	      813.00	        1.00	 13906219.00	   100000.00
  2.98	 14239973.00	       27.00	      810.00	        1.00	 14140006.00	   100000.00
  2.99	 14479315.00	       27.00	      810.00	        1.00	 14379348.00	   100000.00
  3.00	 14721923.00	       27.00	      809.00	        1.00	 14621956.00	   100000.00
  3.01	 14968753.00	       28.00	      806.00	        1.00	 14868787.00	   100000.00
  3.02	 15219191.00	       27.00	      903.00	        1.00	 15119225.00	   100000.00
  3.03	 15474245.00	       30.00	      901.00	        1.00	 15374282.00	   100000.00
  3.04	 15732995.00	       30.00	      900.00	        1.00	 15633032.00	   100000.00
  3.05	 15995302.00	       34.00	      896.00	        1.00	 15895343.00	   100000.00
  3.06	 16262847.00	       35.00	      895.00	        1.00	 16162889.00	   100000.00
  3.07	 16534271.00	       35.00	      894.00	        1.00	 16434313.00	   100000.00
  3.08	 16811437.00	       36.00	      893.00	        1.00	 16711480.00	   100000.00
  3.09	 17092535.00	       41.00	      890.00	        1.00	 16992583.00	   100000.00
  3.10	 17377555.00	       43.00	      888.00	        1.00	 17277605.00	   100000.00
  3.11	 17668532.00	       46.00	      884.00	        1.00	 17568585.00	   100000.00
  3.12	 17964089.00	       46.00	      880.00	        1.00	 17864142.00	   100000.00
  3.13	 18264925.00	       47.00	      878.00	        1.00	 18164979.00	   100000.00
  3.14	 18570624.00	       49.00	      876.00	        1.00	 18470680.00	   100000.00
  3.15	 18881658.00	       50.00	     1071.00	        1.00	 18781717.00	   100000.00
  3.16	 19197273.00	       50.00	     1168.00	        1.00	 19097333.00	   100000.00
  3.17	 19518902.00	       56.00	     1161.00	        1.00	 19418968.00	   100000.00
  3.18	 19844829.00	       63.00	     1154.00	        1.00	 19744902.00	   100000.00
  3.19	 20176916.00	       63.00	     1152.00	        1.00	 20076989.00	   100000.00
  3.20	 20514683.00	       68.00	     1147.00	        1.00	 20414761.00	   100000.00
  3.21	 20858335.00	       68.00	     1146.00	        1.00	 20758413.00	   100000.00
  3.22	 21206555.00	       71.00	     1142.00	        1.00	 21106636.00	   100000.00
  3.23	 21560890.00	       75.00	     1139.00	        1.00	 21460975.00	   100000.00
  3.24	 21921866.00	       78.00	     1132.00	        1.00	 21821954.00	   100000.00
  3.25	 22288677.00	       78.00	     1129.00	        1.00	 22188765.00	   100000.00
  3.26	 22661161.00	       83.00	     1122.00	        1.00	 22561254.00	   100000.00
  3.27	 23040031.00	       84.00	     1120.00	        1.00	 22940125.00	   100000.00
  3.28	 23424972.00	       88.00	     1115.00	        1.00	 23325070.00	   100000.00
  3.29	 23815157.00	       93.00	     1111.00	        1.00	 23715260.00	   100000.00
  3.30	 24213635.00	       96.00	     1106.00	        1.00	 24113741.00	   100000.00
  3.31	 24618019.00	       99.00	     1099.00	        1.00	 24518128.00	   100000.00
  3.32	 25029401.00	       99.00	     1098.00	        1.00	 24929510.00	   100000.00
  3.33	 25447502.00	       99.00	     1294.00	        1.00	 25347613.00	   100000.00
  3.34	 25872679.00	      107.00	     1288.00	        1.00	 25772798.00	   100000.00
  3.35	 26305006.00	      110.00	     1382.00	        1.00	 26205129.00	   100000.00
  3.36	 26744617.00	      112.00	     1478.00	        1.00	 26644743.00	   100000.00
  3.37	 27191289.00	      116.00	     1474.00	        1.00	 27091419.00	   100000.00
  3.38	 27645567.00	      120.00	     1668.00	        1.00	 27545703.00	   100000.00
  3.39	 28107022.00	      124.00	     1761.00	        1.00	 28007163.00	   100000.00
  3.40	 28575996.00	      125.00	     1957.00	        1.00	 28476140.00	   100000.00
  3.41	 29052587.00	      128.00	     1950.00	        1.00	 28952734.00	   100000.00
  3.42	 29538312.00	      131.00	     2044.00	        1.00	 29438463.00	   100000.00
  3.43	 30031152.00	      136.00	     2132.00	        1.00	 29931309.00	   100000.00
  3.44	 30532157.00	      139.00	     2123.00	        1.00	 30432317.00	   100000.00
  3.45	 31040480.00	      145.00	     2415.00	        1.00	 30940649.00	   100000.00
  3.46	 31558473.00	      149.00	     2508.00	        1.00	 31458647.00	   100000.00
  3.47	 32084744.00	      169.00	     2490.00	        1.00	 31984938.00	   100000.00
  3.48	 32619341.00	      172.00	     2683.00	        1.00	 32519540.00	   100000.00
  3.49	 33163084.00	      189.00	     2668.00	        1.00	 33063300.00	   100000.00
  3.50	 33717162.00	      199.00	     2756.00	        1.00	 33617389.00	   100000.00
  3.51	 34278869.00	      203.00	     2945.00	        1.00	 34179102.00	   100000.00
  3.52	 34850740.00	      217.00	     2928.00	        1.00	 34750987.00	   100000.00
  3.53	 35431221.00	      222.00	     2918.00	        1.00	 35331473.00	   100000.00
  3.54	 36021450.00	      224.00	     3110.00	        1.00	 35921706.00	   100000.00
  3.55	 36622755.00	      231.00	     3196.00	        1.00	 36523019.00	   100000.00
  3.56	 37233045.00	      238.00	     3180.00	        1.00	 37133316.00	   100000.00
  3.57	 37854362.00	      244.00	     3364.00	        1.00	 37754641.00	   100000.00
  3.58	 38486177.00	      254.00	     3349.00	        1.00	 38386466.00	   100000.00
  3.59	 39127636.00	      263.00	     3731.00	        1.00	 39027938.00	   100000.00
  3.60	 39778999.00	      286.00	     3806.00	        1.00	 39679325.00	   100000.00
  3.61	 40442304.00	      302.00	     3885.00	        1.00	 40342647.00	   100000.00
  3.62	 41115953.00	      317.00	     4166.00	        1.00	 41016314.00	   100000.00
  3.63	 41800933.00	      337.00	     4235.00	        1.00	 41701315.00	   100000.00
  3.64	 42497868.00	      359.00	     4214.00	        1.00	 42398272.00	   100000.00
  3.65	 43205561.00	      376.00	     4295.00	        1.00	 43105983.00	   100000.00
  3.66	 43923697.00	      396.00	     4472.00	        1.00	 43824141.00	   100000.00
  3.67	 44653578.00	      408.00	     4844.00	        1.00	 44554038.00	   100000.00
  3.68	 45395893.00	      434.00	     4816.00	        1.00	 45296379.00	   100000.00
  3.69	 46151351.00	      448.00	     5093.00	        1.00	 46051854.00	   100000.00
  3.70	 46918851.00	      477.00	     5662.00	        1.00	 46819389.00	   100000.00
  3.71	 47700025.00	      501.00	     5842.00	        1.00	 47600589.00	   100000.00
  3.72	 48494131.00	      516.00	     6124.00	        1.00	 48394713.00	   100000.00
  3.73	 49300868.00	      550.00	     6382.00	        1.00	 49201487.00	   100000.00
  3.74	 50121572.00	      574.00	     6450.00	        1.00	 50022216.00	   100000.00
  3.75	 50955516.00	      599.00	     7017.00	        1.00	 50856191.00	   100000.00
  3.76	 51802045.00	      621.00	     7566.00	        1.00	 51702748.00	   100000.00
  3.77	 52662765.00	      656.00	     7618.00	        1.00	 52563504.00	   100000.00
  3.78	 53538325.00	      713.00	     7755.00	        1.00	 53439123.00	   100000.00
  3.79	 54428512.00	      757.00	     8308.00	        1.00	 54329360.00	   100000.00
  3.80	 55332604.00	      801.00	     9057.00	        1.00	 55233504.00	   100000.00
  3.81	 56252932.00	      869.00	     9383.00	        1.00	 56153904.00	   100000.00
  3.82	 57186789.00	      906.00	     9819.00	        1.00	 57087803.00	   100000.00
  3.83	 58134562.00	      967.00	    10047.00	        1.00	 58035640.00	   100000.00
  3.84	 59099370.00	     1008.00	    10685.00	        1.00	 59000496.00	   100000.00
  3.85	 60080139.00	     1060.00	    11316.00	        1.00	 59981324.00	   100000.00
  3.86	 61079310.00	     1130.00	    11240.00	        1.00	 60980565.00	   100000.00
  3.87	 62091711.00	     1203.00	    11559.00	        1.00	 61993043.00	   100000.00
  3.88	 63121548.00	     1264.00	    11587.00	        1.00	 63022942.00	   100000.00
  3.89	 64168265.00	     1319.00	    11805.00	        1.00	 64069717.00	   100000.00
  3.90	 65232379.00	     1407.00	    12406.00	        1.00	 65133926.00	   100000.00
  3.91	 66314398.00	     1468.00	    12509.00	        1.00	 66216008.00	   100000.00
  3.92	 67413456.00	     1544.00	    12908.00	        1.00	 67315147.00	   100000.00
  3.93	 68531241.00	     1653.00	    13286.00	        1.00	 68433046.00	   100000.00
  3.94	 69667263.00	     1734.00	    13776.00	        1.00	 69569155.00	   100000.00
  3.95	 70821856.00	     1828.00	    14371.00	        1.00	 70723849.00	   100000.00
  3.96	 71993705.00	     1933.00	    14650.00	        1.00	 71895807.00	   100000.00
  3.97	 73184425.00	     2055.00	    15121.00	        1.00	 73086655.00	   100000.00
  3.98	 74395854.00	     2161.00	    15386.00	        1.00	 74298194.00	   100000.00
  3.99	 75626814.00	     2278.00	    15548.00	        1.00	 75529274.00	   100000.00
  4.00	 76881335.00	     2375.00	    16223.00	        1.00	 76783900.00	   100000.00
  4.01	 78154357.00	     2500.00	    16780.00	        1.00	 78057054.00	   100000.00
  4.02	 79445620.00	     2662.00	    17602.00	        1.00	 79348489.00	   100000.00
  4.03	 80760871.00	     2821.00	    17645.00	        1.00	 80663901.00	   100000.00
  4.04	 82097444.00	     2968.00	    18493.00	        1.00	 82000631.00	   100000.00
  4.05	 83454091.00	     3116.00	    19026.00	        1.00	 83357433.00	   100000.00
  4.06	 84832235.00	     3284.00	    19552.00	        1.00	 84735752.00	   100000.00
  4.07	 86233019.00	     3430.00	    20174.00	        1.00	 86136690.00	   100000.00
  4.08	 87656590.00	     3609.00	    20445.00	        1.00	 87560445.00	   100000.00
  4.09	 89103508.00	     3771.00	    21441.00	        1.00	 89007537.00	   100000.00
  4.10	 90572060.00	     3973.00	    23006.00	        1.00	 90476309.00	   100000.00
  4.11	 92068220.00	     4163.00	    24164.00	        1.00	 91972673.00	   100000.00
  4.12	 93587036.00	     4387.00	    25311.00	        1.00	 93491727.00	   100000.00
  4.13	 95130541.00	     4598.00	    26750.00	        1.00	 95035460.00	   100000.00
  4.14	 96697452.00	     4817.00	    28458.00	        1.00	 96602610.00	   100000.00
  4.15	 98290896.00	     5070.00	    29759.00	        1.00	 98196323.00	   100000.00
  4.16	 99910491.00	     5342.00	    30439.00	        1.00	 99816200.00	   100000.00
  4.17	101557203.00	     5664.00	    31399.00	        1.00	101463247.00	   100000.00
  4.18	103228769.00	     6031.00	    33799.00	        1.00	103135208.00	   100000.00
  4.19	104925455.00	     6383.00	    36021.00	        1.00	104832272.00	   100000.00
  4.20	106650654.00	     6756.00	    37098.00	        1.00	106557859.00	   100000.00
  4.21	108403736.00	     7063.00	    39727.00	        1.00	108311278.00	   100000.00
  4.22	110186454.00	     7443.00	    41765.00	        1.00	110094401.00	   100000.00
  4.23	111995012.00	     7848.00	    44466.00	        1.00	111903396.00	   100000.00
  4.24	113835449.00	     8355.00	    46273.00	        1.00	113744364.00	   100000.00
  4.25	115704456.00	     8870.00	    47986.00	        1.00	115613909.00	   100000.00
  4.26	117604225.00	     9421.00	    50270.00	        1.00	117514258.00	   100000.00
  4.27	119529781.00	    10029.00	    53260.00	        1.00	119440459.00	   100000.00
  4.28	121489390.00	    10644.00	    56064.00	        1.00	121400718.00	   100000.00
  4.29	123482152.00	    11253.00	    58626.00	        1.00	123394122.00	   100000.00
  4.30	125504858.00	    11957.00	    61530.00	        1.00	125417569.00	   100000.00
  4.31	127560025.00	    12779.00	    63532.00	        1.00	127473587.00	   100000.00
  4.32	129648782.00	    13594.00	    67142.00	        1.00	129563204.00	   100000.00
  4.33	131769838.00	    14458.00	    70694.00	        1.00	131685169.00	   100000.00
  4.34	133922041.00	    15314.00	    75011.00	        1.00	133838281.00	   100000.00
  4.35	136111891.00	    16294.00	    79506.00	        1.00	136029167.00	   100000.00
  4.36	138337031.00	    17316.00	    82649.00	        1.00	138255372.00	   100000.00
  4.37	140595417.00	    18437.00	    86552.00	        1.00	140514931.00	   100000.00
  4.38	142890546.00	    19550.00	    90756.00	        1.00	142811228.00	   100000.00
  4.39	145219684.00	    20812.00	    94862.00	        1.00	145141683.00	   100000.00
  4.40	147587152.00	    22192.00	    99539.00	        1.00	147510593.00	   100000.00
  4.41	149992045.00	    23658.00	   104738.00	        1.00	149917020.00	   100000.00
  4.42	152430477.00	    25155.00	   109526.00	        1.00	152357014.00	   100000.00
  4.43	154913385.00	    26651.00	   114673.00	        1.00	154841487.00	   100000.00
  4.44	157436475.00	    28359.00	   121083.00	        1.00	157366368.00	   100000.00
  4.45	159996554.00	    30195.00	   125406.00	        1.00	159928347.00	   100000.00
  4.46	162595209.00	    32317.00	   130938.00	        1.00	162529202.00	   100000.00
  4.47	165233388.00	    34433.00	   137686.00	        1.00	165169587.00	   100000.00
  4.48	167910948.00	    36612.00	   144124.00	        1.00	167849415.00	   100000.00
  4.49	170632802.00	    38969.00	   154077.00	        1.00	170573752.00	   100000.00
  4.50	173398301.00	    41486.00	   163660.00	        1.00	173341892.00	   100000.00
  4.51	176206903.00	    44339.00	   173642.00	        1.00	176153478.00	   100000.00
  4.52	179057721.00	    47244.00	   182831.00	        1.00	179007325.00	   100000.00
  4.53	181949609.00	    50330.00	   193934.00	        1.00	181902446.00	   100000.00
  4.54	184893275.00	    53870.00	   202643.00	        1.00	184849777.00	   100000.00
  4.55	187873193.00	    57630.00	   213334.00	        1.00	187833603.00	   100000.00
  4.56	190900113.00	    61735.00	   222634.00	        1.00	190864764.00	   100000.00
  4.57	193977934.00	    65884.00	   233022.00	        1.00	193946884.00	   100000.00
  4.58	197099305.00	    70204.00	   243029.00	        1.00	197072723.00	   100000.00
  4.59	200269900.00	    74826.00	   256219.00	        1.00	200248124.00	   100000.00
  4.60	203491026.00	    79744.00	   270196.00	        1.00	203474363.00	   100000.00
  4.61	206758005.00	    85146.00	   284947.00	        1.00	206746951.00	   100000.00
  4.62	210076308.00	    91198.00	   300354.00	        1.00	210071525.00	   100000.00
  4.63	213442318.00	    97527.00	   311950.00	        1.00	213444049.00	   100000.00
  4.64	216863057.00	   104282.00	   325662.00	        1.00	216871752.00	   100000.00
  4.65	220327656.00	   111169.00	   342629.00	        1.00	220343482.00	   100000.00
  4.66	223849008.00	   118618.00	   363238.00	        1.00	223872571.00	   100000.00
  4.67	227419372.00	   126888.00	   379762.00	        1.00	227451457.00	   100000.00
  4.68	231047177.00	   135500.00	   399152.00	        1.00	231088161.00	   100000.00
  4.69	234727370.00	   144517.00	   420964.00	        1.00	234777688.00	   100000.00
  4.70	238460066.00	   154261.00	   445475.00	        1.00	238520478.00	   100000.00
  4.71	242247346.00	   164763.00	   468948.00	        1.00	242318608.00	   100000.00
  4.72	246090735.00	   176260.00	   495654.00	        1.00	246173884.00	   100000.00
  4.73	249990837.00	   188500.00	   521085.00	        1.00	250086611.00	   100000.00
  4.74	253943649.00	   201579.00	   551617.00	        1.00	254052947.00	   100000.00
  4.75	257951280.00	   215635.00	   575696.00	        1.00	258075025.00	   100000.00
  4.76	262021872.00	   230430.00	   605951.00	        1.00	262160873.00	   100000.00
  4.77	266153848.00	   246271.00	   642340.00	        1.00	266309223.00	   100000.00
  4.78	270344282.00	   262950.00	   676712.00	        1.00	270516859.00	   100000.00
  4.79	274595361.00	   281294.00	   712426.00	        1.00	274786835.00	   100000.00
  4.80	278907687.00	   300468.00	   752929.00	        1.00	279118945.00	   100000.00
  4.81	283273753.00	   321594.00	   794766.00	        1.00	283506779.00	   100000.00
  4.82	287704883.00	   343876.00	   837086.00	        1.00	287960853.00	   100000.00
  4.83	292197732.00	   367768.00	   877275.00	        1.00	292478250.00	   100000.00
  4.84	296753218.00	   393007.00	   923672.00	        1.00	297059710.00	   100000.00
  4.85	301376961.00	   420275.00	   978903.00	        1.00	301711564.00	   100000.00
  4.86	306060641.00	   449691.00	  1034611.00	        1.00	306425528.00	   100000.00
  4.87	310799031.00	   481237.00	  1090930.00	        1.00	311196363.00	   100000.00
  4.88	315608870.00	   515114.00	  1155027.00	        1.00	316041081.00	   100000.00
  4.89	320480977.00	   551828.00	  1223321.00	        1.00	320950974.00	   100000.00
  4.90	325417062.00	   590760.00	  1291408.00	        1.00	325927087.00	   100000.00
  4.91	330417666.00	   632608.00	  1367258.00	        1.00	330970741.00	   100000.00
  4.92	335487239.00	   677651.00	  1435371.00	        1.00	336086515.00	   100000.00
  4.93	340618635.00	   725733.00	  1515878.00	        1.00	341267306.00	   100000.00
  4.94	345820703.00	   777142.00	  1604457.00	        1.00	346522215.00	   100000.00
  4.95	351090627.00	   832120.00	  1689972.00	        1.00	351848557.00	   100000.00
  4.96	356428946.00	   891058.00	  1790058.00	        1.00	357247439.00	   100000.00
  4.97	361831858.00	   954651.00	  1894112.00	        1.00	362715659.00	   100000.00
  4.98	367297061.00	  1023470.00	  2001805.00	        1.00	368251483.00	   100000.00
  4.99	372829640.00	  1097717.00	  2113009.00	        1.00	373860202.00	   100000.00
  5.00	378432485.00	  1176700.00	  2225197.00	        1.00	379543984.00	   100000.00
  5.01	384095226.00	  1260696.00	  2358242.00	        1.00	385292936.00	   100000.00
  5.02	389826652.00	  1351176.00	  2500500.00	        1.00	391117222.00	   100000.00
  5.03	395630171.00	  1448297.00	  2638457.00	        1.00	397020268.00	   100000.00
  5.04	401494948.00	  1552872.00	  2789115.00	        1.00	402992230.00	   100000.00
  5.05	407424374.00	  1665012.00	  2954517.00	        1.00	409036633.00	   100000.00
  5.06	413415215.00	  1784653.00	  3128873.00	        1.00	415150125.00	   100000.00
  5.07	419475081.00	  1914218.00	  3308682.00	        1.00	421342716.00	   100000.00
  5.08	425596914.00	  2053825.00	  3493915.00	        1.00	427607476.00	   100000.00
  5.09	431780451.00	  2202101.00	  3695586.00	        1.00	433942868.00	   100000.00
  5.10	438027999.00	  2361705.00	  3902369.00	        1.00	440353766.00	   100000.00
  5.11	444332963.00	  2532218.00	  4120631.00	        1.00	446833216.00	   100000.00
  5.12	450701748.00	  2715277.00	  4347100.00	        1.00	453389252.00	   100000.00
  5.13	457122349.00	  2911805.00	  4580627.00	        1.00	460010779.00	   100000.00
  5.14	463601364.00	  3121392.00	  4836553.00	        1.00	466704142.00	   100000.00
  5.15	470143321.00	  3345926.00	  5106652.00	        1.00	473475697.00	   100000.00
  5.16	476742432.00	  3586687.00	  5393172.00	        1.00	480320963.00	   100000.00
  5.17	483395950.00	  3844676.00	  5690919.00	        1.00	487238158.00	   100000.00
  5.18	490101722.00	  4119053.00	  5996353.00	        1.00	494224247.00	   100000.00
  5.19	496856327.00	  4414097.00	  6319935.00	        1.00	501280229.00	   100000.00
  5.20	503653705.00	  4729784.00	  6677724.00	        1.00	508400182.00	   100000.00
  5.21	510494003.00	  5066853.00	  7044807.00	        1.00	515584765.00	   100000.00
  5.22	517380949.00	  5426165.00	  7434508.00	        1.00	522838698.00	   100000.00
  5.23	524305681.00	  5811055.00	  7836597.00	        1.00	530156392.00	   100000.00
  5.24	531265720.00	  6223279.00	  8258918.00	        1.00	537537213.00	   100000.00
  5.25	538261889.00	  6662129.00	  8692559.00	        1.00	544981184.00	   100000.00
  5.26	545288791.00	  7129378.00	  9160429.00	        1.00	552484940.00	   100000.00
  5.27	552340670.00	  7628690.00	  9645083.00	        1.00	560046241.00	   100000.00
  5.28	559416247.00	  8161645.00	 10137613.00	        1.00	567665312.00	   100000.00
  5.29	566505672.00	  8730798.00	 10685245.00	        1.00	575335352.00	   100000.00
  5.30	573611478.00	  9338063.00	 11245976.00	        1.00	583060422.00	   100000.00
  5.31	580728624.00	  9983207.00	 11831206.00	        1.00	590835369.00	   100000.00
  5.32	587850502.00	 10669085.00	 12456998.00	        1.00	598656629.00	   100000.00
  5.33	594967428.00	 11401221.00	 13111952.00	        1.00	606519976.00	   100000.00
  5.34	602083907.00	 12179555.00	 13773426.00	        1.00	614429633.00	   100000.00
  5.35	609183874.00	 13009000.00	 14454082.00	        1.00	622374615.00	   100000.00
  5.36	616268044.00	 13889330.00	 15183479.00	        1.00	630355712.00	   100000.00
  5.37	623324247.00	 14824622.00	 15951659.00	        1.00	638364793.00	   100000.00
  5.38	630349105.00	 15817245.00	 16727210.00	        1.00	646400557.00	   100000.00
  5.39	637336600.00	 16870396.00	 17556831.00	        1.00	654460677.00	   100000.00
  5.40	644282933.00	 17987542.00	 18402151.00	        1.00	662544473.00	   100000.00
  5.41	651174876.00	 19169790.00	 19281315.00	        1.00	670640038.00	   100000.00
  5.42	658007012.00	 20420220.00	 20190135.00	        1.00	678745005.00	   100000.00
  5.43	664771411.00	 21748989.00	 21125156.00	        1.00	686861676.00	   100000.00
  5.44	671462083.00	 23147423.00	 22088246.00	        1.00	694975352.00	   100000.00
  5.45	678070471.00	 24627183.00	 23101243.00	        1.00	703089442.00	   100000.00
  5.46	684581477.00	 26188260.00	 24116667.00	        1.00	711188405.00	   100000.00
  5.47	690993402.00	 27835378.00	 25202399.00	        1.00	719275954.00	   100000.00
  5.48	697284118.00	 29574000.00	 26323018.00	        1.00	727335164.00	   100000.00
  5.49	703456707.00	 31402676.00	 27478917.00	        1.00	735367649.00	   100000.00
  5.50	709496420.00	 33328591.00	 28605492.00	        1.00	743365297.00	   100000.00
  5.51	715400745.00	 35350986.00	 29762210.00	        1.00	751325390.00	   100000.00
  5.52	721161237.00	 37469691.00	 30961781.00	        1.00	759239506.00	   100000.00
  5.53	726754928.00	 39692042.00	 32187787.00	        1.00	767091918.00	   100000.00
  5.54	732180276.00	 42022165.00	 33452430.00	        1.00	774885331.00	   100000.00
  5.55	737430561.00	 44458448.00	 34694304.00	        1.00	782610840.00	   100000.00
  5.56	742500986.00	 47001192.00	 35952724.00	        1.00	790264344.00	   100000.00
  5.57	747376195.00	 49649988.00	 37156466.00	        1.00	797829381.00	   100000.00
  5.58	752059318.00	 52403466.00	 38412768.00	        1.00	805308763.00	   100000.00
  5.59	756528813.00	 55269318.00	 39655711.00	        1.00	812688099.00	   100000.00
  5.60	760781861.00	 58243309.00	 40872908.00	        1.00	819960116.00	   100000.00
  5.61	764814719.00	 61321654.00	 42066221.00	        1.00	827117335.00	   100000.00
  5.62	768625017.00	 64502477.00	 43278196.00	        1.00	834155946.00	   100000.00
  5.63	772202088.00	 67794340.00	 44472541.00	        1.00	841073522.00	   100000.00
  5.64	775540841.00	 71191190.00	 45613103.00	        1.00	847858512.00	   100000.00
  5.65	778641899.00	 74687468.00	 46768705.00	        1.00	854506643.00	   100000.00
  5.66	781494551.00	 78284684.00	 47845160.00	        1.00	861007769.00	   100000.00
  5.67	784094867.00	 81978738.00	 48854661.00	        1.00	867353992.00	   100000.00
  5.68	786458958.00	 85751704.00	 49791109.00	        1.00	873543276.00	   100000.00
  5.69	788563523.00	 89617204.00	 50710610.00	        1.00	879566553.00	   100000.00
  5.70	790436054.00	 93551585.00	 51587134.00	        1.00	885427285.00	   100000.00
  5.71	792056970.00	 97566356.00	 52342835.00	        1.00	891116617.00	   100000.00
  5.72	793437242.00	101646591.00	 52985777.00	        1.00	896630580.00	   100000.00
  5.73	794576379.00	105785152.00	 53581144.00	        1.00	901962121.00	   100000.00
  5.74	795493393.00	109969161.00	 54008174.00	        1.00	907116019.00	   100000.00
  5.75	796191762.00	114189073.00	 54378976.00	        1.00	912087244.00	   100000.00
  5.76	796687720.00	118431023.00	 54659873.00	        1.00	916877747.00	   100000.00
  5.77	796968328.00	122701751.00	 54824438.00	        1.00	921481034.00	   100000.00
  5.78	797058727.00	126980369.00	 54915600.00	        1.00	925901577.00	   100000.00
  5.79	796960986.00	131263548.00	 54909420.00	        1.00	930137849.00	   100000.00
  5.80	796683111.00	135547021.00	 54789004.00	        1.00	934193324.00	   100000.00
  5.81	796243210.00	139811056.00	 54538058.00	        1.00	938066057.00	   100000.00
  5.82	795643605.00	144057213.00	 54247454.00	        1.00	941760805.00	   100000.00
  5.83	794906597.00	148268446.00	 53787760.00	        1.00	945281364.00	   100000.00
  5.84	794033846.00	152441629.00	 53264545.00	        1.00	948627218.00	   100000.00
  5.85	793042337.00	156565084.00	 52657249.00	        1.00	951803383.00	   100000.00
  5.86	791947391.00	160632123.00	 51932633.00	        1.00	954818031.00	   100000.00
  5.87	790758855.00	164634769.00	 51133227.00	        1.00	957673393.00	   100000.00
  5.88	789489125.00	168571075.00	 50214069.00	        1.00	960379360.00	   100000.00
  5.89	788146835.00	172424694.00	 49250250.00	        1.00	962928881.00	   100000.00
  5.90	786744172.00	176198512.00	 48219466.00	        1.00	965336723.00	   100000.00
  5.91	785294167.00	179883686.00	 47137050.00	        1.00	967607161.00	   100000.00
  5.92	783801340.00	183480342.00	 46005459.00	        1.00	969744811.00	   100000.00
  5.93	782270757.00	186986442.00	 44843836.00	        1.00	971752854.00	   100000.00
  5.94	780729232.00	190386937.00	 43637206.00	        1.00	973642804.00	   100000.00
  5.95	779173144.00	193686922.00	 42348487.00	        1.00	975415701.00	   100000.00
  5.96	777613747.00	196884750.00	 41041444.00	        1.00	977081787.00	   100000.00
  5.97	776051622.00	199976578.00	 39729749.00	        1.00	978637900.00	   100000.00
  5.98	774504515.00	202958862.00	 38422268.00	        1.00	980098288.00	   100000.00
  5.99	772962352.00	205843662.00	 37078117.00	        1.00	981464588.00	   100000.00
  6.00	771444269.00	208617002.00	 35726140.00	        1.00	982742133.00	   100000.00
  6.01	769950297.00	211282907.00	 34380100.00	        1.00	983935113.00	   100000.00
  6.02	768483539.00	213844048.00	 33060935.00	        1.00	985049547.00	   100000.00
  6.03	767054274.00	216296870.00	 31717236.00	        1.00	986091629.00	   100000.00
  6.04	765653308.00	218650399.00	 30390900.00	        1.00	987061622.00	   100000.00
  6.05	764298008.00	220894131.00	 29102509.00	        1.00	987966594.00	   100000.00
  6.06	762977583.00	223040884.00	 27853622.00	        1.00	988808625.00	   100000.00
  6.07	761698637.00	225091160.00	 26629736.00	        1.00	989594705.00	   100000.00
  6.08	760463773.00	227045645.00	 25445075.00	        1.00	990328290.00	   100000.00
  6.09	759267144.00	228911275.00	 24272712.00	        1.00	991010225.00	   100000.00
  6.10	758111987.00	230689024.00	 23119238.00	        1.00	991644832.00	   100000.00
  6.11	756999337.00	232380505.00	 22007632.00	        1.00	992234974.00	   100000.00
  6.12	755933285.00	233985942.00	 20915397.00	        1.00	992784801.00	   100000.00
  6.13	754909781.00	235510881.00	 19888644.00	        1.00	993296260.00	   100000.00
  6.14	753930196.00	236956899.00	 18888176.00	        1.00	993772008.00	   100000.00
  6.15	752991948.00	238329511.00	 17928212.00	        1.00	994215132.00	   100000.00
  6.16	752093432.00	239630590.00	 16999288.00	        1.00	994625807.00	   100000.00
  6.17	751235653.00	240862359.00	 16090414.00	        1.00	995007204.00	   100000.00
  6.18	750420002.00	242026343.00	 15229424.00	        1.00	995362547.00	   100000.00
  6.19	749642618.00	243127073.00	 14408379.00	        1.00	995692492.00	   100000.00
  6.20	748904116.00	244166171.00	 13610108.00	        1.00	995999097.00	   100000.00
  6.21	748202904.00	245146797.00	 12855526.00	        1.00	996284186.00	   100000.00
  6.22	747536363.00	246073567.00	 12126178.00	        1.00	996549618.00	   100000.00
  6.23	746905943.00	246945359.00	 11438591.00	        1.00	996795900.00	   100000.00
  6.24	746308874.00	247766594.00	 10788004.00	        1.00	997024669.00	   100000.00
  6.25	745746193.00	248537391.00	 10178427.00	        1.00	997237151.00	   100000.00
  6.26	745210358.00	249266858.00	  9589498.00	        1.00	997434767.00	   100000.00
  6.27	744703995.00	249952815.00	  9039625.00	        1.00	997618171.00	   100000.00
  6.28	744223898.00	250599433.00	  8513132.00	        1.00	997788193.00	   100000.00
  6.29	743770827.00	251207814.00	  7996316.00	        1.00	997946597.00	   100000.00
  6.30	743342806.00	251779215.00	  7512085.00	        1.00	998092891.00	   100000.00
  6.31	742938826.00	252316368.00	  7052834.00	        1.00	998228777.00	   100000.00
  6.32	742557993.00	252821465.00	  6626118.00	        1.00	998355628.00	   100000.00
  6.33	742202277.00	253293161.00	  6222563.00	        1.00	998474002.00	   100000.00
  6.34	741867003.00	253735323.00	  5847940.00	        1.00	998583174.00	   100000.00
  6.35	741549531.00	254152185.00	  5491350.00	        1.00	998684691.00	   100000.00
  6.36	741251748.00	254542831.00	  5151719.00	        1.00	998779478.00	   100000.00
  6.37	740970845.00	254908656.00	  4833422.00	        1.00	998866208.00	   100000.00
  6.38	740705690.00	255253752.00	  4535945.00	        1.00	998947878.00	   100000.00
  6.39	740455821.00	255577245.00	  4243045.00	        1.00	999022978.00	   100000.00
  6.40	740222823.00	255878533.00	  3981512.00	        1.00	999092768.00	   100000.00
  6.41	740004891.00	256160291.00	  3728533.00	        1.00	999157924.00	   100000.00
  6.42	739798077.00	256425854.00	  3487464.00	        1.00	999217882.00	   100000.00
  6.43	739604572.00	256674031.00	  3263636.00	        1.00	999273700.00	   100000.00
  6.44	739423440.00	256906118.00	  3053184.00	        1.00	999325720.00	   100000.00
  6.45	739254202.00	257122752.00	  2855728.00	        1.00	999374110.00	   100000.00
  6.46	739095078.00	257326083.00	  2667114.00	        1.00	999419211.00	   100000.00
  6.47	738946269.00	257515434.00	  2490664.00	        1.00	999460580.00	   100000.00
  6.48	738808007.00	257691590.00	  2330667.00	        1.00	999499290.00	   100000.00
  6.49	738679044.00	257855837.00	  2175458.00	        1.00	999535274.00	   100000.00
  6.50	738557900.00	258009976.00	  2029550.00	        1.00	999568925.00	   100000.00
  6.51	738443919.00	258154198.00	  1897305.00	        1.00	999599809.00	   100000.00
  6.52	738338229.00	258288045.00	  1772603.00	        1.00	999628558.00	   100000.00
  6.53	738238671.00	258413824.00	  1655411.00	        1.00	999655325.00	   100000.00
  6.54	738145222.00	258531545.00	  1544515.00	        1.00	999680100.00	   100000.00
  6.55	738058128.00	258641069.00	  1441329.00	        1.00	999702999.00	   100000.00
  6.56	737976889.00	258743168.00	  1346197.00	        1.00	999724306.00	   100000.00
  6.57	737900656.00	258838700.00	  1255438.00	        1.00	999744004.00	   100000.00
  6.58	737829407.00	258927633.00	  1171523.00	        1.00	999762069.00	   100000.00
  6.59	737762444.00	259011161.00	  1096118.00	        1.00	999779023.00	   100000.00
  6.60	737700083.00	259088890.00	  1019051.00	        1.00	999794683.00	   100000.00
  6.61	737642387.00	259160944.00	   949881.00	        1.00	999809336.00	   100000.00
  6.62	737588739.00	259227807.00	   885577.00	        1.00	999822828.00	   100000.00
  6.63	737538350.00	259290635.00	   825904.00	        1.00	999835532.00	   100000.00
  6.64	737491080.00	259349438.00	   768069.00	        1.00	999847290.00	   100000.00
  6.65	737447448.00	259403926.00	   717303.00	        1.00	999858386.00	   100000.00
  6.66	737406406.00	259454993.00	   669784.00	        1.00	999868634.00	   100000.00
  6.67	737368095.00	259502386.00	   622131.00	        1.00	999877891.00	   100000.00
  6.68	737332032.00	259546896.00	   581471.00	        1.00	999886536.00	   100000.00
  6.69	737298903.00	259587953.00	   541545.00	        1.00	999894627.00	   100000.00
  6.70	737267709.00	259626603.00	   502130.00	        1.00	999902214.00	   100000.00
  6.71	737239077.00	259662108.00	   467169.00	        1.00	999909223.00	   100000.00
  6.72	737212321.00	259695272.00	   434827.00	        1.00	999915762.00	   100000.00
  6.73	737187900.00	259725584.00	   403326.00	        1.00	999921757.00	   100000.00
  6.74	737164978.00	259753972.00	   376377.00	        1.00	999927342.00	   100000.00
  6.75	737143467.00	259780577.00	   350404.00	        1.00	999932541.00	   100000.00
  6.76	737123319.00	259805405.00	   325757.00	        1.00	999937315.00	   100000.00
  6.77	737104606.00	259828586.00	   302852.00	        1.00	999941873.00	   100000.00
  6.78	737087095.00	259850212.00	   280870.00	        1.00	999946062.00	   100000.00
  6.79	737071120.00	259869845.00	   261359.00	        1.00	999949795.00	   100000.00
  6.80	737056371.00	259888221.00	   242967.00	        1.00	999953491.00	   100000.00
  6.81	737042674.00	259905199.00	   226626.00	        1.00	999956843.00	   100000.00
  6.82	737029614.00	259921246.00	   210892.00	        1.00	999959893.00	   100000.00
  6.83	737017294.00	259936376.00	   195601.00	        1.00	999962756.00	   100000.00
  6.84	737006122.00	259950164.00	   182906.00	        1.00	999965434.00	   100000.00
  6.85	736996012.00	259962735.00	   170173.00	        1.00	999967942.00	   100000.00
  6.86	736986075.00	259974875.00	   158393.00	        1.00	999970192.00	   100000.00
  6.87	736976883.00	259986178.00	   147786.00	        1.00	999972352.00	   100000.00
  6.88	736968512.00	259996523.00	   137495.00	        1.00	999974365.00	   100000.00
  6.89	736960365.00	260006401.00	   127653.00	        1.00	999976133.00	   100000.00
  6.90	736953214.00	260015294.00	   118618.00	        1.00	999977907.00	   100000.00
  6.91	736946549.00	260023568.00	   110692.00	        1.00	999979551.00	   100000.00
  6.92	736940192.00	260031375.00	   102885.00	        1.00	999981030.00	   100000.00
  6.93	736934475.00	260038465.00	    95651.00	        1.00	999982429.00	   100000.00
  6.94	736928887.00	260045327.00	    88872.00	        1.00	999983728.00	   100000.00
  6.95	736923705.00	260051601.00	    82769.00	        1.00	999984845.00	   100000.00
  6.96	736918918.00	260057462.00	    77036.00	        1.00	999985942.00	   100000.00
  6.97	736914508.00	260062888.00	    71698.00	        1.00	999986979.00	   100000.00
  6.98	736910286.00	260067931.00	    66859.00	        1.00	999987822.00	   100000.00
  6.99	736906467.00	260072582.00	    62610.00	        1.00	999988677.00	   100000.00
  7.00	736902830.00	260077025.00	    57832.00	        1.00	999989497.00	   100000.00
  7.01	736899568.00	260081011.00	    54199.00	        1.00	999990240.00	   100000.00
  7.02	736896399.00	260084876.00	    50632.00	        1.00	999990954.00	   100000.00
  7.03	736893556.00	260088360.00	    47197.00	        1.00	999991610.00	   100000.00
  7.04	736890716.00	260091732.00	    44406.00	        1.00	999992160.00	   100000.00
  7.05	736888136.00	260094845.00	    41992.00	        1.00	999992712.00	   100000.00
  7.06	736885594.00	260097887.00	    39644.00	        1.00	999993230.00	   100000.00
  7.07	736883277.00	260100666.00	    36502.00	        1.00	999993699.00	   100000.00
  7.08	736881148.00	260103231.00	    34134.00	        1.00	999994146.00	   100000.00
  7.09	736879067.00	260105689.00	    31960.00	        1.00	999994534.00	   100000.00
  7.10	736877243.00	260107911.00	    30301.00	        1.00	999994947.00	   100000.00
  7.11	736875473.00	260110032.00	    28069.00	        1.00	999995305.00	   100000.00
  7.12	736873920.00	260111933.00	    26225.00	        1.00	999995661.00	   100000.00
  7.13	736872408.00	260113752.00	    24225.00	        1.00	999995973.00	   100000.00
  7.14	736870965.00	260115478.00	    22672.00	        1.00	999996264.00	   100000.00
  7.15	736869570.00	260117126.00	    21680.00	        1.00	999996529.00	   100000.00
  7.16	736868231.00	260118716.00	    20147.00	        1.00	999996786.00	   100000.00
  7.17	736866971.00	260120185.00	    18665.00	        1.00	999997000.00	   100000.00
  7.18	736865894.00	260121448.00	    17359.00	        1.00	999997191.00	   100000.00
  7.19	736864872.00	260122657.00	    16360.00	        1.00	999997385.00	   100000.00
  7.20	736863828.00	260123884.00	    15323.00	        1.00	999997574.00	   100000.00
  7.21	736862901.00	260124981.00	    14409.00	        1.00	999997750.00	   100000.00
  7.22	736862052.00	260126024.00	    13523.00	        1.00	999997949.00	   100000.00
  7.23	736861348.00	260126894.00	    12555.00	        1.00	999998118.00	   100000.00
  7.24	736860576.00	260127796.00	    11853.00	        1.00	999998253.00	   100000.00
  7.25	736859847.00	260128644.00	    10902.00	        1.00	999998374.00	   100000.00
  7.26	736859246.00	260129364.00	    10084.00	        1.00	999998495.00	   100000.00
  7.27	736858606.00	260130100.00	     9233.00	        1.00	999998592.00	   100000.00
  7.28	736858063.00	260130749.00	     8674.00	        1.00	999998701.00	   100000.00
  7.29	736857530.00	260131367.00	     8064.00	        1.00	999998788.00	   100000.00
  7.30	736857009.00	260131966.00	     7369.00	        1.00	999998867.00	   100000.00
  7.31	736856587.00	260132469.00	     6788.00	        1.00	999998949.00	   100000.00
  7.32	736856215.00	260132910.00	     6539.00	        1.00	999999022.00	   100000.00
  7.33	736855852.00	260133331.00	     6371.00	        1.00	999999084.00	   100000.00
  7.34	736855433.00	260133812.00	     5731.00	        1.00	999999146.00	   100000.00
  7.35	736855101.00	260134204.00	     5203.00	        1.00	999999206.00	   100000.00
  7.36	736854804.00	260134553.00	     4807.00	        1.00	999999259.00	   100000.00
  7.37	736854499.00	260134906.00	     4350.00	        1.00	999999307.00	   100000.00
  7.38	736854255.00	260135197.00	     4415.00	        1.00	999999359.00	   100000.00
  7.39	736853971.00	260135516.00	     4067.00	        1.00	999999395.00	   100000.00
  7.40	736853698.00	260135826.00	     3758.00	        1.00	999999433.00	   100000.00
  7.41	736853451.00	260136121.00	     3388.00	        1.00	999999481.00	   100000.00
  7.42	736853249.00	260136360.00	     3083.00	        1.00	999999518.00	   100000.00
  7.43	736853069.00	260136575.00	     2881.00	        1.00	999999554.00	   100000.00
  7.44	736852907.00	260136781.00	     2796.00	        1.00	999999600.00	   100000.00
  7.45	736852740.00	260136977.00	     2509.00	        1.00	999999629.00	   100000.00
  7.46	736852587.00	260137159.00	     2350.00	        1.00	999999659.00	   100000.00
  7.47	736852445.00	260137323.00	     2423.00	        1.00	999999684.00	   100000.00
  7.48	736852283.00	260137509.00	     2386.00	        1.00	999999710.00	   100000.00
  7.49	736852122.00	260137686.00	     2169.00	        1.00	999999726.00	   100000.00
  7.50	736852006.00	260137820.00	     1970.00	        1.00	999999744.00	   100000.00
  7.51	736851891.00	260137956.00	     1788.00	        1.00	999999765.00	   100000.00
  7.52	736851774.00	260138082.00	     1622.00	        1.00	999999774.00	   100000.00
  7.53	736851684.00	260138189.00	     1473.00	        1.00	999999791.00	   100000.00
  7.54	736851603.00	260138289.00	     1406.00	        1.00	999999811.00	   100000.00
  7.55	736851520.00	260138382.00	     1374.00	        1.00	999999822.00	   100000.00
  7.56	736851424.00	260138492.00	     1341.00	        1.00	999999837.00	   100000.00
  7.57	736851350.00	260138576.00	     1325.00	        1.00	999999848.00	   100000.00
  7.58	736851264.00	260138670.00	     1176.00	        1.00	999999856.00	   100000.00
  7.59	736851173.00	260138775.00	     1061.00	        1.00	999999870.00	   100000.00
  7.60	736851114.00	260138841.00	      970.00	        1.00	999999877.00	   100000.00
  7.61	736851055.00	260138908.00	      885.00	        1.00	999999885.00	   100000.00
  7.62	736851002.00	260138969.00	      791.00	        1.00	999999893.00	   100000.00
  7.63	736850948.00	260139027.00	      707.00	        1.00	999999897.00	   100000.00
  7.64	736850907.00	260139075.00	      637.00	        1.00	999999904.00	   100000.00
  7.65	736850853.00	260139131.00	      572.00	        1.00	999999906.00	   100000.00
  7.66	736850835.00	260139153.00	      526.00	        1.00	999999910.00	   100000.00
  7.67	736850805.00	260139190.00	      473.00	        1.00	999999917.00	   100000.00
  7.68	736850779.00	260139220.00	      431.00	        1.00	999999921.00	   100000.00
  7.69	736850745.00	260139259.00	      383.00	        1.00	999999926.00	   100000.00
  7.70	736850731.00	260139281.00	      354.00	        1.00	999999934.00	   100000.00
  7.71	736850709.00	260139310.00	      316.00	        1.00	999999941.00	   100000.00
  7.72	736850702.00	260139324.00	      291.00	        1.00	999999948.00	   100000.00
  7.73	736850667.00	260139362.00	      250.00	        1.00	999999951.00	   100000.00
  7.74	736850659.00	260139375.00	      225.00	        1.00	999999956.00	   100000.00
  7.75	736850649.00	260139387.00	      212.00	        1.00	999999958.00	   100000.00
  7.76	736850635.00	260139403.00	      189.00	        1.00	999999960.00	   100000.00
  7.77	736850624.00	260139415.00	      173.00	        1.00	999999961.00	   100000.00
  7.78	736850614.00	260139430.00	      152.00	        1.00	999999966.00	   100000.00
  7.79	736850601.00	260139444.00	      135.00	        1.00	999999967.00	   100000.00
  7.80	736850599.00	260139447.00	      127.00	        1.00	999999968.00	   100000.00
  7.81	736850583.00	260139465.00	      212.00	        1.00	999999971.00	   100000.00
  7.82	736850565.00	260139486.00	      186.00	        1.00	999999974.00	   100000.00
  7.83	736850551.00	260139500.00	      165.00	        1.00	999999974.00	   100000.00
  7.84	736850536.00	260139515.00	      149.00	        1.00	999999974.00	   100000.00
  7.85	736850530.00	260139521.00	      136.00	        1.00	999999974.00	   100000.00
  7.86	736850527.00	260139525.00	      127.00	        1.00	999999975.00	   100000.00
  7.87	736850525.00	260139530.00	      117.00	        1.00	999999978.00	   100000.00
  7.88	736850519.00	260139537.00	      108.00	        1.00	999999979.00	   100000.00
  7.89	736850516.00	260139543.00	       97.00	        1.00	999999982.00	   100000.00
  7.90	736850515.00	260139548.00	       90.00	        1.00	999999986.00	   100000.00
  7.91	736850511.00	260139553.00	       79.00	        1.00	999999987.00	   100000.00
  7.92	736850507.00	260139558.00	       74.00	        1.00	999999988.00	   100000.00
  7.93	736850501.00	260139564.00	       66.00	        1.00	999999988.00	   100000.00
  7.94	736850500.00	260139565.00	       63.00	        1.00	999999988.00	   100000.00
  7.95	736850491.00	260139574.00	       52.00	        1.00	999999988.00	   100000.00
  7.96	736850491.00	260139574.00	       48.00	        1.00	999999988.00	   100000.00
  7.97	736850487.00	260139579.00	       41.00	        1.00	999999989.00	   100000.00
  7.98	736850484.00	260139583.00	       38.00	        1.00	999999990.00	   100000.00
  7.99	736850480.00	260139588.00	       35.00	        1.00	999999991.00	   100000.00
  8.00	736850478.00	260139591.00	       30.00	        1.00	999999992.00	   100000.00
  8.01	736850479.00	260139591.00	       26.00	        1.00	999999993.00	   100000.00
  8.02	736850479.00	260139592.00	       25.00	        1.00	999999994.00	   100000.00
  8.03	736850478.00	260139593.00	       22.00	        1.00	999999994.00	   100000.00
  8.04	736850475.00	260139597.00	       18.00	        1.00	999999995.00	   100000.00
  8.05	736850475.00	260139597.00	       18.00	        1.00	999999995.00	   100000.00
  8.06	736850475.00	260139597.00	       17.00	        1.00	999999995.00	   100000.00
  8.07	736850473.00	260139599.00	       15.00	        1.00	999999995.00	   100000.00
  8.08	736850472.00	260139600.00	       13.00	        1.00	999999995.00	   100000.00
  8.09	736850472.00	260139600.00	       12.00	        1.00	999999995.00	   100000.00
  8.10	736850473.00	260139602.00	       10.00	        1.00	999999998.00	   100000.00
  8.11	736850470.00	260139605.00	        8.00	        1.00	999999998.00	   100000.00
  8.12	736850467.00	260139608.00	        5.00	        1.00	999999998.00	   100000.00
  8.13	736850465.00	260139610.00	        4.00	        1.00	999999998.00	   100000.00
  8.14	736850464.00	260139611.00	        3.00	        1.00	999999998.00	   100000.00
  8.15	736850464.00	260139611.00	        3.00	        1.00	999999998.00	   100000.00
  8.16	736850465.00	260139611.00	        3.00	        1.00	999999999.00	   100000.00
  8.17	736850465.00	260139611.00	        3.00	        1.00	999999999.00	   100000.00
  8.18	736850465.00	260139611.00	        2.00	        1.00	999999999.00	   100000.00
  8.19	736850463.00	260139613.00	        1.00	        1.00	999999999.00	   100000.00
  8.20	736850463.00	260139613.00	        1.00	        1.00	999999999.00	   100000.00
  8.21	736850463.00	260139613.00	        1.00	        1.00	999999999.00	   100000.00
  8.22	736850463.00	260139613.00	        1.00	        1.00	999999999.00	   100000.00
  8.23	736850464.00	260139613.00	        1.00	        1.00	1000000000.00	   100000.00
