Datatype: PopulationSize
  0.00	        1.00	        0.00	        0.00	        1.00	        0.00	        1.00
  0.01	        1.00	        0.00	        0.00	        1.00	        0.00	        1.00
  0.02	        1.00	        0.00	        0.00	        1.00	        0.00	        1.00
  0.03	        1.00	        0.00	        0.00	        1.00	        0.00	        1.00
  0.04	        1.00	        0.00	        0.00	        1.00	        0.00	        1.00
  0.05	        1.00	        0.00	        0.00	        1.00	        0.00	        1.00
  0.06	        1.00	        0.00	        0.00	        1.00	        0.00	        1.00
  0.07	        1.00	        0.00	        0.00	        1.00	        0.00	        1.00
  0.08	        1.00	        0.00	        0.00	        1.00	        0.00	        1.00
  0.09	        1.00	        0.00	        0.00	        1.00	        0.00	        1.00
  0.10	        1.00	        0.00	        0.00	        1.00	        0.00	        1.00
  0.11	        1.00	        0.00	        0.00	        1.00	        0.00	        1.00
  0.12	        1.00	        0.00	        0.00	        1.00	        0.00	        1.00
  0.13	        1.00	        0.00	        0.00	        1.00	        0.00	        1.00
  0.14	        1.00	        0.00	        0.00	        1.00	        0.00	        1.00
  0.15	        1.00	        0.00	        0.00	        1.00	        0.00	        1.00
  0.16	        1.00	        0.00	        0.00	        1.00	        0.00	        1.00
  0.17	        1.00	        0.00	        0.00	        1.00	        0.00	        1.00
  0.18	        1.00	        0.00	        0.00	        1.00	        0.00	        1.00
  0.19	        1.00	        0.00	        0.00	        1.00	        0.00	        1.00
  0.20	        1.00	        0.00	        0.00	        1.00	        0.00	        1.00
  0.21	        1.00	        0.00	        0.00	        1.00	        0.00	        1.00
  0.22	        1.00	        0.00	        0.00	        1.00	        0.00	        1.00
  0.23	        1.00	        0.00	        0.00	        1.00	        0.00	        1.00
  0.24	        2.00	        0.00	        0.00	        1.00	        1.00	        1.00
  0.25	        2.00	        0.00	        0.00	        1.00	        1.00	        1.00
  0.26	        2.00	        0.00	        0.00	        1.00	        1.00	        1.00
  0.27	        2.00	        0.00	        0.00	        1.00	        1.00	        1.00
  0.28	        2.00	        0.00	        0.00	        1.00	        1.00	        1.00
  0.29	        2.00	        0.00	        0.00	        1.00	        1.00	        1.00
  0.30	        2.00	        0.00	        0.00	        1.00	        1.00	        1.00
  0.31	        2.00	        0.00	        0.00	        1.00	        1.00	        1.00
  0.32	        2.00	        0.00	        0.00	        1.00	        1.00	        1.00
  0.33	        2.00	        0.00	        0.00	        1.00	        1.00	        1.00
  0.34	        2.00	        0.00	        0.00	        1.00	        1.00	        1.00
  0.35	        2.00	        0.00	        0.00	        1.00	        1.00	        1.00
  0.36	        2.00	        0.00	        0.00	        1.00	        1.00	        1.00
  0.37	        2.00	        0.00	        0.00	        1.00	        1.00	        1.00
  0.38	        2.00	        0.00	        0.00	        1.00	        1.00	        1.00
  0.39	        2.00	        0.00	        0.00	        1.00	        1.00	        1.00
  0.40	        2.00	        0.00	        0.00	        1.00	        1.00	        1.00
  0.41	        2.00	        0.00	        0.00	        1.00	        1.00	        1.00
  0.42	        2.00	        0.00	        0.00	        1.00	        1.00	        1.00
  0.43	        2.00	        0.00	        0.00	        1.00	        1.00	        1.00
  0.44	        2.00	        0.00	        0.00	        1.00	        1.00	        1.00
  0.45	        2.00	        0.00	        0.00	        1.00	        1.00	        1.00
  0.46	        2.00	        0.00	        0.00	        1.00	        1.00	        1.00
  0.47	        2.00	        0.00	        0.00	        1.00	        1.00	        1.00
  0.48	        2.00	        0.00	        0.00	        1.00	        1.00	        1.00
  0.49	        2.00	        0.00	        0.00	        1.00	        1.00	        1.00
  0.50	        2.00	        0.00	        0.00	        1.00	        1.00	        1.00
  0.51	        2.00	        0.00	        0.00	        1.00	        1.00	        1.00
  0.52	        2.00	        0.00	        0.00	        1.00	        1.00	        1.00
  0.53	        2.00	        0.00	        0.00	        1.00	        1.00	        1.00
  0.54	        2.00	        0.00	        0.00	        1.00	        1.00	        1.00
  0.55	        2.00	        0.00	        0.00	        1.00	        1.00	        1.00
  0.56	        2.00	        0.00	        0.00	        1.00	        1.00	        1.00
  0.57	        2.00	        0.00	        0.00	        1.00	        1.00	        1.00
  0.58	        2.00	        0.00	        0.00	        1.00	        1.00	        1.00
  0.59	        2.00	        0.00	        0.00	        1.00	        1.00	        1.00
  0.60	        2.00	        0.00	        0.00	        1.00	        1.00	        1.00
  0.61	        2.00	        0.00	        0.00	        1.00	        1.00	        1.00
  0.62	        2.00	        0.00	        0.00	        1.00	        1.00	        1.00
  0.63	        2.00	        0.00	        0.00	        1.00	        1.00	        1.00
  0.64	        2.00	        0.00	        0.00	        1.00	        1.00	        1.00
  0.65	        2.00	        0.00	        0.00	        1.00	        1.00	        1.00
  0.66	        2.00	        0.00	        0.00	        1.00	        1.00	        1.00
  0.67	        2.00	        0.00	        0.00	        1.00	        1.00	        1.00
  0.68	        2.00	        0.00	        0.00	        1.00	        1.00	        1.00
  0.69	        2.00	        0.00	        0.00	        1.00	        1.00	        1.00
  0.70	        2.00	        0.00	        0.00	        1.00	        1.00	        1.00
  0.71	        2.00	        0.00	        0.00	        1.00	        1.00	        1.00
  0.72	        2.00	        0.00	        0.00	        1.00	        1.00	        1.00
  0.73	        2.00	        0.00	        0.00	        1.00	        1.00	        1.00
  0.74	        2.00	        0.00	        0.00	        1.00	        1.00	        1.00
  0.75	        2.00	        0.00	        0.00	        1.00	        1.00	        1.00
  0.76	        2.00	        0.00	        0.00	        1.00	        1.00	        1.00
  0.77	        3.00	        0.00	        0.00	        1.00	        2.00	        1.00
  0.78	        3.00	        0.00	        0.00	        1.00	        2.00	        1.00
  0.79	        3.00	        0.00	        0.00	        1.00	        2.00	        1.00
  0.80	        3.00	        0.00	        0.00	        1.00	        2.00	        1.00
  0.81	        3.00	        0.00	        0.00	        1.00	        2.00	        1.00
  0.82	        3.00	        0.00	        0.00	        1.00	        2.00	        1.00
  0.83	        3.00	        0.00	        0.00	        1.00	        2.00	        1.00
  0.84	        3.00	        0.00	        0.00	        1.00	        2.00	        1.00
  0.85	        3.00	        0.00	        0.00	        1.00	        2.00	        1.00
  0.86	        3.00	        0.00	        0.00	        1.00	        2.00	        1.00
  0.87	        3.00	        0.00	        0.00	        1.00	        2.00	        1.00
  0.88	        3.00	        0.00	        0.00	        1.00	        2.00	        1.00
  0.89	        3.00	        0.00	        0.00	        1.00	        2.00	        1.00
  0.90	        3.00	        0.00	        0.00	        1.00	        2.00	        1.00
  0.91	        3.00	        0.00	        0.00	        1.00	        2.00	        1.00
  0.92	        3.00	        0.00	        0.00	        1.00	        2.00	        1.00
  0.93	        3.00	        0.00	        0.00	        1.00	        2.00	        1.00
  0.94	        3.00	        0.00	        0.00	        1.00	        2.00	        1.00
  0.95	        3.00	        0.00	        0.00	        1.00	        2.00	        1.00
  0.96	        3.00	        0.00	        0.00	        1.00	        2.00	        1.00
  0.97	        3.00	        0.00	        0.00	        1.00	        2.00	        1.00
  0.98	        3.00	        0.00	        0.00	        1.00	        2.00	        1.00
  0.99	        3.00	        0.00	        0.00	        1.00	        2.00	        1.00
  1.00	        3.00	        0.00	        0.00	        1.00	        2.00	        1.00
  1.01	        3.00	        0.00	        0.00	        1.00	        2.00	        1.00
  1.02	        3.00	        0.00	        0.00	        1.00	        2.00	        1.00
  1.03	        3.00	        0.00	        0.00	        1.00	        2.00	        1.00
  1.04	        3.00	        0.00	        0.00	        1.00	        2.00	        1.00
  1.05	        3.00	        0.00	        0.00	        1.00	        2.00	        1.00
  1.06	        3.00	        0.00	        0.00	        1.00	        2.00	        1.00
  1.07	        3.00	        0.00	        0.00	        1.00	        2.00	        1.00
  1.08	        3.00	        0.00	        0.00	        1.00	        2.00	        1.00
  1.09	        3.00	        0.00	        0.00	        1.00	        2.00	        1.00
  1.10	        3.00	        0.00	        0.00	        1.00	        2.00	        1.00
  1.11	        3.00	        0.00	        0.00	        1.00	        2.00	        1.00
  1.12	        3.00	        0.00	        0.00	        1.00	        2.00	        1.00
  1.13	        3.00	        0.00	        0.00	        1.00	        2.00	        1.00
  1.14	        3.00	        0.00	        0.00	        1.00	        2.00	        1.00
  1.15	        3.00	        0.00	        0.00	        1.00	        2.00	        1.00
  1.16	        3.00	        0.00	        0.00	        1.00	        2.00	        1.00
  1.17	        3.00	        0.00	        0.00	        1.00	        2.00	        1.00
  1.18	        3.00	        0.00	        0.00	        1.00	        2.00	        1.00
  1.19	        3.00	        0.00	        0.00	        1.00	        2.00	        1.00
  1.20	        3.00	        0.00	        0.00	        1.00	        2.00	        1.00
  1.21	        3.00	        0.00	        0.00	        1.00	        2.00	        1.00
  1.22	        3.00	        0.00	        0.00	        1.00	        2.00	        1.00
  1.23	        3.00	        0.00	        0.00	        1.00	        2.00	        1.00
  1.24	        3.00	        0.00	        0.00	        1.00	        2.00	        1.00
  1.25	        3.00	        0.00	        0.00	        1.00	        2.00	        1.00
  1.26	        3.00	        0.00	        0.00	        1.00	        2.00	        1.00
  1.27	        4.00	        0.00	        0.00	        1.00	        3.00	        1.00
  1.28	        4.00	        0.00	        0.00	        1.00	        3.00	        1.00
  1.29	        4.00	        0.00	        0.00	        1.00	        3.00	        1.00
  1.30	        4.00	        0.00	        0.00	        1.00	        3.00	        1.00
  1.31	        4.00	        0.00	        0.00	        1.00	        3.00	        1.00
  1.32	        4.00	        0.00	        0.00	        1.00	        3.00	        1.00
  1.33	        4.00	        0.00	        0.00	        1.00	        3.00	        1.00
  1.34	        5.00	        0.00	        0.00	        1.00	        4.00	        1.00
  1.35	        5.00	        0.00	        0.00	        1.00	        4.00	        1.00
  1.36	        5.00	        0.00	        0.00	        1.00	        4.00	        1.00
  1.37	        5.00	        0.00	        0.00	        1.00	        4.00	        1.00
  1.38	        5.00	        0.00	        0.00	        1.00	        4.00	        1.00
  1.39	        5.00	        0.00	        0.00	        1.00	        4.00	        1.00
  1.40	        5.00	        0.00	        0.00	        1.00	        4.00	        1.00
  1.41	        5.00	        0.00	        0.00	        1.00	        4.00	        1.00
  1.42	        6.00	        0.00	        0.00	        1.00	        5.00	        1.00
  1.43	        6.00	        0.00	        0.00	        1.00	        5.00	        1.00
  1.44	        6.00	        0.00	        0.00	        1.00	        5.00	        1.00
  1.45	        6.00	        0.00	        0.00	        1.00	        5.00	        1.00
  1.46	        6.00	        0.00	        0.00	        1.00	        5.00	        1.00
  1.47	        6.00	        0.00	        0.00	        1.00	        5.00	        1.00
  1.48	        6.00	        0.00	        0.00	        1.00	        5.00	        1.00
  1.49	        6.00	        0.00	        0.00	        1.00	        5.00	        1.00
  1.50	        8.00	        0.00	        0.00	        1.00	        7.00	        1.00
  1.51	        8.00	        0.00	        0.00	        1.00	        7.00	        1.00
  1.52	        8.00	        0.00	        0.00	        1.00	        7.00	        1.00
  1.53	        8.00	        0.00	        0.00	        1.00	        7.00	        1.00
  1.54	        8.00	        0.00	        0.00	        1.00	        7.00	        1.00
  1.55	        8.00	        0.00	        0.00	        1.00	        7.00	        1.00
  1.56	        8.00	        0.00	        0.00	        1.00	        7.00	        1.00
  1.57	        8.00	        0.00	        0.00	        1.00	        7.00	        1.00
  1.58	        8.00	        0.00	        0.00	        1.00	        7.00	        1.00
  1.59	        8.00	        0.00	        0.00	        1.00	        7.00	        1.00
  1.60	        8.00	        0.00	        0.00	        1.00	        7.00	        1.00
  1.61	        8.00	        0.00	        0.00	        1.00	        7.00	        1.00
  1.62	        8.00	        0.00	        0.00	        1.00	        7.00	        1.00
  1.63	        8.00	        0.00	        0.00	        1.00	        7.00	        1.00
  1.64	        8.00	        0.00	        0.00	        1.00	        7.00	        1.00
  1.65	        8.00	        0.00	        0.00	        1.00	        7.00	        1.00
  1.66	        8.00	        0.00	        0.00	        1.00	        7.00	        1.00
  1.67	        8.00	        0.00	        0.00	        1.00	        7.00	        1.00
  1.68	        8.00	        0.00	        0.00	        1.00	        7.00	        1.00
  1.69	        9.00	        0.00	        0.00	        1.00	        8.00	        1.00
  1.70	       10.00	        0.00	        0.00	        1.00	        9.00	        1.00
  1.71	       10.00	        0.00	        0.00	        1.00	        9.00	        1.00
  1.72	       10.00	        0.00	        0.00	        1.00	        9.00	        1.00
  1.73	       10.00	        0.00	        0.00	        1.00	        9.00	        1.00
  1.74	       10.00	        0.00	        0.00	        1.00	        9.00	        1.00
  1.75	       11.00	        0.00	        0.00	        1.00	       10.00	        1.00
  1.76	       11.00	        0.00	        0.00	        1.00	       10.00	        1.00
  1.77	       12.00	        0.00	        0.00	        1.00	       11.00	        1.00
  1.78	       12.00	        0.00	        0.00	        1.00	       11.00	        1.00
  1.79	       12.00	        0.00	        0.00	        1.00	       11.00	        1.00
  1.80	       13.00	        0.00	        0.00	        1.00	       12.00	        1.00
  1.81	       14.00	        0.00	        0.00	        1.00	       13.00	        1.00
  1.82	       14.00	        0.00	        0.00	        1.00	       13.00	        1.00
  1.83	       14.00	        0.00	        0.00	        1.00	       13.00	        1.00
  1.84	       14.00	        0.00	        0.00	        1.00	       13.00	        1.00
  1.85	       14.00	        0.00	        0.00	        1.00	       13.00	        1.00
  1.86	       14.00	        0.00	        0.00	        1.00	       13.00	        1.00
  1.87	       15.00	        0.00	        0.00	        1.00	       14.00	        1.00
  1.88	       15.00	        0.00	        0.00	        1.00	       14.00	        1.00
  1.89	       15.00	        0.00	        0.00	        1.00	       14.00	        1.00
  1.90	       15.00	        0.00	        0.00	        1.00	       14.00	        1.00
  1.91	       17.00	        0.00	        0.00	        1.00	       16.00	        1.00
  1.92	       17.00	        0.00	        0.00	        1.00	       16.00	        1.00
  1.93	       17.00	        0.00	        0.00	        1.00	       16.00	        1.00
  1.94	       18.00	        0.00	        0.00	        1.00	       17.00	        1.00
  1.95	       18.00	        0.00	        0.00	        1.00	       17.00	        1.00
  1.96	       19.00	        0.00	        0.00	        1.00	       18.00	        1.00
  1.97	       20.00	        0.00	        0.00	        1.00	       19.00	        1.00
  1.98	       21.00	        0.00	        0.00	        1.00	       20.00	        1.00
  1.99	       21.00	        0.00	        0.00	        1.00	       20.00	        1.00
  2.00	       22.00	        0.00	        0.00	        1.00	       21.00	        1.00
  2.01	       23.00	        0.00	        0.00	        1.00	       22.00	        1.00
  2.02	       23.00	        0.00	        0.00	        1.00	       22.00	        1.00
  2.03	       23.00	        0.00	        0.00	        1.00	       22.00	        1.00
  2.04	       23.00	        0.00	        0.00	        1.00	       22.00	        1.00
  2.05	       24.00	        0.00	        0.00	        1.00	       23.00	        1.00
  2.06	       24.00	        0.00	        0.00	        1.00	       23.00	        1.00
  2.07	       24.00	        0.00	        0.00	        1.00	       23.00	        1.00
  2.08	       26.00	        0.00	        0.00	        1.00	       25.00	        1.00
  2.09	       27.00	        0.00	        0.00	        1.00	       26.00	        1.00
  2.10	       27.00	        0.00	        0.00	        1.00	       26.00	        1.00
  2.11	       27.00	        0.00	        0.00	        1.00	       26.00	        1.00
  2.12	       27.00	        0.00	        0.00	        1.00	       26.00	        1.00
  2.13	       28.00	        0.00	        0.00	        1.00	       27.00	        1.00
  2.14	       28.00	        0.00	        0.00	        1.00	       27.00	        1.00
  2.15	       28.00	        0.00	        0.00	        1.00	       27.00	        1.00
  2.16	       29.00	        0.00	        0.00	        1.00	       28.00	        1.00
  2.17	       30.00	        0.00	        0.00	        1.00	       29.00	        1.00
  2.18	       30.00	        0.00	        0.00	        1.00	       29.00	        1.00
  2.19	       30.00	        0.00	        0.00	        1.00	       29.00	        1.00
  2.20	       31.00	        0.00	        0.00	        1.00	       30.00	        1.00
  2.21	       31.00	        0.00	        0.00	        1.00	       30.00	        1.00
  2.22	       32.00	        0.00	        0.00	        1.00	       31.00	        1.00
  2.23	       32.00	        0.00	        0.00	        1.00	       31.00	        1.00
  2.24	       32.00	        0.00	        0.00	        1.00	       31.00	        1.00
  2.25	       32.00	        0.00	        0.00	        1.00	       31.00	        1.00
  2.26	       33.00	        0.00	        0.00	        1.00	       32.00	        1.00
  2.27	       36.00	        0.00	        0.00	        1.00	       35.00	        1.00
  2.28	       38.00	        0.00	        0.00	        1.00	       37.00	        1.00
  2.29	       38.00	        0.00	        0.00	        1.00	       37.00	        1.00
  2.30	       38.00	        0.00	        0.00	        1.00	       37.00	        1.00
  2.31	       40.00	        0.00	        0.00	        1.00	       39.00	        1.00
  2.32	       41.00	        0.00	        0.00	        1.00	       40.00	        1.00
  2.33	       41.00	        0.00	        0.00	        1.00	       40.00	        1.00
  2.34	       41.00	        0.00	        0.00	        1.00	       40.00	        1.00
  2.35	       42.00	        0.00	        0.00	        1.00	       41.00	        1.00
  2.36	       42.00	        0.00	        0.00	        1.00	       41.00	        1.00
  2.37	       42.00	        0.00	        0.00	        1.00	       41.00	        1.00
  2.38	       42.00	        0.00	        0.00	        1.00	       41.00	        1.00
  2.39	       42.00	        0.00	        0.00	        1.00	       41.00	        1.00
  2.40	       43.00	        0.00	        0.00	        1.00	       42.00	        1.00
  2.41	       44.00	        0.00	        0.00	        1.00	       43.00	        1.00
  2.42	       46.00	        0.00	        0.00	        1.00	       45.00	        1.00
  2.43	       46.00	        0.00	        0.00	        1.00	       45.00	        1.00
  2.44	       46.00	        0.00	        0.00	        1.00	       45.00	        1.00
  2.45	       47.00	        0.00	        0.00	        1.00	       46.00	        1.00
  2.46	       47.00	        0.00	        0.00	        1.00	       46.00	        1.00
  2.47	       48.00	        0.00	        0.00	        1.00	       47.00	        1.00
  2.48	       48.00	        0.00	        0.00	        1.00	       47.00	        1.00
  2.49	       50.00	        0.00	        0.00	        1.00	       49.00	        1.00
  2.50	       52.00	        0.00	        0.00	        1.00	       51.00	        1.00
  2.51	       54.00	        0.00	        0.00	        1.00	       53.00	        1.00
  2.52	       54.00	        0.00	        0.00	        1.00	       53.00	        1.00
  2.53	       54.00	        0.00	        0.00	        1.00	       53.00	        1.00
  2.54	       55.00	        0.00	        0.00	        1.00	       54.00	        1.00
  2.55	       56.00	        0.00	        0.00	        1.00	       55.00	        1.00
  2.56	       57.00	        0.00	        0.00	        1.00	       56.00	        1.00
  2.57	       58.00	        0.00	        0.00	        1.00	       57.00	        1.00
  2.58	       58.00	        0.00	        0.00	        1.00	       57.00	        1.00
  2.59	       59.00	        0.00	        0.00	        1.00	       58.00	        1.00
  2.60	       59.00	        0.00	        0.00	        1.00	       58.00	        1.00
  2.61	       60.00	        0.00	        0.00	        1.00	       59.00	        1.00
  2.62	       61.00	        0.00	        0.00	        1.00	       60.00	        1.00
  2.63	       61.00	        0.00	        0.00	        1.00	       60.00	        1.00
  2.64	       61.00	        0.00	        0.00	        1.00	       60.00	        1.00
  2.65	       62.00	        0.00	        0.00	        1.00	       61.00	        1.00
  2.66	       62.00	        0.00	        0.00	        1.00	       61.00	        1.00
  2.67	       64.00	        0.00	        0.00	        1.00	       63.00	        1.00
  2.68	       66.00	        0.00	        0.00	        1.00	       65.00	        1.00
  2.69	       66.00	        0.00	        0.00	        1.00	       65.00	        1.00
  2.70	       66.00	        0.00	        0.00	        1.00	       65.00	        1.00
  2.71	       66.00	        0.00	        0.00	        1.00	       65.00	        1.00
  2.72	       67.00	        0.00	        0.00	        1.00	       66.00	        1.00
  2.73	       67.00	        0.00	        0.00	        1.00	       66.00	        1.00
  2.74	       67.00	        0.00	        0.00	        1.00	       66.00	        1.00
  2.75	       67.00	        0.00	        0.00	        1.00	       66.00	        1.00
  2.76	       68.00	        0.00	        0.00	        1.00	       67.00	        1.00
  2.77	       70.00	        0.00	        0.00	        1.00	       69.00	        1.00
  2.78	       72.00	        0.00	        0.00	        1.00	       71.00	        1.00
  2.79	       73.00	        0.00	        0.00	        1.00	       72.00	        1.00
  2.80	       73.00	        0.00	        0.00	        1.00	       72.00	        1.00
  2.81	       75.00	        0.00	        0.00	        1.00	       74.00	        1.00
  2.82	       75.00	        0.00	        0.00	        1.00	       74.00	        1.00
  2.83	       77.00	        0.00	        0.00	        1.00	       76.00	        1.00
  2.84	       78.00	        0.00	        0.00	        1.00	       77.00	        1.00
  2.85	       79.00	        0.00	        0.00	        1.00	       78.00	        1.00
  2.86	       82.00	        0.00	        0.00	        1.00	       81.00	        1.00
  2.87	       82.00	        0.00	        0.00	        1.00	       81.00	        1.00
  2.88	       83.00	        0.00	        0.00	        1.00	       82.00	        1.00
  2.89	       84.00	        0.00	        0.00	        1.00	       83.00	        1.00
  2.90	       84.00	        0.00	        0.00	        1.00	       83.00	        1.00
  2.91	       84.00	        0.00	        0.00	        1.00	       83.00	        1.00
  2.92	       86.00	        0.00	        0.00	        1.00	       85.00	        1.00
  2.93	       88.00	        0.00	        0.00	        1.00	       87.00	        1.00
  2.94	       89.00	        0.00	        0.00	        1.00	       88.00	        1.00
  2.95	       90.00	        0.00	        0.00	        1.00	       89.00	        1.00
  2.96	       90.00	        0.00	        0.00	        1.00	       89.00	        1.00
  2.97	       91.00	        0.00	        0.00	        1.00	       90.00	        1.00
  2.98	       96.00	        0.00	        0.00	        1.00	       95.00	        1.00
  2.99	       97.00	        0.00	        0.00	        1.00	       96.00	        1.00
  3.00	       97.00	        0.00	        0.00	        1.00	       96.00	        1.00
  3.01	       98.00	        0.00	        0.00	        1.00	       97.00	        1.00
  3.02	      101.00	        0.00	        0.00	        1.00	      100.00	        1.00
  3.03	      103.00	        0.00	        0.00	        1.00	      102.00	        1.00
  3.04	      104.00	        0.00	        0.00	        1.00	      103.00	        1.00
  3.05	      105.00	        0.00	        0.00	        1.00	      104.00	        1.00
  3.06	      105.00	        0.00	        0.00	        1.00	      104.00	        1.00
  3.07	      106.00	        0.00	        0.00	        1.00	      105.00	        1.00
  3.08	      108.00	        0.00	        0.00	        1.00	      107.00	        1.00
  3.09	      109.00	        0.00	        0.00	        1.00	      108.00	        1.00
  3.10	      114.00	        0.00	        0.00	        1.00	      113.00	        1.00
  3.11	      114.00	        0.00	        0.00	        1.00	      113.00	        1.00
  3.12	      116.00	        0.00	        0.00	        1.00	      115.00	        1.00
  3.13	      119.00	        0.00	        0.00	        1.00	      118.00	        1.00
  3.14	      121.00	        0.00	        0.00	        1.00	      120.00	        1.00
  3.15	      121.00	        0.00	        0.00	        1.00	      120.00	        1.00
  3.16	      123.00	        0.00	        0.00	        1.00	      122.00	        1.00
  3.17	      124.00	        0.00	        0.00	        1.00	      123.00	        1.00
  3.18	      127.00	        0.00	        0.00	        1.00	      126.00	        1.00
  3.19	      131.00	        0.00	        0.00	        1.00	      130.00	        1.00
  3.20	      135.00	        0.00	        0.00	        1.00	      134.00	        1.00
  3.21	      135.00	        0.00	        0.00	        1.00	      134.00	        1.00
  3.22	      137.00	        0.00	        0.00	        1.00	      136.00	        1.00
  3.23	      138.00	        0.00	        0.00	        1.00	      137.00	        1.00
  3.24	      140.00	        0.00	        0.00	        1.00	      139.00	        1.00
  3.25	      143.00	        0.00	        0.00	        1.00	      142.00	        1.00
  3.26	      147.00	        0.00	        0.00	        1.00	      146.00	        1.00
  3.27	      152.00	        0.00	        0.00	        1.00	      151.00	        1.00
  3.28	      153.00	        0.00	        0.00	        1.00	      152.00	        1.00
  3.29	      156.00	        0.00	        0.00	        1.00	      155.00	        1.00
  3.30	      157.00	        0.00	        0.00	        1.00	      156.00	        1.00
  3.31	      160.00	        0.00	        0.00	        1.00	      159.00	        1.00
  3.32	      160.00	        0.00	        0.00	        1.00	      159.00	        1.00
  3.33	      162.00	        0.00	        0.00	        1.00	      161.00	        1.00
  3.34	      164.00	        0.00	        0.00	        1.00	      163.00	        1.00
  3.35	      166.00	        0.00	        0.00	        1.00	      165.00	        1.00
  3.36	      168.00	        0.00	        0.00	        1.00	      167.00	        1.00
  3.37	      170.00	        0.00	        0.00	        1.00	      169.00	        1.00
  3.38	      171.00	        0.00	        0.00	        1.00	      170.00	        1.00
  3.39	      174.00	        0.00	        0.00	        1.00	      173.00	        1.00
  3.40	      177.00	        0.00	        0.00	        1.00	      176.00	        1.00
  3.41	      177.00	        0.00	        0.00	        1.00	      176.00	        1.00
  3.42	      179.00	        0.00	        0.00	        1.00	      178.00	        1.00
  3.43	      182.00	        0.00	        0.00	        1.00	      181.00	        1.00
  3.44	      185.00	        0.00	        0.00	        1.00	      184.00	        1.00
  3.45	      188.00	        0.00	        0.00	        1.00	      187.00	        1.00
  3.46	      189.00	        0.00	        0.00	        1.00	      188.00	        1.00
  3.47	      195.00	        0.00	        0.00	        1.00	      194.00	        1.00
  3.48	      198.00	        0.00	        0.00	        1.00	      197.00	        1.00
  3.49	      203.00	        0.00	        0.00	        1.00	      202.00	        1.00
  3.50	      206.00	        0.00	        0.00	        1.00	      205.00	        1.00
  3.51	      209.00	        0.00	        0.00	        1.00	      208.00	        1.00
  3.52	      212.00	        0.00	        0.00	        1.00	      211.00	        1.00
  3.53	      215.00	        0.00	        0.00	        1.00	      214.00	        1.00
  3.54	      218.00	        0.00	        0.00	        1.00	      217.00	        1.00
  3.55	      221.00	        0.00	        0.00	        1.00	      220.00	        1.00
  3.56	      222.00	        0.00	        0.00	        1.00	      221.00	        1.00
  3.57	      225.00	        0.00	        0.00	        1.00	      224.00	        1.00
  3.58	      228.00	        0.00	        0.00	        1.00	      227.00	        1.00
  3.59	      233.00	        0.00	        0.00	        1.00	      232.00	        1.00
  3.60	      239.00	        0.00	        0.00	        1.00	      238.00	        1.00
  3.61	      244.00	        0.00	        0.00	        1.00	      243.00	        1.00
  3.62	      244.00	        0.00	        0.00	        1.00	      243.00	        1.00
  3.63	      248.00	        0.00	        0.00	        1.00	      247.00	        1.00
  3.64	      252.00	        0.00	        0.00	        1.00	      251.00	        1.00
  3.65	      255.00	        0.00	        0.00	        1.00	      254.00	        1.00
  3.66	      258.00	        0.00	        0.00	        1.00	      257.00	        1.00
  3.67	      264.00	        0.00	        0.00	        1.00	      263.00	        1.00
  3.68	      269.00	        0.00	        0.00	        1.00	      268.00	        1.00
  3.69	      271.00	        0.00	        0.00	        1.00	      270.00	        1.00
  3.70	      276.00	        0.00	        0.00	        1.00	      275.00	        1.00
  3.71	      280.00	        0.00	        0.00	        1.00	      279.00	        1.00
  3.72	      287.00	        0.00	        0.00	        1.00	      286.00	        1.00
  3.73	      289.00	        0.00	        0.00	        1.00	      288.00	        1.00
  3.74	      294.00	        0.00	        0.00	        1.00	      293.00	        1.00
  3.75	      298.00	        0.00	        0.00	        1.00	      297.00	        1.00
  3.76	      302.00	        0.00	        0.00	        1.00	      301.00	        1.00
  3.77	      306.00	        0.00	        0.00	        1.00	      305.00	        1.00
  3.78	      310.00	        0.00	        0.00	        1.00	      309.00	        1.00
  3.79	      312.00	        0.00	        0.00	        1.00	      311.00	        1.00
  3.80	      318.00	        0.00	        0.00	        1.00	      317.00	        1.00
  3.81	      325.00	        0.00	        0.00	        1.00	      324.00	        1.00
  3.82	      327.00	        0.00	        0.00	        1.00	      326.00	        1.00
  3.83	      334.00	        0.00	        0.00	        1.00	      333.00	        1.00
  3.84	      341.00	        0.00	        0.00	        1.00	      340.00	        1.00
  3.85	      350.00	        0.00	        0.00	        1.00	      349.00	        1.00
  3.86	      362.00	        0.00	        0.00	        1.00	      361.00	        1.00
  3.87	      369.00	        0.00	        0.00	        1.00	      368.00	        1.00
  3.88	      373.00	        0.00	        0.00	        1.00	      372.00	        1.00
  3.89	      375.00	        0.00	        0.00	        1.00	      374.00	        1.00
  3.90	      383.00	        0.00	        0.00	        1.00	      382.00	        1.00
  3.91	      390.00	        0.00	        0.00	        1.00	      389.00	        1.00
  3.92	      391.00	        0.00	        0.00	        1.00	      390.00	        1.00
  3.93	      396.00	        0.00	        0.00	        1.00	      395.00	        1.00
  3.94	      400.00	        0.00	        0.00	        1.00	      399.00	        1.00
  3.95	      403.00	        0.00	        0.00	        1.00	      402.00	        1.00
  3.96	      413.00	        0.00	        0.00	        1.00	      412.00	        1.00
  3.97	      419.00	        0.00	        0.00	        1.00	      418.00	        1.00
  3.98	      421.00	        0.00	        0.00	        1.00	      420.00	        1.00
  3.99	      431.00	        0.00	        0.00	        1.00	      430.00	        1.00
  4.00	      439.00	        0.00	        0.00	        1.00	      438.00	        1.00
  4.01	      450.00	        0.00	        0.00	        1.00	      449.00	        1.00
  4.02	      459.00	        0.00	        0.00	        1.00	      458.00	        1.00
  4.03	      469.00	        0.00	        0.00	        1.00	      468.00	        1.00
  4.04	      470.00	        0.00	        0.00	        1.00	      469.00	        1.00
  4.05	      476.00	        0.00	        0.00	        1.00	      475.00	        1.00
  4.06	      483.00	        0.00	        0.00	        1.00	      482.00	        1.00
  4.07	      491.00	        0.00	        0.00	        1.00	      490.00	        1.00
  4.08	      502.00	        0.00	        0.00	        1.00	      501.00	        1.00
  4.09	      504.00	        0.00	        0.00	        1.00	      503.00	        1.00
  4.10	      516.00	        0.00	        0.00	        1.00	      515.00	        1.00
  4.11	      525.00	        0.00	        0.00	        1.00	      524.00	        1.00
  4.12	      530.00	        0.00	        0.00	        1.00	      529.00	        1.00
  4.13	      537.00	        0.00	        0.00	        1.00	      536.00	        1.00
  4.14	      550.00	        0.00	        0.00	        1.00	      549.00	        1.00
  4.15	      561.00	        0.00	        0.00	        1.00	      560.00	        1.00
  4.16	      570.00	        0.00	        0.00	        1.00	      569.00	        1.00
  4.17	      583.00	        0.00	        0.00	        1.00	      582.00	        1.00
  4.18	      592.00	        0.00	        0.00	        1.00	      591.00	        1.00
  4.19	      604.00	        0.00	        0.00	        1.00	      603.00	        1.00
  4.20	      615.00	        0.00	        0.00	        1.00	      614.00	        1.00
  4.21	      624.00	        0.00	        0.00	        1.00	      623.00	        1.00
  4.22	      632.00	        0.00	        0.00	        1.00	      631.00	        1.00
  4.23	      640.00	        0.00	        0.00	        1.00	      639.00	        1.00
  4.24	      652.00	        0.00	        0.00	        1.00	      651.00	        1.00
  4.25	      658.00	        0.00	        0.00	        1.00	      657.00	        1.00
  4.26	      672.00	        0.00	        0.00	        1.00	      671.00	        1.00
  4.27	      684.00	        0.00	        0.00	        1.00	      683.00	        1.00
  4.28	      692.00	        0.00	        0.00	        1.00	      691.00	        1.00
  4.29	      701.00	        0.00	        0.00	        1.00	      700.00	        1.00
  4.30	      714.00	        0.00	        0.00	        1.00	      713.00	        1.00
  4.31	      728.00	        0.00	        0.00	        1.00	      727.00	        1.00
  4.32	      740.00	        0.00	        0.00	        1.00	      739.00	        1.00
  4.33	      752.00	        0.00	        0.00	        1.00	      751.00	        1.00
  4.34	      767.00	        0.00	        0.00	        1.00	      766.00	        1.00
  4.35	      783.00	        0.00	        0.00	        1.00	      782.00	        1.00
  4.36	      792.00	        0.00	        0.00	        1.00	      791.00	        1.00
  4.37	      807.00	        0.00	        0.00	        1.00	      806.00	        1.00
  4.38	      821.00	        0.00	        0.00	        1.00	      820.00	        1.00
  4.39	      834.00	        0.00	        0.00	        1.00	      833.00	        1.00
  4.40	      844.00	        0.00	        0.00	        1.00	      843.00	        1.00
  4.41	      864.00	        0.00	        0.00	        1.00	      863.00	        1.00
  4.42	      872.00	        0.00	        0.00	        1.00	      871.00	        1.00
  4.43	      890.00	        0.00	        0.00	        1.00	      889.00	        1.00
  4.44	      904.00	        0.00	        0.00	        1.00	      903.00	        1.00
  4.45	      921.00	        0.00	        0.00	        1.00	      920.00	        1.00
  4.46	      937.00	        0.00	        0.00	        1.00	      936.00	        1.00
  4.47	      950.00	        0.00	        0.00	        1.00	      949.00	        1.00
  4.48	      964.00	        0.00	        0.00	        1.00	      963.00	        1.00
  4.49	      976.00	        0.00	        0.00	        1.00	      975.00	        1.00
  4.50	      983.00	        0.00	        0.00	        1.00	      982.00	        1.00
  4.51	      995.00	        0.00	        0.00	        1.00	      994.00	        1.00
  4.52	     1013.00	        0.00	        0.00	        1.00	     1012.00	        1.00
  4.53	     1027.00	        0.00	        0.00	        1.00	     1026.00	        1.00
  4.54	     1041.00	        0.00	        0.00	        1.00	     1040.00	        1.00
  4.55	     1057.00	        0.00	        0.00	        1.00	     1056.00	        1.00
  4.56	     1077.00	        0.00	        0.00	        1.00	     1076.00	        1.00
  4.57	     1095.00	        0.00	        0.00	        1.00	     1094.00	        1.00
  4.58	     1116.00	        0.00	        0.00	        1.00	     1115.00	        1.00
  4.59	     1136.00	        0.00	        0.00	        1.00	     1135.00	        1.00
  4.60	     1157.00	        0.00	        0.00	        1.00	     1156.00	        1.00
  4.61	     1178.00	        0.00	        0.00	        1.00	     1177.00	        1.00
  4.62	     1201.00	        0.00	        0.00	        1.00	     1200.00	        1.00
  4.63	     1220.00	        0.00	        0.00	        1.00	     1219.00	        1.00
  4.64	     1244.00	        0.00	        0.00	        1.00	     1243.00	        1.00
  4.65	     1269.00	        0.00	        0.00	        1.00	     1268.00	        1.00
  4.66	     1284.00	        0.00	        0.00	        1.00	     1283.00	        1.00
  4.67	     1302.00	        0.00	        0.00	        1.00	     1301.00	        1.00
  4.68	     1318.00	        0.00	        0.00	        1.00	     1317.00	        1.00
  4.69	     1340.00	        0.00	        0.00	        1.00	     1339.00	        1.00
  4.70	     1368.00	        0.00	        0.00	        1.00	     1367.00	        1.00
  4.71	     1385.00	        0.00	        0.00	        1.00	     1384.00	        1.00
  4.72	     1421.00	        0.00	        0.00	        1.00	     1420.00	        1.00
  4.73	     1451.00	        0.00	        0.00	        1.00	     1450.00	        1.00
  4.74	     1469.00	        0.00	        0.00	        1.00	     1468.00	        1.00
  4.75	     1493.00	        0.00	        0.00	        1.00	     1492.00	        1.00
  4.76	     1517.00	        0.00	        0.00	        1.00	     1516.00	        1.00
  4.77	     1549.00	        0.00	        0.00	        1.00	     1548.00	        1.00
  4.78	     1578.00	        0.00	        0.00	        1.00	     1577.00	        1.00
  4.79	     1604.00	        0.00	        0.00	        1.00	     1603.00	        1.00
  4.80	     1631.00	        0.00	        0.00	        1.00	     1630.00	        1.00
  4.81	     1649.00	        0.00	        0.00	        1.00	     1648.00	        1.00
  4.82	     1678.00	        0.00	        0.00	        1.00	     1677.00	        1.00
  4.83	     1709.00	        0.00	        0.00	        1.00	     1708.00	        1.00
  4.84	     1741.00	        0.00	        0.00	        1.00	     1740.00	        1.00
  4.85	     1779.00	        0.00	        0.00	        1.00	     1778.00	        1.00
  4.86	     1800.00	        0.00	        0.00	        1.00	     1799.00	        1.00
  4.87	     1828.00	        0.00	        0.00	        1.00	     1827.00	        1.00
  4.88	     1852.00	        0.00	        0.00	        1.00	     1851.00	        1.00
  4.89	     1879.00	        0.00	        0.00	        1.00	     1878.00	        1.00
  4.90	     1916.00	        0.00	        0.00	        1.00	     1915.00	        1.00
  4.91	     1945.00	        0.00	        0.00	        1.00	     1944.00	        1.00
  4.92	     1986.00	        0.00	        0.00	        1.00	     1985.00	        1.00
  4.93	     2019.00	        0.00	        0.00	        1.00	     2018.00	        1.00
  4.94	     2050.00	        0.00	        0.00	        1.00	     2049.00	        1.00
  4.95	     2089.00	        0.00	        0.00	        1.00	     2088.00	        1.00
  4.96	     2125.00	        0.00	        0.00	        1.00	     2124.00	        1.00
  4.97	     2166.00	        0.00	        0.00	        1.00	     2165.00	        1.00
  4.98	     2206.00	        0.00	        0.00	        1.00	     2205.00	        1.00
  4.99	     2237.00	        0.00	        0.00	        1.00	     2236.00	        1.00
  5.00	     2270.00	        0.00	   599999.00	        1.00	     2269.00	        1.00
  5.01	     2311.00	        0.00	   599976.00	        1.00	     2310.00	        1.00
  5.02	     2351.00	        0.00	   599962.00	        1.00	     2350.00	        1.00
  5.03	     2400.00	        0.00	   599951.00	        1.00	     2399.00	        1.00
  5.04	     2447.00	        0.00	   599934.00	        1.00	     2446.00	        1.00
  5.05	     2490.00	        0.00	   599913.00	        1.00	     2489.00	        1.00
  5.06	     2536.00	        0.00	   599896.00	        1.00	     2535.00	        1.00
  5.07	     2589.00	        0.00	   599878.00	        1.00	     2588.00	        1.00
  5.08	     2628.00	        0.00	   599866.00	        1.00	     2627.00	        1.00
  5.09	     2668.00	        0.00	   599840.00	        1.00	     2667.00	        1.00
  5.10	     2699.00	        0.00	   599813.00	        1.00	     2698.00	        1.00
  5.11	     2737.00	        0.00	   599805.00	        1.00	     2736.00	        1.00
  5.12	     2780.00	        0.00	   599787.00	        1.00	     2779.00	        1.00
  5.13	     2823.00	        0.00	   599772.00	        1.00	     2822.00	        1.00
  5.14	     2869.00	        0.00	   599750.00	        1.00	     2868.00	        1.00
  5.15	     2909.00	        0.00	   599728.00	        1.00	     2908.00	        1.00
  5.16	     2951.00	        0.00	   599705.00	        1.00	     2950.00	        1.00
  5.17	     3008.00	        0.00	   599684.00	        1.00	     3007.00	        1.00
  5.18	     3060.00	        0.00	   599666.00	        1.00	     3059.00	        1.00
  5.19	     3114.00	        0.00	   599651.00	        1.00	     3113.00	        1.00
  5.20	     3160.00	        0.00	   599634.00	        1.00	     3159.00	        1.00
  5.21	     3208.00	        0.00	   599619.00	        1.00	     3207.00	        1.00
  5.22	     3260.00	        0.00	   599602.00	        1.00	     3259.00	        1.00
  5.23	     3314.00	        0.00	   599591.00	        1.00	     3313.00	        1.00
  5.24	     3378.00	        0.00	   599570.00	        1.00	     3377.00	        1.00
  5.25	     3437.00	        0.00	   599547.00	        1.00	     3436.00	        1.00
  5.26	     3492.00	        1.00	   599523.00	        1.00	     3492.00	        1.00
  5.27	     3538.00	        1.00	   599502.00	        1.00	     3538.00	        1.00
  5.28	     3590.00	        1.00	   599488.00	        1.00	     3590.00	        1.00
  5.29	     3641.00	        1.00	   599477.00	        1.00	     3641.00	        1.00
  5.30	     3717.00	        1.00	   599466.00	        1.00	     3717.00	        1.00
  5.31	     3779.00	        1.00	   599447.00	        1.00	     3779.00	        1.00
  5.32	     3847.00	        1.00	   599429.00	        1.00	     3847.00	        1.00
  5.33	     3924.00	        1.00	   599410.00	        1.00	     3924.00	        1.00
  5.34	     3994.00	        1.00	   599392.00	        1.00	     3994.00	        1.00
  5.35	     4064.00	        1.00	   599376.00	        1.00	     4064.00	        1.00
  5.36	     4133.00	        1.00	   599357.00	        1.00	     4133.00	        1.00
  5.37	     4206.00	        1.00	   599337.00	        1.00	     4206.00	        1.00
  5.38	     4273.00	        1.00	   599322.00	        1.00	     4273.00	        1.00
  5.39	     4336.00	        1.00	   599301.00	        1.00	     4336.00	        1.00
  5.40	     4409.00	        1.00	   599281.00	        1.00	     4409.00	        1.00
  5.41	     4476.00	        1.00	   599265.00	        1.00	     4476.00	        1.00
  5.42	     4550.00	        1.00	   599251.00	        1.00	     4550.00	        1.00
  5.43	     4639.00	        1.00	   599232.00	        1.00	     4639.00	        1.00
  5.44	     4727.00	        1.00	   599216.00	        1.00	     4727.00	        1.00
  5.45	     4817.00	        1.00	   599201.00	        1.00	     4817.00	        1.00
  5.46	     4891.00	        1.00	   599188.00	        1.00	     4891.00	        1.00
  5.47	     4973.00	        1.00	   599171.00	        1.00	     4973.00	        1.00
  5.48	     5060.00	        1.00	   599152.00	        1.00	     5060.00	        1.00
  5.49	     5127.00	        1.00	   599130.00	        1.00	     5127.00	        1.00
  5.50	     5205.00	        1.00	   599112.00	        1.00	     5205.00	        1.00
  5.51	     5280.00	        1.00	   599097.00	        1.00	     5280.00	        1.00
  5.52	     5365.00	        1.00	   599073.00	        1.00	     5365.00	        1.00
  5.53	     5452.00	        1.00	   599058.00	        1.00	     5452.00	        1.00
  5.54	     5540.00	        1.00	   599038.00	        1.00	     5540.00	        1.00
  5.55	     5627.00	        1.00	   599015.00	        1.00	     5627.00	        1.00
  5.56	     5715.00	        1.00	   598994.00	        1.00	     5715.00	        1.00
  5.57	     5814.00	        1.00	   598975.00	        1.00	     5814.00	        1.00
  5.58	     5917.00	        1.00	   598958.00	        1.00	     5917.00	        1.00
  5.59	     6034.00	        1.00	   598941.00	        1.00	     6034.00	        1.00
  5.60	     6129.00	        1.00	   598929.00	        1.00	     6129.00	        1.00
  5.61	     6229.00	        1.00	   598914.00	        1.00	     6229.00	        1.00
  5.62	     6337.00	        1.00	   598891.00	        1.00	     6337.00	        1.00
  5.63	     6440.00	        1.00	   598872.00	        1.00	     6440.00	        1.00
  5.64	     6542.00	        1.00	   598860.00	        1.00	     6542.00	        1.00
  5.65	     6631.00	        1.00	   598844.00	        1.00	     6631.00	        1.00
  5.66	     6732.00	        1.00	   598838.00	        1.00	     6732.00	        1.00
  5.67	     6849.00	        1.00	   598820.00	        1.00	     6849.00	        1.00
  5.68	     6981.00	        1.00	   598808.00	        1.00	     6981.00	        1.00
  5.69	     7101.00	        1.00	   598798.00	        1.00	     7101.00	        1.00
  5.70	     7222.00	        4.00	   598779.00	        1.00	     7225.00	        1.00
  5.71	     7334.00	        4.00	   598754.00	        1.00	     7337.00	        1.00
  5.72	     7459.00	        4.00	   598739.00	        1.00	     7462.00	        1.00
  5.73	     7573.00	        4.00	   598726.00	        1.00	     7576.00	        1.00
  5.74	     7682.00	        4.00	   598709.00	        1.00	     7685.00	        1.00
  5.75	     7794.00	        4.00	   598695.00	        1.00	     7797.00	        1.00
  5.76	     7928.00	        4.00	   598678.00	        1.00	     7931.00	        1.00
  5.77	     8048.00	        4.00	   598662.00	        1.00	     8051.00	        1.00
  5.78	     8164.00	        5.00	   598638.00	        1.00	     8168.00	        1.00
  5.79	     8314.00	        5.00	   598615.00	        1.00	     8318.00	        1.00
  5.80	     8452.00	        5.00	   598603.00	        1.00	     8456.00	        1.00
  5.81	     8578.00	        5.00	   598589.00	        1.00	     8582.00	        1.00
  5.82	     8735.00	        5.00	   598571.00	        1.00	     8739.00	        1.00
  5.83	     8895.00	        5.00	   598551.00	        1.00	     8899.00	        1.00
  5.84	     9035.00	        5.00	   598534.00	        1.00	     9039.00	        1.00
  5.85	     9155.00	        5.00	   598504.00	        1.00	     9159.00	        1.00
  5.86	     9296.00	        5.00	   598492.00	        1.00	     9300.00	        1.00
  5.87	     9471.00	        5.00	   598471.00	        1.00	     9475.00	        1.00
  5.88	     9632.00	        5.00	   598451.00	        1.00	     9636.00	        1.00
  5.89	     9774.00	        5.00	   598436.00	        1.00	     9778.00	        1.00
  5.90	     9939.00	        5.00	   598421.00	        1.00	     9943.00	        1.00
  5.91	    10070.00	        6.00	   598400.00	        1.00	    10075.00	        1.00
  5.92	    10234.00	        6.00	   598383.00	        1.00	    10239.00	        1.00
  5.93	    10382.00	        7.00	   598357.00	        1.00	    10388.00	        1.00
  5.94	    10577.00	        7.00	   598335.00	        1.00	    10583.00	        1.00
  5.95	    10762.00	        7.00	   598307.00	        1.00	    10768.00	        1.00
  5.96	    10920.00	        7.00	   598282.00	        1.00	    10926.00	        1.00
  5.97	    11085.00	        7.00	   598264.00	        1.00	    11091.00	        1.00
  5.98	    11270.00	        7.00	   598248.00	        1.00	    11276.00	        1.00
  5.99	    11475.00	        7.00	   598229.00	        1.00	    11481.00	        1.00
  6.00	    11661.00	        7.00	   598208.00	        1.00	    11667.00	        1.00
  6.01	    11845.00	        7.00	   598190.00	        1.00	    11851.00	        1.00
  6.02	    12045.00	        7.00	   598166.00	        1.00	    12051.00	        1.00
  6.03	    12247.00	        7.00	   598147.00	        1.00	    12253.00	        1.00
  6.04	    12470.00	        7.00	   598125.00	        1.00	    12476.00	        1.00
  6.05	    12682.00	        7.00	   598102.00	        1.00	    12688.00	        1.00
  6.06	    12879.00	        7.00	   598084.00	        1.00	    12885.00	        1.00
  6.07	    13077.00	        7.00	   598066.00	        1.00	    13083.00	        1.00
  6.08	    13264.00	        7.00	   598048.00	        1.00	    13270.00	        1.00
  6.09	    13516.00	        7.00	   598034.00	        1.00	    13522.00	        1.00
  6.10	    13740.00	        7.00	   598017.00	        1.00	    13746.00	        1.00
  6.11	    13966.00	        7.00	   598005.00	        1.00	    13972.00	        1.00
  6.12	    14214.00	        7.00	   597993.00	        1.00	    14220.00	        1.00
  6.13	    14458.00	        7.00	   597971.00	        1.00	    14464.00	        1.00
  6.14	    14709.00	        8.00	   597951.00	        1.00	    14716.00	        1.00
  6.15	    14775.00	      188.00	   598127.00	        1.00	    14963.00	        1.00
  6.16	    15001.00	      190.00	   598102.00	        1.00	    15191.00	        1.00
  6.17	    15258.00	      190.00	   598082.00	        1.00	    15448.00	        1.00
  6.18	    15483.00	      193.00	   598068.00	        1.00	    15676.00	        1.00
  6.19	    15733.00	      194.00	   598050.00	        1.00	    15927.00	        1.00
  6.20	    15991.00	      195.00	   598035.00	        1.00	    16186.00	        1.00
  6.21	    16266.00	      195.00	   598012.00	        1.00	    16461.00	        1.00
  6.22	    16524.00	      195.00	   597997.00	        1.00	    16719.00	        1.00
  6.23	    16797.00	      195.00	   597981.00	        1.00	    16992.00	        1.00
  6.24	    17046.00	      196.00	   597966.00	        1.00	    17242.00	        1.00
  6.25	    17324.00	      197.00	   597948.00	        1.00	    17521.00	        1.00
  6.26	    17619.00	      199.00	   597918.00	        1.00	    17818.00	        1.00
  6.27	    17887.00	      202.00	   597897.00	        1.00	    18089.00	        1.00
  6.28	    18133.00	      202.00	   597877.00	        1.00	    18335.00	        1.00
  6.29	    18390.00	      206.00	   597855.00	        1.00	    18596.00	        1.00
  6.30	    18665.00	      206.00	   597841.00	        1.00	    18871.00	        1.00
  6.31	    18982.00	      206.00	   597817.00	        1.00	    19188.00	        1.00
  6.32	    19308.00	      207.00	   597802.00	        1.00	    19515.00	        1.00
  6.33	    19622.00	      208.00	   597778.00	        1.00	    19830.00	        1.00
  6.34	    19925.00	      210.00	   597770.00	        1.00	    20135.00	        1.00
  6.35	    20252.00	      212.00	   597751.00	        1.00	    20464.00	        1.00
  6.36	    20615.00	      212.00	   597739.00	        1.00	    20827.00	        1.00
  6.37	    20954.00	      212.00	   597728.00	        1.00	    21166.00	        1.00
  6.38	    21274.00	      212.00	   597710.00	        1.00	    21486.00	        1.00
  6.39	    21635.00	      212.00	   597697.00	        1.00	    21847.00	        1.00
  6.40	    22026.00	      214.00	   597666.00	        1.00	    22240.00	        1.00
  6.41	    22394.00	      214.00	   597644.00	        1.00	    22608.00	        1.00
  6.42	    22761.00	      214.00	   597628.00	        1.00	    22975.00	        1.00
  6.43	    23130.00	      214.00	   597608.00	        1.00	    23344.00	        1.00
  6.44	    23485.00	      214.00	   597590.00	        1.00	    23699.00	        1.00
  6.45	    23870.00	      214.00	   597575.00	        1.00	    24084.00	        1.00
  6.46	    24254.00	      214.00	   597558.00	        1.00	    24468.00	        1.00
  6.47	    24660.00	      214.00	   597528.00	        1.00	    24874.00	        1.00
  6.48	    25047.00	      214.00	   597510.00	        1.00	    25261.00	        1.00
  6.49	    25443.00	      214.00	   597484.00	        1.00	    25657.00	        1.00
  6.50	    25871.00	      214.00	   597465.00	        1.00	    26085.00	        1.00
  6.51	    26286.00	      214.00	   597445.00	        1.00	    26500.00	        1.00
  6.52	    26706.00	      215.00	   597428.00	        1.00	    26921.00	        1.00
  6.53	    27118.00	      215.00	   597410.00	        1.00	    27333.00	        1.00
  6.54	    27525.00	      215.00	   597401.00	        1.00	    27740.00	        1.00
  6.55	    27958.00	      218.00	   597376.00	        1.00	    28176.00	        1.00
  6.56	    28399.00	      219.00	   597355.00	        1.00	    28618.00	        1.00
  6.57	    28917.00	      219.00	   597334.00	        1.00	    29136.00	        1.00
  6.58	    29390.00	      219.00	   597314.00	        1.00	    29609.00	        1.00
  6.59	    29845.00	      219.00	   597296.00	        1.00	    30064.00	        1.00
  6.60	    30298.00	      222.00	   597277.00	        1.00	    30520.00	        1.00
  6.61	    30602.00	      428.00	   597452.00	        1.00	    31031.00	        1.00
  6.62	    31059.00	      428.00	   597435.00	        1.00	    31488.00	        1.00
  6.63	    31186.00	      816.00	   597821.00	        1.00	    32005.00	        1.00
  6.64	    31492.00	      996.00	   597998.00	        1.00	    32492.00	        1.00
  6.65	    32013.00	      999.00	   597972.00	        1.00	    33016.00	        1.00
  6.66	    32147.00	     1366.00	   598352.00	        1.00	    33519.00	        1.00
  6.67	    32445.00	     1558.00	   598532.00	        1.00	    34010.00	        1.00
  6.68	    32954.00	     1568.00	   598499.00	        1.00	    34529.00	        1.00
  6.69	    33114.00	     1897.00	   598875.00	        1.00	    35020.00	        1.00
  6.70	    33293.00	     2237.00	   599249.00	        1.00	    35541.00	        1.00
  6.71	    33699.00	     2403.00	   599422.00	        1.00	    36114.00	        1.00
  6.72	    34233.00	     2406.00	   599407.00	        1.00	    36651.00	        1.00
  6.73	    34601.00	     2574.00	   599580.00	        1.00	    37188.00	        1.00
  6.74	    35177.00	     2582.00	   599554.00	        1.00	    37772.00	        1.00
  6.75	    35552.00	     2749.00	   599732.00	        1.00	    38315.00	        1.00
  6.76	    36138.00	     2749.00	   599712.00	        1.00	    38901.00	        1.00
  6.77	    36532.00	     2911.00	   599883.00	        1.00	    39458.00	        1.00
  6.78	    36956.00	     3067.00	   600061.00	        1.00	    40039.00	        1.00
  6.79	    37425.00	     3216.00	   600230.00	        1.00	    40658.00	        1.00
  6.80	    38069.00	     3221.00	   600206.00	        1.00	    41307.00	        1.00
  6.81	    38673.00	     3229.00	   600184.00	        1.00	    41919.00	        1.00
  6.82	    38930.00	     3571.00	   600558.00	        1.00	    42520.00	        1.00
  6.83	    39254.00	     3907.00	   600920.00	        1.00	    43182.00	        1.00
  6.84	    39572.00	     4203.00	   601291.00	        1.00	    43798.00	        1.00
  6.85	    40036.00	     4353.00	   601455.00	        1.00	    44413.00	        1.00
  6.86	    40374.00	     4647.00	   601821.00	        1.00	    45047.00	        1.00
  6.87	    41017.00	     4655.00	   601785.00	        1.00	    45698.00	        1.00
  6.88	    41665.00	     4663.00	   601765.00	        1.00	    46354.00	        1.00
  6.89	    42208.00	     4805.00	   601932.00	        1.00	    47040.00	        1.00
  6.90	    42686.00	     4991.00	   602108.00	        1.00	    47705.00	        1.00
  6.91	    43121.00	     5173.00	   602286.00	        1.00	    48323.00	        1.00
  6.92	    43817.00	     5177.00	   602259.00	        1.00	    49023.00	        1.00
  6.93	    44218.00	     5496.00	   602626.00	        1.00	    49745.00	        1.00
  6.94	    44929.00	     5507.00	   602600.00	        1.00	    50467.00	        1.00
  6.95	    45333.00	     5848.00	   602972.00	        1.00	    51214.00	        1.00
  6.96	    45726.00	     6153.00	   603342.00	        1.00	    51914.00	        1.00
  6.97	    46133.00	     6464.00	   603709.00	        1.00	    52634.00	        1.00
  6.98	    46699.00	     6625.00	   603871.00	        1.00	    53362.00	        1.00
  6.99	    47121.00	     6931.00	   604235.00	        1.00	    54092.00	        1.00
  7.00	    47733.00	     7079.00	   604403.00	        1.00	    54853.00	        1.00
  7.01	    48218.00	     7359.00	   604769.00	        1.00	    55620.00	        1.00
  7.02	    48453.00	     7933.00	   605544.00	        1.00	    56433.00	        1.00
  7.03	    49093.00	     8100.00	   605707.00	        1.00	    57241.00	        1.00
  7.04	    49491.00	     8432.00	   606067.00	        1.00	    57973.00	        1.00
  7.05	    49841.00	     8865.00	   606625.00	        1.00	    58759.00	        1.00
  7.06	    50334.00	     9174.00	   606991.00	        1.00	    59563.00	        1.00
  7.07	    50839.00	     9454.00	   607353.00	        1.00	    60350.00	        1.00
  7.08	    51261.00	     9863.00	   607910.00	        1.00	    61184.00	        1.00
  7.09	    51174.00	    10749.00	   609267.00	        1.00	    61990.00	        1.00
  7.10	    51277.00	    11488.00	   610409.00	        1.00	    62838.00	        1.00
  7.11	    51796.00	    11753.00	   610759.00	        1.00	    63624.00	        1.00
  7.12	    52120.00	    12268.00	   611495.00	        1.00	    64467.00	        1.00
  7.13	    52338.00	    12903.00	   612431.00	        1.00	    65325.00	        1.00
  7.14	    52982.00	    13142.00	   612763.00	        1.00	    66210.00	        1.00
  7.15	    53457.00	    13474.00	   613320.00	        1.00	    67020.00	        1.00
  7.16	    54173.00	    13622.00	   613465.00	        1.00	    67885.00	        1.00
  7.17	    54664.00	    14002.00	   613995.00	        1.00	    68759.00	        1.00
  7.18	    55039.00	    14468.00	   614742.00	        1.00	    69604.00	        1.00
  7.19	    54529.00	    15826.00	   617281.00	        1.00	    70465.00	        1.00
  7.20	    54889.00	    16355.00	   618196.00	        1.00	    71359.00	        1.00
  7.21	    54308.00	    17743.00	   620903.00	        1.00	    72180.00	        1.00
  7.22	    54589.00	    18335.00	   622026.00	        1.00	    73059.00	        1.00
  7.23	    54678.00	    19097.00	   623527.00	        1.00	    73918.00	        1.00
  7.24	    54817.00	    19827.00	   625037.00	        1.00	    74795.00	        1.00
  7.25	    54240.00	    21276.00	   628123.00	        1.00	    75683.00	        1.00
  7.26	    54396.00	    21999.00	   629613.00	        1.00	    76570.00	        1.00
  7.27	    54507.00	    22723.00	   631308.00	        1.00	    77414.00	        1.00
  7.28	    54342.00	    23705.00	   633594.00	        1.00	    78243.00	        1.00
  7.29	    54226.00	    24678.00	   636067.00	        1.00	    79113.00	        1.00
  7.30	    54023.00	    25711.00	   638728.00	        1.00	    79957.00	        1.00
  7.31	    53665.00	    26875.00	   641982.00	        1.00	    80780.00	        1.00
  7.32	    53196.00	    28175.00	   645619.00	        1.00	    81630.00	        1.00
  7.33	    52707.00	    29494.00	   649631.00	        1.00	    82481.00	        1.00
  7.34	    52383.00	    30648.00	   653234.00	        1.00	    83330.00	        1.00
  7.35	    52025.00	    31798.00	   657013.00	        1.00	    84142.00	        1.00
  7.36	    51919.00	    32753.00	   660188.00	        1.00	    85008.00	        1.00
  7.37	    51646.00	    33842.00	   663944.00	        1.00	    85844.00	        1.00
  7.38	    51244.00	    35047.00	   668309.00	        1.00	    86670.00	        1.00
  7.39	    50880.00	    36253.00	   672866.00	        1.00	    87536.00	        1.00
  7.40	    50051.00	    37840.00	   679183.00	        1.00	    88327.00	        1.00
  7.41	    49787.00	    38932.00	   683676.00	        1.00	    89179.00	        1.00
  7.42	    49653.00	    39849.00	   687588.00	        1.00	    89983.00	        1.00
  7.43	    49226.00	    41021.00	   693080.00	        1.00	    90757.00	        1.00
  7.44	    48875.00	    42083.00	   698336.00	        1.00	    91496.00	        1.00
  7.45	    48364.00	    43379.00	   704958.00	        1.00	    92316.00	        1.00
  7.46	    48075.00	    44415.00	   710375.00	        1.00	    93092.00	        1.00
  7.47	    47860.00	    45371.00	   715372.00	        1.00	    93860.00	        1.00
  7.48	    47258.00	    46675.00	   723163.00	        1.00	    94603.00	        1.00
  7.49	    46645.00	    47972.00	   730907.00	        1.00	    95328.00	        1.00
  7.50	    46114.00	    49235.00	   739035.00	        1.00	    96103.00	        1.00
  7.51	    45660.00	    50328.00	   746359.00	        1.00	    96781.00	        1.00
  7.52	    45333.00	    51328.00	   753437.00	        1.00	    97492.00	        1.00
  7.53	    44834.00	    52496.00	   761919.00	        1.00	    98206.00	        1.00
  7.54	    44280.00	    53663.00	   771177.00	        1.00	    98868.00	        1.00
  7.55	    43579.00	    55014.00	   782355.00	        1.00	    99577.00	        1.00
  7.56	    43269.00	    55991.00	   791106.00	        1.00	   100291.00	        1.00
  7.57	    43101.00	    56865.00	   798462.00	        1.00	   101037.00	        1.00
  7.58	    42688.00	    57923.00	   808196.00	        1.00	   101734.00	        1.00
  7.59	    42060.00	    59126.00	   820528.00	        1.00	   102374.00	        1.00
  7.60	    41522.00	    60277.00	   832383.00	        1.00	   103050.00	        1.00
  7.61	    40921.00	    61436.00	   844581.00	        1.00	   103673.00	        1.00
  7.62	    40474.00	    62455.00	   856172.00	        1.00	   104307.00	        1.00
  7.63	    40206.00	    63297.00	   865537.00	        1.00	   104932.00	        1.00
  7.64	    39587.00	    64462.00	   879723.00	        1.00	   105553.00	        1.00
  7.65	    38775.00	    65809.00	   897593.00	        1.00	   106182.00	        1.00
  7.66	    38136.00	    66961.00	   913634.00	        1.00	   106780.00	        1.00
  7.67	    37525.00	    68073.00	   929616.00	        1.00	   107366.00	        1.00
  7.68	    37145.00	    69005.00	   944540.00	        1.00	   107998.00	        1.00
  7.69	    36656.00	    69985.00	   960441.00	        1.00	   108574.00	        1.00
  7.70	    35938.00	    71126.00	   980265.00	        1.00	   109102.00	        1.00
  7.71	    35341.00	    72191.00	   999234.00	        1.00	   109671.00	        1.00
  7.72	    34689.00	    73323.00	  1020752.00	        1.00	   110265.00	        1.00
  7.73	    34045.00	    74416.00	  1042830.00	        1.00	   110831.00	        1.00
  7.74	    33540.00	    75397.00	  1063401.00	        1.00	   111417.00	        1.00
  7.75	    32967.00	    76388.00	  1085737.00	        1.00	   111954.00	        1.00
  7.76	    32258.00	    77500.00	  1112119.00	        1.00	   112497.00	        1.00
  7.77	    31535.00	    78555.00	  1139297.00	        1.00	   112973.00	        1.00
  7.78	    31023.00	    79418.00	  1162562.00	        1.00	   113449.00	        1.00
  7.79	    30451.00	    80368.00	  1187447.00	        1.00	   113960.00	        1.00
  7.80	    29747.00	    81407.00	  1217003.00	        1.00	   114452.00	        1.00
  7.81	    29161.00	    82319.00	  1247409.00	        1.00	   114940.00	        1.00
  7.82	    28640.00	    83168.00	  1275542.00	        1.00	   115419.00	        1.00
  7.83	    28142.00	    83968.00	  1303017.00	        1.00	   115869.00	        1.00
  7.84	    27607.00	    84782.00	  1333218.00	        1.00	   116310.00	        1.00
  7.85	    27099.00	    85574.00	  1365590.00	        1.00	   116767.00	        1.00
  7.86	    26391.00	    86485.00	  1403464.00	        1.00	   117171.00	        1.00
  7.87	    25932.00	    87197.00	  1435770.00	        1.00	   117598.00	        1.00
  7.88	    25406.00	    87929.00	  1471943.00	        1.00	   117998.00	        1.00
  7.89	    24798.00	    88727.00	  1512229.00	        1.00	   118403.00	        1.00
  7.90	    24123.00	    89537.00	  1555023.00	        1.00	   118766.00	        1.00
  7.91	    23667.00	    90180.00	  1593291.00	        1.00	   119159.00	        1.00
  7.92	    23105.00	    90893.00	  1634860.00	        1.00	   119533.00	        1.00
  7.93	    22411.00	    91668.00	  1685347.00	        1.00	   119882.00	        1.00
  7.94	    21871.00	    92306.00	  1732370.00	        1.00	   120232.00	        1.00
  7.95	    21481.00	    92845.00	  1772337.00	        1.00	   120598.00	        1.00
  7.96	    20989.00	    93435.00	  1817169.00	        1.00	   120938.00	        1.00
  7.97	    20532.00	    93982.00	  1862440.00	        1.00	   121272.00	        1.00
  7.98	    20095.00	    94488.00	  1908908.00	        1.00	   121592.00	        1.00
  7.99	    19663.00	    94978.00	  1957973.00	        1.00	   121914.00	        1.00
  8.00	    19247.00	    95457.00	  2004480.00	        1.00	   122229.00	        1.00
  8.01	    18689.00	    96025.00	  2059437.00	        1.00	   122534.00	        1.00
  8.02	    18250.00	    96492.00	  2114045.00	        1.00	   122856.00	        1.00
  8.03	    17824.00	    96901.00	  2170315.00	        1.00	   123142.00	        1.00
  8.04	    17364.00	    97315.00	  2227470.00	        1.00	   123404.00	        1.00
  8.05	    16856.00	    97750.00	  2288333.00	        1.00	   123659.00	        1.00
  8.06	    16354.00	    98150.00	  2352441.00	        1.00	   123901.00	        1.00
  8.07	    15879.00	    98507.00	  2421355.00	        1.00	   124152.00	        1.00
  8.08	    15403.00	    98838.00	  2487860.00	        1.00	   124365.00	        1.00
  8.09	    14903.00	    99170.00	  2563974.00	        1.00	   124604.00	        1.00
  8.10	    14497.00	    99442.00	  2633288.00	        1.00	   124844.00	        1.00
  8.11	    14017.00	    99733.00	  2709298.00	        1.00	   125064.00	        1.00
  8.12	    13593.00	   100001.00	  2783926.00	        1.00	   125311.00	        1.00
  8.13	    13203.00	   100229.00	  2854331.00	        1.00	   125531.00	        1.00
  8.14	    12783.00	   100450.00	  2929044.00	        1.00	   125736.00	        1.00
  8.15	    12398.00	   100602.00	  3010155.00	        1.00	   125940.00	        1.00
  8.16	    11958.00	   100760.00	  3102491.00	        1.00	   126153.00	        1.00
  8.17	    11578.00	   100896.00	  3187710.00	        1.00	   126369.00	        1.00
  8.18	    11138.00	   101013.00	  3284354.00	        1.00	   126564.00	        1.00
  8.19	    10752.00	   101089.00	  3376043.00	        1.00	   126748.00	        1.00
  8.20	    10303.00	   101174.00	  3477190.00	        1.00	   126927.00	        1.00
  8.21	     9926.00	   101213.00	  3570010.00	        1.00	   127092.00	        1.00
  8.22	     9538.00	   101243.00	  3667273.00	        1.00	   127260.00	        1.00
  8.23	     9119.00	   101246.00	  3773951.00	        1.00	   127417.00	        1.00
  8.24	     8766.00	   101186.00	  3879081.00	        1.00	   127572.00	        1.00
  8.25	     8388.00	   101106.00	  3989172.00	        1.00	   127707.00	        1.00
  8.26	     8009.00	   101039.00	  4097070.00	        1.00	   127845.00	        1.00
  8.27	     7680.00	   100919.00	  4205140.00	        1.00	   127982.00	        1.00
  8.28	     7354.00	   100754.00	  4315412.00	        1.00	   128089.00	        1.00
  8.29	     7040.00	   100571.00	  4428562.00	        1.00	   128205.00	        1.00
  8.30	     6738.00	   100421.00	  4533030.00	        1.00	   128323.00	        1.00
  8.31	     6373.00	   100233.00	  4652627.00	        1.00	   128417.00	        1.00
  8.32	     6061.00	   100035.00	  4768310.00	        1.00	   128536.00	        1.00
  8.33	     5741.00	    99800.00	  4886600.00	        1.00	   128623.00	        1.00
  8.34	     5468.00	    99522.00	  5002199.00	        1.00	   128703.00	        1.00
  8.35	     5175.00	    99205.00	  5129062.00	        1.00	   128780.00	        1.00
  8.36	     4910.00	    98885.00	  5252498.00	        1.00	   128867.00	        1.00
  8.37	     4667.00	    98522.00	  5378355.00	        1.00	   128945.00	        1.00
  8.38	     4408.00	    98175.00	  5505392.00	        1.00	   129030.00	        1.00
  8.39	     4190.00	    97764.00	  5636496.00	        1.00	   129114.00	        1.00
  8.40	     3939.00	    97370.00	  5766786.00	        1.00	   129179.00	        1.00
  8.41	     3686.00	    96978.00	  5896142.00	        1.00	   129240.00	        1.00
  8.42	     3413.00	    96586.00	  6028843.00	        1.00	   129298.00	        1.00
  8.43	     3187.00	    96157.00	  6158174.00	        1.00	   129350.00	        1.00
  8.44	     2970.00	    95656.00	  6301227.00	        1.00	   129410.00	        1.00
  8.45	     2722.00	    95155.00	  6447658.00	        1.00	   129456.00	        1.00
  8.46	     2469.00	    94619.00	  6601651.00	        1.00	   129501.00	        1.00
  8.47	     2264.00	    94119.00	  6738152.00	        1.00	   129544.00	        1.00
  8.48	     2075.00	    93538.00	  6886409.00	        1.00	   129582.00	        1.00
  8.49	     1870.00	    92988.00	  7032341.00	        1.00	   129623.00	        1.00
  8.50	     1666.00	    92428.00	  7176737.00	        1.00	   129648.00	        1.00
  8.51	     1506.00	    91769.00	  7333695.00	        1.00	   129681.00	        1.00
  8.52	     1328.00	    91141.00	  7485202.00	        1.00	   129703.00	        1.00
  8.53	     1163.00	    90499.00	  7635991.00	        1.00	   129720.00	        1.00
  8.54	      993.00	    89831.00	  7792805.00	        1.00	   129738.00	        1.00
  8.55	      868.00	    89144.00	  7944772.00	        1.00	   129758.00	        1.00
  8.56	      741.00	    88438.00	  8100568.00	        1.00	   129777.00	        1.00
  8.57	      623.00	    87752.00	  8250050.00	        1.00	   129795.00	        1.00
  8.58	      484.00	    87039.00	  8407153.00	        1.00	   129803.00	        1.00
  8.59	      387.00	    86307.00	  8559710.00	        1.00	   129811.00	        1.00
  8.60	      271.00	    85533.00	  8723913.00	        1.00	   129817.00	        1.00
  8.61	      181.00	    84747.00	  8885060.00	        1.00	   129823.00	        1.00
  8.62	      116.00	    83963.00	  9040471.00	        1.00	   129827.00	        1.00
  8.63	       32.00	    83150.00	  9204534.00	        1.00	   129828.00	        1.00
  8.64	        0.00	    82280.00	  9369292.00	        0.00	   129828.00	        1.00
  8.65	        0.00	    81346.00	  9540358.00	        0.00	   129828.00	        1.00
  8.66	        0.00	    80431.00	  9707529.00	        0.00	   129828.00	        1.00
  8.67	        0.00	    79481.00	  9881432.00	        0.00	   129828.00	        1.00
  8.68	        0.00	    78510.00	 10059278.00	        0.00	   129828.00	        1.00
  8.69	        0.00	    77626.00	 10219842.00	        0.00	   129828.00	        1.00
  8.70	        0.00	    76732.00	 10382323.00	        0.00	   129828.00	        1.00
  8.71	        0.00	    75798.00	 10552754.00	        0.00	   129828.00	        1.00
  8.72	        0.00	    74878.00	 10720340.00	        0.00	   129828.00	        1.00
  8.73	        0.00	    73976.00	 10884155.00	        0.00	   129828.00	        1.00
  8.74	        0.00	    73069.00	 11049139.00	        0.00	   129828.00	        1.00
  8.75	        0.00	    72144.00	 11217757.00	        0.00	   129828.00	        1.00
  8.76	        0.00	    71178.00	 11394241.00	        0.00	   129828.00	        1.00
  8.77	        0.00	    70259.00	 11561249.00	        0.00	   129828.00	        1.00
  8.78	        0.00	    69361.00	 11724079.00	        0.00	   129828.00	        1.00
  8.79	        0.00	    68434.00	 11892720.00	        0.00	   129828.00	        1.00
  8.80	        0.00	    67477.00	 12067243.00	        0.00	   129828.00	        1.00
  8.81	        0.00	    66595.00	 12226695.00	        0.00	   129828.00	        1.00
  8.82	        0.00	    65656.00	 12397854.00	        0.00	   129828.00	        1.00
  8.83	        0.00	    64718.00	 12568517.00	        0.00	   129828.00	        1.00
  8.84	        0.00	    63791.00	 12737114.00	        0.00	   129828.00	        1.00
  8.85	        0.00	    62843.00	 12909870.00	        0.00	   129828.00	        1.00
  8.86	        0.00	    61890.00	 13083561.00	        0.00	   129828.00	        1.00
  8.87	        0.00	    60942.00	 13256352.00	        0.00	   129828.00	        1.00
  8.88	        0.00	    60004.00	 13426958.00	        0.00	   129828.00	        1.00
  8.89	        0.00	    59077.00	 13595321.00	        0.00	   129828.00	        1.00
  8.90	        0.00	    58216.00	 13750363.00	        0.00	   129828.00	        1.00
  8.91	        0.00	    57345.00	 13907572.00	        0.00	   129828.00	        1.00
  8.92	        0.00	    56497.00	 14060443.00	        0.00	   129828.00	        1.00
  8.93	        0.00	    55595.00	 14224239.00	        0.00	   129828.00	        1.00
  8.94	        0.00	    54759.00	 14374832.00	        0.00	   129828.00	        1.00
  8.95	        0.00	    53852.00	 14539786.00	        0.00	   129828.00	        1.00
  8.96	        0.00	    52930.00	 14707661.00	        0.00	   129828.00	        1.00
  8.97	        0.00	    52029.00	 14871441.00	        0.00	   129828.00	        1.00
  8.98	        0.00	    51194.00	 15022185.00	        0.00	   129828.00	        1.00
  8.99	        0.00	    50321.00	 15180331.00	        0.00	   129828.00	        1.00
  9.00	        0.00	    49453.00	 15337775.00	        0.00	   129828.00	        1.00
  9.01	        0.00	    48635.00	 15485533.00	        0.00	   129828.00	        1.00
  9.02	        0.00	    47778.00	 15640804.00	        0.00	   129828.00	        1.00
  9.03	        0.00	    46963.00	 15787917.00	        0.00	   129828.00	        1.00
  9.04	        0.00	    46129.00	 15938849.00	        0.00	   129828.00	        1.00
  9.05	        0.00	    45314.00	 16086054.00	        0.00	   129828.00	        1.00
  9.06	        0.00	    44530.00	 16227133.00	        0.00	   129828.00	        1.00
  9.07	        0.00	    43735.00	 16370582.00	        0.00	   129828.00	        1.00
  9.08	        0.00	    42942.00	 16513810.00	        0.00	   129828.00	        1.00
  9.09	        0.00	    42171.00	 16652770.00	        0.00	   129828.00	        1.00
  9.10	        0.00	    41358.00	 16800189.00	        0.00	   129828.00	        1.00
  9.11	        0.00	    40545.00	 16947727.00	        0.00	   129828.00	        1.00
  9.12	        0.00	    39753.00	 17091161.00	        0.00	   129828.00	        1.00
  9.13	        0.00	    38999.00	 17227275.00	        0.00	   129828.00	        1.00
  9.14	        0.00	    38210.00	 17370493.00	        0.00	   129828.00	        1.00
  9.15	        0.00	    37466.00	 17504787.00	        0.00	   129828.00	        1.00
  9.16	        0.00	    36726.00	 17638463.00	        0.00	   129828.00	        1.00
  9.17	        0.00	    35992.00	 17771083.00	        0.00	   129828.00	        1.00
  9.18	        0.00	    35204.00	 17914467.00	        0.00	   129828.00	        1.00
  9.19	        0.00	    34434.00	 18054414.00	        0.00	   129828.00	        1.00
  9.20	        0.00	    33708.00	 18185530.00	        0.00	   129828.00	        1.00
  9.21	        0.00	    32994.00	 18314711.00	        0.00	   129828.00	        1.00
  9.22	        0.00	    32283.00	 18443103.00	        0.00	   129828.00	        1.00
  9.23	        0.00	    31637.00	 18558957.00	        0.00	   129828.00	        1.00
  9.24	        0.00	    30939.00	 18685302.00	        0.00	   129828.00	        1.00
  9.25	        0.00	    30229.00	 18814381.00	        0.00	   129828.00	        1.00
  9.26	        0.00	    29484.00	 18950429.00	        0.00	   129828.00	        1.00
  9.27	        0.00	    28832.00	 19068147.00	        0.00	   129828.00	        1.00
  9.28	        0.00	    28212.00	 19179257.00	        0.00	   129828.00	        1.00
  9.29	        0.00	    27514.00	 19306318.00	        0.00	   129828.00	        1.00
  9.30	        0.00	    26884.00	 19420014.00	        0.00	   129828.00	        1.00
  9.31	        0.00	    26200.00	 19544530.00	        0.00	   129828.00	        1.00
  9.32	        0.00	    25590.00	 19654388.00	        0.00	   129828.00	        1.00
  9.33	        0.00	    24949.00	 19770380.00	        0.00	   129828.00	        1.00
  9.34	        0.00	    24331.00	 19882307.00	        0.00	   129828.00	        1.00
  9.35	        0.00	    23733.00	 19990305.00	        0.00	   129828.00	        1.00
  9.36	        0.00	    23144.00	 20096390.00	        0.00	   129828.00	        1.00
  9.37	        0.00	    22583.00	 20197363.00	        0.00	   129828.00	        1.00
  9.38	        0.00	    22074.00	 20288024.00	        0.00	   129828.00	        1.00
  9.39	        0.00	    21544.00	 20383135.00	        0.00	   129828.00	        1.00
  9.40	        0.00	    21008.00	 20479526.00	        0.00	   129828.00	        1.00
  9.41	        0.00	    20476.00	 20575415.00	        0.00	   129828.00	        1.00
  9.42	        0.00	    19955.00	 20669440.00	        0.00	   129828.00	        1.00
  9.43	        0.00	    19440.00	 20762227.00	        0.00	   129828.00	        1.00
  9.44	        0.00	    18921.00	 20856123.00	        0.00	   129828.00	        1.00
  9.45	        0.00	    18403.00	 20949778.00	        0.00	   129828.00	        1.00
  9.46	        0.00	    17941.00	 21032370.00	        0.00	   129828.00	        1.00
  9.47	        0.00	    17422.00	 21126594.00	        0.00	   129828.00	        1.00
  9.48	        0.00	    16959.00	 21209889.00	        0.00	   129828.00	        1.00
  9.49	        0.00	    16495.00	 21293558.00	        0.00	   129828.00	        1.00
  9.50	        0.00	    16032.00	 21377036.00	        0.00	   129828.00	        1.00
  9.51	        0.00	    15590.00	 21456420.00	        0.00	   129828.00	        1.00
  9.52	        0.00	    15162.00	 21533277.00	        0.00	   129828.00	        1.00
  9.53	        0.00	    14766.00	 21603882.00	        0.00	   129828.00	        1.00
  9.54	        0.00	    14377.00	 21673310.00	        0.00	   129828.00	        1.00
  9.55	        0.00	    13992.00	 21742018.00	        0.00	   129828.00	        1.00
  9.56	        0.00	    13586.00	 21815121.00	        0.00	   129828.00	        1.00
  9.57	        0.00	    13197.00	 21884824.00	        0.00	   129828.00	        1.00
  9.58	        0.00	    12775.00	 21961317.00	        0.00	   129828.00	        1.00
  9.59	        0.00	    12397.00	 22029324.00	        0.00	   129828.00	        1.00
  9.60	        0.00	    12012.00	 22098782.00	        0.00	   129828.00	        1.00
  9.61	        0.00	    11676.00	 22158479.00	        0.00	   129828.00	        1.00
  9.62	        0.00	    11327.00	 22220976.00	        0.00	   129828.00	        1.00
  9.63	        0.00	    11041.00	 22271148.00	        0.00	   129828.00	        1.00
  9.64	        0.00	    10718.00	 22328805.00	        0.00	   129828.00	        1.00
  9.65	        0.00	    10416.00	 22382376.00	        0.00	   129828.00	        1.00
  9.66	        0.00	    10087.00	 22441418.00	        0.00	   129828.00	        1.00
  9.67	        0.00	     9780.00	 22496285.00	        0.00	   129828.00	        1.00
  9.68	        0.00	     9492.00	 22547474.00	        0.00	   129828.00	        1.00
  9.69	        0.00	     9187.00	 22602251.00	        0.00	   129828.00	        1.00
  9.70	        0.00	     8914.00	 22650557.00	        0.00	   129828.00	        1.00
  9.71	        0.00	     8654.00	 22696539.00	        0.00	   129828.00	        1.00
  9.72	        0.00	     8374.00	 22746679.00	        0.00	   129828.00	        1.00
  9.73	        0.00	     8088.00	 22798195.00	        0.00	   129828.00	        1.00
  9.74	        0.00	     7809.00	 22848426.00	        0.00	   129828.00	        1.00
  9.75	        0.00	     7571.00	 22890470.00	        0.00	   129828.00	        1.00
  9.76	        0.00	     7343.00	 22930537.00	        0.00	   129828.00	        1.00
  9.77	        0.00	     7113.00	 22971299.00	        0.00	   129828.00	        1.00
  9.78	        0.00	     6898.00	 23009170.00	        0.00	   129828.00	        1.00
  9.79	        0.00	     6652.00	 23053392.00	        0.00	   129828.00	        1.00
  9.80	        0.00	     6434.00	 23091964.00	        0.00	   129828.00	        1.00
  9.81	        0.00	     6213.00	 23131321.00	        0.00	   129828.00	        1.00
  9.82	        0.00	     6041.00	 23160980.00	        0.00	   129828.00	        1.00
  9.83	        0.00	     5845.00	 23195601.00	        0.00	   129828.00	        1.00
  9.84	        0.00	     5653.00	 23229567.00	        0.00	   129828.00	        1.00
  9.85	        0.00	     5457.00	 23264237.00	        0.00	   129828.00	        1.00
  9.86	        0.00	     5298.00	 23291763.00	        0.00	   129828.00	        1.00
  9.87	        0.00	     5109.00	 23325387.00	        0.00	   129828.00	        1.00
  9.88	        0.00	     4931.00	 23356884.00	        0.00	   129828.00	        1.00
  9.89	        0.00	     4758.00	 23387453.00	        0.00	   129828.00	        1.00
  9.90	        0.00	     4587.00	 23417685.00	        0.00	   129828.00	        1.00
  9.91	        0.00	     4408.00	 23449711.00	        0.00	   129828.00	        1.00
  9.92	        0.00	     4269.00	 23473796.00	        0.00	   129828.00	        1.00
  9.93	        0.00	     4116.00	 23500737.00	        0.00	   129828.00	        1.00
  9.94	        0.00	     3963.00	 23527798.00	        0.00	   129828.00	        1.00
  9.95	        0.00	     3807.00	 23555471.00	        0.00	   129828.00	        1.00
  9.96	        0.00	     3681.00	 23577242.00	        0.00	   129828.00	        1.00
  9.97	        0.00	     3561.00	 23597923.00	        0.00	   129828.00	        1.00
  9.98	        0.00	     3444.00	 23618022.00	        0.00	   129828.00	        1.00
  9.99	        0.00	     3325.00	 23638548.00	        0.00	   129828.00	        1.00
 10.00	        0.00	     3201.00	 23660128.00	        0.00	   129828.00	        1.00
 10.01	        0.00	     3074.00	 23682410.00	        0.00	   129828.00	        1.00
 10.02	        0.00	     2961.00	 23701948.00	        0.00	   129828.00	        1.00
 10.03	        0.00	     2866.00	 23717952.00	        0.00	   129828.00	        1.00
 10.04	        0.00	     2759.00	 23736453.00	        0.00	   129828.00	        1.00
 10.05	        0.00	     2662.00	 23753049.00	        0.00	   129828.00	        1.00
 10.06	        0.00	     2556.00	 23771388.00	        0.00	   129828.00	        1.00
 10.07	        0.00	     2478.00	 23784245.00	        0.00	   129828.00	        1.00
 10.08	        0.00	     2383.00	 23800545.00	        0.00	   129828.00	        1.00
 10.09	        0.00	     2273.00	 23819957.00	        0.00	   129828.00	        1.00
 10.10	        0.00	     2176.00	 23836787.00	        0.00	   129828.00	        1.00
 10.11	        0.00	     2074.00	 23854637.00	        0.00	   129828.00	        1.00
 10.12	        0.00	     1988.00	 23869391.00	        0.00	   129828.00	        1.00
 10.13	        0.00	     1907.00	 23883155.00	        0.00	   129828.00	        1.00
 10.14	        0.00	     1824.00	 23897527.00	        0.00	   129828.00	        1.00
 10.15	        0.00	     1754.00	 23909250.00	        0.00	   129828.00	        1.00
 10.16	        0.00	     1677.00	 23922369.00	        0.00	   129828.00	        1.00
 10.17	        0.00	     1620.00	 23931577.00	        0.00	   129828.00	        1.00
 10.18	        0.00	     1556.00	 23942224.00	        0.00	   129828.00	        1.00
 10.19	        0.00	     1490.00	 23953265.00	        0.00	   129828.00	        1.00
 10.20	        0.00	     1420.00	 23965176.00	        0.00	   129828.00	        1.00
 10.21	        0.00	     1366.00	 23974028.00	        0.00	   129828.00	        1.00
 10.22	        0.00	     1309.00	 23983490.00	        0.00	   129828.00	        1.00
 10.23	        0.00	     1247.00	 23993901.00	        0.00	   129828.00	        1.00
 10.24	        0.00	     1188.00	 24003678.00	        0.00	   129828.00	        1.00
 10.25	        0.00	     1133.00	 24012790.00	        0.00	   129828.00	        1.00
 10.26	        0.00	     1089.00	 24019711.00	        0.00	   129828.00	        1.00
 10.27	        0.00	     1042.00	 24027290.00	        0.00	   129828.00	        1.00
 10.28	        0.00	     1000.00	 24033910.00	        0.00	   129828.00	        1.00
 10.29	        0.00	      964.00	 24039353.00	        0.00	   129828.00	        1.00
 10.30	        0.00	      918.00	 24046771.00	        0.00	   129828.00	        1.00
 10.31	        0.00	      882.00	 24052295.00	        0.00	   129828.00	        1.00
 10.32	        0.00	      849.00	 24057249.00	        0.00	   129828.00	        1.00
 10.33	        0.00	      808.00	 24063784.00	        0.00	   129828.00	        1.00
 10.34	        0.00	      777.00	 24068379.00	        0.00	   129828.00	        1.00
 10.35	        0.00	      742.00	 24073816.00	        0.00	   129828.00	        1.00
 10.36	        0.00	      709.00	 24078894.00	        0.00	   129828.00	        1.00
 10.37	        0.00	      671.00	 24084958.00	        0.00	   129828.00	        1.00
 10.38	        0.00	      625.00	 24092615.00	        0.00	   129828.00	        1.00
 10.39	        0.00	      601.00	 24095947.00	        0.00	   129828.00	        1.00
 10.40	        0.00	      580.00	 24098715.00	        0.00	   129828.00	        1.00
 10.41	        0.00	      555.00	 24102265.00	        0.00	   129828.00	        1.00
 10.42	        0.00	      520.00	 24107870.00	        0.00	   129828.00	        1.00
 10.43	        0.00	      501.00	 24110298.00	        0.00	   129828.00	        1.00
 10.44	        0.00	      479.00	 24113376.00	        0.00	   129828.00	        1.00
 10.45	        0.00	      461.00	 24115677.00	        0.00	   129828.00	        1.00
 10.46	        0.00	      443.00	 24117910.00	        0.00	   129828.00	        1.00
 10.47	        0.00	      428.00	 24119541.00	        0.00	   129828.00	        1.00
 10.48	        0.00	      403.00	 24123234.00	        0.00	   129828.00	        1.00
 10.49	        0.00	      388.00	 24124988.00	        0.00	   129828.00	        1.00
 10.50	        0.00	      378.00	 24125761.00	        0.00	   129828.00	        1.00
 10.51	        0.00	      364.00	 24127318.00	        0.00	   129828.00	        1.00
 10.52	        0.00	      349.00	 24129084.00	        0.00	   129828.00	        1.00
 10.53	        0.00	      322.00	 24133248.00	        0.00	   129828.00	        1.00
 10.54	        0.00	      307.00	 24135080.00	        0.00	   129828.00	        1.00
 10.55	        0.00	      292.00	 24136916.00	        0.00	   129828.00	        1.00
 10.56	        0.00	      283.00	 24137535.00	        0.00	   129828.00	        1.00
 10.57	        0.00	      272.00	 24138580.00	        0.00	   129828.00	        1.00
 10.58	        0.00	      266.00	 24138625.00	        0.00	   129828.00	        1.00
 10.59	        0.00	      254.00	 24139869.00	        0.00	   129828.00	        1.00
 10.60	        0.00	      244.00	 24140737.00	        0.00	   129828.00	        1.00
 10.61	        0.00	      236.00	 24141207.00	        0.00	   129828.00	        1.00
 10.62	        0.00	      229.00	 24141486.00	        0.00	   129828.00	        1.00
 10.63	        0.00	      221.00	 24141974.00	        0.00	   129828.00	        1.00
 10.64	        0.00	      206.00	 24143925.00	        0.00	   129828.00	        1.00
 10.65	        0.00	      197.00	 24144681.00	        0.00	   129828.00	        1.00
 10.66	        0.00	      191.00	 24144828.00	        0.00	   129828.00	        1.00
 10.67	        0.00	      183.00	 24145420.00	        0.00	   129828.00	        1.00
 10.68	        0.00	      175.00	 24145996.00	        0.00	   129828.00	        1.00
 10.69	        0.00	      171.00	 24145749.00	        0.00	   129828.00	        1.00
 10.70	        0.00	      156.00	 24147742.00	        0.00	   129828.00	        1.00
 10.71	        0.00	      148.00	 24148324.00	        0.00	   129828.00	        1.00
 10.72	        0.00	      141.00	 24148735.00	        0.00	   129828.00	        1.00
 10.73	        0.00	      132.00	 24149541.00	        0.00	   129828.00	        1.00
 10.74	        0.00	      124.00	 24150185.00	        0.00	   129828.00	        1.00
 10.75	        0.00	      119.00	 24150171.00	        0.00	   129828.00	        1.00
 10.76	        0.00	      116.00	 24149778.00	        0.00	   129828.00	        1.00
 10.77	        0.00	      110.00	 24149998.00	        0.00	   129828.00	        1.00
 10.78	        0.00	      108.00	 24149474.00	        0.00	   129828.00	        1.00
 10.79	        0.00	      102.00	 24149715.00	        0.00	   129828.00	        1.00
 10.80	        0.00	       97.00	 24149758.00	        0.00	   129828.00	        1.00
 10.81	        0.00	       93.00	 24149656.00	        0.00	   129828.00	        1.00
 10.82	        0.00	       86.00	 24150101.00	        0.00	   129828.00	        1.00
 10.83	        0.00	       81.00	 24150172.00	        0.00	   129828.00	        1.00
 10.84	        0.00	       77.00	 24149980.00	        0.00	   129828.00	        1.00
 10.85	        0.00	       73.00	 24149855.00	        0.00	   129828.00	        1.00
 10.86	        0.00	       73.00	 24148988.00	        0.00	   129828.00	        1.00
 10.87	        0.00	       69.00	 24148844.00	        0.00	   129828.00	        1.00
 10.88	        0.00	       66.00	 24148563.00	        0.00	   129828.00	        1.00
 10.89	        0.00	       61.00	 24148670.00	        0.00	   129828.00	        1.00
 10.90	        0.00	       60.00	 24147956.00	        0.00	   129828.00	        1.00
 10.91	        0.00	       58.00	 24147509.00	        0.00	   129828.00	        1.00
 10.92	        0.00	       57.00	 24146874.00	        0.00	   129828.00	        1.00
 10.93	        0.00	       54.00	 24146642.00	        0.00	   129828.00	        1.00
 10.94	        0.00	       51.00	 24146419.00	        0.00	   129828.00	        1.00
 10.95	        0.00	       48.00	 24146108.00	        0.00	   129828.00	        1.00
 10.96	        0.00	       48.00	 24145283.00	        0.00	   129828.00	        1.00
 10.97	        0.00	       48.00	 24144378.00	        0.00	   129828.00	        1.00
 10.98	        0.00	       45.00	 24144125.00	        0.00	   129828.00	        1.00
 10.99	        0.00	       43.00	 24143663.00	        0.00	   129828.00	        1.00
 11.00	        0.00	       37.00	 24143989.00	        0.00	   129828.00	        1.00
 11.01	        0.00	       35.00	 24143462.00	        0.00	   129828.00	        1.00
 11.02	        0.00	       34.00	 24142780.00	        0.00	   129828.00	        1.00
 11.03	        0.00	       34.00	 24141927.00	        0.00	   129828.00	        1.00
 11.04	        0.00	       33.00	 24141304.00	        0.00	   129828.00	        1.00
 11.05	        0.00	       32.00	 24140632.00	        0.00	   129828.00	        1.00
 11.06	        0.00	       30.00	 24140193.00	        0.00	   129828.00	        1.00
 11.07	        0.00	       29.00	 24139556.00	        0.00	   129828.00	        1.00
 11.08	        0.00	       29.00	 24138730.00	        0.00	   129828.00	        1.00
 11.09	        0.00	       28.00	 24138128.00	        0.00	   129828.00	        1.00
 11.10	        0.00	       28.00	 24137269.00	        0.00	   129828.00	        1.00
 11.11	        0.00	       27.00	 24136646.00	        0.00	   129828.00	        1.00
 11.12	        0.00	       27.00	 24135803.00	        0.00	   129828.00	        1.00
 11.13	        0.00	       27.00	 24134992.00	        0.00	   129828.00	        1.00
 11.14	        0.00	       27.00	 24134147.00	        0.00	   129828.00	        1.00
 11.15	        0.00	       26.00	 24133499.00	        0.00	   129828.00	        1.00
 11.16	        0.00	       26.00	 24132684.00	        0.00	   129828.00	        1.00
 11.17	        0.00	       26.00	 24131833.00	        0.00	   129828.00	        1.00
 11.18	        0.00	       23.00	 24131595.00	        0.00	   129828.00	        1.00
 11.19	        0.00	       22.00	 24131029.00	        0.00	   129828.00	        1.00
 11.20	        0.00	       22.00	 24130158.00	        0.00	   129828.00	        1.00
 11.21	        0.00	       19.00	 24129918.00	        0.00	   129828.00	        1.00
 11.22	        0.00	       19.00	 24129109.00	        0.00	   129828.00	        1.00
 11.23	        0.00	       18.00	 24128444.00	        0.00	   129828.00	        1.00
 11.24	        0.00	       17.00	 24127897.00	        0.00	   129828.00	        1.00
 11.25	        0.00	       14.00	 24127660.00	        0.00	   129828.00	        1.00
 11.26	        0.00	       13.00	 24127057.00	        0.00	   129828.00	        1.00
 11.27	        0.00	       12.00	 24126445.00	        0.00	   129828.00	        1.00
 11.28	        0.00	       12.00	 24125612.00	        0.00	   129828.00	        1.00
 11.29	        0.00	       12.00	 24124810.00	        0.00	   129828.00	        1.00
 11.30	        0.00	       10.00	 24124445.00	        0.00	   129828.00	        1.00
 11.31	        0.00	        9.00	 24123840.00	        0.00	   129828.00	        1.00
 11.32	        0.00	        9.00	 24123074.00	        0.00	   129828.00	        1.00
 11.33	        0.00	        8.00	 24122471.00	        0.00	   129828.00	        1.00
 11.34	        0.00	        8.00	 24121652.00	        0.00	   129828.00	        1.00
 11.35	        0.00	        8.00	 24120893.00	        0.00	   129828.00	        1.00
 11.36	        0.00	        8.00	 24120100.00	        0.00	   129828.00	        1.00
 11.37	        0.00	        7.00	 24119523.00	        0.00	   129828.00	        1.00
 11.38	        0.00	        6.00	 24118901.00	        0.00	   129828.00	        1.00
 11.39	        0.00	        5.00	 24118290.00	        0.00	   129828.00	        1.00
 11.40	        0.00	        5.00	 24117552.00	        0.00	   129828.00	        1.00
 11.41	        0.00	        5.00	 24116811.00	        0.00	   129828.00	        1.00
 11.42	        0.00	        5.00	 24116031.00	        0.00	   129828.00	        1.00
 11.43	        0.00	        5.00	 24115295.00	        0.00	   129828.00	        1.00
 11.44	        0.00	        5.00	 24114508.00	        0.00	   129828.00	        1.00
 11.45	        0.00	        4.00	 24113951.00	        0.00	   129828.00	        1.00
 11.46	        0.00	        4.00	 24113190.00	        0.00	   129828.00	        1.00
 11.47	        0.00	        4.00	 24112407.00	        0.00	   129828.00	        1.00
 11.48	        0.00	        4.00	 24111613.00	        0.00	   129828.00	        1.00
 11.49	        0.00	        3.00	 24111048.00	        0.00	   129828.00	        1.00
 11.50	        0.00	        3.00	 24110285.00	        0.00	   129828.00	        1.00
 11.51	        0.00	        3.00	 24109531.00	        0.00	   129828.00	        1.00
 11.52	        0.00	        2.00	 24108953.00	        0.00	   129828.00	        1.00
 11.53	        0.00	        2.00	 24108129.00	        0.00	   129828.00	        1.00
 11.54	        0.00	        1.00	 24107541.00	        0.00	   129828.00	        1.00
 11.55	        0.00	        1.00	 24106798.00	        0.00	   129828.00	        1.00
 11.56	        0.00	        1.00	 24106004.00	        0.00	   129828.00	        1.00
 11.57	        0.00	        1.00	 24105290.00	        0.00	   129828.00	        1.00
 11.58	        0.00	        1.00	 24104493.00	        0.00	   129828.00	        1.00
 11.59	        0.00	        1.00	 24103754.00	        0.00	   129828.00	        1.00
 11.60	        0.00	        1.00	 24102975.00	        0.00	   129828.00	        1.00
 11.61	        0.00	        1.00	 24102173.00	        0.00	   129828.00	        1.00
 11.62	        0.00	        1.00	 24101445.00	        0.00	   129828.00	        1.00
 11.63	        0.00	        1.00	 24100672.00	        0.00	   129828.00	        1.00
 11.64	        0.00	        1.00	 24099861.00	        0.00	   129828.00	        1.00
 11.65	        0.00	        1.00	 24099101.00	        0.00	   129828.00	        1.00
 11.66	        0.00	        1.00	 24098322.00	        0.00	   129828.00	        1.00
 11.67	        0.00	        0.00	 24097712.00	        0.00	   129828.00	        0.00
