Datatype: PopulationSize
  0.00	        1.00	        0.00	        0.00	        1.00	        0.00	        1.00
  0.01	        1.00	        0.00	        0.00	        1.00	        0.00	        1.00
  0.02	        1.00	        0.00	        0.00	        1.00	        0.00	        1.00
  0.03	        1.00	        0.00	        0.00	        1.00	        0.00	        1.00
  0.04	        1.00	        0.00	        0.00	        1.00	        0.00	        1.00
  0.05	        1.00	        0.00	        0.00	        1.00	        0.00	        1.00
  0.06	        1.00	        0.00	        0.00	        1.00	        0.00	        1.00
  0.07	        1.00	        0.00	        0.00	        1.00	        0.00	        1.00
  0.08	        1.00	        0.00	        0.00	        1.00	        0.00	        1.00
  0.09	        1.00	        0.00	        0.00	        1.00	        0.00	        1.00
  0.10	        1.00	        0.00	        0.00	        1.00	        0.00	        1.00
  0.11	        1.00	        0.00	        0.00	        1.00	        0.00	        1.00
  0.12	        1.00	        0.00	        0.00	        1.00	        0.00	        1.00
  0.13	        1.00	        0.00	        0.00	        1.00	        0.00	        1.00
  0.14	        1.00	        0.00	        0.00	        1.00	        0.00	        1.00
  0.15	        1.00	        0.00	        0.00	        1.00	        0.00	        1.00
  0.16	        1.00	        0.00	        0.00	        1.00	        0.00	        1.00
  0.17	        1.00	        0.00	        0.00	        1.00	        0.00	        1.00
  0.18	        1.00	        0.00	        0.00	        1.00	        0.00	        1.00
  0.19	        1.00	        0.00	        0.00	        1.00	        0.00	        1.00
  0.20	        1.00	        0.00	        0.00	        1.00	        0.00	        1.00
  0.21	        1.00	        0.00	        0.00	        1.00	        0.00	        1.00
  0.22	        1.00	        0.00	        0.00	        1.00	        0.00	        1.00
  0.23	        1.00	        0.00	        0.00	        1.00	        0.00	        1.00
  0.24	        1.00	        0.00	        0.00	        1.00	        0.00	        1.00
  0.25	        1.00	        0.00	        0.00	        1.00	        0.00	        1.00
  0.26	        1.00	        0.00	        0.00	        1.00	        0.00	        1.00
  0.27	        1.00	        0.00	        0.00	        1.00	        0.00	        1.00
  0.28	        1.00	        0.00	        0.00	        1.00	        0.00	        1.00
  0.29	        1.00	        0.00	        0.00	        1.00	        0.00	        1.00
  0.30	        1.00	        0.00	        0.00	        1.00	        0.00	        1.00
  0.31	        1.00	        0.00	        0.00	        1.00	        0.00	        1.00
  0.32	        1.00	        0.00	        0.00	        1.00	        0.00	        1.00
  0.33	        1.00	        0.00	        0.00	        1.00	        0.00	        1.00
  0.34	        1.00	        0.00	        0.00	        1.00	        0.00	        1.00
  0.35	        1.00	        0.00	        0.00	        1.00	        0.00	        1.00
  0.36	        1.00	        0.00	        0.00	        1.00	        0.00	        1.00
  0.37	        1.00	        0.00	        0.00	        1.00	        0.00	        1.00
  0.38	        2.00	        0.00	        0.00	        1.00	        1.00	        1.00
  0.39	        2.00	        0.00	        0.00	        1.00	        1.00	        1.00
  0.40	        2.00	        0.00	        0.00	        1.00	        1.00	        1.00
  0.41	        2.00	        0.00	        0.00	        1.00	        1.00	        1.00
  0.42	        2.00	        0.00	        0.00	        1.00	        1.00	        1.00
  0.43	        2.00	        0.00	        0.00	        1.00	        1.00	        1.00
  0.44	        2.00	        0.00	        0.00	        1.00	        1.00	        1.00
  0.45	        2.00	        0.00	        0.00	        1.00	        1.00	        1.00
  0.46	        2.00	        0.00	        0.00	        1.00	        1.00	        1.00
  0.47	        2.00	        0.00	        0.00	        1.00	        1.00	        1.00
  0.48	        2.00	        0.00	        0.00	        1.00	        1.00	        1.00
  0.49	        2.00	        0.00	        0.00	        1.00	        1.00	        1.00
  0.50	        2.00	        0.00	        0.00	        1.00	        1.00	        1.00
  0.51	        2.00	        0.00	        0.00	        1.00	        1.00	        1.00
  0.52	        2.00	        0.00	        0.00	        1.00	        1.00	        1.00
  0.53	        2.00	        0.00	        0.00	        1.00	        1.00	        1.00
  0.54	        2.00	        0.00	        0.00	        1.00	        1.00	        1.00
  0.55	        2.00	        0.00	        0.00	        1.00	        1.00	        1.00
  0.56	        2.00	        0.00	        0.00	        1.00	        1.00	        1.00
  0.57	        2.00	        0.00	        0.00	        1.00	        1.00	        1.00
  0.58	        2.00	        0.00	        0.00	        1.00	        1.00	        1.00
  0.59	        2.00	        0.00	        0.00	        1.00	        1.00	        1.00
  0.60	        2.00	        0.00	        0.00	        1.00	        1.00	        1.00
  0.61	        2.00	        0.00	        0.00	        1.00	        1.00	        1.00
  0.62	        2.00	        0.00	        0.00	        1.00	        1.00	        1.00
  0.63	        2.00	        0.00	        0.00	        1.00	        1.00	        1.00
  0.64	        2.00	        0.00	        0.00	        1.00	        1.00	        1.00
  0.65	        2.00	        0.00	        0.00	        1.00	        1.00	        1.00
  0.66	        2.00	        0.00	        0.00	        1.00	        1.00	        1.00
  0.67	        2.00	        0.00	        0.00	        1.00	        1.00	        1.00
  0.68	        2.00	        0.00	        0.00	        1.00	        1.00	        1.00
  0.69	        2.00	        0.00	        0.00	        1.00	        1.00	        1.00
  0.70	        2.00	        0.00	        0.00	        1.00	        1.00	        1.00
  0.71	        2.00	        0.00	        0.00	        1.00	        1.00	        1.00
  0.72	        2.00	        0.00	        0.00	        1.00	        1.00	        1.00
  0.73	        2.00	        0.00	        0.00	        1.00	        1.00	        1.00
  0.74	        2.00	        0.00	        0.00	        1.00	        1.00	        1.00
  0.75	        2.00	        0.00	        0.00	        1.00	        1.00	        1.00
  0.76	        2.00	        0.00	        0.00	        1.00	        1.00	        1.00
  0.77	        2.00	        0.00	        0.00	        1.00	        1.00	        1.00
  0.78	        2.00	        0.00	        0.00	        1.00	        1.00	        1.00
  0.79	        2.00	        0.00	        0.00	        1.00	        1.00	        1.00
  0.80	        2.00	        0.00	        0.00	        1.00	        1.00	        1.00
  0.81	        2.00	        0.00	        0.00	        1.00	        1.00	        1.00
  0.82	        2.00	        0.00	        0.00	        1.00	        1.00	        1.00
  0.83	        3.00	        0.00	        0.00	        1.00	        2.00	        1.00
  0.84	        3.00	        0.00	        0.00	        1.00	        2.00	        1.00
  0.85	        3.00	        0.00	        0.00	        1.00	        2.00	        1.00
  0.86	        3.00	        0.00	        0.00	        1.00	        2.00	        1.00
  0.87	        3.00	        0.00	        0.00	        1.00	        2.00	        1.00
  0.88	        3.00	        0.00	        0.00	        1.00	        2.00	        1.00
  0.89	        3.00	        0.00	        0.00	        1.00	        2.00	        1.00
  0.90	        3.00	        0.00	        0.00	        1.00	        2.00	        1.00
  0.91	        3.00	        0.00	        0.00	        1.00	        2.00	        1.00
  0.92	        3.00	        0.00	        0.00	        1.00	        2.00	        1.00
  0.93	        3.00	        0.00	        0.00	        1.00	        2.00	        1.00
  0.94	        3.00	        0.00	        0.00	        1.00	        2.00	        1.00
  0.95	        3.00	        0.00	        0.00	        1.00	        2.00	        1.00
  0.96	        3.00	        0.00	        0.00	        1.00	        2.00	        1.00
  0.97	        3.00	        0.00	        0.00	        1.00	        2.00	        1.00
  0.98	        3.00	        0.00	        0.00	        1.00	        2.00	        1.00
  0.99	        3.00	        0.00	        0.00	        1.00	        2.00	        1.00
  1.00	        3.00	        0.00	        0.00	        1.00	        2.00	        1.00
  1.01	        3.00	        0.00	        0.00	        1.00	        2.00	        1.00
  1.02	        3.00	        0.00	        0.00	        1.00	        2.00	        1.00
  1.03	        3.00	        0.00	        0.00	        1.00	        2.00	        1.00
  1.04	        3.00	        0.00	        0.00	        1.00	        2.00	        1.00
  1.05	        3.00	        0.00	        0.00	        1.00	        2.00	        1.00
  1.06	        3.00	        0.00	        0.00	        1.00	        2.00	        1.00
  1.07	        3.00	        0.00	        0.00	        1.00	        2.00	        1.00
  1.08	        3.00	        0.00	        0.00	        1.00	        2.00	        1.00
  1.09	        3.00	        0.00	        0.00	        1.00	        2.00	        1.00
  1.10	        3.00	        0.00	        0.00	        1.00	        2.00	        1.00
  1.11	        3.00	        0.00	        0.00	        1.00	        2.00	        1.00
  1.12	        3.00	        0.00	        0.00	        1.00	        2.00	        1.00
  1.13	        3.00	        0.00	        0.00	        1.00	        2.00	        1.00
  1.14	        3.00	        0.00	        0.00	        1.00	        2.00	        1.00
  1.15	        3.00	        0.00	        0.00	        1.00	        2.00	        1.00
  1.16	        3.00	        0.00	        0.00	        1.00	        2.00	        1.00
  1.17	        3.00	        0.00	        0.00	        1.00	        2.00	        1.00
  1.18	        3.00	        0.00	        0.00	        1.00	        2.00	        1.00
  1.19	        3.00	        0.00	        0.00	        1.00	        2.00	        1.00
  1.20	        3.00	        0.00	        0.00	        1.00	        2.00	        1.00
  1.21	        3.00	        0.00	        0.00	        1.00	        2.00	        1.00
  1.22	        3.00	        0.00	        0.00	        1.00	        2.00	        1.00
  1.23	        3.00	        0.00	        0.00	        1.00	        2.00	        1.00
  1.24	        3.00	        0.00	        0.00	        1.00	        2.00	        1.00
  1.25	        3.00	        0.00	        0.00	        1.00	        2.00	        1.00
  1.26	        3.00	        0.00	        0.00	        1.00	        2.00	        1.00
  1.27	        3.00	        0.00	        0.00	        1.00	        2.00	        1.00
  1.28	        3.00	        0.00	        0.00	        1.00	        2.00	        1.00
  1.29	        3.00	        0.00	        0.00	        1.00	        2.00	        1.00
  1.30	        3.00	        0.00	        0.00	        1.00	        2.00	        1.00
  1.31	        3.00	        0.00	        0.00	        1.00	        2.00	        1.00
  1.32	        3.00	        0.00	        0.00	        1.00	        2.00	        1.00
  1.33	        3.00	        0.00	        0.00	        1.00	        2.00	        1.00
  1.34	        4.00	        0.00	        0.00	        1.00	        3.00	        1.00
  1.35	        4.00	        0.00	        0.00	        1.00	        3.00	        1.00
  1.36	        4.00	        0.00	        0.00	        1.00	        3.00	        1.00
  1.37	        4.00	        0.00	        0.00	        1.00	        3.00	        1.00
  1.38	        4.00	        0.00	        0.00	        1.00	        3.00	        1.00
  1.39	        4.00	        0.00	        0.00	        1.00	        3.00	        1.00
  1.40	        5.00	        0.00	        0.00	        1.00	        4.00	        1.00
  1.41	        5.00	        0.00	        0.00	        1.00	        4.00	        1.00
  1.42	        5.00	        0.00	        0.00	        1.00	        4.00	        1.00
  1.43	        5.00	        0.00	        0.00	        1.00	        4.00	        1.00
  1.44	        5.00	        0.00	        0.00	        1.00	        4.00	        1.00
  1.45	        5.00	        0.00	        0.00	        1.00	        4.00	        1.00
  1.46	        5.00	        0.00	        0.00	        1.00	        4.00	        1.00
  1.47	        5.00	        0.00	        0.00	        1.00	        4.00	        1.00
  1.48	        5.00	        0.00	        0.00	        1.00	        4.00	        1.00
  1.49	        5.00	        0.00	        0.00	        1.00	        4.00	        1.00
  1.50	        5.00	        0.00	        0.00	        1.00	        4.00	        1.00
  1.51	        5.00	        0.00	        0.00	        1.00	        4.00	        1.00
  1.52	        5.00	        0.00	        0.00	        1.00	        4.00	        1.00
  1.53	        5.00	        0.00	        0.00	        1.00	        4.00	        1.00
  1.54	        5.00	        0.00	        0.00	        1.00	        4.00	        1.00
  1.55	        5.00	        0.00	        0.00	        1.00	        4.00	        1.00
  1.56	        5.00	        0.00	        0.00	        1.00	        4.00	        1.00
  1.57	        5.00	        0.00	        0.00	        1.00	        4.00	        1.00
  1.58	        5.00	        0.00	        0.00	        1.00	        4.00	        1.00
  1.59	        5.00	        0.00	        0.00	        1.00	        4.00	        1.00
  1.60	        5.00	        0.00	        0.00	        1.00	        4.00	        1.00
  1.61	        5.00	        0.00	        0.00	        1.00	        4.00	        1.00
  1.62	        5.00	        0.00	        0.00	        1.00	        4.00	        1.00
  1.63	        5.00	        0.00	        0.00	        1.00	        4.00	        1.00
  1.64	        5.00	        0.00	        0.00	        1.00	        4.00	        1.00
  1.65	        5.00	        0.00	        0.00	        1.00	        4.00	        1.00
  1.66	        5.00	        0.00	        0.00	        1.00	        4.00	        1.00
  1.67	        5.00	        0.00	        0.00	        1.00	        4.00	        1.00
  1.68	        5.00	        0.00	        0.00	        1.00	        4.00	        1.00
  1.69	        5.00	        0.00	        0.00	        1.00	        4.00	        1.00
  1.70	        6.00	        0.00	        0.00	        1.00	        5.00	        1.00
  1.71	        6.00	        0.00	        0.00	        1.00	        5.00	        1.00
  1.72	        6.00	        0.00	        0.00	        1.00	        5.00	        1.00
  1.73	        6.00	        0.00	        0.00	        1.00	        5.00	        1.00
  1.74	        6.00	        0.00	        0.00	        1.00	        5.00	        1.00
  1.75	        6.00	        0.00	        0.00	        1.00	        5.00	        1.00
  1.76	        7.00	        0.00	        0.00	        1.00	        6.00	        1.00
  1.77	        7.00	        0.00	        0.00	        1.00	        6.00	        1.00
  1.78	        7.00	        0.00	        0.00	        1.00	        6.00	        1.00
  1.79	        7.00	        0.00	        0.00	        1.00	        6.00	        1.00
  1.80	        7.00	        0.00	        0.00	        1.00	        6.00	        1.00
  1.81	        7.00	        0.00	        0.00	        1.00	        6.00	        1.00
  1.82	        7.00	        0.00	        0.00	        1.00	        6.00	        1.00
  1.83	        7.00	        0.00	        0.00	        1.00	        6.00	        1.00
  1.84	        7.00	        0.00	        0.00	        1.00	        6.00	        1.00
  1.85	        7.00	        0.00	        0.00	        1.00	        6.00	        1.00
  1.86	        7.00	        0.00	        0.00	        1.00	        6.00	        1.00
  1.87	        7.00	        0.00	        0.00	        1.00	        6.00	        1.00
  1.88	        8.00	        0.00	        0.00	        1.00	        7.00	        1.00
  1.89	        8.00	        0.00	        0.00	        1.00	        7.00	        1.00
  1.90	        8.00	        0.00	        0.00	        1.00	        7.00	        1.00
  1.91	        8.00	        0.00	        0.00	        1.00	        7.00	        1.00
  1.92	        8.00	        0.00	        0.00	        1.00	        7.00	        1.00
  1.93	        8.00	        0.00	        0.00	        1.00	        7.00	        1.00
  1.94	        8.00	        0.00	        0.00	        1.00	        7.00	        1.00
  1.95	        8.00	        0.00	        0.00	        1.00	        7.00	        1.00
  1.96	        8.00	        0.00	        0.00	        1.00	        7.00	        1.00
  1.97	        9.00	        0.00	        0.00	        1.00	        8.00	        1.00
  1.98	        9.00	        0.00	        0.00	        1.00	        8.00	        1.00
  1.99	        9.00	        0.00	        0.00	        1.00	        8.00	        1.00
  2.00	        9.00	        0.00	        0.00	        1.00	        8.00	        1.00
  2.01	        9.00	        0.00	        0.00	        1.00	        8.00	        1.00
  2.02	        9.00	        0.00	        0.00	        1.00	        8.00	        1.00
  2.03	       10.00	        0.00	        0.00	        1.00	        9.00	        1.00
  2.04	       10.00	        0.00	        0.00	        1.00	        9.00	        1.00
  2.05	       10.00	        0.00	        0.00	        1.00	        9.00	        1.00
  2.06	       10.00	        0.00	        0.00	        1.00	        9.00	        1.00
  2.07	       10.00	        0.00	        0.00	        1.00	        9.00	        1.00
  2.08	       10.00	        0.00	        0.00	        1.00	        9.00	        1.00
  2.09	       10.00	        0.00	        0.00	        1.00	        9.00	        1.00
  2.10	       10.00	        0.00	        0.00	        1.00	        9.00	        1.00
  2.11	       10.00	        0.00	        0.00	        1.00	        9.00	        1.00
  2.12	       10.00	        0.00	        0.00	        1.00	        9.00	        1.00
  2.13	       11.00	        0.00	        0.00	        1.00	       10.00	        1.00
  2.14	       11.00	        0.00	        0.00	        1.00	       10.00	        1.00
  2.15	       11.00	        0.00	        0.00	        1.00	       10.00	        1.00
  2.16	       11.00	        0.00	        0.00	        1.00	       10.00	        1.00
  2.17	       11.00	        0.00	        0.00	        1.00	       10.00	        1.00
  2.18	       11.00	        0.00	        0.00	        1.00	       10.00	        1.00
  2.19	       11.00	        0.00	        0.00	        1.00	       10.00	        1.00
  2.20	       11.00	        0.00	        0.00	        1.00	       10.00	        1.00
  2.21	       11.00	        0.00	        0.00	        1.00	       10.00	        1.00
  2.22	       11.00	        0.00	        0.00	        1.00	       10.00	        1.00
  2.23	       11.00	        0.00	        0.00	        1.00	       10.00	        1.00
  2.24	       11.00	        0.00	        0.00	        1.00	       10.00	        1.00
  2.25	       12.00	        0.00	        0.00	        1.00	       11.00	        1.00
  2.26	       12.00	        0.00	        0.00	        1.00	       11.00	        1.00
  2.27	       12.00	        0.00	        0.00	        1.00	       11.00	        1.00
  2.28	       13.00	        0.00	        0.00	        1.00	       12.00	        1.00
  2.29	       13.00	        0.00	        0.00	        1.00	       12.00	        1.00
  2.30	       13.00	        0.00	        0.00	        1.00	       12.00	        1.00
  2.31	       13.00	        0.00	        0.00	        1.00	       12.00	        1.00
  2.32	       13.00	        0.00	        0.00	        1.00	       12.00	        1.00
  2.33	       13.00	        0.00	        0.00	        1.00	       12.00	        1.00
  2.34	       13.00	        0.00	        0.00	        1.00	       12.00	        1.00
  2.35	       13.00	        0.00	        0.00	        1.00	       12.00	        1.00
  2.36	       14.00	        0.00	        0.00	        1.00	       13.00	        1.00
  2.37	       14.00	        0.00	        0.00	        1.00	       13.00	        1.00
  2.38	       14.00	        0.00	        0.00	        1.00	       13.00	        1.00
  2.39	       14.00	        0.00	        0.00	        1.00	       13.00	        1.00
  2.40	       14.00	        0.00	        0.00	        1.00	       13.00	        1.00
  2.41	       14.00	        0.00	        0.00	        1.00	       13.00	        1.00
  2.42	       14.00	        0.00	        0.00	        1.00	       13.00	        1.00
  2.43	       14.00	        0.00	        0.00	        1.00	       13.00	        1.00
  2.44	       14.00	        0.00	        0.00	        1.00	       13.00	        1.00
  2.45	       14.00	        0.00	        0.00	        1.00	       13.00	        1.00
  2.46	       14.00	        0.00	        0.00	        1.00	       13.00	        1.00
  2.47	       14.00	        0.00	        0.00	        1.00	       13.00	        1.00
  2.48	       14.00	        0.00	        0.00	        1.00	       13.00	        1.00
  2.49	       14.00	        0.00	        0.00	        1.00	       13.00	        1.00
  2.50	       14.00	        0.00	        0.00	        1.00	       13.00	        1.00
  2.51	       14.00	        0.00	        0.00	        1.00	       13.00	        1.00
  2.52	       14.00	        0.00	        0.00	        1.00	       13.00	        1.00
  2.53	       14.00	        0.00	        0.00	        1.00	       13.00	        1.00
  2.54	       14.00	        0.00	        0.00	        1.00	       13.00	        1.00
  2.55	       14.00	        0.00	        0.00	        1.00	       13.00	        1.00
  2.56	       14.00	        0.00	        0.00	        1.00	       13.00	        1.00
  2.57	       14.00	        0.00	        0.00	        1.00	       13.00	        1.00
  2.58	       15.00	        0.00	        0.00	        1.00	       14.00	        1.00
  2.59	       15.00	        0.00	        0.00	        1.00	       14.00	        1.00
  2.60	       15.00	        0.00	        0.00	        1.00	       14.00	        1.00
  2.61	       15.00	        0.00	        0.00	        1.00	       14.00	        1.00
  2.62	       16.00	        0.00	        0.00	        1.00	       15.00	        1.00
  2.63	       17.00	        0.00	        0.00	        1.00	       16.00	        1.00
  2.64	       18.00	        0.00	        0.00	        1.00	       17.00	        1.00
  2.65	       19.00	        0.00	        0.00	        1.00	       18.00	        1.00
  2.66	       19.00	        0.00	        0.00	        1.00	       18.00	        1.00
  2.67	       20.00	        0.00	        0.00	        1.00	       19.00	        1.00
  2.68	       20.00	        0.00	        0.00	        1.00	       19.00	        1.00
  2.69	       22.00	        0.00	        0.00	        1.00	       21.00	        1.00
  2.70	       22.00	        0.00	        0.00	        1.00	       21.00	        1.00
  2.71	       22.00	        0.00	        0.00	        1.00	       21.00	        1.00
  2.72	       22.00	        0.00	        0.00	        1.00	       21.00	        1.00
  2.73	       22.00	        0.00	        0.00	        1.00	       21.00	        1.00
  2.74	       22.00	        0.00	        0.00	        1.00	       21.00	        1.00
  2.75	       22.00	        0.00	        0.00	        1.00	       21.00	        1.00
  2.76	       23.00	        0.00	        0.00	        1.00	       22.00	        1.00
  2.77	       23.00	        0.00	        0.00	        1.00	       22.00	        1.00
  2.78	       24.00	        0.00	        0.00	        1.00	       23.00	        1.00
  2.79	       25.00	        0.00	        0.00	        1.00	       24.00	        1.00
  2.80	       25.00	        0.00	        0.00	        1.00	       24.00	        1.00
  2.81	       25.00	        0.00	        0.00	        1.00	       24.00	        1.00
  2.82	       25.00	        0.00	        0.00	        1.00	       24.00	        1.00
  2.83	       25.00	        0.00	        0.00	        1.00	       24.00	        1.00
  2.84	       25.00	        0.00	        0.00	        1.00	       24.00	        1.00
  2.85	       26.00	        0.00	        0.00	        1.00	       25.00	        1.00
  2.86	       26.00	        0.00	        0.00	        1.00	       25.00	        1.00
  2.87	       26.00	        0.00	        0.00	        1.00	       25.00	        1.00
  2.88	       26.00	        0.00	        0.00	        1.00	       25.00	        1.00
  2.89	       26.00	        0.00	        0.00	        1.00	       25.00	        1.00
  2.90	       28.00	        0.00	        0.00	        1.00	       27.00	        1.00
  2.91	       30.00	        0.00	        0.00	        1.00	       29.00	        1.00
  2.92	       32.00	        0.00	        0.00	        1.00	       31.00	        1.00
  2.93	       33.00	        0.00	        0.00	        1.00	       32.00	        1.00
  2.94	       34.00	        0.00	        0.00	        1.00	       33.00	        1.00
  2.95	       34.00	        0.00	        0.00	        1.00	       33.00	        1.00
  2.96	       34.00	        0.00	        0.00	        1.00	       33.00	        1.00
  2.97	       34.00	        0.00	        0.00	        1.00	       33.00	        1.00
  2.98	       35.00	        0.00	        0.00	        1.00	       34.00	        1.00
  2.99	       35.00	        0.00	        0.00	        1.00	       34.00	        1.00
  3.00	       35.00	        0.00	   599998.00	        1.00	       34.00	        1.00
  3.01	       35.00	        0.00	   599982.00	        1.00	       34.00	        1.00
  3.02	       37.00	        0.00	   599972.00	        1.00	       36.00	        1.00
  3.03	       38.00	        0.00	   599961.00	        1.00	       37.00	        1.00
  3.04	       38.00	        0.00	   599949.00	        1.00	       37.00	        1.00
  3.05	       38.00	        0.00	   599931.00	        1.00	       37.00	        1.00
  3.06	       38.00	        0.00	   599910.00	        1.00	       37.00	        1.00
  3.07	       38.00	        0.00	   599899.00	        1.00	       37.00	        1.00
  3.08	       40.00	        0.00	   599884.00	        1.00	       39.00	        1.00
  3.09	       40.00	        0.00	   599867.00	        1.00	       39.00	        1.00
  3.10	       40.00	        0.00	   599838.00	        1.00	       39.00	        1.00
  3.11	       41.00	        0.00	   599818.00	        1.00	       40.00	        1.00
  3.12	       42.00	        0.00	   599803.00	        1.00	       41.00	        1.00
  3.13	       43.00	        0.00	   599792.00	        1.00	       42.00	        1.00
  3.14	       45.00	        0.00	   599777.00	        1.00	       44.00	        1.00
  3.15	       47.00	        0.00	   599765.00	        1.00	       46.00	        1.00
  3.16	       48.00	        0.00	   599741.00	        1.00	       47.00	        1.00
  3.17	       48.00	        0.00	   599727.00	        1.00	       47.00	        1.00
  3.18	       49.00	        0.00	   599705.00	        1.00	       48.00	        1.00
  3.19	       49.00	        0.00	   599692.00	        1.00	       48.00	        1.00
  3.20	       50.00	        0.00	   599677.00	        1.00	       49.00	        1.00
  3.21	       52.00	        0.00	   599661.00	        1.00	       51.00	        1.00
  3.22	       54.00	        0.00	   599639.00	        1.00	       53.00	        1.00
  3.23	       55.00	        0.00	   599625.00	        1.00	       54.00	        1.00
  3.24	       56.00	        0.00	   599603.00	        1.00	       55.00	        1.00
  3.25	       57.00	        0.00	   599576.00	        1.00	       56.00	        1.00
  3.26	       58.00	        0.00	   599553.00	        1.00	       57.00	        1.00
  3.27	       59.00	        0.00	   599534.00	        1.00	       58.00	        1.00
  3.28	       60.00	        0.00	   599513.00	        1.00	       59.00	        1.00
  3.29	       64.00	        0.00	   599483.00	        1.00	       63.00	        1.00
  3.30	       65.00	        0.00	   599462.00	        1.00	       64.00	        1.00
  3.31	       67.00	        0.00	   599440.00	        1.00	       66.00	        1.00
  3.32	       68.00	        0.00	   599414.00	        1.00	       67.00	        1.00
  3.33	       68.00	        0.00	   599386.00	        1.00	       67.00	        1.00
  3.34	       68.00	        0.00	   599375.00	        1.00	       67.00	        1.00
  3.35	       68.00	        0.00	   599359.00	        1.00	       67.00	        1.00
  3.36	       68.00	        0.00	   599346.00	        1.00	       67.00	        1.00
  3.37	       69.00	        0.00	   599327.00	        1.00	       68.00	        1.00
  3.38	       70.00	        0.00	   599308.00	        1.00	       69.00	        1.00
  3.39	       70.00	        0.00	   599293.00	        1.00	       69.00	        1.00
  3.40	       72.00	        0.00	   599273.00	        1.00	       71.00	        1.00
  3.41	       74.00	        0.00	   599257.00	        1.00	       73.00	        1.00
  3.42	       74.00	        0.00	   599231.00	        1.00	       73.00	        1.00
  3.43	       76.00	        0.00	   599220.00	        1.00	       75.00	        1.00
  3.44	       78.00	        0.00	   599207.00	        1.00	       77.00	        1.00
  3.45	       80.00	        0.00	   599189.00	        1.00	       79.00	        1.00
  3.46	       80.00	        0.00	   599175.00	        1.00	       79.00	        1.00
  3.47	       80.00	        0.00	   599155.00	        1.00	       79.00	        1.00
  3.48	       84.00	        0.00	   599132.00	        1.00	       83.00	        1.00
  3.49	       84.00	        0.00	   599113.00	        1.00	       83.00	        1.00
  3.50	       86.00	        0.00	   599093.00	        1.00	       85.00	        1.00
  3.51	       89.00	        0.00	   599078.00	        1.00	       88.00	        1.00
  3.52	       89.00	        0.00	   599063.00	        1.00	       88.00	        1.00
  3.53	       92.00	        0.00	   599055.00	        1.00	       91.00	        1.00
  3.54	       94.00	        0.00	   599034.00	        1.00	       93.00	        1.00
  3.55	       94.00	        0.00	   599014.00	        1.00	       93.00	        1.00
  3.56	       98.00	        0.00	   598999.00	        1.00	       97.00	        1.00
  3.57	       99.00	        0.00	   598975.00	        1.00	       98.00	        1.00
  3.58	      100.00	        0.00	   598959.00	        1.00	       99.00	        1.00
  3.59	      100.00	        0.00	   598934.00	        1.00	       99.00	        1.00
  3.60	      103.00	        0.00	   598915.00	        1.00	      102.00	        1.00
  3.61	      107.00	        0.00	   598903.00	        1.00	      106.00	        1.00
  3.62	      107.00	        0.00	   598883.00	        1.00	      106.00	        1.00
  3.63	      107.00	        0.00	   598872.00	        1.00	      106.00	        1.00
  3.64	      108.00	        0.00	   598864.00	        1.00	      107.00	        1.00
  3.65	      108.00	        0.00	   598846.00	        1.00	      107.00	        1.00
  3.66	      109.00	        0.00	   598833.00	        1.00	      108.00	        1.00
  3.67	      109.00	        0.00	   598821.00	        1.00	      108.00	        1.00
  3.68	      110.00	        0.00	   598805.00	        1.00	      109.00	        1.00
  3.69	      114.00	        0.00	   598790.00	        1.00	      113.00	        1.00
  3.70	      115.00	        0.00	   598776.00	        1.00	      114.00	        1.00
  3.71	      117.00	        0.00	   598761.00	        1.00	      116.00	        1.00
  3.72	      117.00	        2.00	   598747.00	        1.00	      118.00	        1.00
  3.73	      121.00	        2.00	   598728.00	        1.00	      122.00	        1.00
  3.74	      122.00	        2.00	   598717.00	        1.00	      123.00	        1.00
  3.75	      125.00	        2.00	   598696.00	        1.00	      126.00	        1.00
  3.76	      126.00	        2.00	   598681.00	        1.00	      127.00	        1.00
  3.77	      127.00	        2.00	   598663.00	        1.00	      128.00	        1.00
  3.78	      129.00	        2.00	   598652.00	        1.00	      130.00	        1.00
  3.79	      130.00	        2.00	   598634.00	        1.00	      131.00	        1.00
  3.80	      134.00	        2.00	   598614.00	        1.00	      135.00	        1.00
  3.81	      134.00	        2.00	   598590.00	        1.00	      135.00	        1.00
  3.82	      134.00	        2.00	   598569.00	        1.00	      135.00	        1.00
  3.83	      134.00	        2.00	   598555.00	        1.00	      135.00	        1.00
  3.84	      136.00	        2.00	   598529.00	        1.00	      137.00	        1.00
  3.85	      136.00	        2.00	   598509.00	        1.00	      137.00	        1.00
  3.86	      138.00	        2.00	   598495.00	        1.00	      139.00	        1.00
  3.87	      139.00	        2.00	   598482.00	        1.00	      140.00	        1.00
  3.88	      144.00	        2.00	   598466.00	        1.00	      145.00	        1.00
  3.89	      147.00	        2.00	   598452.00	        1.00	      148.00	        1.00
  3.90	      148.00	        2.00	   598439.00	        1.00	      149.00	        1.00
  3.91	      151.00	        2.00	   598418.00	        1.00	      152.00	        1.00
  3.92	      153.00	        3.00	   598404.00	        1.00	      155.00	        1.00
  3.93	      154.00	        3.00	   598384.00	        1.00	      156.00	        1.00
  3.94	      164.00	        3.00	   598366.00	        1.00	      166.00	        1.00
  3.95	      167.00	        3.00	   598353.00	        1.00	      169.00	        1.00
  3.96	      168.00	        3.00	   598335.00	        1.00	      170.00	        1.00
  3.97	      169.00	        3.00	   598317.00	        1.00	      171.00	        1.00
  3.98	      172.00	        3.00	   598294.00	        1.00	      174.00	        1.00
  3.99	      174.00	        3.00	   598270.00	        1.00	      176.00	        1.00
  4.00	      174.00	        3.00	   598260.00	        1.00	      176.00	        1.00
  4.01	      180.00	        3.00	   598247.00	        1.00	      182.00	        1.00
  4.02	      184.00	        3.00	   598233.00	        1.00	      186.00	        1.00
  4.03	      185.00	        3.00	   598219.00	        1.00	      187.00	        1.00
  4.04	      190.00	        3.00	   598208.00	        1.00	      192.00	        1.00
  4.05	      192.00	        3.00	   598196.00	        1.00	      194.00	        1.00
  4.06	      195.00	        3.00	   598173.00	        1.00	      197.00	        1.00
  4.07	      197.00	        3.00	   598152.00	        1.00	      199.00	        1.00
  4.08	      198.00	        3.00	   598131.00	        1.00	      200.00	        1.00
  4.09	      200.00	        3.00	   598106.00	        1.00	      202.00	        1.00
  4.10	      203.00	        3.00	   598085.00	        1.00	      205.00	        1.00
  4.11	      210.00	        3.00	   598072.00	        1.00	      212.00	        1.00
  4.12	      214.00	        3.00	   598053.00	        1.00	      216.00	        1.00
  4.13	      221.00	        3.00	   598036.00	        1.00	      223.00	        1.00
  4.14	      223.00	        4.00	   598012.00	        1.00	      226.00	        1.00
  4.15	      227.00	        4.00	   597992.00	        1.00	      230.00	        1.00
  4.16	      231.00	        4.00	   597971.00	        1.00	      234.00	        1.00
  4.17	      237.00	        4.00	   597951.00	        1.00	      240.00	        1.00
  4.18	      241.00	        4.00	   597931.00	        1.00	      244.00	        1.00
  4.19	      242.00	        5.00	   597909.00	        1.00	      246.00	        1.00
  4.20	      244.00	        7.00	   597895.00	        1.00	      250.00	        1.00
  4.21	      249.00	        7.00	   597876.00	        1.00	      255.00	        1.00
  4.22	      253.00	        7.00	   597858.00	        1.00	      259.00	        1.00
  4.23	      256.00	        7.00	   597832.00	        1.00	      262.00	        1.00
  4.24	      259.00	        7.00	   597816.00	        1.00	      265.00	        1.00
  4.25	      262.00	        7.00	   597794.00	        1.00	      268.00	        1.00
  4.26	      267.00	        7.00	   597772.00	        1.00	      273.00	        1.00
  4.27	      267.00	        7.00	   597754.00	        1.00	      273.00	        1.00
  4.28	      276.00	        7.00	   597745.00	        1.00	      282.00	        1.00
  4.29	      281.00	        7.00	   597729.00	        1.00	      287.00	        1.00
  4.30	      282.00	        8.00	   597716.00	        1.00	      289.00	        1.00
  4.31	      288.00	        8.00	   597699.00	        1.00	      295.00	        1.00
  4.32	      289.00	        8.00	   597683.00	        1.00	      296.00	        1.00
  4.33	      292.00	        8.00	   597664.00	        1.00	      299.00	        1.00
  4.34	      297.00	        8.00	   597643.00	        1.00	      304.00	        1.00
  4.35	      300.00	        8.00	   597620.00	        1.00	      307.00	        1.00
  4.36	      302.00	       10.00	   597601.00	        1.00	      311.00	        1.00
  4.37	      305.00	       10.00	   597584.00	        1.00	      314.00	        1.00
  4.38	      306.00	       10.00	   597567.00	        1.00	      315.00	        1.00
  4.39	      314.00	       10.00	   597550.00	        1.00	      323.00	        1.00
  4.40	      324.00	       10.00	   597538.00	        1.00	      333.00	        1.00
  4.41	      331.00	       10.00	   597522.00	        1.00	      340.00	        1.00
  4.42	      334.00	       10.00	   597502.00	        1.00	      343.00	        1.00
  4.43	      337.00	       10.00	   597487.00	        1.00	      346.00	        1.00
  4.44	      341.00	       10.00	   597467.00	        1.00	      350.00	        1.00
  4.45	      346.00	       10.00	   597451.00	        1.00	      355.00	        1.00
  4.46	      353.00	       10.00	   597435.00	        1.00	      362.00	        1.00
  4.47	      358.00	       10.00	   597419.00	        1.00	      367.00	        1.00
  4.48	      365.00	       10.00	   597399.00	        1.00	      374.00	        1.00
  4.49	      371.00	       10.00	   597390.00	        1.00	      380.00	        1.00
  4.50	      375.00	       12.00	   597368.00	        1.00	      386.00	        1.00
  4.51	      377.00	       12.00	   597357.00	        1.00	      388.00	        1.00
  4.52	      382.00	       12.00	   597341.00	        1.00	      393.00	        1.00
  4.53	      389.00	       12.00	   597319.00	        1.00	      400.00	        1.00
  4.54	      401.00	       12.00	   597300.00	        1.00	      412.00	        1.00
  4.55	      404.00	       12.00	   597278.00	        1.00	      415.00	        1.00
  4.56	      410.00	       12.00	   597258.00	        1.00	      421.00	        1.00
  4.57	      417.00	       12.00	   597250.00	        1.00	      428.00	        1.00
  4.58	      425.00	       12.00	   597230.00	        1.00	      436.00	        1.00
  4.59	      435.00	       12.00	   597215.00	        1.00	      446.00	        1.00
  4.60	      444.00	       12.00	   597201.00	        1.00	      455.00	        1.00
  4.61	      456.00	       12.00	   597178.00	        1.00	      467.00	        1.00
  4.62	      462.00	       13.00	   597153.00	        1.00	      474.00	        1.00
  4.63	      466.00	       13.00	   597136.00	        1.00	      478.00	        1.00
  4.64	      478.00	       13.00	   597125.00	        1.00	      490.00	        1.00
  4.65	      487.00	       13.00	   597109.00	        1.00	      499.00	        1.00
  4.66	      489.00	       13.00	   597094.00	        1.00	      501.00	        1.00
  4.67	      494.00	       13.00	   597079.00	        1.00	      506.00	        1.00
  4.68	      504.00	       14.00	   597061.00	        1.00	      517.00	        1.00
  4.69	      509.00	       15.00	   597032.00	        1.00	      523.00	        1.00
  4.70	      519.00	       15.00	   597014.00	        1.00	      533.00	        1.00
  4.71	      525.00	       15.00	   596999.00	        1.00	      539.00	        1.00
  4.72	      526.00	       17.00	   596981.00	        1.00	      542.00	        1.00
  4.73	      533.00	       17.00	   596956.00	        1.00	      549.00	        1.00
  4.74	      541.00	       17.00	   596947.00	        1.00	      557.00	        1.00
  4.75	      348.00	      215.00	   597130.00	        1.00	      563.00	        1.00
  4.76	      354.00	      215.00	   597114.00	        1.00	      569.00	        1.00
  4.77	      358.00	      217.00	   597092.00	        1.00	      575.00	        1.00
  4.78	      359.00	      217.00	   597072.00	        1.00	      576.00	        1.00
  4.79	      359.00	      220.00	   597055.00	        1.00	      579.00	        1.00
  4.80	      364.00	      220.00	   597042.00	        1.00	      584.00	        1.00
  4.81	      236.00	      356.00	   597228.00	        1.00	      593.00	        1.00
  4.82	      237.00	      356.00	   597205.00	        1.00	      594.00	        1.00
  4.83	      240.00	      356.00	   597182.00	        1.00	      597.00	        1.00
  4.84	      246.00	      356.00	   597165.00	        1.00	      603.00	        1.00
  4.85	      247.00	      356.00	   597150.00	        1.00	      604.00	        1.00
  4.86	      175.00	      434.00	   597331.00	        1.00	      611.00	        1.00
  4.87	      179.00	      434.00	   597314.00	        1.00	      615.00	        1.00
  4.88	      185.00	      434.00	   597296.00	        1.00	      621.00	        1.00
  4.89	      188.00	      434.00	   597273.00	        1.00	      624.00	        1.00
  4.90	      190.00	      434.00	   597258.00	        1.00	      626.00	        1.00
  4.91	      192.00	      434.00	   597239.00	        1.00	      628.00	        1.00
  4.92	      197.00	      434.00	   597216.00	        1.00	      633.00	        1.00
  4.93	      201.00	      434.00	   597197.00	        1.00	      637.00	        1.00
  4.94	      201.00	      435.00	   597172.00	        1.00	      638.00	        1.00
  4.95	      204.00	      435.00	   597156.00	        1.00	      641.00	        1.00
  4.96	      211.00	      435.00	   597143.00	        1.00	      648.00	        1.00
  4.97	      212.00	      435.00	   597124.00	        1.00	      649.00	        1.00
  4.98	      216.00	      435.00	   597112.00	        1.00	      653.00	        1.00
  4.99	      218.00	      435.00	   597092.00	        1.00	      655.00	        1.00
  5.00	      223.00	      435.00	   597069.00	        1.00	      660.00	        1.00
  5.01	      232.00	      435.00	   597039.00	        1.00	      669.00	        1.00
  5.02	      235.00	      435.00	   597017.00	        1.00	      672.00	        1.00
  5.03	      171.00	      507.00	   597204.00	        1.00	      681.00	        1.00
  5.04	      172.00	      507.00	   597186.00	        1.00	      682.00	        1.00
  5.05	      174.00	      507.00	   597161.00	        1.00	      684.00	        1.00
  5.06	      180.00	      507.00	   597143.00	        1.00	      690.00	        1.00
  5.07	      183.00	      507.00	   597120.00	        1.00	      693.00	        1.00
  5.08	      184.00	      508.00	   597109.00	        1.00	      695.00	        1.00
  5.09	      189.00	      508.00	   597088.00	        1.00	      700.00	        1.00
  5.10	      192.00	      508.00	   597074.00	        1.00	      703.00	        1.00
  5.11	      132.00	      573.00	   597257.00	        1.00	      709.00	        1.00
  5.12	      132.00	      573.00	   597236.00	        1.00	      709.00	        1.00
  5.13	      134.00	      573.00	   597213.00	        1.00	      711.00	        1.00
  5.14	      135.00	      573.00	   597191.00	        1.00	      712.00	        1.00
  5.15	      135.00	      573.00	   597173.00	        1.00	      712.00	        1.00
  5.16	      139.00	      573.00	   597162.00	        1.00	      716.00	        1.00
  5.17	      141.00	      573.00	   597141.00	        1.00	      718.00	        1.00
  5.18	      144.00	      573.00	   597129.00	        1.00	      721.00	        1.00
  5.19	      149.00	      573.00	   597111.00	        1.00	      726.00	        1.00
  5.20	      150.00	      573.00	   597093.00	        1.00	      727.00	        1.00
  5.21	      153.00	      573.00	   597068.00	        1.00	      730.00	        1.00
  5.22	      123.00	      604.00	   597254.00	        1.00	      732.00	        1.00
  5.23	       87.00	      641.00	   597437.00	        1.00	      734.00	        1.00
  5.24	       89.00	      641.00	   597417.00	        1.00	      736.00	        1.00
  5.25	       93.00	      641.00	   597396.00	        1.00	      740.00	        1.00
  5.26	       69.00	      667.00	   597583.00	        1.00	      743.00	        1.00
  5.27	       50.00	      685.00	   597763.00	        1.00	      743.00	        1.00
  5.28	       50.00	      685.00	   597751.00	        1.00	      743.00	        1.00
  5.29	       52.00	      685.00	   597736.00	        1.00	      745.00	        1.00
  5.30	       53.00	      685.00	   597718.00	        1.00	      746.00	        1.00
  5.31	       24.00	      713.00	   598100.00	        1.00	      747.00	        1.00
  5.32	       12.00	      726.00	   598478.00	        1.00	      750.00	        1.00
  5.33	        6.00	      730.00	   598861.00	        1.00	      750.00	        1.00
  5.34	        5.00	      731.00	   598847.00	        1.00	      750.00	        1.00
  5.35	        3.00	      732.00	   599023.00	        1.00	      750.00	        1.00
  5.36	        1.00	      732.00	   599408.00	        1.00	      750.00	        1.00
  5.37	        0.00	      731.00	   599789.00	        0.00	      750.00	        1.00
  5.38	        0.00	      730.00	   599963.00	        0.00	      750.00	        1.00
  5.39	        0.00	      727.00	   600544.00	        0.00	      750.00	        1.00
  5.40	        0.00	      724.00	   601131.00	        0.00	      750.00	        1.00
  5.41	        0.00	      724.00	   601104.00	        0.00	      750.00	        1.00
  5.42	        0.00	      723.00	   601280.00	        0.00	      750.00	        1.00
  5.43	        0.00	      722.00	   601464.00	        0.00	      750.00	        1.00
  5.44	        0.00	      719.00	   602044.00	        0.00	      750.00	        1.00
  5.45	        0.00	      718.00	   602218.00	        0.00	      750.00	        1.00
  5.46	        0.00	      717.00	   602395.00	        0.00	      750.00	        1.00
  5.47	        0.00	      716.00	   602574.00	        0.00	      750.00	        1.00
  5.48	        0.00	      712.00	   603351.00	        0.00	      750.00	        1.00
  5.49	        0.00	      711.00	   603534.00	        0.00	      750.00	        1.00
  5.50	        0.00	      711.00	   603508.00	        0.00	      750.00	        1.00
  5.51	        0.00	      708.00	   604092.00	        0.00	      750.00	        1.00
  5.52	        0.00	      704.00	   604874.00	        0.00	      750.00	        1.00
  5.53	        0.00	      702.00	   605255.00	        0.00	      750.00	        1.00
  5.54	        0.00	      698.00	   606027.00	        0.00	      750.00	        1.00
  5.55	        0.00	      693.00	   607003.00	        0.00	      750.00	        1.00
  5.56	        0.00	      690.00	   607582.00	        0.00	      750.00	        1.00
  5.57	        0.00	      689.00	   607758.00	        0.00	      750.00	        1.00
  5.58	        0.00	      685.00	   608534.00	        0.00	      750.00	        1.00
  5.59	        0.00	      684.00	   608715.00	        0.00	      750.00	        1.00
  5.60	        0.00	      681.00	   609298.00	        0.00	      750.00	        1.00
  5.61	        0.00	      677.00	   610074.00	        0.00	      750.00	        1.00
  5.62	        0.00	      675.00	   610449.00	        0.00	      750.00	        1.00
  5.63	        0.00	      669.00	   611631.00	        0.00	      750.00	        1.00
  5.64	        0.00	      666.00	   612196.00	        0.00	      750.00	        1.00
  5.65	        0.00	      663.00	   612770.00	        0.00	      750.00	        1.00
  5.66	        0.00	      658.00	   613745.00	        0.00	      750.00	        1.00
  5.67	        0.00	      655.00	   614319.00	        0.00	      750.00	        1.00
  5.68	        0.00	      649.00	   615485.00	        0.00	      750.00	        1.00
  5.69	        0.00	      641.00	   617042.00	        0.00	      750.00	        1.00
  5.70	        0.00	      636.00	   618012.00	        0.00	      750.00	        1.00
  5.71	        0.00	      629.00	   619383.00	        0.00	      750.00	        1.00
  5.72	        0.00	      624.00	   620348.00	        0.00	      750.00	        1.00
  5.73	        0.00	      620.00	   621115.00	        0.00	      750.00	        1.00
  5.74	        0.00	      613.00	   622474.00	        0.00	      750.00	        1.00
  5.75	        0.00	      607.00	   623643.00	        0.00	      750.00	        1.00
  5.76	        0.00	      598.00	   625408.00	        0.00	      750.00	        1.00
  5.77	        0.00	      592.00	   626570.00	        0.00	      750.00	        1.00
  5.78	        0.00	      590.00	   626939.00	        0.00	      750.00	        1.00
  5.79	        0.00	      584.00	   628102.00	        0.00	      750.00	        1.00
  5.80	        0.00	      578.00	   629253.00	        0.00	      750.00	        1.00
  5.81	        0.00	      574.00	   630020.00	        0.00	      750.00	        1.00
  5.82	        0.00	      567.00	   631385.00	        0.00	      750.00	        1.00
  5.83	        0.00	      559.00	   632945.00	        0.00	      750.00	        1.00
  5.84	        0.00	      554.00	   633904.00	        0.00	      750.00	        1.00
  5.85	        0.00	      546.00	   635456.00	        0.00	      750.00	        1.00
  5.86	        0.00	      542.00	   636211.00	        0.00	      750.00	        1.00
  5.87	        0.00	      534.00	   637760.00	        0.00	      750.00	        1.00
  5.88	        0.00	      530.00	   638519.00	        0.00	      750.00	        1.00
  5.89	        0.00	      528.00	   638880.00	        0.00	      750.00	        1.00
  5.90	        0.00	      520.00	   640437.00	        0.00	      750.00	        1.00
  5.91	        0.00	      511.00	   642196.00	        0.00	      750.00	        1.00
  5.92	        0.00	      504.00	   643545.00	        0.00	      750.00	        1.00
  5.93	        0.00	      497.00	   644904.00	        0.00	      750.00	        1.00
  5.94	        0.00	      489.00	   646459.00	        0.00	      750.00	        1.00
  5.95	        0.00	      484.00	   647419.00	        0.00	      750.00	        1.00
  5.96	        0.00	      478.00	   648580.00	        0.00	      750.00	        1.00
  5.97	        0.00	      471.00	   649944.00	        0.00	      750.00	        1.00
  5.98	        0.00	      466.00	   650909.00	        0.00	      750.00	        1.00
  5.99	        0.00	      460.00	   652070.00	        0.00	      750.00	        1.00
  6.00	        0.00	      453.00	   653431.00	        0.00	      750.00	        1.00
  6.01	        0.00	      450.00	   653979.00	        0.00	      750.00	        1.00
  6.02	        0.00	      442.00	   655537.00	        0.00	      750.00	        1.00
  6.03	        0.00	      434.00	   657101.00	        0.00	      750.00	        1.00
  6.04	        0.00	      427.00	   658445.00	        0.00	      750.00	        1.00
  6.05	        0.00	      420.00	   659791.00	        0.00	      750.00	        1.00
  6.06	        0.00	      415.00	   660752.00	        0.00	      750.00	        1.00
  6.07	        0.00	      407.00	   662306.00	        0.00	      750.00	        1.00
  6.08	        0.00	      398.00	   664056.00	        0.00	      750.00	        1.00
  6.09	        0.00	      391.00	   665420.00	        0.00	      750.00	        1.00
  6.10	        0.00	      383.00	   666974.00	        0.00	      750.00	        1.00
  6.11	        0.00	      375.00	   668532.00	        0.00	      750.00	        1.00
  6.12	        0.00	      370.00	   669471.00	        0.00	      750.00	        1.00
  6.13	        0.00	      365.00	   670418.00	        0.00	      750.00	        1.00
  6.14	        0.00	      359.00	   671575.00	        0.00	      750.00	        1.00
  6.15	        0.00	      349.00	   673536.00	        0.00	      750.00	        1.00
  6.16	        0.00	      342.00	   674877.00	        0.00	      750.00	        1.00
  6.17	        0.00	      334.00	   676429.00	        0.00	      750.00	        1.00
  6.18	        0.00	      323.00	   678580.00	        0.00	      750.00	        1.00
  6.19	        0.00	      313.00	   680520.00	        0.00	      750.00	        1.00
  6.20	        0.00	      309.00	   681273.00	        0.00	      750.00	        1.00
  6.21	        0.00	      299.00	   683221.00	        0.00	      750.00	        1.00
  6.22	        0.00	      288.00	   685371.00	        0.00	      750.00	        1.00
  6.23	        0.00	      280.00	   686922.00	        0.00	      750.00	        1.00
  6.24	        0.00	      274.00	   688079.00	        0.00	      750.00	        1.00
  6.25	        0.00	      269.00	   689013.00	        0.00	      750.00	        1.00
  6.26	        0.00	      266.00	   689565.00	        0.00	      750.00	        1.00
  6.27	        0.00	      261.00	   690506.00	        0.00	      750.00	        1.00
  6.28	        0.00	      256.00	   691435.00	        0.00	      750.00	        1.00
  6.29	        0.00	      250.00	   692586.00	        0.00	      750.00	        1.00
  6.30	        0.00	      241.00	   694327.00	        0.00	      750.00	        1.00
  6.31	        0.00	      233.00	   695894.00	        0.00	      750.00	        1.00
  6.32	        0.00	      230.00	   696448.00	        0.00	      750.00	        1.00
  6.33	        0.00	      224.00	   697618.00	        0.00	      750.00	        1.00
  6.34	        0.00	      219.00	   698578.00	        0.00	      750.00	        1.00
  6.35	        0.00	      216.00	   699136.00	        0.00	      750.00	        1.00
  6.36	        0.00	      210.00	   700288.00	        0.00	      750.00	        1.00
  6.37	        0.00	      203.00	   701646.00	        0.00	      750.00	        1.00
  6.38	        0.00	      199.00	   702405.00	        0.00	      750.00	        1.00
  6.39	        0.00	      194.00	   703357.00	        0.00	      750.00	        1.00
  6.40	        0.00	      187.00	   704712.00	        0.00	      750.00	        1.00
  6.41	        0.00	      183.00	   705465.00	        0.00	      750.00	        1.00
  6.42	        0.00	      177.00	   706619.00	        0.00	      750.00	        1.00
  6.43	        0.00	      176.00	   706774.00	        0.00	      750.00	        1.00
  6.44	        0.00	      172.00	   707528.00	        0.00	      750.00	        1.00
  6.45	        0.00	      171.00	   707692.00	        0.00	      750.00	        1.00
  6.46	        0.00	      167.00	   708454.00	        0.00	      750.00	        1.00
  6.47	        0.00	      164.00	   709022.00	        0.00	      750.00	        1.00
  6.48	        0.00	      156.00	   710582.00	        0.00	      750.00	        1.00
  6.49	        0.00	      153.00	   711130.00	        0.00	      750.00	        1.00
  6.50	        0.00	      144.00	   712899.00	        0.00	      750.00	        1.00
  6.51	        0.00	      141.00	   713462.00	        0.00	      750.00	        1.00
  6.52	        0.00	      135.00	   714622.00	        0.00	      750.00	        1.00
  6.53	        0.00	      131.00	   715379.00	        0.00	      750.00	        1.00
  6.54	        0.00	      128.00	   715940.00	        0.00	      750.00	        1.00
  6.55	        0.00	      124.00	   716687.00	        0.00	      750.00	        1.00
  6.56	        0.00	      118.00	   717845.00	        0.00	      750.00	        1.00
  6.57	        0.00	      115.00	   718408.00	        0.00	      750.00	        1.00
  6.58	        0.00	      109.00	   719570.00	        0.00	      750.00	        1.00
  6.59	        0.00	      103.00	   720732.00	        0.00	      750.00	        1.00
  6.60	        0.00	       98.00	   721697.00	        0.00	      750.00	        1.00
  6.61	        0.00	       95.00	   722259.00	        0.00	      750.00	        1.00
  6.62	        0.00	       90.00	   723218.00	        0.00	      750.00	        1.00
  6.63	        0.00	       88.00	   723580.00	        0.00	      750.00	        1.00
  6.64	        0.00	       86.00	   723940.00	        0.00	      750.00	        1.00
  6.65	        0.00	       81.00	   724901.00	        0.00	      750.00	        1.00
  6.66	        0.00	       79.00	   725260.00	        0.00	      750.00	        1.00
  6.67	        0.00	       74.00	   726219.00	        0.00	      750.00	        1.00
  6.68	        0.00	       72.00	   726588.00	        0.00	      750.00	        1.00
  6.69	        0.00	       72.00	   726549.00	        0.00	      750.00	        1.00
  6.70	        0.00	       68.00	   727310.00	        0.00	      750.00	        1.00
  6.71	        0.00	       67.00	   727483.00	        0.00	      750.00	        1.00
  6.72	        0.00	       65.00	   727856.00	        0.00	      750.00	        1.00
  6.73	        0.00	       65.00	   727814.00	        0.00	      750.00	        1.00
  6.74	        0.00	       63.00	   728189.00	        0.00	      750.00	        1.00
  6.75	        0.00	       61.00	   728551.00	        0.00	      750.00	        1.00
  6.76	        0.00	       61.00	   728522.00	        0.00	      750.00	        1.00
  6.77	        0.00	       60.00	   728688.00	        0.00	      750.00	        1.00
  6.78	        0.00	       58.00	   729054.00	        0.00	      750.00	        1.00
  6.79	        0.00	       56.00	   729418.00	        0.00	      750.00	        1.00
  6.80	        0.00	       53.00	   729987.00	        0.00	      750.00	        1.00
  6.81	        0.00	       52.00	   730153.00	        0.00	      750.00	        1.00
  6.82	        0.00	       50.00	   730512.00	        0.00	      750.00	        1.00
  6.83	        0.00	       49.00	   730679.00	        0.00	      750.00	        1.00
  6.84	        0.00	       43.00	   731846.00	        0.00	      750.00	        1.00
  6.85	        0.00	       43.00	   731812.00	        0.00	      750.00	        1.00
  6.86	        0.00	       42.00	   731982.00	        0.00	      750.00	        1.00
  6.87	        0.00	       40.00	   732352.00	        0.00	      750.00	        1.00
  6.88	        0.00	       38.00	   732727.00	        0.00	      750.00	        1.00
  6.89	        0.00	       36.00	   733085.00	        0.00	      750.00	        1.00
  6.90	        0.00	       35.00	   733251.00	        0.00	      750.00	        1.00
  6.91	        0.00	       35.00	   733216.00	        0.00	      750.00	        1.00
  6.92	        0.00	       33.00	   733591.00	        0.00	      750.00	        1.00
  6.93	        0.00	       29.00	   734364.00	        0.00	      750.00	        1.00
  6.94	        0.00	       29.00	   734341.00	        0.00	      750.00	        1.00
  6.95	        0.00	       29.00	   734306.00	        0.00	      750.00	        1.00
  6.96	        0.00	       27.00	   734674.00	        0.00	      750.00	        1.00
  6.97	        0.00	       26.00	   734846.00	        0.00	      750.00	        1.00
  6.98	        0.00	       24.00	   735218.00	        0.00	      750.00	        1.00
  6.99	        0.00	       24.00	   735186.00	        0.00	      750.00	        1.00
  7.00	        0.00	       24.00	   735162.00	        0.00	      750.00	        1.00
  7.01	        0.00	       24.00	   735125.00	        0.00	      750.00	        1.00
  7.02	        0.00	       22.00	   735506.00	        0.00	      750.00	        1.00
  7.03	        0.00	       21.00	   735681.00	        0.00	      750.00	        1.00
  7.04	        0.00	       19.00	   736061.00	        0.00	      750.00	        1.00
  7.05	        0.00	       19.00	   736040.00	        0.00	      750.00	        1.00
  7.06	        0.00	       19.00	   736016.00	        0.00	      750.00	        1.00
  7.07	        0.00	       19.00	   735986.00	        0.00	      750.00	        1.00
  7.08	        0.00	       17.00	   736368.00	        0.00	      750.00	        1.00
  7.09	        0.00	       17.00	   736344.00	        0.00	      750.00	        1.00
  7.10	        0.00	       17.00	   736327.00	        0.00	      750.00	        1.00
  7.11	        0.00	       14.00	   736891.00	        0.00	      750.00	        1.00
  7.12	        0.00	       14.00	   736860.00	        0.00	      750.00	        1.00
  7.13	        0.00	       13.00	   737035.00	        0.00	      750.00	        1.00
  7.14	        0.00	       13.00	   737012.00	        0.00	      750.00	        1.00
  7.15	        0.00	       11.00	   737383.00	        0.00	      750.00	        1.00
  7.16	        0.00	       11.00	   737359.00	        0.00	      750.00	        1.00
  7.17	        0.00	       11.00	   737339.00	        0.00	      750.00	        1.00
  7.18	        0.00	       11.00	   737326.00	        0.00	      750.00	        1.00
  7.19	        0.00	       10.00	   737487.00	        0.00	      750.00	        1.00
  7.20	        0.00	       10.00	   737462.00	        0.00	      750.00	        1.00
  7.21	        0.00	       10.00	   737444.00	        0.00	      750.00	        1.00
  7.22	        0.00	       10.00	   737426.00	        0.00	      750.00	        1.00
  7.23	        0.00	       10.00	   737401.00	        0.00	      750.00	        1.00
  7.24	        0.00	       10.00	   737374.00	        0.00	      750.00	        1.00
  7.25	        0.00	        8.00	   737750.00	        0.00	      750.00	        1.00
  7.26	        0.00	        8.00	   737730.00	        0.00	      750.00	        1.00
  7.27	        0.00	        8.00	   737700.00	        0.00	      750.00	        1.00
  7.28	        0.00	        8.00	   737681.00	        0.00	      750.00	        1.00
  7.29	        0.00	        8.00	   737651.00	        0.00	      750.00	        1.00
  7.30	        0.00	        7.00	   737824.00	        0.00	      750.00	        1.00
  7.31	        0.00	        7.00	   737799.00	        0.00	      750.00	        1.00
  7.32	        0.00	        7.00	   737770.00	        0.00	      750.00	        1.00
  7.33	        0.00	        7.00	   737749.00	        0.00	      750.00	        1.00
  7.34	        0.00	        6.00	   737917.00	        0.00	      750.00	        1.00
  7.35	        0.00	        4.00	   738284.00	        0.00	      750.00	        1.00
  7.36	        0.00	        4.00	   738256.00	        0.00	      750.00	        1.00
  7.37	        0.00	        4.00	   738233.00	        0.00	      750.00	        1.00
  7.38	        0.00	        3.00	   738402.00	        0.00	      750.00	        1.00
  7.39	        0.00	        3.00	   738378.00	        0.00	      750.00	        1.00
  7.40	        0.00	        3.00	   738349.00	        0.00	      750.00	        1.00
  7.41	        0.00	        3.00	   738322.00	        0.00	      750.00	        1.00
  7.42	        0.00	        3.00	   738295.00	        0.00	      750.00	        1.00
  7.43	        0.00	        3.00	   738265.00	        0.00	      750.00	        1.00
  7.44	        0.00	        3.00	   738239.00	        0.00	      750.00	        1.00
  7.45	        0.00	        3.00	   738214.00	        0.00	      750.00	        1.00
  7.46	        0.00	        3.00	   738187.00	        0.00	      750.00	        1.00
  7.47	        0.00	        3.00	   738163.00	        0.00	      750.00	        1.00
  7.48	        0.00	        3.00	   738144.00	        0.00	      750.00	        1.00
  7.49	        0.00	        3.00	   738124.00	        0.00	      750.00	        1.00
  7.50	        0.00	        3.00	   738104.00	        0.00	      750.00	        1.00
  7.51	        0.00	        2.00	   738278.00	        0.00	      750.00	        1.00
  7.52	        0.00	        2.00	   738256.00	        0.00	      750.00	        1.00
  7.53	        0.00	        2.00	   738229.00	        0.00	      750.00	        1.00
  7.54	        0.00	        2.00	   738204.00	        0.00	      750.00	        1.00
  7.55	        0.00	        2.00	   738187.00	        0.00	      750.00	        1.00
  7.56	        0.00	        2.00	   738165.00	        0.00	      750.00	        1.00
  7.57	        0.00	        2.00	   738143.00	        0.00	      750.00	        1.00
  7.58	        0.00	        2.00	   738122.00	        0.00	      750.00	        1.00
  7.59	        0.00	        2.00	   738099.00	        0.00	      750.00	        1.00
  7.60	        0.00	        1.00	   738269.00	        0.00	      750.00	        1.00
  7.61	        0.00	        1.00	   738251.00	        0.00	      750.00	        1.00
  7.62	        0.00	        1.00	   738229.00	        0.00	      750.00	        1.00
  7.63	        0.00	        1.00	   738201.00	        0.00	      750.00	        1.00
  7.64	        0.00	        1.00	   738186.00	        0.00	      750.00	        1.00
  7.65	        0.00	        1.00	   738157.00	        0.00	      750.00	        1.00
  7.66	        0.00	        1.00	   738137.00	        0.00	      750.00	        1.00
  7.67	        0.00	        1.00	   738109.00	        0.00	      750.00	        1.00
  7.68	        0.00	        1.00	   738082.00	        0.00	      750.00	        1.00
  7.69	        0.00	        0.00	   738255.00	        0.00	      750.00	        0.00
