Datatype: PopulationSize
  0.00	        1.00	        0.00	        0.00	        1.00	        0.00	        1.00
  0.01	        1.00	        0.00	        0.00	        1.00	        0.00	        1.00
  0.02	        1.00	        0.00	        0.00	        1.00	        0.00	        1.00
  0.03	        1.00	        0.00	        0.00	        1.00	        0.00	        1.00
  0.04	        1.00	        0.00	        0.00	        1.00	        0.00	        1.00
  0.05	        1.00	        0.00	        0.00	        1.00	        0.00	        1.00
  0.06	        1.00	        0.00	        0.00	        1.00	        0.00	        1.00
  0.07	        1.00	        0.00	        0.00	        1.00	        0.00	        1.00
  0.08	        1.00	        0.00	        0.00	        1.00	        0.00	        1.00
  0.09	        1.00	        0.00	        0.00	        1.00	        0.00	        1.00
  0.10	        1.00	        0.00	        0.00	        1.00	        0.00	        1.00
  0.11	        1.00	        0.00	        0.00	        1.00	        0.00	        1.00
  0.12	        1.00	        0.00	        0.00	        1.00	        0.00	        1.00
  0.13	        1.00	        0.00	        0.00	        1.00	        0.00	        1.00
  0.14	        1.00	        0.00	        0.00	        1.00	        0.00	        1.00
  0.15	        1.00	        0.00	        0.00	        1.00	        0.00	        1.00
  0.16	        1.00	        0.00	        0.00	        1.00	        0.00	        1.00
  0.17	        1.00	        0.00	        0.00	        1.00	        0.00	        1.00
  0.18	        1.00	        0.00	        0.00	        1.00	        0.00	        1.00
  0.19	        1.00	        0.00	        0.00	        1.00	        0.00	        1.00
  0.20	        1.00	        0.00	        0.00	        1.00	        0.00	        1.00
  0.21	        1.00	        0.00	        0.00	        1.00	        0.00	        1.00
  0.22	        1.00	        0.00	        0.00	        1.00	        0.00	        1.00
  0.23	        1.00	        0.00	        0.00	        1.00	        0.00	        1.00
  0.24	        1.00	        0.00	        0.00	        1.00	        0.00	        1.00
  0.25	        1.00	        0.00	        0.00	        1.00	        0.00	        1.00
  0.26	        1.00	        0.00	        0.00	        1.00	        0.00	        1.00
  0.27	        1.00	        0.00	        0.00	        1.00	        0.00	        1.00
  0.28	        1.00	        0.00	        0.00	        1.00	        0.00	        1.00
  0.29	        1.00	        0.00	        0.00	        1.00	        0.00	        1.00
  0.30	        1.00	        0.00	        0.00	        1.00	        0.00	        1.00
  0.31	        1.00	        0.00	        0.00	        1.00	        0.00	        1.00
  0.32	        1.00	        0.00	        0.00	        1.00	        0.00	        1.00
  0.33	        1.00	        0.00	        0.00	        1.00	        0.00	        1.00
  0.34	        1.00	        0.00	        0.00	        1.00	        0.00	        1.00
  0.35	        1.00	        0.00	        0.00	        1.00	        0.00	        1.00
  0.36	        1.00	        0.00	        0.00	        1.00	        0.00	        1.00
  0.37	        1.00	        0.00	        0.00	        1.00	        0.00	        1.00
  0.38	        1.00	        0.00	        0.00	        1.00	        0.00	        1.00
  0.39	        1.00	        0.00	        0.00	        1.00	        0.00	        1.00
  0.40	        1.00	        0.00	        0.00	        1.00	        0.00	        1.00
  0.41	        1.00	        0.00	        0.00	        1.00	        0.00	        1.00
  0.42	        1.00	        0.00	        0.00	        1.00	        0.00	        1.00
  0.43	        1.00	        0.00	        0.00	        1.00	        0.00	        1.00
  0.44	        1.00	        0.00	        0.00	        1.00	        0.00	        1.00
  0.45	        1.00	        0.00	        0.00	        1.00	        0.00	        1.00
  0.46	        1.00	        0.00	        0.00	        1.00	        0.00	        1.00
  0.47	        1.00	        0.00	        0.00	        1.00	        0.00	        1.00
  0.48	        1.00	        0.00	        0.00	        1.00	        0.00	        1.00
  0.49	        1.00	        0.00	        0.00	        1.00	        0.00	        1.00
  0.50	        1.00	        0.00	        0.00	        1.00	        0.00	        1.00
  0.51	        1.00	        0.00	        0.00	        1.00	        0.00	        1.00
  0.52	        1.00	        0.00	        0.00	        1.00	        0.00	        1.00
  0.53	        1.00	        0.00	        0.00	        1.00	        0.00	        1.00
  0.54	        1.00	        0.00	        0.00	        1.00	        0.00	        1.00
  0.55	        1.00	        0.00	        0.00	        1.00	        0.00	        1.00
  0.56	        1.00	        0.00	        0.00	        1.00	        0.00	        1.00
  0.57	        1.00	        0.00	        0.00	        1.00	        0.00	        1.00
  0.58	        1.00	        0.00	        0.00	        1.00	        0.00	        1.00
  0.59	        1.00	        0.00	        0.00	        1.00	        0.00	        1.00
  0.60	        1.00	        0.00	        0.00	        1.00	        0.00	        1.00
  0.61	        1.00	        0.00	        0.00	        1.00	        0.00	        1.00
  0.62	        1.00	        0.00	        0.00	        1.00	        0.00	        1.00
  0.63	        1.00	        0.00	        0.00	        1.00	        0.00	        1.00
  0.64	        1.00	        0.00	        0.00	        1.00	        0.00	        1.00
  0.65	        1.00	        0.00	        0.00	        1.00	        0.00	        1.00
  0.66	        1.00	        0.00	        0.00	        1.00	        0.00	        1.00
  0.67	        1.00	        0.00	        0.00	        1.00	        0.00	        1.00
  0.68	        1.00	        0.00	        0.00	        1.00	        0.00	        1.00
  0.69	        1.00	        0.00	        0.00	        1.00	        0.00	        1.00
  0.70	        1.00	        0.00	        0.00	        1.00	        0.00	        1.00
  0.71	        1.00	        0.00	        0.00	        1.00	        0.00	        1.00
  0.72	        1.00	        0.00	        0.00	        1.00	        0.00	        1.00
  0.73	        1.00	        0.00	        0.00	        1.00	        0.00	        1.00
  0.74	        1.00	        0.00	        0.00	        1.00	        0.00	        1.00
  0.75	        1.00	        0.00	        0.00	        1.00	        0.00	        1.00
  0.76	        1.00	        0.00	        0.00	        1.00	        0.00	        1.00
  0.77	        1.00	        0.00	        0.00	        1.00	        0.00	        1.00
  0.78	        1.00	        0.00	        0.00	        1.00	        0.00	        1.00
  0.79	        1.00	        0.00	        0.00	        1.00	        0.00	        1.00
  0.80	        1.00	        0.00	        0.00	        1.00	        0.00	        1.00
  0.81	        1.00	        0.00	        0.00	        1.00	        0.00	        1.00
  0.82	        1.00	        0.00	        0.00	        1.00	        0.00	        1.00
  0.83	        1.00	        0.00	        0.00	        1.00	        0.00	        1.00
  0.84	        1.00	        0.00	        0.00	        1.00	        0.00	        1.00
  0.85	        1.00	        0.00	        0.00	        1.00	        0.00	        1.00
  0.86	        1.00	        0.00	        0.00	        1.00	        0.00	        1.00
  0.87	        1.00	        0.00	        0.00	        1.00	        0.00	        1.00
  0.88	        1.00	        0.00	        0.00	        1.00	        0.00	        1.00
  0.89	        1.00	        0.00	        0.00	        1.00	        0.00	        1.00
  0.90	        1.00	        0.00	        0.00	        1.00	        0.00	        1.00
  0.91	        1.00	        0.00	        0.00	        1.00	        0.00	        1.00
  0.92	        1.00	        0.00	        0.00	        1.00	        0.00	        1.00
  0.93	        1.00	        0.00	        0.00	        1.00	        0.00	        1.00
  0.94	        1.00	        0.00	        0.00	        1.00	        0.00	        1.00
  0.95	        1.00	        0.00	        0.00	        1.00	        0.00	        1.00
  0.96	        1.00	        0.00	        0.00	        1.00	        0.00	        1.00
  0.97	        2.00	        0.00	        0.00	        1.00	        1.00	        1.00
  0.98	        3.00	        0.00	        0.00	        1.00	        2.00	        1.00
  0.99	        3.00	        0.00	        0.00	        1.00	        2.00	        1.00
  1.00	        3.00	        0.00	        0.00	        1.00	        2.00	        1.00
  1.01	        3.00	        0.00	        0.00	        1.00	        2.00	        1.00
  1.02	        3.00	        0.00	        0.00	        1.00	        2.00	        1.00
  1.03	        3.00	        0.00	        0.00	        1.00	        2.00	        1.00
  1.04	        3.00	        0.00	        0.00	        1.00	        2.00	        1.00
  1.05	        3.00	        0.00	        0.00	        1.00	        2.00	        1.00
  1.06	        3.00	        0.00	        0.00	        1.00	        2.00	        1.00
  1.07	        3.00	        0.00	        0.00	        1.00	        2.00	        1.00
  1.08	        3.00	        0.00	        0.00	        1.00	        2.00	        1.00
  1.09	        3.00	        0.00	        0.00	        1.00	        2.00	        1.00
  1.10	        3.00	        0.00	        0.00	        1.00	        2.00	        1.00
  1.11	        3.00	        0.00	        0.00	        1.00	        2.00	        1.00
  1.12	        3.00	        0.00	        0.00	        1.00	        2.00	        1.00
  1.13	        3.00	        0.00	        0.00	        1.00	        2.00	        1.00
  1.14	        3.00	        0.00	        0.00	        1.00	        2.00	        1.00
  1.15	        3.00	        0.00	        0.00	        1.00	        2.00	        1.00
  1.16	        3.00	        0.00	        0.00	        1.00	        2.00	        1.00
  1.17	        3.00	        0.00	        0.00	        1.00	        2.00	        1.00
  1.18	        3.00	        0.00	        0.00	        1.00	        2.00	        1.00
  1.19	        3.00	        0.00	        0.00	        1.00	        2.00	        1.00
  1.20	        3.00	        0.00	        0.00	        1.00	        2.00	        1.00
  1.21	        3.00	        0.00	        0.00	        1.00	        2.00	        1.00
  1.22	        3.00	        0.00	        0.00	        1.00	        2.00	        1.00
  1.23	        3.00	        0.00	        0.00	        1.00	        2.00	        1.00
  1.24	        3.00	        0.00	        0.00	        1.00	        2.00	        1.00
  1.25	        3.00	        0.00	        0.00	        1.00	        2.00	        1.00
  1.26	        3.00	        0.00	        0.00	        1.00	        2.00	        1.00
  1.27	        3.00	        0.00	        0.00	        1.00	        2.00	        1.00
  1.28	        3.00	        0.00	        0.00	        1.00	        2.00	        1.00
  1.29	        3.00	        0.00	        0.00	        1.00	        2.00	        1.00
  1.30	        3.00	        0.00	        0.00	        1.00	        2.00	        1.00
  1.31	        3.00	        0.00	        0.00	        1.00	        2.00	        1.00
  1.32	        3.00	        0.00	        0.00	        1.00	        2.00	        1.00
  1.33	        3.00	        0.00	        0.00	        1.00	        2.00	        1.00
  1.34	        3.00	        0.00	        0.00	        1.00	        2.00	        1.00
  1.35	        3.00	        0.00	        0.00	        1.00	        2.00	        1.00
  1.36	        3.00	        0.00	        0.00	        1.00	        2.00	        1.00
  1.37	        3.00	        0.00	        0.00	        1.00	        2.00	        1.00
  1.38	        3.00	        0.00	        0.00	        1.00	        2.00	        1.00
  1.39	        3.00	        0.00	        0.00	        1.00	        2.00	        1.00
  1.40	        3.00	        0.00	        0.00	        1.00	        2.00	        1.00
  1.41	        3.00	        0.00	        0.00	        1.00	        2.00	        1.00
  1.42	        3.00	        0.00	        0.00	        1.00	        2.00	        1.00
  1.43	        3.00	        0.00	        0.00	        1.00	        2.00	        1.00
  1.44	        3.00	        0.00	        0.00	        1.00	        2.00	        1.00
  1.45	        3.00	        0.00	        0.00	        1.00	        2.00	        1.00
  1.46	        3.00	        0.00	        0.00	        1.00	        2.00	        1.00
  1.47	        3.00	        0.00	        0.00	        1.00	        2.00	        1.00
  1.48	        4.00	        0.00	        0.00	        1.00	        3.00	        1.00
  1.49	        4.00	        0.00	        0.00	        1.00	        3.00	        1.00
  1.50	        4.00	        0.00	        0.00	        1.00	        3.00	        1.00
  1.51	        4.00	        0.00	        0.00	        1.00	        3.00	        1.00
  1.52	        4.00	        0.00	        0.00	        1.00	        3.00	        1.00
  1.53	        4.00	        0.00	        0.00	        1.00	        3.00	        1.00
  1.54	        4.00	        0.00	        0.00	        1.00	        3.00	        1.00
  1.55	        4.00	        0.00	        0.00	        1.00	        3.00	        1.00
  1.56	        4.00	        0.00	        0.00	        1.00	        3.00	        1.00
  1.57	        4.00	        0.00	        0.00	        1.00	        3.00	        1.00
  1.58	        4.00	        0.00	        0.00	        1.00	        3.00	        1.00
  1.59	        4.00	        0.00	        0.00	        1.00	        3.00	        1.00
  1.60	        4.00	        0.00	        0.00	        1.00	        3.00	        1.00
  1.61	        4.00	        0.00	        0.00	        1.00	        3.00	        1.00
  1.62	        4.00	        0.00	        0.00	        1.00	        3.00	        1.00
  1.63	        4.00	        0.00	        0.00	        1.00	        3.00	        1.00
  1.64	        4.00	        0.00	        0.00	        1.00	        3.00	        1.00
  1.65	        4.00	        0.00	        0.00	        1.00	        3.00	        1.00
  1.66	        4.00	        0.00	        0.00	        1.00	        3.00	        1.00
  1.67	        4.00	        0.00	        0.00	        1.00	        3.00	        1.00
  1.68	        4.00	        0.00	        0.00	        1.00	        3.00	        1.00
  1.69	        4.00	        0.00	        0.00	        1.00	        3.00	        1.00
  1.70	        4.00	        0.00	        0.00	        1.00	        3.00	        1.00
  1.71	        4.00	        0.00	        0.00	        1.00	        3.00	        1.00
  1.72	        4.00	        0.00	        0.00	        1.00	        3.00	        1.00
  1.73	        4.00	        0.00	        0.00	        1.00	        3.00	        1.00
  1.74	        4.00	        0.00	        0.00	        1.00	        3.00	        1.00
  1.75	        4.00	        0.00	        0.00	        1.00	        3.00	        1.00
  1.76	        4.00	        0.00	        0.00	        1.00	        3.00	        1.00
  1.77	        4.00	        0.00	        0.00	        1.00	        3.00	        1.00
  1.78	        4.00	        0.00	        0.00	        1.00	        3.00	        1.00
  1.79	        4.00	        0.00	        0.00	        1.00	        3.00	        1.00
  1.80	        4.00	        0.00	        0.00	        1.00	        3.00	        1.00
  1.81	        4.00	        0.00	        0.00	        1.00	        3.00	        1.00
  1.82	        4.00	        0.00	        0.00	        1.00	        3.00	        1.00
  1.83	        4.00	        0.00	        0.00	        1.00	        3.00	        1.00
  1.84	        4.00	        0.00	        0.00	        1.00	        3.00	        1.00
  1.85	        4.00	        0.00	        0.00	        1.00	        3.00	        1.00
  1.86	        4.00	        0.00	        0.00	        1.00	        3.00	        1.00
  1.87	        4.00	        0.00	        0.00	        1.00	        3.00	        1.00
  1.88	        4.00	        0.00	        0.00	        1.00	        3.00	        1.00
  1.89	        4.00	        0.00	        0.00	        1.00	        3.00	        1.00
  1.90	        4.00	        0.00	        0.00	        1.00	        3.00	        1.00
  1.91	        4.00	        0.00	        0.00	        1.00	        3.00	        1.00
  1.92	        4.00	        0.00	        0.00	        1.00	        3.00	        1.00
  1.93	        4.00	        0.00	        0.00	        1.00	        3.00	        1.00
  1.94	        4.00	        0.00	        0.00	        1.00	        3.00	        1.00
  1.95	        4.00	        0.00	        0.00	        1.00	        3.00	        1.00
  1.96	        4.00	        0.00	        0.00	        1.00	        3.00	        1.00
  1.97	        4.00	        0.00	        0.00	        1.00	        3.00	        1.00
  1.98	        4.00	        0.00	        0.00	        1.00	        3.00	        1.00
  1.99	        4.00	        0.00	        0.00	        1.00	        3.00	        1.00
  2.00	        4.00	        0.00	        0.00	        1.00	        3.00	        1.00
  2.01	        4.00	        0.00	        0.00	        1.00	        3.00	        1.00
  2.02	        5.00	        0.00	        0.00	        1.00	        4.00	        1.00
  2.03	        5.00	        0.00	        0.00	        1.00	        4.00	        1.00
  2.04	        5.00	        0.00	        0.00	        1.00	        4.00	        1.00
  2.05	        5.00	        0.00	        0.00	        1.00	        4.00	        1.00
  2.06	        5.00	        0.00	        0.00	        1.00	        4.00	        1.00
  2.07	        6.00	        0.00	        0.00	        1.00	        5.00	        1.00
  2.08	        6.00	        0.00	        0.00	        1.00	        5.00	        1.00
  2.09	        6.00	        0.00	        0.00	        1.00	        5.00	        1.00
  2.10	        6.00	        0.00	        0.00	        1.00	        5.00	        1.00
  2.11	        6.00	        0.00	        0.00	        1.00	        5.00	        1.00
  2.12	        6.00	        0.00	        0.00	        1.00	        5.00	        1.00
  2.13	        6.00	        0.00	        0.00	        1.00	        5.00	        1.00
  2.14	        7.00	        0.00	        0.00	        1.00	        6.00	        1.00
  2.15	        7.00	        0.00	        0.00	        1.00	        6.00	        1.00
  2.16	        7.00	        0.00	        0.00	        1.00	        6.00	        1.00
  2.17	        7.00	        0.00	        0.00	        1.00	        6.00	        1.00
  2.18	        7.00	        0.00	        0.00	        1.00	        6.00	        1.00
  2.19	        8.00	        0.00	        0.00	        1.00	        7.00	        1.00
  2.20	        8.00	        0.00	        0.00	        1.00	        7.00	        1.00
  2.21	        8.00	        0.00	        0.00	        1.00	        7.00	        1.00
  2.22	        9.00	        0.00	        0.00	        1.00	        8.00	        1.00
  2.23	        9.00	        0.00	        0.00	        1.00	        8.00	        1.00
  2.24	        9.00	        0.00	        0.00	        1.00	        8.00	        1.00
  2.25	        9.00	        0.00	        0.00	        1.00	        8.00	        1.00
  2.26	        9.00	        0.00	        0.00	        1.00	        8.00	        1.00
  2.27	        9.00	        0.00	        0.00	        1.00	        8.00	        1.00
  2.28	        9.00	        0.00	        0.00	        1.00	        8.00	        1.00
  2.29	        9.00	        0.00	        0.00	        1.00	        8.00	        1.00
  2.30	        9.00	        0.00	        0.00	        1.00	        8.00	        1.00
  2.31	        9.00	        0.00	        0.00	        1.00	        8.00	        1.00
  2.32	       10.00	        0.00	        0.00	        1.00	        9.00	        1.00
  2.33	       10.00	        0.00	        0.00	        1.00	        9.00	        1.00
  2.34	       11.00	        0.00	        0.00	        1.00	       10.00	        1.00
  2.35	       11.00	        0.00	        0.00	        1.00	       10.00	        1.00
  2.36	       12.00	        0.00	        0.00	        1.00	       11.00	        1.00
  2.37	       12.00	        0.00	        0.00	        1.00	       11.00	        1.00
  2.38	       12.00	        0.00	        0.00	        1.00	       11.00	        1.00
  2.39	       12.00	        0.00	        0.00	        1.00	       11.00	        1.00
  2.40	       12.00	        0.00	        0.00	        1.00	       11.00	        1.00
  2.41	       12.00	        0.00	        0.00	        1.00	       11.00	        1.00
  2.42	       12.00	        0.00	        0.00	        1.00	       11.00	        1.00
  2.43	       12.00	        0.00	        0.00	        1.00	       11.00	        1.00
  2.44	       13.00	        0.00	        0.00	        1.00	       12.00	        1.00
  2.45	       13.00	        0.00	        0.00	        1.00	       12.00	        1.00
  2.46	       13.00	        0.00	        0.00	        1.00	       12.00	        1.00
  2.47	       14.00	        0.00	        0.00	        1.00	       13.00	        1.00
  2.48	       15.00	        0.00	        0.00	        1.00	       14.00	        1.00
  2.49	       15.00	        0.00	        0.00	        1.00	       14.00	        1.00
  2.50	       16.00	        0.00	        0.00	        1.00	       15.00	        1.00
  2.51	       17.00	        0.00	        0.00	        1.00	       16.00	        1.00
  2.52	       17.00	        0.00	        0.00	        1.00	       16.00	        1.00
  2.53	       17.00	        0.00	        0.00	        1.00	       16.00	        1.00
  2.54	       18.00	        0.00	        0.00	        1.00	       17.00	        1.00
  2.55	       19.00	        0.00	        0.00	        1.00	       18.00	        1.00
  2.56	       19.00	        0.00	        0.00	        1.00	       18.00	        1.00
  2.57	       19.00	        0.00	        0.00	        1.00	       18.00	        1.00
  2.58	       19.00	        0.00	        0.00	        1.00	       18.00	        1.00
  2.59	       19.00	        0.00	        0.00	        1.00	       18.00	        1.00
  2.60	       19.00	        0.00	        0.00	        1.00	       18.00	        1.00
  2.61	       20.00	        0.00	        0.00	        1.00	       19.00	        1.00
  2.62	       20.00	        0.00	        0.00	        1.00	       19.00	        1.00
  2.63	       20.00	        0.00	        0.00	        1.00	       19.00	        1.00
  2.64	       20.00	        0.00	        0.00	        1.00	       19.00	        1.00
  2.65	       20.00	        0.00	        0.00	        1.00	       19.00	        1.00
  2.66	       20.00	        0.00	        0.00	        1.00	       19.00	        1.00
  2.67	       20.00	        0.00	        0.00	        1.00	       19.00	        1.00
  2.68	       20.00	        0.00	        0.00	        1.00	       19.00	        1.00
  2.69	       20.00	        0.00	        0.00	        1.00	       19.00	        1.00
  2.70	       21.00	        0.00	        0.00	        1.00	       20.00	        1.00
  2.71	       21.00	        0.00	        0.00	        1.00	       20.00	        1.00
  2.72	       22.00	        0.00	        0.00	        1.00	       21.00	        1.00
  2.73	       22.00	        0.00	        0.00	        1.00	       21.00	        1.00
  2.74	       22.00	        0.00	        0.00	        1.00	       21.00	        1.00
  2.75	       22.00	        0.00	        0.00	        1.00	       21.00	        1.00
  2.76	       22.00	        0.00	        0.00	        1.00	       21.00	        1.00
  2.77	       22.00	        0.00	        0.00	        1.00	       21.00	        1.00
  2.78	       22.00	        0.00	        0.00	        1.00	       21.00	        1.00
  2.79	       22.00	        0.00	        0.00	        1.00	       21.00	        1.00
  2.80	       22.00	        0.00	        0.00	        1.00	       21.00	        1.00
  2.81	       22.00	        0.00	        0.00	        1.00	       21.00	        1.00
  2.82	       22.00	        0.00	        0.00	        1.00	       21.00	        1.00
  2.83	       22.00	        0.00	        0.00	        1.00	       21.00	        1.00
  2.84	       22.00	        0.00	        0.00	        1.00	       21.00	        1.00
  2.85	       22.00	        0.00	        0.00	        1.00	       21.00	        1.00
  2.86	       22.00	        0.00	        0.00	        1.00	       21.00	        1.00
  2.87	       22.00	        0.00	        0.00	        1.00	       21.00	        1.00
  2.88	       24.00	        0.00	        0.00	        1.00	       23.00	        1.00
  2.89	       24.00	        0.00	        0.00	        1.00	       23.00	        1.00
  2.90	       24.00	        0.00	        0.00	        1.00	       23.00	        1.00
  2.91	       25.00	        0.00	        0.00	        1.00	       24.00	        1.00
  2.92	       25.00	        0.00	        0.00	        1.00	       24.00	        1.00
  2.93	       25.00	        0.00	        0.00	        1.00	       24.00	        1.00
  2.94	       25.00	        0.00	        0.00	        1.00	       24.00	        1.00
  2.95	       25.00	        0.00	        0.00	        1.00	       24.00	        1.00
  2.96	       25.00	        0.00	        0.00	        1.00	       24.00	        1.00
  2.97	       25.00	        0.00	        0.00	        1.00	       24.00	        1.00
  2.98	       26.00	        0.00	        0.00	        1.00	       25.00	        1.00
  2.99	       26.00	        0.00	        0.00	        1.00	       25.00	        1.00
  3.00	       27.00	        0.00	   600000.00	        1.00	       26.00	        1.00
  3.01	       29.00	        0.00	   599975.00	        1.00	       28.00	        1.00
  3.02	       30.00	        0.00	   599957.00	        1.00	       29.00	        1.00
  3.03	       30.00	        0.00	   599939.00	        1.00	       29.00	        1.00
  3.04	       31.00	        0.00	   599924.00	        1.00	       30.00	        1.00
  3.05	       31.00	        0.00	   599916.00	        1.00	       30.00	        1.00
  3.06	       32.00	        0.00	   599902.00	        1.00	       31.00	        1.00
  3.07	       33.00	        0.00	   599885.00	        1.00	       32.00	        1.00
  3.08	       34.00	        0.00	   599871.00	        1.00	       33.00	        1.00
  3.09	       35.00	        0.00	   599859.00	        1.00	       34.00	        1.00
  3.10	       35.00	        0.00	   599839.00	        1.00	       34.00	        1.00
  3.11	       38.00	        0.00	   599821.00	        1.00	       37.00	        1.00
  3.12	       38.00	        0.00	   599804.00	        1.00	       37.00	        1.00
  3.13	       39.00	        0.00	   599791.00	        1.00	       38.00	        1.00
  3.14	       41.00	        0.00	   599777.00	        1.00	       40.00	        1.00
  3.15	       43.00	        0.00	   599761.00	        1.00	       42.00	        1.00
  3.16	       44.00	        0.00	   599748.00	        1.00	       43.00	        1.00
  3.17	       47.00	        0.00	   599731.00	        1.00	       46.00	        1.00
  3.18	       47.00	        0.00	   599718.00	        1.00	       46.00	        1.00
  3.19	       47.00	        0.00	   599707.00	        1.00	       46.00	        1.00
  3.20	       48.00	        0.00	   599680.00	        1.00	       47.00	        1.00
  3.21	       49.00	        0.00	   599661.00	        1.00	       48.00	        1.00
  3.22	       50.00	        0.00	   599649.00	        1.00	       49.00	        1.00
  3.23	       52.00	        0.00	   599630.00	        1.00	       51.00	        1.00
  3.24	       55.00	        0.00	   599609.00	        1.00	       54.00	        1.00
  3.25	       56.00	        0.00	   599587.00	        1.00	       55.00	        1.00
  3.26	       58.00	        0.00	   599575.00	        1.00	       57.00	        1.00
  3.27	       58.00	        0.00	   599548.00	        1.00	       57.00	        1.00
  3.28	       60.00	        0.00	   599528.00	        1.00	       59.00	        1.00
  3.29	       61.00	        0.00	   599508.00	        1.00	       60.00	        1.00
  3.30	       61.00	        0.00	   599490.00	        1.00	       60.00	        1.00
  3.31	       61.00	        0.00	   599464.00	        1.00	       60.00	        1.00
  3.32	       62.00	        0.00	   599444.00	        1.00	       61.00	        1.00
  3.33	       62.00	        0.00	   599431.00	        1.00	       61.00	        1.00
  3.34	       64.00	        0.00	   599417.00	        1.00	       63.00	        1.00
  3.35	       66.00	        0.00	   599405.00	        1.00	       65.00	        1.00
  3.36	       67.00	        0.00	   599385.00	        1.00	       66.00	        1.00
  3.37	       67.00	        0.00	   599371.00	        1.00	       66.00	        1.00
  3.38	       67.00	        0.00	   599353.00	        1.00	       66.00	        1.00
  3.39	       68.00	        0.00	   599330.00	        1.00	       67.00	        1.00
  3.40	       68.00	        0.00	   599312.00	        1.00	       67.00	        1.00
  3.41	       70.00	        0.00	   599289.00	        1.00	       69.00	        1.00
  3.42	       71.00	        0.00	   599270.00	        1.00	       70.00	        1.00
  3.43	       72.00	        0.00	   599248.00	        1.00	       71.00	        1.00
  3.44	       73.00	        0.00	   599234.00	        1.00	       72.00	        1.00
  3.45	       73.00	        0.00	   599215.00	        1.00	       72.00	        1.00
  3.46	       73.00	        0.00	   599203.00	        1.00	       72.00	        1.00
  3.47	       73.00	        0.00	   599186.00	        1.00	       72.00	        1.00
  3.48	       74.00	        0.00	   599167.00	        1.00	       73.00	        1.00
  3.49	       75.00	        0.00	   599153.00	        1.00	       74.00	        1.00
  3.50	       76.00	        0.00	   599141.00	        1.00	       75.00	        1.00
  3.51	       79.00	        0.00	   599129.00	        1.00	       78.00	        1.00
  3.52	       79.00	        0.00	   599104.00	        1.00	       78.00	        1.00
  3.53	       82.00	        0.00	   599082.00	        1.00	       81.00	        1.00
  3.54	       82.00	        0.00	   599059.00	        1.00	       81.00	        1.00
  3.55	       84.00	        0.00	   599042.00	        1.00	       83.00	        1.00
  3.56	       86.00	        0.00	   599015.00	        1.00	       85.00	        1.00
  3.57	       86.00	        0.00	   598990.00	        1.00	       85.00	        1.00
  3.58	       87.00	        0.00	   598977.00	        1.00	       86.00	        1.00
  3.59	       88.00	        0.00	   598962.00	        1.00	       87.00	        1.00
  3.60	       89.00	        0.00	   598941.00	        1.00	       88.00	        1.00
  3.61	       89.00	        0.00	   598922.00	        1.00	       88.00	        1.00
  3.62	       93.00	        0.00	   598908.00	        1.00	       92.00	        1.00
  3.63	       94.00	        0.00	   598887.00	        1.00	       93.00	        1.00
  3.64	       96.00	        0.00	   598869.00	        1.00	       95.00	        1.00
  3.65	       99.00	        0.00	   598848.00	        1.00	       98.00	        1.00
  3.66	      102.00	        0.00	   598832.00	        1.00	      101.00	        1.00
  3.67	      105.00	        0.00	   598816.00	        1.00	      104.00	        1.00
  3.68	      106.00	        0.00	   598798.00	        1.00	      105.00	        1.00
  3.69	      106.00	        0.00	   598782.00	        1.00	      105.00	        1.00
  3.70	      109.00	        0.00	   598770.00	        1.00	      108.00	        1.00
  3.71	      110.00	        0.00	   598756.00	        1.00	      109.00	        1.00
  3.72	      112.00	        0.00	   598738.00	        1.00	      111.00	        1.00
  3.73	      114.00	        0.00	   598714.00	        1.00	      113.00	        1.00
  3.74	      115.00	        0.00	   598691.00	        1.00	      114.00	        1.00
  3.75	      116.00	        0.00	   598670.00	        1.00	      115.00	        1.00
  3.76	      121.00	        0.00	   598655.00	        1.00	      120.00	        1.00
  3.77	      124.00	        0.00	   598642.00	        1.00	      123.00	        1.00
  3.78	      124.00	        1.00	   598614.00	        1.00	      124.00	        1.00
  3.79	      127.00	        1.00	   598599.00	        1.00	      127.00	        1.00
  3.80	      128.00	        1.00	   598583.00	        1.00	      128.00	        1.00
  3.81	      130.00	        1.00	   598567.00	        1.00	      130.00	        1.00
  3.82	      131.00	        1.00	   598551.00	        1.00	      131.00	        1.00
  3.83	      132.00	        2.00	   598529.00	        1.00	      133.00	        1.00
  3.84	      134.00	        2.00	   598507.00	        1.00	      135.00	        1.00
  3.85	      139.00	        2.00	   598492.00	        1.00	      140.00	        1.00
  3.86	      143.00	        2.00	   598475.00	        1.00	      144.00	        1.00
  3.87	      150.00	        2.00	   598455.00	        1.00	      151.00	        1.00
  3.88	      150.00	        4.00	   598431.00	        1.00	      153.00	        1.00
  3.89	      153.00	        4.00	   598420.00	        1.00	      156.00	        1.00
  3.90	      156.00	        4.00	   598406.00	        1.00	      159.00	        1.00
  3.91	      159.00	        4.00	   598384.00	        1.00	      162.00	        1.00
  3.92	      161.00	        4.00	   598366.00	        1.00	      164.00	        1.00
  3.93	      168.00	        4.00	   598351.00	        1.00	      171.00	        1.00
  3.94	      171.00	        4.00	   598331.00	        1.00	      174.00	        1.00
  3.95	      176.00	        4.00	   598307.00	        1.00	      179.00	        1.00
  3.96	      178.00	        4.00	   598296.00	        1.00	      181.00	        1.00
  3.97	      180.00	        4.00	   598279.00	        1.00	      183.00	        1.00
  3.98	      184.00	        4.00	   598264.00	        1.00	      187.00	        1.00
  3.99	      186.00	        4.00	   598249.00	        1.00	      189.00	        1.00
  4.00	      189.00	        4.00	   598224.00	        1.00	      192.00	        1.00
  4.01	      189.00	        5.00	   598204.00	        1.00	      193.00	        1.00
  4.02	      189.00	        6.00	   598184.00	        1.00	      194.00	        1.00
  4.03	      190.00	        6.00	   598174.00	        1.00	      195.00	        1.00
  4.04	      192.00	        6.00	   598155.00	        1.00	      197.00	        1.00
  4.05	      195.00	        6.00	   598135.00	        1.00	      200.00	        1.00
  4.06	      200.00	        6.00	   598118.00	        1.00	      205.00	        1.00
  4.07	      200.00	        6.00	   598103.00	        1.00	      205.00	        1.00
  4.08	      202.00	        6.00	   598083.00	        1.00	      207.00	        1.00
  4.09	      205.00	        6.00	   598062.00	        1.00	      210.00	        1.00
  4.10	      208.00	        6.00	   598044.00	        1.00	      213.00	        1.00
  4.11	      209.00	        6.00	   598026.00	        1.00	      214.00	        1.00
  4.12	      211.00	        6.00	   598000.00	        1.00	      216.00	        1.00
  4.13	      214.00	        6.00	   597984.00	        1.00	      219.00	        1.00
  4.14	      222.00	        6.00	   597964.00	        1.00	      227.00	        1.00
  4.15	      226.00	        6.00	   597950.00	        1.00	      231.00	        1.00
  4.16	      229.00	        6.00	   597935.00	        1.00	      234.00	        1.00
  4.17	      229.00	        6.00	   597916.00	        1.00	      234.00	        1.00
  4.18	      232.00	        6.00	   597896.00	        1.00	      237.00	        1.00
  4.19	      235.00	        6.00	   597882.00	        1.00	      240.00	        1.00
  4.20	      238.00	        6.00	   597864.00	        1.00	      243.00	        1.00
  4.21	      241.00	        6.00	   597845.00	        1.00	      246.00	        1.00
  4.22	      247.00	        6.00	   597829.00	        1.00	      252.00	        1.00
  4.23	      250.00	        6.00	   597807.00	        1.00	      255.00	        1.00
  4.24	      255.00	        6.00	   597785.00	        1.00	      260.00	        1.00
  4.25	      258.00	        6.00	   597765.00	        1.00	      263.00	        1.00
  4.26	      262.00	        6.00	   597750.00	        1.00	      267.00	        1.00
  4.27	      265.00	        7.00	   597719.00	        1.00	      271.00	        1.00
  4.28	      270.00	        7.00	   597704.00	        1.00	      276.00	        1.00
  4.29	      277.00	        7.00	   597695.00	        1.00	      283.00	        1.00
  4.30	      282.00	        7.00	   597673.00	        1.00	      288.00	        1.00
  4.31	      290.00	        7.00	   597655.00	        1.00	      296.00	        1.00
  4.32	      291.00	        7.00	   597637.00	        1.00	      297.00	        1.00
  4.33	      294.00	        7.00	   597625.00	        1.00	      300.00	        1.00
  4.34	      298.00	        7.00	   597603.00	        1.00	      304.00	        1.00
  4.35	      301.00	        7.00	   597581.00	        1.00	      307.00	        1.00
  4.36	      308.00	        7.00	   597563.00	        1.00	      314.00	        1.00
  4.37	      310.00	        7.00	   597554.00	        1.00	      316.00	        1.00
  4.38	      316.00	        7.00	   597532.00	        1.00	      322.00	        1.00
  4.39	      318.00	        7.00	   597511.00	        1.00	      324.00	        1.00
  4.40	      327.00	        7.00	   597494.00	        1.00	      333.00	        1.00
  4.41	      333.00	        7.00	   597477.00	        1.00	      339.00	        1.00
  4.42	      337.00	        7.00	   597461.00	        1.00	      343.00	        1.00
  4.43	      344.00	        7.00	   597440.00	        1.00	      350.00	        1.00
  4.44	      348.00	        7.00	   597422.00	        1.00	      354.00	        1.00
  4.45	      352.00	        8.00	   597399.00	        1.00	      359.00	        1.00
  4.46	      358.00	        8.00	   597384.00	        1.00	      365.00	        1.00
  4.47	      363.00	        8.00	   597361.00	        1.00	      370.00	        1.00
  4.48	      370.00	        8.00	   597348.00	        1.00	      377.00	        1.00
  4.49	      378.00	        8.00	   597334.00	        1.00	      385.00	        1.00
  4.50	      381.00	        8.00	   597320.00	        1.00	      388.00	        1.00
  4.51	      230.00	      161.00	   597510.00	        1.00	      391.00	        1.00
  4.52	      232.00	      162.00	   597493.00	        1.00	      394.00	        1.00
  4.53	      236.00	      162.00	   597474.00	        1.00	      398.00	        1.00
  4.54	      242.00	      162.00	   597459.00	        1.00	      404.00	        1.00
  4.55	      247.00	      162.00	   597442.00	        1.00	      409.00	        1.00
  4.56	      250.00	      162.00	   597428.00	        1.00	      412.00	        1.00
  4.57	      256.00	      162.00	   597416.00	        1.00	      418.00	        1.00
  4.58	      265.00	      163.00	   597401.00	        1.00	      428.00	        1.00
  4.59	      268.00	      163.00	   597378.00	        1.00	      431.00	        1.00
  4.60	      269.00	      163.00	   597362.00	        1.00	      432.00	        1.00
  4.61	      271.00	      163.00	   597340.00	        1.00	      434.00	        1.00
  4.62	      274.00	      164.00	   597316.00	        1.00	      438.00	        1.00
  4.63	      276.00	      164.00	   597297.00	        1.00	      440.00	        1.00
  4.64	      280.00	      164.00	   597276.00	        1.00	      444.00	        1.00
  4.65	      286.00	      164.00	   597262.00	        1.00	      450.00	        1.00
  4.66	      298.00	      164.00	   597240.00	        1.00	      462.00	        1.00
  4.67	      306.00	      164.00	   597217.00	        1.00	      470.00	        1.00
  4.68	      311.00	      164.00	   597200.00	        1.00	      475.00	        1.00
  4.69	      312.00	      164.00	   597184.00	        1.00	      476.00	        1.00
  4.70	      321.00	      164.00	   597171.00	        1.00	      485.00	        1.00
  4.71	      323.00	      164.00	   597150.00	        1.00	      487.00	        1.00
  4.72	      326.00	      164.00	   597136.00	        1.00	      490.00	        1.00
  4.73	      331.00	      164.00	   597115.00	        1.00	      495.00	        1.00
  4.74	      336.00	      164.00	   597101.00	        1.00	      500.00	        1.00
  4.75	      341.00	      164.00	   597080.00	        1.00	      505.00	        1.00
  4.76	      232.00	      274.00	   597261.00	        1.00	      507.00	        1.00
  4.77	      236.00	      274.00	   597242.00	        1.00	      511.00	        1.00
  4.78	      237.00	      274.00	   597222.00	        1.00	      512.00	        1.00
  4.79	      243.00	      274.00	   597205.00	        1.00	      518.00	        1.00
  4.80	      245.00	      275.00	   597181.00	        1.00	      521.00	        1.00
  4.81	      248.00	      275.00	   597161.00	        1.00	      524.00	        1.00
  4.82	      168.00	      355.00	   597344.00	        1.00	      525.00	        1.00
  4.83	      172.00	      355.00	   597333.00	        1.00	      529.00	        1.00
  4.84	      174.00	      355.00	   597314.00	        1.00	      531.00	        1.00
  4.85	      176.00	      356.00	   597291.00	        1.00	      534.00	        1.00
  4.86	      179.00	      356.00	   597277.00	        1.00	      537.00	        1.00
  4.87	      126.00	      409.00	   597465.00	        1.00	      538.00	        1.00
  4.88	      126.00	      409.00	   597447.00	        1.00	      538.00	        1.00
  4.89	      128.00	      409.00	   597430.00	        1.00	      540.00	        1.00
  4.90	       68.00	      470.00	   597814.00	        1.00	      543.00	        1.00
  4.91	       73.00	      470.00	   597791.00	        1.00	      548.00	        1.00
  4.92	       73.00	      470.00	   597776.00	        1.00	      548.00	        1.00
  4.93	       75.00	      470.00	   597758.00	        1.00	      550.00	        1.00
  4.94	       78.00	      470.00	   597735.00	        1.00	      553.00	        1.00
  4.95	       79.00	      470.00	   597715.00	        1.00	      554.00	        1.00
  4.96	       79.00	      470.00	   597694.00	        1.00	      554.00	        1.00
  4.97	       80.00	      470.00	   597674.00	        1.00	      555.00	        1.00
  4.98	       84.00	      470.00	   597661.00	        1.00	      559.00	        1.00
  4.99	       59.00	      495.00	   597842.00	        1.00	      560.00	        1.00
  5.00	       42.00	      512.00	   598028.00	        1.00	      561.00	        1.00
  5.01	       31.00	      522.00	   598207.00	        1.00	      561.00	        1.00
  5.02	       31.00	      522.00	   598194.00	        1.00	      561.00	        1.00
  5.03	       31.00	      522.00	   598172.00	        1.00	      561.00	        1.00
  5.04	       21.00	      531.00	   598350.00	        1.00	      561.00	        1.00
  5.05	       21.00	      531.00	   598332.00	        1.00	      561.00	        1.00
  5.06	       22.00	      531.00	   598312.00	        1.00	      562.00	        1.00
  5.07	       23.00	      531.00	   598294.00	        1.00	      563.00	        1.00
  5.08	       15.00	      538.00	   598476.00	        1.00	      563.00	        1.00
  5.09	       15.00	      538.00	   598455.00	        1.00	      563.00	        1.00
  5.10	       15.00	      538.00	   598440.00	        1.00	      563.00	        1.00
  5.11	       10.00	      541.00	   598825.00	        1.00	      563.00	        1.00
  5.12	        9.00	      541.00	   599009.00	        1.00	      563.00	        1.00
  5.13	        1.00	      546.00	   599587.00	        1.00	      563.00	        1.00
  5.14	        1.00	      546.00	   599572.00	        1.00	      563.00	        1.00
  5.15	        1.00	      545.00	   599742.00	        1.00	      563.00	        1.00
  5.16	        1.00	      545.00	   599710.00	        1.00	      563.00	        1.00
  5.17	        1.00	      545.00	   599693.00	        1.00	      563.00	        1.00
  5.18	        1.00	      544.00	   599876.00	        1.00	      563.00	        1.00
  5.19	        0.00	      544.00	   600056.00	        0.00	      563.00	        1.00
  5.20	        0.00	      543.00	   600236.00	        0.00	      563.00	        1.00
  5.21	        0.00	      543.00	   600212.00	        0.00	      563.00	        1.00
  5.22	        0.00	      542.00	   600392.00	        0.00	      563.00	        1.00
  5.23	        0.00	      542.00	   600366.00	        0.00	      563.00	        1.00
  5.24	        0.00	      540.00	   600741.00	        0.00	      563.00	        1.00
  5.25	        0.00	      539.00	   600922.00	        0.00	      563.00	        1.00
  5.26	        0.00	      538.00	   601106.00	        0.00	      563.00	        1.00
  5.27	        0.00	      535.00	   601685.00	        0.00	      563.00	        1.00
  5.28	        0.00	      535.00	   601662.00	        0.00	      563.00	        1.00
  5.29	        0.00	      535.00	   601634.00	        0.00	      563.00	        1.00
  5.30	        0.00	      535.00	   601606.00	        0.00	      563.00	        1.00
  5.31	        0.00	      533.00	   601978.00	        0.00	      563.00	        1.00
  5.32	        0.00	      532.00	   602154.00	        0.00	      563.00	        1.00
  5.33	        0.00	      529.00	   602730.00	        0.00	      563.00	        1.00
  5.34	        0.00	      527.00	   603112.00	        0.00	      563.00	        1.00
  5.35	        0.00	      522.00	   604088.00	        0.00	      563.00	        1.00
  5.36	        0.00	      518.00	   604870.00	        0.00	      563.00	        1.00
  5.37	        0.00	      516.00	   605247.00	        0.00	      563.00	        1.00
  5.38	        0.00	      515.00	   605428.00	        0.00	      563.00	        1.00
  5.39	        0.00	      509.00	   606602.00	        0.00	      563.00	        1.00
  5.40	        0.00	      505.00	   607367.00	        0.00	      563.00	        1.00
  5.41	        0.00	      505.00	   607342.00	        0.00	      563.00	        1.00
  5.42	        0.00	      504.00	   607517.00	        0.00	      563.00	        1.00
  5.43	        0.00	      502.00	   607894.00	        0.00	      563.00	        1.00
  5.44	        0.00	      499.00	   608468.00	        0.00	      563.00	        1.00
  5.45	        0.00	      496.00	   609041.00	        0.00	      563.00	        1.00
  5.46	        0.00	      494.00	   609420.00	        0.00	      563.00	        1.00
  5.47	        0.00	      492.00	   609804.00	        0.00	      563.00	        1.00
  5.48	        0.00	      491.00	   609979.00	        0.00	      563.00	        1.00
  5.49	        0.00	      488.00	   610552.00	        0.00	      563.00	        1.00
  5.50	        0.00	      486.00	   610921.00	        0.00	      563.00	        1.00
  5.51	        0.00	      481.00	   611896.00	        0.00	      563.00	        1.00
  5.52	        0.00	      478.00	   612475.00	        0.00	      563.00	        1.00
  5.53	        0.00	      471.00	   613853.00	        0.00	      563.00	        1.00
  5.54	        0.00	      466.00	   614823.00	        0.00	      563.00	        1.00
  5.55	        0.00	      464.00	   615196.00	        0.00	      563.00	        1.00
  5.56	        0.00	      458.00	   616369.00	        0.00	      563.00	        1.00
  5.57	        0.00	      451.00	   617738.00	        0.00	      563.00	        1.00
  5.58	        0.00	      447.00	   618502.00	        0.00	      563.00	        1.00
  5.59	        0.00	      442.00	   619479.00	        0.00	      563.00	        1.00
  5.60	        0.00	      439.00	   620046.00	        0.00	      563.00	        1.00
  5.61	        0.00	      434.00	   621008.00	        0.00	      563.00	        1.00
  5.62	        0.00	      428.00	   622177.00	        0.00	      563.00	        1.00
  5.63	        0.00	      424.00	   622951.00	        0.00	      563.00	        1.00
  5.64	        0.00	      421.00	   623512.00	        0.00	      563.00	        1.00
  5.65	        0.00	      419.00	   623879.00	        0.00	      563.00	        1.00
  5.66	        0.00	      415.00	   624641.00	        0.00	      563.00	        1.00
  5.67	        0.00	      407.00	   626187.00	        0.00	      563.00	        1.00
  5.68	        0.00	      406.00	   626345.00	        0.00	      563.00	        1.00
  5.69	        0.00	      399.00	   627713.00	        0.00	      563.00	        1.00
  5.70	        0.00	      396.00	   628280.00	        0.00	      563.00	        1.00
  5.71	        0.00	      391.00	   629236.00	        0.00	      563.00	        1.00
  5.72	        0.00	      381.00	   631197.00	        0.00	      563.00	        1.00
  5.73	        0.00	      374.00	   632554.00	        0.00	      563.00	        1.00
  5.74	        0.00	      370.00	   633319.00	        0.00	      563.00	        1.00
  5.75	        0.00	      366.00	   634078.00	        0.00	      563.00	        1.00
  5.76	        0.00	      364.00	   634438.00	        0.00	      563.00	        1.00
  5.77	        0.00	      357.00	   635794.00	        0.00	      563.00	        1.00
  5.78	        0.00	      356.00	   635953.00	        0.00	      563.00	        1.00
  5.79	        0.00	      351.00	   636899.00	        0.00	      563.00	        1.00
  5.80	        0.00	      342.00	   638654.00	        0.00	      563.00	        1.00
  5.81	        0.00	      339.00	   639217.00	        0.00	      563.00	        1.00
  5.82	        0.00	      330.00	   640980.00	        0.00	      563.00	        1.00
  5.83	        0.00	      325.00	   641932.00	        0.00	      563.00	        1.00
  5.84	        0.00	      318.00	   643286.00	        0.00	      563.00	        1.00
  5.85	        0.00	      312.00	   644428.00	        0.00	      563.00	        1.00
  5.86	        0.00	      308.00	   645172.00	        0.00	      563.00	        1.00
  5.87	        0.00	      306.00	   645517.00	        0.00	      563.00	        1.00
  5.88	        0.00	      302.00	   646261.00	        0.00	      563.00	        1.00
  5.89	        0.00	      296.00	   647408.00	        0.00	      563.00	        1.00
  5.90	        0.00	      288.00	   648957.00	        0.00	      563.00	        1.00
  5.91	        0.00	      282.00	   650113.00	        0.00	      563.00	        1.00
  5.92	        0.00	      275.00	   651467.00	        0.00	      563.00	        1.00
  5.93	        0.00	      272.00	   652023.00	        0.00	      563.00	        1.00
  5.94	        0.00	      265.00	   653368.00	        0.00	      563.00	        1.00
  5.95	        0.00	      262.00	   653918.00	        0.00	      563.00	        1.00
  5.96	        0.00	      251.00	   656077.00	        0.00	      563.00	        1.00
  5.97	        0.00	      242.00	   657827.00	        0.00	      563.00	        1.00
  5.98	        0.00	      237.00	   658790.00	        0.00	      563.00	        1.00
  5.99	        0.00	      232.00	   659743.00	        0.00	      563.00	        1.00
  6.00	        0.00	      228.00	   660492.00	        0.00	      563.00	        1.00
  6.01	        0.00	      224.00	   661246.00	        0.00	      563.00	        1.00
  6.02	        0.00	      221.00	   661801.00	        0.00	      563.00	        1.00
  6.03	        0.00	      215.00	   662942.00	        0.00	      563.00	        1.00
  6.04	        0.00	      210.00	   663899.00	        0.00	      563.00	        1.00
  6.05	        0.00	      201.00	   665650.00	        0.00	      563.00	        1.00
  6.06	        0.00	      196.00	   666593.00	        0.00	      563.00	        1.00
  6.07	        0.00	      192.00	   667336.00	        0.00	      563.00	        1.00
  6.08	        0.00	      186.00	   668480.00	        0.00	      563.00	        1.00
  6.09	        0.00	      183.00	   669028.00	        0.00	      563.00	        1.00
  6.10	        0.00	      178.00	   669966.00	        0.00	      563.00	        1.00
  6.11	        0.00	      171.00	   671298.00	        0.00	      563.00	        1.00
  6.12	        0.00	      169.00	   671637.00	        0.00	      563.00	        1.00
  6.13	        0.00	      164.00	   672577.00	        0.00	      563.00	        1.00
  6.14	        0.00	      160.00	   673326.00	        0.00	      563.00	        1.00
  6.15	        0.00	      153.00	   674680.00	        0.00	      563.00	        1.00
  6.16	        0.00	      146.00	   676022.00	        0.00	      563.00	        1.00
  6.17	        0.00	      141.00	   676963.00	        0.00	      563.00	        1.00
  6.18	        0.00	      141.00	   676913.00	        0.00	      563.00	        1.00
  6.19	        0.00	      137.00	   677665.00	        0.00	      563.00	        1.00
  6.20	        0.00	      134.00	   678212.00	        0.00	      563.00	        1.00
  6.21	        0.00	      132.00	   678567.00	        0.00	      563.00	        1.00
  6.22	        0.00	      128.00	   679313.00	        0.00	      563.00	        1.00
  6.23	        0.00	      124.00	   680064.00	        0.00	      563.00	        1.00
  6.24	        0.00	      120.00	   680814.00	        0.00	      563.00	        1.00
  6.25	        0.00	      109.00	   682955.00	        0.00	      563.00	        1.00
  6.26	        0.00	      107.00	   683306.00	        0.00	      563.00	        1.00
  6.27	        0.00	      103.00	   684049.00	        0.00	      563.00	        1.00
  6.28	        0.00	       98.00	   684994.00	        0.00	      563.00	        1.00
  6.29	        0.00	       96.00	   685350.00	        0.00	      563.00	        1.00
  6.30	        0.00	       92.00	   686106.00	        0.00	      563.00	        1.00
  6.31	        0.00	       88.00	   686851.00	        0.00	      563.00	        1.00
  6.32	        0.00	       86.00	   687197.00	        0.00	      563.00	        1.00
  6.33	        0.00	       83.00	   687751.00	        0.00	      563.00	        1.00
  6.34	        0.00	       80.00	   688313.00	        0.00	      563.00	        1.00
  6.35	        0.00	       74.00	   689475.00	        0.00	      563.00	        1.00
  6.36	        0.00	       72.00	   689819.00	        0.00	      563.00	        1.00
  6.37	        0.00	       69.00	   690375.00	        0.00	      563.00	        1.00
  6.38	        0.00	       68.00	   690528.00	        0.00	      563.00	        1.00
  6.39	        0.00	       65.00	   691077.00	        0.00	      563.00	        1.00
  6.40	        0.00	       61.00	   691831.00	        0.00	      563.00	        1.00
  6.41	        0.00	       60.00	   691993.00	        0.00	      563.00	        1.00
  6.42	        0.00	       55.00	   692947.00	        0.00	      563.00	        1.00
  6.43	        0.00	       55.00	   692902.00	        0.00	      563.00	        1.00
  6.44	        0.00	       53.00	   693253.00	        0.00	      563.00	        1.00
  6.45	        0.00	       52.00	   693399.00	        0.00	      563.00	        1.00
  6.46	        0.00	       50.00	   693753.00	        0.00	      563.00	        1.00
  6.47	        0.00	       45.00	   694719.00	        0.00	      563.00	        1.00
  6.48	        0.00	       44.00	   694870.00	        0.00	      563.00	        1.00
  6.49	        0.00	       42.00	   695217.00	        0.00	      563.00	        1.00
  6.50	        0.00	       40.00	   695580.00	        0.00	      563.00	        1.00
  6.51	        0.00	       38.00	   695943.00	        0.00	      563.00	        1.00
  6.52	        0.00	       38.00	   695908.00	        0.00	      563.00	        1.00
  6.53	        0.00	       37.00	   696052.00	        0.00	      563.00	        1.00
  6.54	        0.00	       34.00	   696608.00	        0.00	      563.00	        1.00
  6.55	        0.00	       34.00	   696566.00	        0.00	      563.00	        1.00
  6.56	        0.00	       34.00	   696528.00	        0.00	      563.00	        1.00
  6.57	        0.00	       32.00	   696892.00	        0.00	      563.00	        1.00
  6.58	        0.00	       32.00	   696858.00	        0.00	      563.00	        1.00
  6.59	        0.00	       29.00	   697417.00	        0.00	      563.00	        1.00
  6.60	        0.00	       28.00	   697584.00	        0.00	      563.00	        1.00
  6.61	        0.00	       28.00	   697538.00	        0.00	      563.00	        1.00
  6.62	        0.00	       28.00	   697504.00	        0.00	      563.00	        1.00
  6.63	        0.00	       28.00	   697466.00	        0.00	      563.00	        1.00
  6.64	        0.00	       26.00	   697839.00	        0.00	      563.00	        1.00
  6.65	        0.00	       25.00	   698001.00	        0.00	      563.00	        1.00
  6.66	        0.00	       23.00	   698358.00	        0.00	      563.00	        1.00
  6.67	        0.00	       20.00	   698928.00	        0.00	      563.00	        1.00
  6.68	        0.00	       20.00	   698895.00	        0.00	      563.00	        1.00
  6.69	        0.00	       18.00	   699265.00	        0.00	      563.00	        1.00
  6.70	        0.00	       17.00	   699436.00	        0.00	      563.00	        1.00
  6.71	        0.00	       17.00	   699398.00	        0.00	      563.00	        1.00
  6.72	        0.00	       14.00	   699965.00	        0.00	      563.00	        1.00
  6.73	        0.00	       13.00	   700128.00	        0.00	      563.00	        1.00
  6.74	        0.00	       11.00	   700494.00	        0.00	      563.00	        1.00
  6.75	        0.00	        9.00	   700863.00	        0.00	      563.00	        1.00
  6.76	        0.00	        8.00	   701044.00	        0.00	      563.00	        1.00
  6.77	        0.00	        8.00	   701015.00	        0.00	      563.00	        1.00
  6.78	        0.00	        8.00	   700989.00	        0.00	      563.00	        1.00
  6.79	        0.00	        8.00	   700960.00	        0.00	      563.00	        1.00
  6.80	        0.00	        7.00	   701130.00	        0.00	      563.00	        1.00
  6.81	        0.00	        7.00	   701112.00	        0.00	      563.00	        1.00
  6.82	        0.00	        6.00	   701284.00	        0.00	      563.00	        1.00
  6.83	        0.00	        5.00	   701455.00	        0.00	      563.00	        1.00
  6.84	        0.00	        5.00	   701431.00	        0.00	      563.00	        1.00
  6.85	        0.00	        5.00	   701396.00	        0.00	      563.00	        1.00
  6.86	        0.00	        4.00	   701572.00	        0.00	      563.00	        1.00
  6.87	        0.00	        4.00	   701547.00	        0.00	      563.00	        1.00
  6.88	        0.00	        4.00	   701521.00	        0.00	      563.00	        1.00
  6.89	        0.00	        3.00	   701693.00	        0.00	      563.00	        1.00
  6.90	        0.00	        3.00	   701673.00	        0.00	      563.00	        1.00
  6.91	        0.00	        3.00	   701654.00	        0.00	      563.00	        1.00
  6.92	        0.00	        3.00	   701621.00	        0.00	      563.00	        1.00
  6.93	        0.00	        3.00	   701601.00	        0.00	      563.00	        1.00
  6.94	        0.00	        3.00	   701571.00	        0.00	      563.00	        1.00
  6.95	        0.00	        3.00	   701535.00	        0.00	      563.00	        1.00
  6.96	        0.00	        3.00	   701507.00	        0.00	      563.00	        1.00
  6.97	        0.00	        3.00	   701465.00	        0.00	      563.00	        1.00
  6.98	        0.00	        3.00	   701440.00	        0.00	      563.00	        1.00
  6.99	        0.00	        3.00	   701408.00	        0.00	      563.00	        1.00
  7.00	        0.00	        3.00	   701376.00	        0.00	      563.00	        1.00
  7.01	        0.00	        3.00	   701341.00	        0.00	      563.00	        1.00
  7.02	        0.00	        3.00	   701322.00	        0.00	      563.00	        1.00
  7.03	        0.00	        3.00	   701291.00	        0.00	      563.00	        1.00
  7.04	        0.00	        3.00	   701262.00	        0.00	      563.00	        1.00
  7.05	        0.00	        3.00	   701234.00	        0.00	      563.00	        1.00
  7.06	        0.00	        3.00	   701205.00	        0.00	      563.00	        1.00
  7.07	        0.00	        3.00	   701190.00	        0.00	      563.00	        1.00
  7.08	        0.00	        3.00	   701166.00	        0.00	      563.00	        1.00
  7.09	        0.00	        3.00	   701145.00	        0.00	      563.00	        1.00
  7.10	        0.00	        3.00	   701114.00	        0.00	      563.00	        1.00
  7.11	        0.00	        3.00	   701093.00	        0.00	      563.00	        1.00
  7.12	        0.00	        2.00	   701266.00	        0.00	      563.00	        1.00
  7.13	        0.00	        2.00	   701241.00	        0.00	      563.00	        1.00
  7.14	        0.00	        2.00	   701215.00	        0.00	      563.00	        1.00
  7.15	        0.00	        2.00	   701188.00	        0.00	      563.00	        1.00
  7.16	        0.00	        2.00	   701171.00	        0.00	      563.00	        1.00
  7.17	        0.00	        2.00	   701151.00	        0.00	      563.00	        1.00
  7.18	        0.00	        2.00	   701131.00	        0.00	      563.00	        1.00
  7.19	        0.00	        1.00	   701305.00	        0.00	      563.00	        1.00
  7.20	        0.00	        1.00	   701275.00	        0.00	      563.00	        1.00
  7.21	        0.00	        1.00	   701247.00	        0.00	      563.00	        1.00
  7.22	        0.00	        1.00	   701225.00	        0.00	      563.00	        1.00
  7.23	        0.00	        1.00	   701205.00	        0.00	      563.00	        1.00
  7.24	        0.00	        1.00	   701178.00	        0.00	      563.00	        1.00
  7.25	        0.00	        1.00	   701147.00	        0.00	      563.00	        1.00
  7.26	        0.00	        1.00	   701129.00	        0.00	      563.00	        1.00
  7.27	        0.00	        1.00	   701100.00	        0.00	      563.00	        1.00
  7.28	        0.00	        1.00	   701083.00	        0.00	      563.00	        1.00
  7.29	        0.00	        1.00	   701052.00	        0.00	      563.00	        1.00
  7.30	        0.00	        1.00	   701020.00	        0.00	      563.00	        1.00
  7.31	        0.00	        1.00	   700998.00	        0.00	      563.00	        1.00
  7.32	        0.00	        1.00	   700971.00	        0.00	      563.00	        1.00
  7.33	        0.00	        1.00	   700948.00	        0.00	      563.00	        1.00
  7.34	        0.00	        1.00	   700920.00	        0.00	      563.00	        1.00
  7.35	        0.00	        0.00	   701093.00	        0.00	      563.00	        0.00
