Datatype: PopulationSize
  0.00	     3162.00	        0.00	316227766.00	        1.00	        0.00	     3162.00
  0.01	     3120.00	       94.00	315911478.00	        1.00	       52.00	     3162.00
  0.02	     3073.00	      190.00	315595360.00	        1.00	      101.00	     3162.00
  0.03	     3027.00	      287.00	315279947.00	        1.00	      152.00	     3162.00
  0.04	     2978.00	      379.00	314964739.00	        1.00	      195.00	     3162.00
  0.05	     2939.00	      481.00	314649945.00	        1.00	      258.00	     3162.00
  0.06	     2886.00	      579.00	314334695.00	        1.00	      303.00	     3162.00
  0.07	     2846.00	      665.00	314020028.00	        1.00	      349.00	     3162.00
  0.08	     2802.00	      762.00	313705670.00	        1.00	      402.00	     3162.00
  0.09	     2762.00	      842.00	313391571.00	        1.00	      442.00	     3162.00
  0.10	     2702.00	      940.00	313079152.00	        1.00	      480.00	     3162.00
  0.11	     2672.00	     1020.00	312765625.00	        1.00	      530.00	     3162.00
  0.12	     2668.00	     1078.00	312452721.00	        1.00	      584.00	     3162.00
  0.13	     2652.00	     1157.00	312139334.00	        1.00	      647.00	     3162.00
  0.14	     2619.00	     1240.00	311826447.00	        1.00	      697.00	     3162.00
  0.15	     2604.00	     1307.00	311514580.00	        1.00	      749.00	     3162.00
  0.16	     2563.00	     1376.00	311202557.00	        1.00	      777.00	     3162.00
  0.17	     2537.00	     1436.00	310891927.00	        1.00	      811.00	     3162.00
  0.18	     2508.00	     1515.00	310580770.00	        1.00	      861.00	     3162.00
  0.19	     2479.00	     1579.00	310270844.00	        1.00	      896.00	     3162.00
  0.20	     2450.00	     1644.00	309960255.00	        1.00	      932.00	     3162.00
  0.21	     2441.00	     1692.00	309649815.00	        1.00	      971.00	     3162.00
  0.22	     2419.00	     1752.00	309339309.00	        1.00	     1009.00	     3162.00
  0.23	     2401.00	     1805.00	309029813.00	        1.00	     1044.00	     3162.00
  0.24	     2356.00	     1884.00	308720822.00	        1.00	     1079.00	     3162.00
  0.25	     2339.00	     1948.00	308411796.00	        1.00	     1126.00	     3162.00
  0.26	     2309.00	     2023.00	308103025.00	        1.00	     1172.00	     3162.00
  0.27	     2234.00	     2129.00	307794262.00	        1.00	     1205.00	     3162.00
  0.28	     2217.00	     2185.00	307486414.00	        1.00	     1244.00	     3162.00
  0.29	     2196.00	     2249.00	307178600.00	        1.00	     1288.00	     3162.00
  0.30	     2173.00	     2301.00	306871457.00	        1.00	     1317.00	     3162.00
  0.31	     2121.00	     2384.00	306563730.00	        1.00	     1349.00	     3162.00
  0.32	     1962.00	     2578.00	306257689.00	        1.00	     1391.00	     3162.00
  0.33	     1796.00	     2768.00	305952394.00	        1.00	     1422.00	     3162.00
  0.34	     1700.00	     2894.00	305646840.00	        1.00	     1457.00	     3162.00
  0.35	     1695.00	     2934.00	305341238.00	        1.00	     1492.00	     3162.00
  0.36	     1576.00	     3075.00	305035882.00	        1.00	     1520.00	     3162.00
  0.37	     1505.00	     3168.00	304730952.00	        1.00	     1546.00	     3162.00
  0.38	     1352.00	     3338.00	304426757.00	        1.00	     1573.00	     3162.00
  0.39	     1151.00	     3556.00	304122181.00	        1.00	     1604.00	     3162.00
  0.40	     1070.00	     3651.00	303818728.00	        1.00	     1625.00	     3162.00
  0.41	      970.00	     3760.00	303514948.00	        1.00	     1643.00	     3162.00
  0.42	      816.00	     3922.00	303212462.00	        1.00	     1666.00	     3162.00
  0.43	      656.00	     4066.00	302911126.00	        1.00	     1671.00	     3162.00
  0.44	      534.00	     4181.00	302609545.00	        1.00	     1681.00	     3162.00
  0.45	      481.00	     4237.00	302306887.00	        1.00	     1695.00	     3162.00
  0.46	      353.00	     4352.00	302005249.00	        1.00	     1709.00	     3162.00
  0.47	      304.00	     4395.00	301703950.00	        1.00	     1715.00	     3162.00
  0.48	      263.00	     4427.00	301402903.00	        1.00	     1721.00	     3162.00
  0.49	      203.00	     4464.00	301102891.00	        1.00	     1725.00	     3162.00
  0.50	      174.00	     4476.00	300802641.00	        1.00	     1729.00	     3162.00
  0.51	      132.00	     4494.00	300503053.00	        1.00	     1731.00	     3162.00
  0.52	       88.00	     4510.00	300203837.00	        1.00	     1734.00	     3162.00
  0.53	       72.00	     4505.00	299904376.00	        1.00	     1738.00	     3162.00
  0.54	       48.00	     4500.00	299606256.00	        1.00	     1739.00	     3162.00
  0.55	       36.00	     4488.00	299308385.00	        1.00	     1739.00	     3162.00
  0.56	       26.00	     4470.00	299010521.00	        1.00	     1741.00	     3162.00
  0.57	       16.00	     4443.00	298713100.00	        1.00	     1742.00	     3162.00
  0.58	        8.00	     4410.00	298416416.00	        1.00	     1742.00	     3162.00
  0.59	        6.00	     4372.00	298119448.00	        1.00	     1743.00	     3162.00
  0.60	        3.00	     4336.00	297823348.00	        1.00	     1743.00	     3162.00
  0.61	        1.00	     4290.00	297527734.00	        1.00	     1743.00	     3162.00
  0.62	        0.00	     4240.00	297231731.00	        0.00	     1743.00	     3162.00
  0.63	        0.00	     4210.00	296935532.00	        0.00	     1743.00	     3162.00
  0.64	        0.00	     4156.00	296641303.00	        0.00	     1743.00	     3162.00
  0.65	        0.00	     4107.00	296346103.00	        0.00	     1743.00	     3162.00
  0.66	        0.00	     4055.00	296052789.00	        0.00	     1743.00	     3162.00
  0.67	        0.00	     3998.00	295758679.00	        0.00	     1743.00	     3162.00
  0.68	        0.00	     3950.00	295465850.00	        0.00	     1743.00	     3162.00
  0.69	        0.00	     3893.00	295173761.00	        0.00	     1743.00	     3162.00
  0.70	        0.00	     3819.00	294882092.00	        0.00	     1743.00	     3162.00
  0.71	        0.00	     3761.00	294589415.00	        0.00	     1743.00	     3162.00
  0.72	        0.00	     3697.00	294298200.00	        0.00	     1743.00	     3162.00
  0.73	        0.00	     3628.00	294006167.00	        0.00	     1743.00	     3162.00
  0.74	        0.00	     3572.00	293714497.00	        0.00	     1743.00	     3162.00
  0.75	        0.00	     3505.00	293424272.00	        0.00	     1743.00	     3162.00
  0.76	        0.00	     3437.00	293134950.00	        0.00	     1743.00	     3162.00
  0.77	        0.00	     3356.00	292845169.00	        0.00	     1743.00	     3162.00
  0.78	        0.00	     3287.00	292555480.00	        0.00	     1743.00	     3162.00
  0.79	        0.00	     3195.00	292267260.00	        0.00	     1743.00	     3162.00
  0.80	        0.00	     3120.00	291979482.00	        0.00	     1743.00	     3120.00
  0.81	        0.00	     3022.00	291692435.00	        0.00	     1743.00	     3022.00
  0.82	        0.00	     2941.00	291404780.00	        0.00	     1743.00	     2941.00
  0.83	        0.00	     2877.00	291117026.00	        0.00	     1743.00	     2877.00
  0.84	        0.00	     2782.00	290830623.00	        0.00	     1743.00	     2782.00
  0.85	        0.00	     2696.00	290544449.00	        0.00	     1743.00	     2696.00
  0.86	        0.00	     2617.00	290259023.00	        0.00	     1743.00	     2617.00
  0.87	        0.00	     2522.00	289973677.00	        0.00	     1743.00	     2522.00
  0.88	        0.00	     2452.00	289686965.00	        0.00	     1743.00	     2452.00
  0.89	        0.00	     2363.00	289402896.00	        0.00	     1743.00	     2363.00
  0.90	        0.00	     2273.00	289117669.00	        0.00	     1743.00	     2273.00
  0.91	        0.00	     2192.00	288832152.00	        0.00	     1743.00	     2192.00
  0.92	        0.00	     2091.00	288547975.00	        0.00	     1743.00	     2091.00
  0.93	        0.00	     2002.00	288263854.00	        0.00	     1743.00	     2002.00
  0.94	        0.00	     1918.00	287979781.00	        0.00	     1743.00	     1918.00
  0.95	        0.00	     1854.00	287695764.00	        0.00	     1743.00	     1854.00
  0.96	        0.00	     1773.00	287413028.00	        0.00	     1743.00	     1773.00
  0.97	        0.00	     1684.00	287130109.00	        0.00	     1743.00	     1684.00
  0.98	        0.00	     1599.00	286847937.00	        0.00	     1743.00	     1599.00
  0.99	        0.00	     1519.00	286565567.00	        0.00	     1743.00	     1519.00
  1.00	        0.00	     1437.00	286283815.00	        0.00	     1743.00	     1437.00
  1.01	        0.00	     1359.00	286000880.00	        0.00	     1743.00	     1359.00
  1.02	        0.00	     1279.00	285718432.00	        0.00	     1743.00	     1279.00
  1.03	        0.00	     1196.00	285437038.00	        0.00	     1743.00	     1196.00
  1.04	        0.00	     1122.00	285155168.00	        0.00	     1743.00	     1122.00
  1.05	        0.00	     1060.00	284874320.00	        0.00	     1743.00	     1060.00
  1.06	        0.00	     1001.00	284592999.00	        0.00	     1743.00	     1001.00
  1.07	        0.00	      938.00	284311786.00	        0.00	     1743.00	      938.00
  1.08	        0.00	      877.00	284030710.00	        0.00	     1743.00	      877.00
  1.09	        0.00	      823.00	283749638.00	        0.00	     1743.00	      823.00
  1.10	        0.00	      766.00	283469721.00	        0.00	     1743.00	      766.00
  1.11	        0.00	      726.00	283188530.00	        0.00	     1743.00	      726.00
  1.12	        0.00	      663.00	282908300.00	        0.00	     1743.00	      663.00
  1.13	        0.00	      620.00	282626933.00	        0.00	     1743.00	      620.00
  1.14	        0.00	      577.00	282346578.00	        0.00	     1743.00	      577.00
  1.15	        0.00	      537.00	282066055.00	        0.00	     1743.00	      537.00
  1.16	        0.00	      501.00	281785239.00	        0.00	     1743.00	      501.00
  1.17	        0.00	      468.00	281505761.00	        0.00	     1743.00	      468.00
  1.18	        0.00	      441.00	281226365.00	        0.00	     1743.00	      441.00
  1.19	        0.00	      394.00	280947612.00	        0.00	     1743.00	      394.00
  1.20	        0.00	      369.00	280668208.00	        0.00	     1743.00	      369.00
  1.21	        0.00	      344.00	280388859.00	        0.00	     1743.00	      344.00
  1.22	        0.00	      317.00	280108860.00	        0.00	     1743.00	      317.00
  1.23	        0.00	      293.00	279829350.00	        0.00	     1743.00	      293.00
  1.24	        0.00	      270.00	279550341.00	        0.00	     1743.00	      270.00
  1.25	        0.00	      244.00	279272459.00	        0.00	     1743.00	      244.00
  1.26	        0.00	      228.00	278994091.00	        0.00	     1743.00	      228.00
  1.27	        0.00	      202.00	278716391.00	        0.00	     1743.00	      202.00
  1.28	        0.00	      180.00	278438442.00	        0.00	     1743.00	      180.00
  1.29	        0.00	      160.00	278160280.00	        0.00	     1743.00	      160.00
  1.30	        0.00	      142.00	277882714.00	        0.00	     1743.00	      142.00
  1.31	        0.00	      128.00	277605945.00	        0.00	     1743.00	      128.00
  1.32	        0.00	      121.00	277328627.00	        0.00	     1743.00	      121.00
  1.33	        0.00	      107.00	277051737.00	        0.00	     1743.00	      107.00
  1.34	        0.00	       99.00	276775054.00	        0.00	     1743.00	       99.00
  1.35	        0.00	       90.00	276498297.00	        0.00	     1743.00	       90.00
  1.36	        0.00	       79.00	276221812.00	        0.00	     1743.00	       79.00
  1.37	        0.00	       72.00	275946138.00	        0.00	     1743.00	       72.00
  1.38	        0.00	       66.00	275669988.00	        0.00	     1743.00	       66.00
  1.39	        0.00	       59.00	275394420.00	        0.00	     1743.00	       59.00
  1.40	        0.00	       57.00	275118543.00	        0.00	     1743.00	       57.00
  1.41	        0.00	       52.00	274843154.00	        0.00	     1743.00	       52.00
  1.42	        0.00	       45.00	274568929.00	        0.00	     1743.00	       45.00
  1.43	        0.00	       40.00	274295185.00	        0.00	     1743.00	       40.00
  1.44	        0.00	       32.00	274021213.00	        0.00	     1743.00	       32.00
  1.45	        0.00	       29.00	273746806.00	        0.00	     1743.00	       29.00
  1.46	        0.00	       28.00	273472908.00	        0.00	     1743.00	       28.00
  1.47	        0.00	       27.00	273200188.00	        0.00	     1743.00	       27.00
  1.48	        0.00	       24.00	272927686.00	        0.00	     1743.00	       24.00
  1.49	        0.00	       24.00	272655711.00	        0.00	     1743.00	       24.00
  1.50	        0.00	       22.00	272383908.00	        0.00	     1743.00	       22.00
  1.51	        0.00	       19.00	272112085.00	        0.00	     1743.00	       19.00
  1.52	        0.00	       17.00	271838586.00	        0.00	     1743.00	       17.00
  1.53	        0.00	       16.00	271567119.00	        0.00	     1743.00	       16.00
  1.54	        0.00	       15.00	271296046.00	        0.00	     1743.00	       15.00
  1.55	        0.00	       15.00	271024769.00	        0.00	     1743.00	       15.00
  1.56	        0.00	       15.00	270753267.00	        0.00	     1743.00	       15.00
  1.57	        0.00	       11.00	270482002.00	        0.00	     1743.00	       11.00
  1.58	        0.00	       10.00	270211604.00	        0.00	     1743.00	       10.00
  1.59	        0.00	        9.00	269940952.00	        0.00	     1743.00	        9.00
  1.60	        0.00	        8.00	269671013.00	        0.00	     1743.00	        8.00
  1.61	        0.00	        8.00	269400812.00	        0.00	     1743.00	        8.00
  1.62	        0.00	        7.00	269130315.00	        0.00	     1743.00	        7.00
  1.63	        0.00	        7.00	268861507.00	        0.00	     1743.00	        7.00
  1.64	        0.00	        6.00	268592675.00	        0.00	     1743.00	        6.00
  1.65	        0.00	        4.00	268324712.00	        0.00	     1743.00	        4.00
  1.66	        0.00	        4.00	268056953.00	        0.00	     1743.00	        4.00
  1.67	        0.00	        4.00	267789575.00	        0.00	     1743.00	        4.00
  1.68	        0.00	        2.00	267522101.00	        0.00	     1743.00	        2.00
  1.69	        0.00	        1.00	267254832.00	        0.00	     1743.00	        1.00
  1.70	        0.00	        1.00	266987046.00	        0.00	     1743.00	        1.00
  1.71	        0.00	        1.00	266720399.00	        0.00	     1743.00	        1.00
  1.72	        0.00	        1.00	266454013.00	        0.00	     1743.00	        1.00
  1.73	        0.00	        1.00	266187687.00	        0.00	     1743.00	        1.00
  1.74	        0.00	        1.00	265922043.00	        0.00	     1743.00	        1.00
  1.75	        0.00	        1.00	265655563.00	        0.00	     1743.00	        1.00
  1.76	        0.00	        1.00	265390328.00	        0.00	     1743.00	        1.00
  1.77	        0.00	        1.00	265123999.00	        0.00	     1743.00	        1.00
  1.78	        0.00	        1.00	264858825.00	        0.00	     1743.00	        1.00
  1.79	        0.00	        1.00	264592856.00	        0.00	     1743.00	        1.00
  1.80	        0.00	        0.00	264328232.00	        0.00	     1743.00	        0.00
