Datatype: PopulationSize
  0.00	        1.00	        0.00	        0.00	        1.00	        0.00	        1.00
  0.01	        1.00	        0.00	        0.00	        1.00	        0.00	        1.00
  0.02	        1.00	        0.00	        0.00	        1.00	        0.00	        1.00
  0.03	        1.00	        0.00	        0.00	        1.00	        0.00	        1.00
  0.04	        1.00	        0.00	        0.00	        1.00	        0.00	        1.00
  0.05	        1.00	        0.00	        0.00	        1.00	        0.00	        1.00
  0.06	        2.00	        0.00	        0.00	        1.00	        1.00	        1.00
  0.07	        2.00	        0.00	        0.00	        1.00	        1.00	        1.00
  0.08	        2.00	        0.00	        0.00	        1.00	        1.00	        1.00
  0.09	        2.00	        0.00	        0.00	        1.00	        1.00	        1.00
  0.10	        3.00	        0.00	        0.00	        1.00	        2.00	        1.00
  0.11	        3.00	        0.00	        0.00	        1.00	        2.00	        1.00
  0.12	        3.00	        0.00	        0.00	        1.00	        2.00	        1.00
  0.13	        4.00	        0.00	        0.00	        1.00	        3.00	        1.00
  0.14	        4.00	        0.00	        0.00	        1.00	        3.00	        1.00
  0.15	        4.00	        0.00	        0.00	        1.00	        3.00	        1.00
  0.16	        4.00	        0.00	        0.00	        1.00	        3.00	        1.00
  0.17	        4.00	        0.00	        0.00	        1.00	        3.00	        1.00
  0.18	        4.00	        0.00	        0.00	        1.00	        3.00	        1.00
  0.19	        4.00	        0.00	        0.00	        1.00	        3.00	        1.00
  0.20	        4.00	        0.00	        0.00	        1.00	        3.00	        1.00
  0.21	        4.00	        0.00	        0.00	        1.00	        3.00	        1.00
  0.22	        4.00	        0.00	        0.00	        1.00	        3.00	        1.00
  0.23	        4.00	        0.00	        0.00	        1.00	        3.00	        1.00
  0.24	        4.00	        0.00	        0.00	        1.00	        3.00	        1.00
  0.25	        4.00	        0.00	        0.00	        1.00	        3.00	        1.00
  0.26	        4.00	        0.00	        0.00	        1.00	        3.00	        1.00
  0.27	        4.00	        0.00	        0.00	        1.00	        3.00	        1.00
  0.28	        4.00	        0.00	        0.00	        1.00	        3.00	        1.00
  0.29	        4.00	        0.00	        0.00	        1.00	        3.00	        1.00
  0.30	        4.00	        0.00	        0.00	        1.00	        3.00	        1.00
  0.31	        4.00	        0.00	        0.00	        1.00	        3.00	        1.00
  0.32	        4.00	        0.00	        0.00	        1.00	        3.00	        1.00
  0.33	        4.00	        0.00	        0.00	        1.00	        3.00	        1.00
  0.34	        4.00	        0.00	        0.00	        1.00	        3.00	        1.00
  0.35	        4.00	        0.00	        0.00	        1.00	        3.00	        1.00
  0.36	        4.00	        0.00	        0.00	        1.00	        3.00	        1.00
  0.37	        4.00	        0.00	        0.00	        1.00	        3.00	        1.00
  0.38	        4.00	        0.00	        0.00	        1.00	        3.00	        1.00
  0.39	        4.00	        0.00	        0.00	        1.00	        3.00	        1.00
  0.40	        4.00	        0.00	        0.00	        1.00	        3.00	        1.00
  0.41	        4.00	        0.00	        0.00	        1.00	        3.00	        1.00
  0.42	        4.00	        0.00	        0.00	        1.00	        3.00	        1.00
  0.43	        4.00	        0.00	        0.00	        1.00	        3.00	        1.00
  0.44	        4.00	        0.00	        0.00	        1.00	        3.00	        1.00
  0.45	        4.00	        0.00	        0.00	        1.00	        3.00	        1.00
  0.46	        4.00	        0.00	        0.00	        1.00	        3.00	        1.00
  0.47	        4.00	        0.00	        0.00	        1.00	        3.00	        1.00
  0.48	        4.00	        0.00	        0.00	        1.00	        3.00	        1.00
  0.49	        4.00	        0.00	        0.00	        1.00	        3.00	        1.00
  0.50	        4.00	        0.00	        0.00	        1.00	        3.00	        1.00
  0.51	        4.00	        0.00	        0.00	        1.00	        3.00	        1.00
  0.52	        4.00	        0.00	        0.00	        1.00	        3.00	        1.00
  0.53	        4.00	        0.00	        0.00	        1.00	        3.00	        1.00
  0.54	        4.00	        0.00	        0.00	        1.00	        3.00	        1.00
  0.55	        4.00	        0.00	        0.00	        1.00	        3.00	        1.00
  0.56	        4.00	        0.00	        0.00	        1.00	        3.00	        1.00
  0.57	        4.00	        0.00	        0.00	        1.00	        3.00	        1.00
  0.58	        4.00	        0.00	        0.00	        1.00	        3.00	        1.00
  0.59	        4.00	        0.00	        0.00	        1.00	        3.00	        1.00
  0.60	        4.00	        0.00	        0.00	        1.00	        3.00	        1.00
  0.61	        4.00	        0.00	        0.00	        1.00	        3.00	        1.00
  0.62	        4.00	        0.00	        0.00	        1.00	        3.00	        1.00
  0.63	        4.00	        0.00	        0.00	        1.00	        3.00	        1.00
  0.64	        4.00	        0.00	        0.00	        1.00	        3.00	        1.00
  0.65	        4.00	        0.00	        0.00	        1.00	        3.00	        1.00
  0.66	        4.00	        0.00	        0.00	        1.00	        3.00	        1.00
  0.67	        4.00	        0.00	        0.00	        1.00	        3.00	        1.00
  0.68	        4.00	        0.00	        0.00	        1.00	        3.00	        1.00
  0.69	        4.00	        0.00	        0.00	        1.00	        3.00	        1.00
  0.70	        4.00	        0.00	        0.00	        1.00	        3.00	        1.00
  0.71	        4.00	        0.00	        0.00	        1.00	        3.00	        1.00
  0.72	        4.00	        0.00	        0.00	        1.00	        3.00	        1.00
  0.73	        4.00	        0.00	        0.00	        1.00	        3.00	        1.00
  0.74	        5.00	        0.00	        0.00	        1.00	        4.00	        1.00
  0.75	        5.00	        0.00	        0.00	        1.00	        4.00	        1.00
  0.76	        5.00	        0.00	        0.00	        1.00	        4.00	        1.00
  0.77	        5.00	        0.00	        0.00	        1.00	        4.00	        1.00
  0.78	        5.00	        0.00	        0.00	        1.00	        4.00	        1.00
  0.79	        5.00	        0.00	        0.00	        1.00	        4.00	        1.00
  0.80	        5.00	        0.00	        0.00	        1.00	        4.00	        1.00
  0.81	        6.00	        0.00	        0.00	        1.00	        5.00	        1.00
  0.82	        6.00	        0.00	        0.00	        1.00	        5.00	        1.00
  0.83	        6.00	        0.00	        0.00	        1.00	        5.00	        1.00
  0.84	        6.00	        0.00	        0.00	        1.00	        5.00	        1.00
  0.85	        6.00	        0.00	        0.00	        1.00	        5.00	        1.00
  0.86	        6.00	        0.00	        0.00	        1.00	        5.00	        1.00
  0.87	        6.00	        0.00	        0.00	        1.00	        5.00	        1.00
  0.88	        7.00	        0.00	        0.00	        1.00	        6.00	        1.00
  0.89	        7.00	        0.00	        0.00	        1.00	        6.00	        1.00
  0.90	        7.00	        0.00	        0.00	        1.00	        6.00	        1.00
  0.91	        7.00	        0.00	        0.00	        1.00	        6.00	        1.00
  0.92	        7.00	        0.00	        0.00	        1.00	        6.00	        1.00
  0.93	        8.00	        0.00	        0.00	        1.00	        7.00	        1.00
  0.94	        8.00	        0.00	        0.00	        1.00	        7.00	        1.00
  0.95	        8.00	        0.00	        0.00	        1.00	        7.00	        1.00
  0.96	        9.00	        0.00	        0.00	        1.00	        8.00	        1.00
  0.97	       10.00	        0.00	        0.00	        1.00	        9.00	        1.00
  0.98	       10.00	        0.00	        0.00	        1.00	        9.00	        1.00
  0.99	       11.00	        0.00	        0.00	        1.00	       10.00	        1.00
  1.00	       12.00	        0.00	        0.00	        1.00	       11.00	        1.00
  1.01	       13.00	        0.00	        0.00	        1.00	       12.00	        1.00
  1.02	       13.00	        0.00	        0.00	        1.00	       12.00	        1.00
  1.03	       14.00	        0.00	        0.00	        1.00	       13.00	        1.00
  1.04	       14.00	        0.00	        0.00	        1.00	       13.00	        1.00
  1.05	       14.00	        0.00	        0.00	        1.00	       13.00	        1.00
  1.06	       14.00	        0.00	        0.00	        1.00	       13.00	        1.00
  1.07	       14.00	        0.00	        0.00	        1.00	       13.00	        1.00
  1.08	       14.00	        0.00	        0.00	        1.00	       13.00	        1.00
  1.09	       15.00	        0.00	        0.00	        1.00	       14.00	        1.00
  1.10	       15.00	        0.00	        0.00	        1.00	       14.00	        1.00
  1.11	       15.00	        0.00	        0.00	        1.00	       14.00	        1.00
  1.12	       15.00	        0.00	        0.00	        1.00	       14.00	        1.00
  1.13	       15.00	        0.00	        0.00	        1.00	       14.00	        1.00
  1.14	       16.00	        0.00	        0.00	        1.00	       15.00	        1.00
  1.15	       18.00	        0.00	        0.00	        1.00	       17.00	        1.00
  1.16	       18.00	        0.00	        0.00	        1.00	       17.00	        1.00
  1.17	       18.00	        0.00	        0.00	        1.00	       17.00	        1.00
  1.18	       18.00	        0.00	        0.00	        1.00	       17.00	        1.00
  1.19	       18.00	        0.00	        0.00	        1.00	       17.00	        1.00
  1.20	       18.00	        0.00	        0.00	        1.00	       17.00	        1.00
  1.21	       18.00	        0.00	        0.00	        1.00	       17.00	        1.00
  1.22	       18.00	        0.00	        0.00	        1.00	       17.00	        1.00
  1.23	       18.00	        0.00	        0.00	        1.00	       17.00	        1.00
  1.24	       18.00	        0.00	        0.00	        1.00	       17.00	        1.00
  1.25	       18.00	        0.00	        0.00	        1.00	       17.00	        1.00
  1.26	       18.00	        0.00	        0.00	        1.00	       17.00	        1.00
  1.27	       19.00	        0.00	        0.00	        1.00	       18.00	        1.00
  1.28	       20.00	        0.00	        0.00	        1.00	       19.00	        1.00
  1.29	       20.00	        0.00	        0.00	        1.00	       19.00	        1.00
  1.30	       20.00	        0.00	        0.00	        1.00	       19.00	        1.00
  1.31	       20.00	        0.00	        0.00	        1.00	       19.00	        1.00
  1.32	       20.00	        0.00	        0.00	        1.00	       19.00	        1.00
  1.33	       20.00	        0.00	        0.00	        1.00	       19.00	        1.00
  1.34	       20.00	        0.00	        0.00	        1.00	       19.00	        1.00
  1.35	       20.00	        0.00	        0.00	        1.00	       19.00	        1.00
  1.36	       20.00	        0.00	        0.00	        1.00	       19.00	        1.00
  1.37	       20.00	        0.00	        0.00	        1.00	       19.00	        1.00
  1.38	       20.00	        0.00	        0.00	        1.00	       19.00	        1.00
  1.39	       20.00	        0.00	        0.00	        1.00	       19.00	        1.00
  1.40	       20.00	        0.00	        0.00	        1.00	       19.00	        1.00
  1.41	       20.00	        0.00	        0.00	        1.00	       19.00	        1.00
  1.42	       20.00	        0.00	        0.00	        1.00	       19.00	        1.00
  1.43	       21.00	        0.00	        0.00	        1.00	       20.00	        1.00
  1.44	       22.00	        0.00	        0.00	        1.00	       21.00	        1.00
  1.45	       22.00	        0.00	        0.00	        1.00	       21.00	        1.00
  1.46	       23.00	        0.00	        0.00	        1.00	       22.00	        1.00
  1.47	       23.00	        0.00	        0.00	        1.00	       22.00	        1.00
  1.48	       24.00	        0.00	        0.00	        1.00	       23.00	        1.00
  1.49	       26.00	        0.00	        0.00	        1.00	       25.00	        1.00
  1.50	       26.00	        0.00	        0.00	        1.00	       25.00	        1.00
  1.51	       26.00	        0.00	        0.00	        1.00	       25.00	        1.00
  1.52	       26.00	        0.00	        0.00	        1.00	       25.00	        1.00
  1.53	       28.00	        0.00	        0.00	        1.00	       27.00	        1.00
  1.54	       28.00	        0.00	        0.00	        1.00	       27.00	        1.00
  1.55	       29.00	        0.00	        0.00	        1.00	       28.00	        1.00
  1.56	       29.00	        0.00	        0.00	        1.00	       28.00	        1.00
  1.57	       29.00	        0.00	        0.00	        1.00	       28.00	        1.00
  1.58	       29.00	        0.00	        0.00	        1.00	       28.00	        1.00
  1.59	       30.00	        0.00	        0.00	        1.00	       29.00	        1.00
  1.60	       30.00	        0.00	        0.00	        1.00	       29.00	        1.00
  1.61	       31.00	        0.00	        0.00	        1.00	       30.00	        1.00
  1.62	       32.00	        0.00	        0.00	        1.00	       31.00	        1.00
  1.63	       32.00	        0.00	        0.00	        1.00	       31.00	        1.00
  1.64	       32.00	        0.00	        0.00	        1.00	       31.00	        1.00
  1.65	       32.00	        0.00	        0.00	        1.00	       31.00	        1.00
  1.66	       32.00	        0.00	        0.00	        1.00	       31.00	        1.00
  1.67	       33.00	        0.00	        0.00	        1.00	       32.00	        1.00
  1.68	       34.00	        0.00	        0.00	        1.00	       33.00	        1.00
  1.69	       34.00	        0.00	        0.00	        1.00	       33.00	        1.00
  1.70	       34.00	        0.00	        0.00	        1.00	       33.00	        1.00
  1.71	       34.00	        0.00	        0.00	        1.00	       33.00	        1.00
  1.72	       34.00	        0.00	        0.00	        1.00	       33.00	        1.00
  1.73	       35.00	        0.00	        0.00	        1.00	       34.00	        1.00
  1.74	       37.00	        0.00	        0.00	        1.00	       36.00	        1.00
  1.75	       37.00	        0.00	        0.00	        1.00	       36.00	        1.00
  1.76	       37.00	        0.00	        0.00	        1.00	       36.00	        1.00
  1.77	       37.00	        0.00	        0.00	        1.00	       36.00	        1.00
  1.78	       37.00	        0.00	        0.00	        1.00	       36.00	        1.00
  1.79	       38.00	        0.00	        0.00	        1.00	       37.00	        1.00
  1.80	       39.00	        0.00	        0.00	        1.00	       38.00	        1.00
  1.81	       39.00	        0.00	        0.00	        1.00	       38.00	        1.00
  1.82	       39.00	        0.00	        0.00	        1.00	       38.00	        1.00
  1.83	       39.00	        0.00	        0.00	        1.00	       38.00	        1.00
  1.84	       40.00	        0.00	        0.00	        1.00	       39.00	        1.00
  1.85	       41.00	        0.00	        0.00	        1.00	       40.00	        1.00
  1.86	       43.00	        0.00	        0.00	        1.00	       42.00	        1.00
  1.87	       44.00	        0.00	        0.00	        1.00	       43.00	        1.00
  1.88	       44.00	        0.00	        0.00	        1.00	       43.00	        1.00
  1.89	       45.00	        0.00	        0.00	        1.00	       44.00	        1.00
  1.90	       45.00	        0.00	        0.00	        1.00	       44.00	        1.00
  1.91	       45.00	        0.00	        0.00	        1.00	       44.00	        1.00
  1.92	       47.00	        0.00	        0.00	        1.00	       46.00	        1.00
  1.93	       47.00	        0.00	        0.00	        1.00	       46.00	        1.00
  1.94	       48.00	        0.00	        0.00	        1.00	       47.00	        1.00
  1.95	       49.00	        0.00	        0.00	        1.00	       48.00	        1.00
  1.96	       49.00	        0.00	        0.00	        1.00	       48.00	        1.00
  1.97	       49.00	        0.00	        0.00	        1.00	       48.00	        1.00
  1.98	       49.00	        0.00	        0.00	        1.00	       48.00	        1.00
  1.99	       50.00	        0.00	        0.00	        1.00	       49.00	        1.00
  2.00	       51.00	        0.00	   599999.00	        1.00	       50.00	        1.00
  2.01	       52.00	        0.00	   599986.00	        1.00	       51.00	        1.00
  2.02	       53.00	        0.00	   599969.00	        1.00	       52.00	        1.00
  2.03	       55.00	        0.00	   599952.00	        1.00	       54.00	        1.00
  2.04	       55.00	        0.00	   599937.00	        1.00	       54.00	        1.00
  2.05	       55.00	        0.00	   599921.00	        1.00	       54.00	        1.00
  2.06	       56.00	        0.00	   599905.00	        1.00	       55.00	        1.00
  2.07	       58.00	        0.00	   599883.00	        1.00	       57.00	        1.00
  2.08	       58.00	        0.00	   599863.00	        1.00	       57.00	        1.00
  2.09	       60.00	        0.00	   599843.00	        1.00	       59.00	        1.00
  2.10	       60.00	        0.00	   599823.00	        1.00	       59.00	        1.00
  2.11	       62.00	        0.00	   599804.00	        1.00	       61.00	        1.00
  2.12	       64.00	        0.00	   599789.00	        1.00	       63.00	        1.00
  2.13	       64.00	        0.00	   599776.00	        1.00	       63.00	        1.00
  2.14	       65.00	        0.00	   599763.00	        1.00	       64.00	        1.00
  2.15	       65.00	        0.00	   599749.00	        1.00	       64.00	        1.00
  2.16	       65.00	        0.00	   599726.00	        1.00	       64.00	        1.00
  2.17	       67.00	        0.00	   599716.00	        1.00	       66.00	        1.00
  2.18	       67.00	        0.00	   599701.00	        1.00	       66.00	        1.00
  2.19	       68.00	        0.00	   599684.00	        1.00	       67.00	        1.00
  2.20	       69.00	        0.00	   599660.00	        1.00	       68.00	        1.00
  2.21	       70.00	        0.00	   599638.00	        1.00	       69.00	        1.00
  2.22	       70.00	        0.00	   599621.00	        1.00	       69.00	        1.00
  2.23	       71.00	        0.00	   599591.00	        1.00	       70.00	        1.00
  2.24	       73.00	        0.00	   599566.00	        1.00	       72.00	        1.00
  2.25	       75.00	        0.00	   599547.00	        1.00	       74.00	        1.00
  2.26	       79.00	        0.00	   599526.00	        1.00	       78.00	        1.00
  2.27	       81.00	        0.00	   599509.00	        1.00	       80.00	        1.00
  2.28	       81.00	        0.00	   599492.00	        1.00	       80.00	        1.00
  2.29	       82.00	        0.00	   599473.00	        1.00	       81.00	        1.00
  2.30	       82.00	        0.00	   599451.00	        1.00	       81.00	        1.00
  2.31	       84.00	        0.00	   599434.00	        1.00	       83.00	        1.00
  2.32	       86.00	        0.00	   599416.00	        1.00	       85.00	        1.00
  2.33	       86.00	        0.00	   599400.00	        1.00	       85.00	        1.00
  2.34	       89.00	        0.00	   599377.00	        1.00	       88.00	        1.00
  2.35	       92.00	        0.00	   599364.00	        1.00	       91.00	        1.00
  2.36	       92.00	        0.00	   599352.00	        1.00	       91.00	        1.00
  2.37	       93.00	        0.00	   599329.00	        1.00	       92.00	        1.00
  2.38	       95.00	        0.00	   599307.00	        1.00	       94.00	        1.00
  2.39	       97.00	        0.00	   599289.00	        1.00	       96.00	        1.00
  2.40	       98.00	        0.00	   599275.00	        1.00	       97.00	        1.00
  2.41	       98.00	        0.00	   599257.00	        1.00	       97.00	        1.00
  2.42	       99.00	        0.00	   599240.00	        1.00	       98.00	        1.00
  2.43	      101.00	        0.00	   599219.00	        1.00	      100.00	        1.00
  2.44	      104.00	        0.00	   599201.00	        1.00	      103.00	        1.00
  2.45	      105.00	        0.00	   599178.00	        1.00	      104.00	        1.00
  2.46	      109.00	        0.00	   599155.00	        1.00	      108.00	        1.00
  2.47	      113.00	        0.00	   599140.00	        1.00	      112.00	        1.00
  2.48	      115.00	        0.00	   599128.00	        1.00	      114.00	        1.00
  2.49	      116.00	        0.00	   599110.00	        1.00	      115.00	        1.00
  2.50	      118.00	        0.00	   599098.00	        1.00	      117.00	        1.00
  2.51	      120.00	        0.00	   599085.00	        1.00	      119.00	        1.00
  2.52	      123.00	        0.00	   599066.00	        1.00	      122.00	        1.00
  2.53	      124.00	        0.00	   599045.00	        1.00	      123.00	        1.00
  2.54	      126.00	        0.00	   599029.00	        1.00	      125.00	        1.00
  2.55	      128.00	        0.00	   599006.00	        1.00	      127.00	        1.00
  2.56	      130.00	        0.00	   598985.00	        1.00	      129.00	        1.00
  2.57	      131.00	        0.00	   598964.00	        1.00	      130.00	        1.00
  2.58	      133.00	        0.00	   598935.00	        1.00	      132.00	        1.00
  2.59	      135.00	        0.00	   598918.00	        1.00	      134.00	        1.00
  2.60	      136.00	        0.00	   598897.00	        1.00	      135.00	        1.00
  2.61	      137.00	        0.00	   598882.00	        1.00	      136.00	        1.00
  2.62	      138.00	        0.00	   598862.00	        1.00	      137.00	        1.00
  2.63	      139.00	        0.00	   598843.00	        1.00	      138.00	        1.00
  2.64	      139.00	        0.00	   598822.00	        1.00	      138.00	        1.00
  2.65	      140.00	        0.00	   598808.00	        1.00	      139.00	        1.00
  2.66	      143.00	        0.00	   598787.00	        1.00	      142.00	        1.00
  2.67	      146.00	        0.00	   598770.00	        1.00	      145.00	        1.00
  2.68	      150.00	        0.00	   598750.00	        1.00	      149.00	        1.00
  2.69	      152.00	        0.00	   598730.00	        1.00	      151.00	        1.00
  2.70	      154.00	        0.00	   598711.00	        1.00	      153.00	        1.00
  2.71	      157.00	        0.00	   598695.00	        1.00	      156.00	        1.00
  2.72	      160.00	        0.00	   598676.00	        1.00	      159.00	        1.00
  2.73	      161.00	        0.00	   598664.00	        1.00	      160.00	        1.00
  2.74	      162.00	        0.00	   598646.00	        1.00	      161.00	        1.00
  2.75	      166.00	        0.00	   598628.00	        1.00	      165.00	        1.00
  2.76	      168.00	        0.00	   598602.00	        1.00	      167.00	        1.00
  2.77	      173.00	        0.00	   598580.00	        1.00	      172.00	        1.00
  2.78	      174.00	        0.00	   598562.00	        1.00	      173.00	        1.00
  2.79	      175.00	        0.00	   598543.00	        1.00	      174.00	        1.00
  2.80	      176.00	        0.00	   598524.00	        1.00	      175.00	        1.00
  2.81	      179.00	        0.00	   598503.00	        1.00	      178.00	        1.00
  2.82	      183.00	        1.00	   598485.00	        1.00	      183.00	        1.00
  2.83	      186.00	        1.00	   598465.00	        1.00	      186.00	        1.00
  2.84	      191.00	        1.00	   598448.00	        1.00	      191.00	        1.00
  2.85	      192.00	        1.00	   598436.00	        1.00	      192.00	        1.00
  2.86	      196.00	        1.00	   598420.00	        1.00	      196.00	        1.00
  2.87	      199.00	        1.00	   598399.00	        1.00	      199.00	        1.00
  2.88	      200.00	        1.00	   598378.00	        1.00	      200.00	        1.00
  2.89	      204.00	        1.00	   598348.00	        1.00	      204.00	        1.00
  2.90	      209.00	        1.00	   598333.00	        1.00	      209.00	        1.00
  2.91	      214.00	        1.00	   598313.00	        1.00	      214.00	        1.00
  2.92	      219.00	        1.00	   598293.00	        1.00	      219.00	        1.00
  2.93	      221.00	        1.00	   598280.00	        1.00	      221.00	        1.00
  2.94	      222.00	        1.00	   598263.00	        1.00	      222.00	        1.00
  2.95	      226.00	        1.00	   598236.00	        1.00	      226.00	        1.00
  2.96	      231.00	        1.00	   598213.00	        1.00	      231.00	        1.00
  2.97	      236.00	        1.00	   598194.00	        1.00	      236.00	        1.00
  2.98	      239.00	        1.00	   598169.00	        1.00	      239.00	        1.00
  2.99	      244.00	        1.00	   598150.00	        1.00	      244.00	        1.00
  3.00	      249.00	        1.00	   598127.00	        1.00	      249.00	        1.00
  3.01	      251.00	        1.00	   598111.00	        1.00	      251.00	        1.00
  3.02	      256.00	        1.00	   598089.00	        1.00	      256.00	        1.00
  3.03	      259.00	        1.00	   598080.00	        1.00	      259.00	        1.00
  3.04	      266.00	        1.00	   598061.00	        1.00	      266.00	        1.00
  3.05	      270.00	        1.00	   598045.00	        1.00	      270.00	        1.00
  3.06	      273.00	        3.00	   598026.00	        1.00	      275.00	        1.00
  3.07	      275.00	        4.00	   598006.00	        1.00	      278.00	        1.00
  3.08	      280.00	        4.00	   597984.00	        1.00	      283.00	        1.00
  3.09	      284.00	        4.00	   597972.00	        1.00	      287.00	        1.00
  3.10	      287.00	        4.00	   597956.00	        1.00	      290.00	        1.00
  3.11	      292.00	        4.00	   597944.00	        1.00	      295.00	        1.00
  3.12	      295.00	        4.00	   597926.00	        1.00	      298.00	        1.00
  3.13	      300.00	        4.00	   597900.00	        1.00	      303.00	        1.00
  3.14	      301.00	        5.00	   597885.00	        1.00	      305.00	        1.00
  3.15	      300.00	        7.00	   597859.00	        1.00	      306.00	        1.00
  3.16	      305.00	        7.00	   597845.00	        1.00	      311.00	        1.00
  3.17	      309.00	        7.00	   597830.00	        1.00	      315.00	        1.00
  3.18	      309.00	        7.00	   597816.00	        1.00	      315.00	        1.00
  3.19	      313.00	        7.00	   597796.00	        1.00	      319.00	        1.00
  3.20	      317.00	        7.00	   597780.00	        1.00	      323.00	        1.00
  3.21	      320.00	        7.00	   597764.00	        1.00	      326.00	        1.00
  3.22	      324.00	        7.00	   597745.00	        1.00	      330.00	        1.00
  3.23	      330.00	        7.00	   597717.00	        1.00	      336.00	        1.00
  3.24	      335.00	        7.00	   597704.00	        1.00	      341.00	        1.00
  3.25	      341.00	        7.00	   597679.00	        1.00	      347.00	        1.00
  3.26	      347.00	        7.00	   597653.00	        1.00	      353.00	        1.00
  3.27	      354.00	        7.00	   597631.00	        1.00	      360.00	        1.00
  3.28	      358.00	        7.00	   597620.00	        1.00	      364.00	        1.00
  3.29	      361.00	        7.00	   597593.00	        1.00	      367.00	        1.00
  3.30	      371.00	        7.00	   597570.00	        1.00	      377.00	        1.00
  3.31	      378.00	        7.00	   597544.00	        1.00	      384.00	        1.00
  3.32	      383.00	        7.00	   597523.00	        1.00	      389.00	        1.00
  3.33	      390.00	        7.00	   597510.00	        1.00	      396.00	        1.00
  3.34	      399.00	        9.00	   597499.00	        1.00	      407.00	        1.00
  3.35	      409.00	        9.00	   597483.00	        1.00	      417.00	        1.00
  3.36	      415.00	        9.00	   597468.00	        1.00	      423.00	        1.00
  3.37	      418.00	        9.00	   597444.00	        1.00	      426.00	        1.00
  3.38	      425.00	        9.00	   597428.00	        1.00	      433.00	        1.00
  3.39	      436.00	        9.00	   597410.00	        1.00	      444.00	        1.00
  3.40	      443.00	       10.00	   597385.00	        1.00	      452.00	        1.00
  3.41	      450.00	       10.00	   597365.00	        1.00	      459.00	        1.00
  3.42	      457.00	       10.00	   597348.00	        1.00	      466.00	        1.00
  3.43	      470.00	       10.00	   597333.00	        1.00	      479.00	        1.00
  3.44	      476.00	       10.00	   597314.00	        1.00	      485.00	        1.00
  3.45	      484.00	       10.00	   597292.00	        1.00	      493.00	        1.00
  3.46	      490.00	       10.00	   597277.00	        1.00	      499.00	        1.00
  3.47	      497.00	       10.00	   597253.00	        1.00	      506.00	        1.00
  3.48	      504.00	       10.00	   597233.00	        1.00	      513.00	        1.00
  3.49	      513.00	       10.00	   597205.00	        1.00	      522.00	        1.00
  3.50	      516.00	       10.00	   597185.00	        1.00	      525.00	        1.00
  3.51	      523.00	       10.00	   597172.00	        1.00	      532.00	        1.00
  3.52	      532.00	       12.00	   597151.00	        1.00	      543.00	        1.00
  3.53	      539.00	       12.00	   597134.00	        1.00	      550.00	        1.00
  3.54	      542.00	       12.00	   597114.00	        1.00	      553.00	        1.00
  3.55	      546.00	       14.00	   597096.00	        1.00	      559.00	        1.00
  3.56	      554.00	       16.00	   597075.00	        1.00	      569.00	        1.00
  3.57	      563.00	       16.00	   597061.00	        1.00	      578.00	        1.00
  3.58	      575.00	       16.00	   597042.00	        1.00	      590.00	        1.00
  3.59	      580.00	       16.00	   597026.00	        1.00	      595.00	        1.00
  3.60	      589.00	       16.00	   597005.00	        1.00	      604.00	        1.00
  3.61	      599.00	       16.00	   596987.00	        1.00	      614.00	        1.00
  3.62	      614.00	       16.00	   596970.00	        1.00	      629.00	        1.00
  3.63	      617.00	       16.00	   596948.00	        1.00	      632.00	        1.00
  3.64	      629.00	       16.00	   596931.00	        1.00	      644.00	        1.00
  3.65	      639.00	       16.00	   596909.00	        1.00	      654.00	        1.00
  3.66	      654.00	       16.00	   596888.00	        1.00	      669.00	        1.00
  3.67	      667.00	       16.00	   596870.00	        1.00	      682.00	        1.00
  3.68	      676.00	       16.00	   596855.00	        1.00	      691.00	        1.00
  3.69	      688.00	       16.00	   596841.00	        1.00	      703.00	        1.00
  3.70	      701.00	       16.00	   596825.00	        1.00	      716.00	        1.00
  3.71	      723.00	       16.00	   596805.00	        1.00	      738.00	        1.00
  3.72	      730.00	       18.00	   596788.00	        1.00	      747.00	        1.00
  3.73	      736.00	       19.00	   596774.00	        1.00	      754.00	        1.00
  3.74	      747.00	       19.00	   596760.00	        1.00	      765.00	        1.00
  3.75	      761.00	       20.00	   596737.00	        1.00	      780.00	        1.00
  3.76	      775.00	       20.00	   596720.00	        1.00	      794.00	        1.00
  3.77	      785.00	       20.00	   596703.00	        1.00	      804.00	        1.00
  3.78	      802.00	       21.00	   596686.00	        1.00	      822.00	        1.00
  3.79	      817.00	       21.00	   596669.00	        1.00	      837.00	        1.00
  3.80	      837.00	       21.00	   596658.00	        1.00	      857.00	        1.00
  3.81	      851.00	       23.00	   596629.00	        1.00	      873.00	        1.00
  3.82	      861.00	       23.00	   596610.00	        1.00	      883.00	        1.00
  3.83	      881.00	       23.00	   596587.00	        1.00	      903.00	        1.00
  3.84	      896.00	       24.00	   596571.00	        1.00	      919.00	        1.00
  3.85	      909.00	       24.00	   596553.00	        1.00	      932.00	        1.00
  3.86	      923.00	       24.00	   596530.00	        1.00	      946.00	        1.00
  3.87	      941.00	       24.00	   596508.00	        1.00	      964.00	        1.00
  3.88	      954.00	       24.00	   596486.00	        1.00	      977.00	        1.00
  3.89	      977.00	       24.00	   596469.00	        1.00	     1000.00	        1.00
  3.90	      991.00	       24.00	   596456.00	        1.00	     1014.00	        1.00
  3.91	     1009.00	       24.00	   596438.00	        1.00	     1032.00	        1.00
  3.92	     1024.00	       24.00	   596412.00	        1.00	     1047.00	        1.00
  3.93	     1039.00	       24.00	   596397.00	        1.00	     1062.00	        1.00
  3.94	     1057.00	       24.00	   596380.00	        1.00	     1080.00	        1.00
  3.95	     1073.00	       24.00	   596364.00	        1.00	     1096.00	        1.00
  3.96	     1083.00	       24.00	   596346.00	        1.00	     1106.00	        1.00
  3.97	     1095.00	       24.00	   596334.00	        1.00	     1118.00	        1.00
  3.98	     1118.00	       24.00	   596314.00	        1.00	     1141.00	        1.00
  3.99	     1140.00	       24.00	   596296.00	        1.00	     1163.00	        1.00
  4.00	      957.00	      220.00	   596469.00	        1.00	     1177.00	        1.00
  4.01	      977.00	      220.00	   596453.00	        1.00	     1197.00	        1.00
  4.02	      998.00	      220.00	   596442.00	        1.00	     1218.00	        1.00
  4.03	     1011.00	      220.00	   596428.00	        1.00	     1231.00	        1.00
  4.04	     1032.00	      220.00	   596416.00	        1.00	     1252.00	        1.00
  4.05	     1043.00	      224.00	   596401.00	        1.00	     1267.00	        1.00
  4.06	     1062.00	      224.00	   596382.00	        1.00	     1286.00	        1.00
  4.07	     1070.00	      224.00	   596364.00	        1.00	     1294.00	        1.00
  4.08	     1086.00	      224.00	   596347.00	        1.00	     1310.00	        1.00
  4.09	     1110.00	      224.00	   596323.00	        1.00	     1334.00	        1.00
  4.10	     1119.00	      224.00	   596308.00	        1.00	     1343.00	        1.00
  4.11	     1137.00	      224.00	   596285.00	        1.00	     1361.00	        1.00
  4.12	     1157.00	      224.00	   596267.00	        1.00	     1381.00	        1.00
  4.13	     1164.00	      230.00	   596246.00	        1.00	     1394.00	        1.00
  4.14	     1174.00	      230.00	   596219.00	        1.00	     1404.00	        1.00
  4.15	     1200.00	      232.00	   596203.00	        1.00	     1432.00	        1.00
  4.16	     1215.00	      232.00	   596186.00	        1.00	     1447.00	        1.00
  4.17	     1237.00	      232.00	   596171.00	        1.00	     1469.00	        1.00
  4.18	     1257.00	      232.00	   596152.00	        1.00	     1489.00	        1.00
  4.19	     1273.00	      233.00	   596132.00	        1.00	     1506.00	        1.00
  4.20	     1291.00	      233.00	   596116.00	        1.00	     1524.00	        1.00
  4.21	     1318.00	      233.00	   596097.00	        1.00	     1551.00	        1.00
  4.22	     1339.00	      235.00	   596074.00	        1.00	     1574.00	        1.00
  4.23	     1355.00	      235.00	   596049.00	        1.00	     1590.00	        1.00
  4.24	     1376.00	      235.00	   596027.00	        1.00	     1611.00	        1.00
  4.25	     1393.00	      235.00	   596006.00	        1.00	     1628.00	        1.00
  4.26	     1408.00	      236.00	   595985.00	        1.00	     1644.00	        1.00
  4.27	     1443.00	      236.00	   595970.00	        1.00	     1679.00	        1.00
  4.28	     1475.00	      236.00	   595957.00	        1.00	     1711.00	        1.00
  4.29	     1499.00	      238.00	   595932.00	        1.00	     1737.00	        1.00
  4.30	     1528.00	      238.00	   595912.00	        1.00	     1766.00	        1.00
  4.31	     1375.00	      416.00	   596107.00	        1.00	     1792.00	        1.00
  4.32	     1238.00	      566.00	   596291.00	        1.00	     1806.00	        1.00
  4.33	     1104.00	      712.00	   596466.00	        1.00	     1819.00	        1.00
  4.34	     1130.00	      712.00	   596445.00	        1.00	     1845.00	        1.00
  4.35	     1148.00	      713.00	   596427.00	        1.00	     1864.00	        1.00
  4.36	     1168.00	      713.00	   596411.00	        1.00	     1884.00	        1.00
  4.37	     1186.00	      713.00	   596393.00	        1.00	     1902.00	        1.00
  4.38	     1208.00	      713.00	   596377.00	        1.00	     1924.00	        1.00
  4.39	     1075.00	      860.00	   596549.00	        1.00	     1939.00	        1.00
  4.40	      995.00	      962.00	   596738.00	        1.00	     1962.00	        1.00
  4.41	     1004.00	      963.00	   596720.00	        1.00	     1972.00	        1.00
  4.42	     1011.00	      968.00	   596694.00	        1.00	     1984.00	        1.00
  4.43	     1026.00	      972.00	   596673.00	        1.00	     2003.00	        1.00
  4.44	      937.00	     1079.00	   596852.00	        1.00	     2022.00	        1.00
  4.45	      952.00	     1079.00	   596828.00	        1.00	     2037.00	        1.00
  4.46	      866.00	     1181.00	   597006.00	        1.00	     2054.00	        1.00
  4.47	      708.00	     1352.00	   597388.00	        1.00	     2069.00	        1.00
  4.48	      651.00	     1423.00	   597576.00	        1.00	     2084.00	        1.00
  4.49	      656.00	     1424.00	   597555.00	        1.00	     2090.00	        1.00
  4.50	      606.00	     1480.00	   597725.00	        1.00	     2097.00	        1.00
  4.51	      617.00	     1480.00	   597711.00	        1.00	     2108.00	        1.00
  4.52	      620.00	     1483.00	   597697.00	        1.00	     2114.00	        1.00
  4.53	      497.00	     1611.00	   598071.00	        1.00	     2121.00	        1.00
  4.54	      501.00	     1611.00	   598052.00	        1.00	     2125.00	        1.00
  4.55	      425.00	     1696.00	   598430.00	        1.00	     2136.00	        1.00
  4.56	      430.00	     1696.00	   598404.00	        1.00	     2141.00	        1.00
  4.57	      439.00	     1696.00	   598380.00	        1.00	     2150.00	        1.00
  4.58	      444.00	     1696.00	   598360.00	        1.00	     2155.00	        1.00
  4.59	      411.00	     1737.00	   598541.00	        1.00	     2164.00	        1.00
  4.60	      417.00	     1737.00	   598525.00	        1.00	     2170.00	        1.00
  4.61	      420.00	     1737.00	   598513.00	        1.00	     2173.00	        1.00
  4.62	      389.00	     1770.00	   598690.00	        1.00	     2176.00	        1.00
  4.63	      281.00	     1878.00	   599464.00	        1.00	     2180.00	        1.00
  4.64	      284.00	     1878.00	   599447.00	        1.00	     2183.00	        1.00
  4.65	      254.00	     1909.00	   599627.00	        1.00	     2185.00	        1.00
  4.66	      240.00	     1929.00	   599813.00	        1.00	     2192.00	        1.00
  4.67	      240.00	     1929.00	   599792.00	        1.00	     2192.00	        1.00
  4.68	      243.00	     1929.00	   599763.00	        1.00	     2195.00	        1.00
  4.69	      198.00	     1975.00	   600339.00	        1.00	     2199.00	        1.00
  4.70	      201.00	     1975.00	   600315.00	        1.00	     2202.00	        1.00
  4.71	      155.00	     2021.00	   600688.00	        1.00	     2204.00	        1.00
  4.72	      130.00	     2047.00	   601067.00	        1.00	     2207.00	        1.00
  4.73	      100.00	     2076.00	   601442.00	        1.00	     2208.00	        1.00
  4.74	       88.00	     2089.00	   601827.00	        1.00	     2211.00	        1.00
  4.75	       87.00	     2090.00	   601809.00	        1.00	     2211.00	        1.00
  4.76	       57.00	     2117.00	   602590.00	        1.00	     2212.00	        1.00
  4.77	       42.00	     2131.00	   602963.00	        1.00	     2213.00	        1.00
  4.78	       34.00	     2139.00	   603343.00	        1.00	     2215.00	        1.00
  4.79	       33.00	     2140.00	   603321.00	        1.00	     2215.00	        1.00
  4.80	       24.00	     2146.00	   604090.00	        1.00	     2216.00	        1.00
  4.81	       17.00	     2149.00	   604863.00	        1.00	     2216.00	        1.00
  4.82	       13.00	     2152.00	   605033.00	        1.00	     2216.00	        1.00
  4.83	       11.00	     2152.00	   605410.00	        1.00	     2216.00	        1.00
  4.84	        6.00	     2155.00	   605789.00	        1.00	     2216.00	        1.00
  4.85	        6.00	     2154.00	   605964.00	        1.00	     2216.00	        1.00
  4.86	        2.00	     2155.00	   606526.00	        1.00	     2216.00	        1.00
  4.87	        1.00	     2152.00	   607309.00	        1.00	     2216.00	        1.00
  4.88	        1.00	     2148.00	   608083.00	        1.00	     2216.00	        1.00
  4.89	        2.00	     2145.00	   608656.00	        1.00	     2217.00	        1.00
  4.90	        1.00	     2142.00	   609430.00	        1.00	     2217.00	        1.00
  4.91	        1.00	     2137.00	   610405.00	        1.00	     2217.00	        1.00
  4.92	        1.00	     2132.00	   611371.00	        1.00	     2217.00	        1.00
  4.93	        0.00	     2126.00	   612730.00	        0.00	     2217.00	        1.00
  4.94	        0.00	     2120.00	   613901.00	        0.00	     2217.00	        1.00
  4.95	        0.00	     2116.00	   614673.00	        0.00	     2217.00	        1.00
  4.96	        0.00	     2110.00	   615841.00	        0.00	     2217.00	        1.00
  4.97	        0.00	     2100.00	   617806.00	        0.00	     2217.00	        1.00
  4.98	        0.00	     2095.00	   618768.00	        0.00	     2217.00	        1.00
  4.99	        0.00	     2091.00	   619522.00	        0.00	     2217.00	        1.00
  5.00	        0.00	     2079.00	   621882.00	        0.00	     2217.00	        1.00
  5.01	        0.00	     2070.00	   623633.00	        0.00	     2217.00	        1.00
  5.02	        0.00	     2064.00	   624794.00	        0.00	     2217.00	        1.00
  5.03	        0.00	     2058.00	   625958.00	        0.00	     2217.00	        1.00
  5.04	        0.00	     2052.00	   627111.00	        0.00	     2217.00	        1.00
  5.05	        0.00	     2043.00	   628859.00	        0.00	     2217.00	        1.00
  5.06	        0.00	     2036.00	   630211.00	        0.00	     2217.00	        1.00
  5.07	        0.00	     2030.00	   631372.00	        0.00	     2217.00	        1.00
  5.08	        0.00	     2021.00	   633124.00	        0.00	     2217.00	        1.00
  5.09	        0.00	     2005.00	   636273.00	        0.00	     2217.00	        1.00
  5.10	        0.00	     1997.00	   637819.00	        0.00	     2217.00	        1.00
  5.11	        0.00	     1989.00	   639354.00	        0.00	     2217.00	        1.00
  5.12	        0.00	     1974.00	   642297.00	        0.00	     2217.00	        1.00
  5.13	        0.00	     1963.00	   644449.00	        0.00	     2217.00	        1.00
  5.14	        0.00	     1946.00	   647789.00	        0.00	     2217.00	        1.00
  5.15	        0.00	     1938.00	   649330.00	        0.00	     2217.00	        1.00
  5.16	        0.00	     1924.00	   652069.00	        0.00	     2217.00	        1.00
  5.17	        0.00	     1917.00	   653412.00	        0.00	     2217.00	        1.00
  5.18	        0.00	     1905.00	   655746.00	        0.00	     2217.00	        1.00
  5.19	        0.00	     1888.00	   659082.00	        0.00	     2217.00	        1.00
  5.20	        0.00	     1876.00	   661417.00	        0.00	     2217.00	        1.00
  5.21	        0.00	     1857.00	   665133.00	        0.00	     2217.00	        1.00
  5.22	        0.00	     1842.00	   668058.00	        0.00	     2217.00	        1.00
  5.23	        0.00	     1825.00	   671381.00	        0.00	     2217.00	        1.00
  5.24	        0.00	     1810.00	   674282.00	        0.00	     2217.00	        1.00
  5.25	        0.00	     1795.00	   677211.00	        0.00	     2217.00	        1.00
  5.26	        0.00	     1778.00	   680536.00	        0.00	     2217.00	        1.00
  5.27	        0.00	     1754.00	   685237.00	        0.00	     2217.00	        1.00
  5.28	        0.00	     1734.00	   689132.00	        0.00	     2217.00	        1.00
  5.29	        0.00	     1724.00	   691039.00	        0.00	     2217.00	        1.00
  5.30	        0.00	     1709.00	   693957.00	        0.00	     2217.00	        1.00
  5.31	        0.00	     1692.00	   697275.00	        0.00	     2217.00	        1.00
  5.32	        0.00	     1667.00	   702201.00	        0.00	     2217.00	        1.00
  5.33	        0.00	     1646.00	   706300.00	        0.00	     2217.00	        1.00
  5.34	        0.00	     1631.00	   709178.00	        0.00	     2217.00	        1.00
  5.35	        0.00	     1618.00	   711674.00	        0.00	     2217.00	        1.00
  5.36	        0.00	     1599.00	   715373.00	        0.00	     2217.00	        1.00
  5.37	        0.00	     1581.00	   718867.00	        0.00	     2217.00	        1.00
  5.38	        0.00	     1563.00	   722357.00	        0.00	     2217.00	        1.00
  5.39	        0.00	     1542.00	   726450.00	        0.00	     2217.00	        1.00
  5.40	        0.00	     1511.00	   732559.00	        0.00	     2217.00	        1.00
  5.41	        0.00	     1490.00	   736646.00	        0.00	     2217.00	        1.00
  5.42	        0.00	     1477.00	   739140.00	        0.00	     2217.00	        1.00
  5.43	        0.00	     1456.00	   743258.00	        0.00	     2217.00	        1.00
  5.44	        0.00	     1437.00	   746930.00	        0.00	     2217.00	        1.00
  5.45	        0.00	     1416.00	   751007.00	        0.00	     2217.00	        1.00
  5.46	        0.00	     1403.00	   753496.00	        0.00	     2217.00	        1.00
  5.47	        0.00	     1380.00	   757978.00	        0.00	     2217.00	        1.00
  5.48	        0.00	     1370.00	   759834.00	        0.00	     2217.00	        1.00
  5.49	        0.00	     1351.00	   763531.00	        0.00	     2217.00	        1.00
  5.50	        0.00	     1334.00	   766823.00	        0.00	     2217.00	        1.00
  5.51	        0.00	     1318.00	   769904.00	        0.00	     2217.00	        1.00
  5.52	        0.00	     1299.00	   773594.00	        0.00	     2217.00	        1.00
  5.53	        0.00	     1276.00	   778065.00	        0.00	     2217.00	        1.00
  5.54	        0.00	     1261.00	   780960.00	        0.00	     2217.00	        1.00
  5.55	        0.00	     1239.00	   785242.00	        0.00	     2217.00	        1.00
  5.56	        0.00	     1202.00	   792533.00	        0.00	     2217.00	        1.00
  5.57	        0.00	     1186.00	   795622.00	        0.00	     2217.00	        1.00
  5.58	        0.00	     1161.00	   800524.00	        0.00	     2217.00	        1.00
  5.59	        0.00	     1136.00	   805410.00	        0.00	     2217.00	        1.00
  5.60	        0.00	     1120.00	   808483.00	        0.00	     2217.00	        1.00
  5.61	        0.00	     1100.00	   812352.00	        0.00	     2217.00	        1.00
  5.62	        0.00	     1071.00	   818021.00	        0.00	     2217.00	        1.00
  5.63	        0.00	     1041.00	   823870.00	        0.00	     2217.00	        1.00
  5.64	        0.00	     1017.00	   828555.00	        0.00	     2217.00	        1.00
  5.65	        0.00	      992.00	   833442.00	        0.00	     2217.00	        1.00
  5.66	        0.00	      961.00	   839502.00	        0.00	     2217.00	        1.00
  5.67	        0.00	      936.00	   844366.00	        0.00	     2217.00	        1.00
  5.68	        0.00	      921.00	   847249.00	        0.00	     2217.00	        1.00
  5.69	        0.00	      902.00	   850906.00	        0.00	     2217.00	        1.00
  5.70	        0.00	      880.00	   855169.00	        0.00	     2217.00	        1.00
  5.71	        0.00	      852.00	   860644.00	        0.00	     2217.00	        1.00
  5.72	        0.00	      837.00	   863522.00	        0.00	     2217.00	        1.00
  5.73	        0.00	      821.00	   866589.00	        0.00	     2217.00	        1.00
  5.74	        0.00	      799.00	   870846.00	        0.00	     2217.00	        1.00
  5.75	        0.00	      789.00	   872728.00	        0.00	     2217.00	        1.00
  5.76	        0.00	      764.00	   877604.00	        0.00	     2217.00	        1.00
  5.77	        0.00	      743.00	   881674.00	        0.00	     2217.00	        1.00
  5.78	        0.00	      725.00	   885147.00	        0.00	     2217.00	        1.00
  5.79	        0.00	      703.00	   889426.00	        0.00	     2217.00	        1.00
  5.80	        0.00	      689.00	   892088.00	        0.00	     2217.00	        1.00
  5.81	        0.00	      673.00	   895164.00	        0.00	     2217.00	        1.00
  5.82	        0.00	      653.00	   899055.00	        0.00	     2217.00	        1.00
  5.83	        0.00	      635.00	   902530.00	        0.00	     2217.00	        1.00
  5.84	        0.00	      620.00	   905423.00	        0.00	     2217.00	        1.00
  5.85	        0.00	      600.00	   909307.00	        0.00	     2217.00	        1.00
  5.86	        0.00	      585.00	   912205.00	        0.00	     2217.00	        1.00
  5.87	        0.00	      568.00	   915485.00	        0.00	     2217.00	        1.00
  5.88	        0.00	      552.00	   918595.00	        0.00	     2217.00	        1.00
  5.89	        0.00	      542.00	   920492.00	        0.00	     2217.00	        1.00
  5.90	        0.00	      521.00	   924565.00	        0.00	     2217.00	        1.00
  5.91	        0.00	      501.00	   928456.00	        0.00	     2217.00	        1.00
  5.92	        0.00	      487.00	   931147.00	        0.00	     2217.00	        1.00
  5.93	        0.00	      478.00	   932849.00	        0.00	     2217.00	        1.00
  5.94	        0.00	      459.00	   936534.00	        0.00	     2217.00	        1.00
  5.95	        0.00	      443.00	   939656.00	        0.00	     2217.00	        1.00
  5.96	        0.00	      420.00	   944154.00	        0.00	     2217.00	        1.00
  5.97	        0.00	      411.00	   945850.00	        0.00	     2217.00	        1.00
  5.98	        0.00	      391.00	   949747.00	        0.00	     2217.00	        1.00
  5.99	        0.00	      377.00	   952448.00	        0.00	     2217.00	        1.00
  6.00	        0.00	      367.00	   954346.00	        0.00	     2217.00	        1.00
  6.01	        0.00	      358.00	   956060.00	        0.00	     2217.00	        1.00
  6.02	        0.00	      348.00	   957977.00	        0.00	     2217.00	        1.00
  6.03	        0.00	      336.00	   960290.00	        0.00	     2217.00	        1.00
  6.04	        0.00	      327.00	   961989.00	        0.00	     2217.00	        1.00
  6.05	        0.00	      317.00	   963908.00	        0.00	     2217.00	        1.00
  6.06	        0.00	      308.00	   965625.00	        0.00	     2217.00	        1.00
  6.07	        0.00	      299.00	   967340.00	        0.00	     2217.00	        1.00
  6.08	        0.00	      293.00	   968449.00	        0.00	     2217.00	        1.00
  6.09	        0.00	      290.00	   968950.00	        0.00	     2217.00	        1.00
  6.10	        0.00	      278.00	   971247.00	        0.00	     2217.00	        1.00
  6.11	        0.00	      266.00	   973544.00	        0.00	     2217.00	        1.00
  6.12	        0.00	      256.00	   975471.00	        0.00	     2217.00	        1.00
  6.13	        0.00	      248.00	   976979.00	        0.00	     2217.00	        1.00
  6.14	        0.00	      240.00	   978492.00	        0.00	     2217.00	        1.00
  6.15	        0.00	      234.00	   979628.00	        0.00	     2217.00	        1.00
  6.16	        0.00	      225.00	   981338.00	        0.00	     2217.00	        1.00
  6.17	        0.00	      217.00	   982852.00	        0.00	     2217.00	        1.00
  6.18	        0.00	      208.00	   984577.00	        0.00	     2217.00	        1.00
  6.19	        0.00	      206.00	   984905.00	        0.00	     2217.00	        1.00
  6.20	        0.00	      198.00	   986428.00	        0.00	     2217.00	        1.00
  6.21	        0.00	      194.00	   987143.00	        0.00	     2217.00	        1.00
  6.22	        0.00	      188.00	   988269.00	        0.00	     2217.00	        1.00
  6.23	        0.00	      182.00	   989412.00	        0.00	     2217.00	        1.00
  6.24	        0.00	      179.00	   989945.00	        0.00	     2217.00	        1.00
  6.25	        0.00	      170.00	   991690.00	        0.00	     2217.00	        1.00
  6.26	        0.00	      161.00	   993428.00	        0.00	     2217.00	        1.00
  6.27	        0.00	      153.00	   994979.00	        0.00	     2217.00	        1.00
  6.28	        0.00	      147.00	   996108.00	        0.00	     2217.00	        1.00
  6.29	        0.00	      141.00	   997254.00	        0.00	     2217.00	        1.00
  6.30	        0.00	      137.00	   997993.00	        0.00	     2217.00	        1.00
  6.31	        0.00	      133.00	   998725.00	        0.00	     2217.00	        1.00
  6.32	        0.00	      127.00	   999848.00	        0.00	     2217.00	        1.00
  6.33	        0.00	      121.00	  1000984.00	        0.00	     2217.00	        1.00
  6.34	        0.00	      116.00	  1001924.00	        0.00	     2217.00	        1.00
  6.35	        0.00	      113.00	  1002461.00	        0.00	     2217.00	        1.00
  6.36	        0.00	      109.00	  1003207.00	        0.00	     2217.00	        1.00
  6.37	        0.00	      108.00	  1003347.00	        0.00	     2217.00	        1.00
  6.38	        0.00	      103.00	  1004300.00	        0.00	     2217.00	        1.00
  6.39	        0.00	       99.00	  1005043.00	        0.00	     2217.00	        1.00
  6.40	        0.00	       93.00	  1006187.00	        0.00	     2217.00	        1.00
  6.41	        0.00	       90.00	  1006738.00	        0.00	     2217.00	        1.00
  6.42	        0.00	       83.00	  1008092.00	        0.00	     2217.00	        1.00
  6.43	        0.00	       79.00	  1008837.00	        0.00	     2217.00	        1.00
  6.44	        0.00	       76.00	  1009385.00	        0.00	     2217.00	        1.00
  6.45	        0.00	       71.00	  1010335.00	        0.00	     2217.00	        1.00
  6.46	        0.00	       69.00	  1010684.00	        0.00	     2217.00	        1.00
  6.47	        0.00	       67.00	  1011039.00	        0.00	     2217.00	        1.00
  6.48	        0.00	       67.00	  1010993.00	        0.00	     2217.00	        1.00
  6.49	        0.00	       65.00	  1011338.00	        0.00	     2217.00	        1.00
  6.50	        0.00	       60.00	  1012286.00	        0.00	     2217.00	        1.00
  6.51	        0.00	       55.00	  1013241.00	        0.00	     2217.00	        1.00
  6.52	        0.00	       54.00	  1013394.00	        0.00	     2217.00	        1.00
  6.53	        0.00	       53.00	  1013552.00	        0.00	     2217.00	        1.00
  6.54	        0.00	       51.00	  1013908.00	        0.00	     2217.00	        1.00
  6.55	        0.00	       49.00	  1014260.00	        0.00	     2217.00	        1.00
  6.56	        0.00	       46.00	  1014798.00	        0.00	     2217.00	        1.00
  6.57	        0.00	       46.00	  1014755.00	        0.00	     2217.00	        1.00
  6.58	        0.00	       44.00	  1015108.00	        0.00	     2217.00	        1.00
  6.59	        0.00	       42.00	  1015464.00	        0.00	     2217.00	        1.00
  6.60	        0.00	       42.00	  1015425.00	        0.00	     2217.00	        1.00
  6.61	        0.00	       41.00	  1015589.00	        0.00	     2217.00	        1.00
  6.62	        0.00	       40.00	  1015741.00	        0.00	     2217.00	        1.00
  6.63	        0.00	       39.00	  1015904.00	        0.00	     2217.00	        1.00
  6.64	        0.00	       38.00	  1016067.00	        0.00	     2217.00	        1.00
  6.65	        0.00	       35.00	  1016622.00	        0.00	     2217.00	        1.00
  6.66	        0.00	       33.00	  1016982.00	        0.00	     2217.00	        1.00
  6.67	        0.00	       33.00	  1016949.00	        0.00	     2217.00	        1.00
  6.68	        0.00	       33.00	  1016912.00	        0.00	     2217.00	        1.00
  6.69	        0.00	       32.00	  1017074.00	        0.00	     2217.00	        1.00
  6.70	        0.00	       32.00	  1017039.00	        0.00	     2217.00	        1.00
  6.71	        0.00	       29.00	  1017603.00	        0.00	     2217.00	        1.00
  6.72	        0.00	       26.00	  1018162.00	        0.00	     2217.00	        1.00
  6.73	        0.00	       24.00	  1018523.00	        0.00	     2217.00	        1.00
  6.74	        0.00	       23.00	  1018686.00	        0.00	     2217.00	        1.00
  6.75	        0.00	       23.00	  1018630.00	        0.00	     2217.00	        1.00
  6.76	        0.00	       21.00	  1018991.00	        0.00	     2217.00	        1.00
  6.77	        0.00	       19.00	  1019360.00	        0.00	     2217.00	        1.00
  6.78	        0.00	       18.00	  1019518.00	        0.00	     2217.00	        1.00
  6.79	        0.00	       18.00	  1019479.00	        0.00	     2217.00	        1.00
  6.80	        0.00	       18.00	  1019449.00	        0.00	     2217.00	        1.00
  6.81	        0.00	       17.00	  1019604.00	        0.00	     2217.00	        1.00
  6.82	        0.00	       13.00	  1020369.00	        0.00	     2217.00	        1.00
  6.83	        0.00	       13.00	  1020331.00	        0.00	     2217.00	        1.00
  6.84	        0.00	       12.00	  1020492.00	        0.00	     2217.00	        1.00
  6.85	        0.00	       12.00	  1020462.00	        0.00	     2217.00	        1.00
  6.86	        0.00	       12.00	  1020420.00	        0.00	     2217.00	        1.00
  6.87	        0.00	       12.00	  1020385.00	        0.00	     2217.00	        1.00
  6.88	        0.00	       12.00	  1020333.00	        0.00	     2217.00	        1.00
  6.89	        0.00	       11.00	  1020497.00	        0.00	     2217.00	        1.00
  6.90	        0.00	       11.00	  1020450.00	        0.00	     2217.00	        1.00
  6.91	        0.00	       11.00	  1020411.00	        0.00	     2217.00	        1.00
  6.92	        0.00	       11.00	  1020378.00	        0.00	     2217.00	        1.00
  6.93	        0.00	       11.00	  1020348.00	        0.00	     2217.00	        1.00
  6.94	        0.00	       11.00	  1020306.00	        0.00	     2217.00	        1.00
  6.95	        0.00	       10.00	  1020466.00	        0.00	     2217.00	        1.00
  6.96	        0.00	       10.00	  1020432.00	        0.00	     2217.00	        1.00
  6.97	        0.00	        8.00	  1020803.00	        0.00	     2217.00	        1.00
  6.98	        0.00	        8.00	  1020763.00	        0.00	     2217.00	        1.00
  6.99	        0.00	        8.00	  1020722.00	        0.00	     2217.00	        1.00
  7.00	        0.00	        8.00	  1020687.00	        0.00	     2217.00	        1.00
  7.01	        0.00	        8.00	  1020650.00	        0.00	     2217.00	        1.00
  7.02	        0.00	        8.00	  1020617.00	        0.00	     2217.00	        1.00
  7.03	        0.00	        8.00	  1020574.00	        0.00	     2217.00	        1.00
  7.04	        0.00	        8.00	  1020538.00	        0.00	     2217.00	        1.00
  7.05	        0.00	        8.00	  1020510.00	        0.00	     2217.00	        1.00
  7.06	        0.00	        8.00	  1020485.00	        0.00	     2217.00	        1.00
  7.07	        0.00	        8.00	  1020451.00	        0.00	     2217.00	        1.00
  7.08	        0.00	        8.00	  1020411.00	        0.00	     2217.00	        1.00
  7.09	        0.00	        7.00	  1020580.00	        0.00	     2217.00	        1.00
  7.10	        0.00	        7.00	  1020549.00	        0.00	     2217.00	        1.00
  7.11	        0.00	        6.00	  1020709.00	        0.00	     2217.00	        1.00
  7.12	        0.00	        5.00	  1020879.00	        0.00	     2217.00	        1.00
  7.13	        0.00	        5.00	  1020843.00	        0.00	     2217.00	        1.00
  7.14	        0.00	        5.00	  1020808.00	        0.00	     2217.00	        1.00
  7.15	        0.00	        5.00	  1020777.00	        0.00	     2217.00	        1.00
  7.16	        0.00	        5.00	  1020730.00	        0.00	     2217.00	        1.00
  7.17	        0.00	        5.00	  1020704.00	        0.00	     2217.00	        1.00
  7.18	        0.00	        5.00	  1020680.00	        0.00	     2217.00	        1.00
  7.19	        0.00	        5.00	  1020643.00	        0.00	     2217.00	        1.00
  7.20	        0.00	        5.00	  1020610.00	        0.00	     2217.00	        1.00
  7.21	        0.00	        5.00	  1020578.00	        0.00	     2217.00	        1.00
  7.22	        0.00	        5.00	  1020530.00	        0.00	     2217.00	        1.00
  7.23	        0.00	        5.00	  1020506.00	        0.00	     2217.00	        1.00
  7.24	        0.00	        5.00	  1020470.00	        0.00	     2217.00	        1.00
  7.25	        0.00	        4.00	  1020632.00	        0.00	     2217.00	        1.00
  7.26	        0.00	        4.00	  1020597.00	        0.00	     2217.00	        1.00
  7.27	        0.00	        3.00	  1020762.00	        0.00	     2217.00	        1.00
  7.28	        0.00	        2.00	  1020927.00	        0.00	     2217.00	        1.00
  7.29	        0.00	        2.00	  1020888.00	        0.00	     2217.00	        1.00
  7.30	        0.00	        2.00	  1020856.00	        0.00	     2217.00	        1.00
  7.31	        0.00	        2.00	  1020821.00	        0.00	     2217.00	        1.00
  7.32	        0.00	        2.00	  1020791.00	        0.00	     2217.00	        1.00
  7.33	        0.00	        2.00	  1020753.00	        0.00	     2217.00	        1.00
  7.34	        0.00	        2.00	  1020719.00	        0.00	     2217.00	        1.00
  7.35	        0.00	        2.00	  1020681.00	        0.00	     2217.00	        1.00
  7.36	        0.00	        2.00	  1020643.00	        0.00	     2217.00	        1.00
  7.37	        0.00	        2.00	  1020618.00	        0.00	     2217.00	        1.00
  7.38	        0.00	        2.00	  1020585.00	        0.00	     2217.00	        1.00
  7.39	        0.00	        1.00	  1020756.00	        0.00	     2217.00	        1.00
  7.40	        0.00	        0.00	  1020925.00	        0.00	     2217.00	        0.00
