Datatype: PopulationSize
  0.00	   316228.00	        0.00	 31622777.00	        1.00	        0.00	   316228.00
  0.01	   320661.00	     1020.00	 31589937.00	        1.00	     5452.00	   316228.00
  0.02	   325030.00	     2000.00	 31557457.00	        1.00	    10797.00	   316228.00
  0.03	   329444.00	     3065.00	 31524886.00	        1.00	    16267.00	   316228.00
  0.04	   333832.00	     4154.00	 31492397.00	        1.00	    21721.00	   316228.00
  0.05	   338440.00	     5221.00	 31460329.00	        1.00	    27384.00	   316228.00
  0.06	   342974.00	     6314.00	 31427805.00	        1.00	    32995.00	   316228.00
  0.07	   347682.00	     7404.00	 31395444.00	        1.00	    38777.00	   316228.00
  0.08	   352410.00	     8531.00	 31362902.00	        0.99	    44609.00	   316228.00
  0.09	   357244.00	     9703.00	 31330203.00	        0.99	    50587.00	   316228.00
  0.10	   361970.00	    10888.00	 31297869.00	        0.99	    56466.00	   316228.00
  0.11	   366818.00	    12108.00	 31265538.00	        0.99	    62493.00	   316228.00
  0.12	   371801.00	    13357.00	 31233352.00	        0.99	    68699.00	   316228.00
  0.13	   376955.00	    14506.00	 31200894.00	        0.99	    74971.00	   316228.00
  0.14	   382034.00	    15737.00	 31168577.00	        0.99	    81247.00	   316228.00
  0.15	   387260.00	    17001.00	 31136071.00	        0.99	    87695.00	   316228.00
  0.16	   392564.00	    18257.00	 31103689.00	        0.99	    94220.00	   316228.00
  0.17	   397765.00	    19515.00	 31071674.00	        0.99	   100625.00	   316228.00
  0.18	   403098.00	    20882.00	 31038886.00	        0.99	   107277.00	   316228.00
  0.19	   408591.00	    22129.00	 31006916.00	        0.99	   113968.00	   316228.00
  0.20	   414277.00	    23408.00	 30974471.00	        0.99	   120873.00	   316227.00
  0.21	   419815.00	    24724.00	 30942299.00	        0.99	   127669.00	   316227.00
  0.22	   425574.00	    26046.00	 30910199.00	        0.99	   134686.00	   316226.00
  0.23	   431486.00	    27511.00	 30878310.00	        0.99	   142005.00	   316225.00
  0.24	   437257.00	    28948.00	 30846984.00	        0.98	   149146.00	   316222.00
  0.25	   443204.00	    30385.00	 30816172.00	        0.98	   156475.00	   316217.00
  0.26	   449164.00	    31825.00	 30785097.00	        0.98	   163821.00	   316213.00
  0.27	   455111.00	    33291.00	 30754639.00	        0.98	   171146.00	   316208.00
  0.28	   461455.00	    34717.00	 30724612.00	        0.98	   178865.00	   316203.00
  0.29	   467768.00	    36232.00	 30695675.00	        0.98	   186638.00	   316196.00
  0.30	   474116.00	    37743.00	 30667147.00	        0.98	   194463.00	   316186.00
  0.31	   480653.00	    39318.00	 30637977.00	        0.98	   202508.00	   316180.00
  0.32	   487146.00	    40882.00	 30610252.00	        0.98	   210513.00	   316175.00
  0.33	   493979.00	    42403.00	 30582754.00	        0.98	   218823.00	   316166.00
  0.34	   500858.00	    43970.00	 30557506.00	        0.98	   227230.00	   316154.00
  0.35	   507563.00	    45593.00	 30532023.00	        0.98	   235523.00	   316136.00
  0.36	   514360.00	    47275.00	 30508835.00	        0.98	   243984.00	   316113.00
  0.37	   521397.00	    48821.00	 30487079.00	        0.98	   252581.00	   316092.00
  0.38	   528612.00	    50408.00	 30466047.00	        0.98	   261367.00	   316069.00
  0.39	   535970.00	    52077.00	 30446400.00	        0.98	   270371.00	   316047.00
  0.40	   543103.00	    53709.00	 30428275.00	        0.98	   279170.00	   316011.00
  0.41	   550562.00	    55393.00	 30413478.00	        0.98	   288355.00	   315973.00
  0.42	   558053.00	    57074.00	 30398541.00	        0.98	   297570.00	   315934.00
  0.43	   565641.00	    58769.00	 30390344.00	        0.98	   306956.00	   315886.00
  0.44	   573484.00	    60446.00	 30380080.00	        0.98	   316566.00	   315851.00
  0.45	   581444.00	    62103.00	 30372344.00	        0.97	   326282.00	   315804.00
  0.46	   589324.00	    63728.00	 30367902.00	        0.97	   335922.00	   315760.00
  0.47	   597323.00	    65396.00	 30365745.00	        0.97	   345761.00	   315705.00
  0.48	   605528.00	    67048.00	 30366072.00	        0.97	   355801.00	   315646.00
  0.49	   613609.00	    68792.00	 30366182.00	        0.97	   365806.00	   315600.00
  0.50	   622049.00	    70399.00	 30373180.00	        0.97	   376105.00	   315532.00
  0.51	   630570.00	    72043.00	 30380112.00	        0.97	   386502.00	   315478.00
  0.52	   639183.00	    73661.00	 30390534.00	        0.97	   397005.00	   315411.00
  0.53	   648032.00	    75282.00	 30407358.00	        0.97	   407806.00	   315327.00
  0.54	   657085.00	    76883.00	 30426957.00	        0.97	   418793.00	   315243.00
  0.55	   666109.00	    78642.00	 30446132.00	        0.97	   429923.00	   315167.00
  0.56	   675314.00	    80285.00	 30468096.00	        0.97	   441141.00	   315084.00
  0.57	   684450.00	    81986.00	 30492053.00	        0.97	   452377.00	   314996.00
  0.58	   693887.00	    83648.00	 30520905.00	        0.97	   463929.00	   314917.00
  0.59	   703487.00	    85454.00	 30549959.00	        0.97	   475765.00	   314834.00
  0.60	   713090.00	    87167.00	 30583299.00	        0.97	   487562.00	   314746.00
  0.61	   722864.00	    88879.00	 30620005.00	        0.97	   499570.00	   314646.00
  0.62	   732843.00	    90529.00	 30663435.00	        0.97	   511777.00	   314560.00
  0.63	   742753.00	    92177.00	 30711725.00	        0.97	   523959.00	   314461.00
  0.64	   753048.00	    93891.00	 30761126.00	        0.97	   536607.00	   314361.00
  0.65	   763215.00	    95596.00	 30812769.00	        0.97	   549121.00	   314253.00
  0.66	   773684.00	    97313.00	 30870515.00	        0.97	   562015.00	   314142.00
  0.67	   783961.00	    99076.00	 30927337.00	        0.97	   574723.00	   314031.00
  0.68	   794671.00	   100757.00	 30991421.00	        0.97	   587864.00	   313905.00
  0.69	   805366.00	   102485.00	 31059959.00	        0.97	   601108.00	   313776.00
  0.70	   816555.00	   104163.00	 31129056.00	        0.97	   614781.00	   313652.00
  0.71	   827589.00	   105762.00	 31204722.00	        0.97	   628284.00	   313524.00
  0.72	   838776.00	   107548.00	 31276069.00	        0.96	   642087.00	   313419.00
  0.73	   850285.00	   109321.00	 31349858.00	        0.96	   656230.00	   313321.00
  0.74	   861802.00	   111172.00	 31426920.00	        0.96	   670490.00	   313207.00
  0.75	   873217.00	   113092.00	 31508873.00	        0.96	   684786.00	   313087.00
  0.76	   884874.00	   114928.00	 31596436.00	        0.96	   699268.00	   312983.00
  0.77	   897090.00	   116626.00	 31696649.00	        0.96	   714296.00	   312871.00
  0.78	   909306.00	   118466.00	 31791122.00	        0.96	   729436.00	   312765.00
  0.79	   921537.00	   120281.00	 31884944.00	        0.96	   744562.00	   312649.00
  0.80	   933954.00	   122125.00	 31985791.00	        0.96	   759940.00	   312539.00
  0.81	   946639.00	   124075.00	 32083979.00	        0.96	   775655.00	   312406.00
  0.82	   959396.00	   125973.00	 32190901.00	        0.96	   791469.00	   312285.00
  0.83	   972553.00	   127841.00	 32305044.00	        0.96	   807733.00	   312162.00
  0.84	   985510.00	   129883.00	 32412738.00	        0.96	   823899.00	   312049.00
  0.85	   998707.00	   132018.00	 32524898.00	        0.96	   840461.00	   311930.00
  0.86	  1012075.00	   134025.00	 32639623.00	        0.96	   857115.00	   311805.00
  0.87	  1025642.00	   135992.00	 32759456.00	        0.96	   873960.00	   311674.00
  0.88	  1039311.00	   137952.00	 32880859.00	        0.96	   890905.00	   311557.00
  0.89	  1053457.00	   140177.00	 32997020.00	        0.96	   908505.00	   311444.00
  0.90	  1067554.00	   142523.00	 33119977.00	        0.96	   926285.00	   311336.00
  0.91	  1081803.00	   144860.00	 33237634.00	        0.96	   944156.00	   311227.00
  0.92	  1096565.00	   147055.00	 33369497.00	        0.96	   962522.00	   311109.00
  0.93	  1111113.00	   149319.00	 33506475.00	        0.96	   980790.00	   310987.00
  0.94	  1125974.00	   151746.00	 33639257.00	        0.96	   999498.00	   310886.00
  0.95	  1141132.00	   154198.00	 33775138.00	        0.96	  1018538.00	   310766.00
  0.96	  1156316.00	   156585.00	 33917554.00	        0.96	  1037629.00	   310671.00
  0.97	  1171657.00	   158939.00	 34066777.00	        0.96	  1056878.00	   310575.00
  0.98	  1187014.00	   161581.00	 34214641.00	        0.96	  1076454.00	   310465.00
  0.99	  1202827.00	   164266.00	 34365239.00	        0.96	  1096557.00	   310354.00
  1.00	  1218367.00	   167103.00	 34510240.00	        0.96	  1116471.00	   310244.00
  1.01	  1233907.00	   170089.00	 34664612.00	        0.96	  1136657.00	   310134.00
  1.02	  1250175.00	   172909.00	 34819553.00	        0.96	  1157335.00	   310031.00
  1.03	  1266791.00	   175764.00	 34972884.00	        0.96	  1178411.00	   309938.00
  1.04	  1283302.00	   178721.00	 35133246.00	        0.96	  1199579.00	   309828.00
  1.05	  1300060.00	   181779.00	 35301776.00	        0.96	  1221125.00	   309724.00
  1.06	  1317066.00	   184760.00	 35473909.00	        0.96	  1242900.00	   309640.00
  1.07	  1334347.00	   187937.00	 35636292.00	        0.96	  1265057.00	   309547.00
  1.08	  1351623.00	   190925.00	 35807174.00	        0.96	  1287130.00	   309451.00
  1.09	  1369028.00	   194094.00	 35990285.00	        0.96	  1309611.00	   309358.00
  1.10	  1386661.00	   197267.00	 36170562.00	        0.95	  1332297.00	   309262.00
  1.11	  1404531.00	   200579.00	 36354421.00	        0.95	  1355405.00	   309180.00
  1.12	  1422844.00	   203883.00	 36544006.00	        0.95	  1378979.00	   309084.00
  1.13	  1441342.00	   207307.00	 36733991.00	        0.95	  1402896.00	   308967.00
  1.14	  1459757.00	   210791.00	 36914650.00	        0.95	  1426695.00	   308872.00
  1.15	  1478441.00	   214482.00	 37102321.00	        0.95	  1451023.00	   308784.00
  1.16	  1497372.00	   218190.00	 37294130.00	        0.95	  1475670.00	   308705.00
  1.17	  1516847.00	   221944.00	 37496637.00	        0.95	  1501006.00	   308626.00
  1.18	  1536456.00	   225806.00	 37697523.00	        0.95	  1526553.00	   308540.00
  1.19	  1556022.00	   229836.00	 37904335.00	        0.95	  1552287.00	   308447.00
  1.20	  1575949.00	   233927.00	 38107874.00	        0.95	  1578391.00	   308369.00
  1.21	  1596022.00	   237993.00	 38318967.00	        0.95	  1604709.00	   308284.00
  1.22	  1616298.00	   242256.00	 38531561.00	        0.95	  1631453.00	   308199.00
  1.23	  1636902.00	   246321.00	 38760591.00	        0.95	  1658489.00	   308101.00
  1.24	  1657767.00	   250645.00	 38979471.00	        0.95	  1685981.00	   308030.00
  1.25	  1678755.00	   255137.00	 39204823.00	        0.95	  1713798.00	   307962.00
  1.26	  1699961.00	   259832.00	 39427450.00	        0.95	  1741981.00	   307880.00
  1.27	  1721088.00	   264597.00	 39658326.00	        0.95	  1770263.00	   307798.00
  1.28	  1742492.00	   269454.00	 39901006.00	        0.95	  1799024.00	   307739.00
  1.29	  1764415.00	   274286.00	 40148991.00	        0.95	  1828265.00	   307662.00
  1.30	  1786101.00	   279316.00	 40397367.00	        0.95	  1857490.00	   307590.00
  1.31	  1808516.00	   284408.00	 40648275.00	        0.95	  1887583.00	   307520.00
  1.32	  1830646.00	   289607.00	 40912527.00	        0.95	  1917609.00	   307446.00
  1.33	  1853318.00	   294992.00	 41175027.00	        0.95	  1948331.00	   307367.00
  1.34	  1876149.00	   300510.00	 41445463.00	        0.95	  1979458.00	   307301.00
  1.35	  1899303.00	   306270.00	 41711468.00	        0.95	  2011084.00	   307214.00
  1.36	  1922546.00	   312072.00	 41982056.00	        0.95	  2042914.00	   307155.00
  1.37	  1945927.00	   317870.00	 42260728.00	        0.95	  2074949.00	   307080.00
  1.38	  1969728.00	   324002.00	 42544706.00	        0.95	  2107776.00	   307021.00
  1.39	  1993896.00	   330028.00	 42835396.00	        0.95	  2140958.00	   306955.00
  1.40	  2018002.00	   336268.00	 43130829.00	        0.95	  2174333.00	   306896.00
  1.41	  2042484.00	   342581.00	 43429675.00	        0.95	  2208158.00	   306827.00
  1.42	  2067166.00	   349077.00	 43740855.00	        0.95	  2242517.00	   306767.00
  1.43	  2091821.00	   355812.00	 44053558.00	        0.95	  2277101.00	   306711.00
  1.44	  2116520.00	   362720.00	 44373455.00	        0.95	  2311949.00	   306647.00
  1.45	  2142190.00	   369352.00	 44703793.00	        0.95	  2347616.00	   306578.00
  1.46	  2167378.00	   376550.00	 45034866.00	        0.95	  2383357.00	   306528.00
  1.47	  2193091.00	   383960.00	 45371476.00	        0.95	  2419891.00	   306462.00
  1.48	  2219070.00	   391414.00	 45716363.00	        0.95	  2456840.00	   306410.00
  1.49	  2245120.00	   399064.00	 46063204.00	        0.95	  2494095.00	   306338.00
  1.50	  2271262.00	   407025.00	 46414783.00	        0.95	  2531769.00	   306288.00
  1.51	  2297804.00	   414779.00	 46785480.00	        0.95	  2569843.00	   306227.00
  1.52	  2323909.00	   422806.00	 47152292.00	        0.95	  2607738.00	   306158.00
  1.53	  2350611.00	   431211.00	 47524007.00	        0.95	  2646646.00	   306115.00
  1.54	  2377453.00	   439736.00	 47900712.00	        0.95	  2685852.00	   306045.00
  1.55	  2404642.00	   448245.00	 48275780.00	        0.95	  2725392.00	   306001.00
  1.56	  2432009.00	   457159.00	 48670345.00	        0.95	  2765734.00	   305953.00
  1.57	  2459623.00	   466241.00	 49069458.00	        0.95	  2806479.00	   305895.00
  1.58	  2487119.00	   475564.00	 49480644.00	        0.95	  2847482.00	   305852.00
  1.59	  2515209.00	   485100.00	 49884413.00	        0.95	  2889224.00	   305806.00
  1.60	  2543377.00	   494526.00	 50323068.00	        0.95	  2931324.00	   305763.00
  1.61	  2571497.00	   504356.00	 50763417.00	        0.95	  2973810.00	   305711.00
  1.62	  2600113.00	   514143.00	 51213021.00	        0.95	  3016832.00	   305653.00
  1.63	  2628682.00	   524290.00	 51670214.00	        0.95	  3060252.00	   305605.00
  1.64	  2657292.00	   535178.00	 52117378.00	        0.95	  3104365.00	   305558.00
  1.65	  2686001.00	   545867.00	 52592740.00	        0.95	  3148617.00	   305516.00
  1.66	  2714632.00	   557045.00	 53080600.00	        0.95	  3193422.00	   305475.00
  1.67	  2743870.00	   568348.00	 53554027.00	        0.95	  3238828.00	   305422.00
  1.68	  2773024.00	   579795.00	 54056691.00	        0.94	  3284601.00	   305363.00
  1.69	  2802174.00	   591581.00	 54559820.00	        0.94	  3330709.00	   305314.00
  1.70	  2831623.00	   603555.00	 55081715.00	        0.94	  3377479.00	   305269.00
  1.71	  2861541.00	   615704.00	 55615645.00	        0.94	  3425039.00	   305225.00
  1.72	  2891208.00	   628419.00	 56147266.00	        0.94	  3472930.00	   305192.00
  1.73	  2921318.00	   641192.00	 56683781.00	        0.94	  3521343.00	   305152.00
  1.74	  2951265.00	   654257.00	 57256284.00	        0.94	  3570265.00	   305103.00
  1.75	  2981290.00	   667814.00	 57822268.00	        0.94	  3619693.00	   305061.00
  1.76	  3011370.00	   681568.00	 58398402.00	        0.94	  3669524.00	   305015.00
  1.77	  3042223.00	   695103.00	 59005546.00	        0.94	  3720138.00	   304975.00
  1.78	  3072110.00	   709678.00	 59609470.00	        0.94	  3770861.00	   304930.00
  1.79	  3102017.00	   724535.00	 60229980.00	        0.94	  3822048.00	   304890.00
  1.80	  3132467.00	   739155.00	 60857408.00	        0.94	  3873636.00	   304853.00
  1.81	  3162783.00	   754393.00	 61490129.00	        0.94	  3925723.00	   304804.00
  1.82	  3193436.00	   769861.00	 62146939.00	        0.94	  3978648.00	   304766.00
  1.83	  3223832.00	   786059.00	 62803567.00	        0.94	  4032023.00	   304723.00
  1.84	  3254551.00	   802327.00	 63484581.00	        0.94	  4086146.00	   304667.00
  1.85	  3285040.00	   819212.00	 64175459.00	        0.94	  4140723.00	   304640.00
  1.86	  3315535.00	   836378.00	 64886400.00	        0.94	  4195792.00	   304601.00
  1.87	  3346300.00	   853424.00	 65615434.00	        0.94	  4251194.00	   304571.00
  1.88	  3376610.00	   871322.00	 66356956.00	        0.94	  4307130.00	   304530.00
  1.89	  3407095.00	   889450.00	 67101065.00	        0.94	  4363507.00	   304494.00
  1.90	  3437158.00	   907990.00	 67869202.00	        0.94	  4420130.00	   304459.00
  1.91	  3467389.00	   926839.00	 68651011.00	        0.94	  4477376.00	   304424.00
  1.92	  3497362.00	   946546.00	 69441075.00	        0.94	  4535352.00	   304394.00
  1.93	  3527314.00	   966348.00	 70259126.00	        0.94	  4593708.00	   304370.00
  1.94	  3557425.00	   986581.00	 71081874.00	        0.94	  4652717.00	   304332.00
  1.95	  3587059.00	  1007730.00	 71918019.00	        0.94	  4712277.00	   304293.00
  1.96	  3616836.00	  1028899.00	 72776440.00	        0.94	  4772261.00	   304257.00
  1.97	  3646468.00	  1050300.00	 73660865.00	        0.94	  4832591.00	   304211.00
  1.98	  3675740.00	  1072442.00	 74562934.00	        0.94	  4893509.00	   304180.00
  1.99	  3705416.00	  1094947.00	 75486206.00	        0.94	  4955427.00	   304147.00
  2.00	  3734590.00	  1118250.00	 76410600.00	        0.94	  5017649.00	   304115.00
  2.01	  3763250.00	  1141795.00	 77382848.00	        0.94	  5080158.00	   304078.00
  2.02	  3791523.00	  1166001.00	 78351975.00	        0.94	  5142894.00	   304044.00
  2.03	  3819222.00	  1190868.00	 79350851.00	        0.94	  5206045.00	   304012.00
  2.04	  3846679.00	  1216025.00	 80369774.00	        0.94	  5269487.00	   303976.00
  2.05	  3874800.00	  1241456.00	 81401399.00	        0.94	  5333986.00	   303944.00
  2.06	  3901561.00	  1268059.00	 82450779.00	        0.94	  5398527.00	   303917.00
  2.07	  3928703.00	  1295015.00	 83526168.00	        0.94	  5464049.00	   303888.00
  2.08	  3954528.00	  1322942.00	 84607036.00	        0.94	  5529331.00	   303858.00
  2.09	  3979781.00	  1351218.00	 85731982.00	        0.94	  5594836.00	   303829.00
  2.10	  4005606.00	  1379786.00	 86882424.00	        0.94	  5661474.00	   303801.00
  2.11	  4031233.00	  1408588.00	 88056958.00	        0.94	  5728430.00	   303776.00
  2.12	  4055594.00	  1439083.00	 89217589.00	        0.94	  5795742.00	   303749.00
  2.13	  4079838.00	  1469399.00	 90435316.00	        0.94	  5863355.00	   303714.00
  2.14	  4104273.00	  1499997.00	 91688930.00	        0.94	  5931802.00	   303679.00
  2.15	  4127674.00	  1531736.00	 92956329.00	        0.94	  6000518.00	   303650.00
  2.16	  4150676.00	  1563691.00	 94234798.00	        0.94	  6069214.00	   303628.00
  2.17	  4173003.00	  1596416.00	 95565286.00	        0.94	  6138553.00	   303599.00
  2.18	  4194289.00	  1629999.00	 96915894.00	        0.94	  6207977.00	   303564.00
  2.19	  4214990.00	  1664331.00	 98286268.00	        0.94	  6277735.00	   303538.00
  2.20	  4234715.00	  1699541.00	 99669558.00	        0.94	  6347575.00	   303517.00
  2.21	  4254862.00	  1734579.00	101115080.00	        0.94	  6418323.00	   303482.00
  2.22	  4273951.00	  1770905.00	102549716.00	        0.94	  6489190.00	   303455.00
  2.23	  4292199.00	  1808054.00	104018872.00	        0.94	  6560450.00	   303424.00
  2.24	  4309736.00	  1845197.00	105543129.00	        0.94	  6631630.00	   303395.00
  2.25	  4326638.00	  1883046.00	107108919.00	        0.94	  6703345.00	   303360.00
  2.26	  4342359.00	  1921597.00	108728354.00	        0.94	  6775142.00	   303339.00
  2.27	  4357521.00	  1961302.00	110333930.00	        0.94	  6847382.00	   303307.00
  2.28	  4371979.00	  2001307.00	111995452.00	        0.94	  6919794.00	   303276.00
  2.29	  4385348.00	  2042337.00	113689622.00	        0.94	  6992561.00	   303250.00
  2.30	  4398040.00	  2083985.00	115409860.00	        0.94	  7065551.00	   303219.00
  2.31	  4409137.00	  2126709.00	117186138.00	        0.94	  7138631.00	   303188.00
  2.32	  4420611.00	  2169458.00	118950534.00	        0.94	  7212010.00	   303161.00
  2.33	  4430150.00	  2213484.00	120768052.00	        0.94	  7285322.00	   303131.00
  2.34	  4439601.00	  2257369.00	122669707.00	        0.94	  7359254.00	   303097.00
  2.35	  4448010.00	  2302458.00	124576294.00	        0.94	  7433445.00	   303064.00
  2.36	  4455528.00	  2347488.00	126550681.00	        0.94	  7507519.00	   303037.00
  2.37	  4462670.00	  2393250.00	128560022.00	        0.93	  7582277.00	   303013.00
  2.38	  4467471.00	  2440649.00	130585902.00	        0.93	  7656558.00	   302985.00
  2.39	  4471416.00	  2488492.00	132662244.00	        0.93	  7730952.00	   302963.00
  2.40	  4474382.00	  2536708.00	134772976.00	        0.93	  7805214.00	   302943.00
  2.41	  4475886.00	  2586311.00	136928226.00	        0.93	  7879855.00	   302915.00
  2.42	  4475825.00	  2636498.00	139133262.00	        0.93	  7954091.00	   302880.00
  2.43	  4475178.00	  2686425.00	141413607.00	        0.93	  8028266.00	   302852.00
  2.44	  4473750.00	  2737618.00	143706338.00	        0.93	  8103069.00	   302825.00
  2.45	  4470729.00	  2789449.00	146051554.00	        0.93	  8177549.00	   302802.00
  2.46	  4467115.00	  2841282.00	148449997.00	        0.93	  8252035.00	   302772.00
  2.47	  4461398.00	  2894658.00	150911508.00	        0.93	  8326651.00	   302749.00
  2.48	  4454639.00	  2948041.00	153409359.00	        0.93	  8400678.00	   302721.00
  2.49	  4446250.00	  3001674.00	155981911.00	        0.93	  8474134.00	   302704.00
  2.50	  4436951.00	  3055825.00	158626106.00	        0.93	  8548002.00	   302680.00
  2.51	  4426818.00	  3110925.00	161263320.00	        0.93	  8621940.00	   302656.00
  2.52	  4415274.00	  3166034.00	163979302.00	        0.93	  8695319.00	   302633.00
  2.53	  4402405.00	  3221779.00	166757535.00	        0.93	  8768731.00	   302610.00
  2.54	  4388047.00	  3278179.00	169578777.00	        0.93	  8841781.00	   302576.00
  2.55	  4373459.00	  3334094.00	172476925.00	        0.93	  8914912.00	   302555.00
  2.56	  4356202.00	  3391410.00	175399709.00	        0.93	  8987141.00	   302532.00
  2.57	  4338430.00	  3448443.00	178445722.00	        0.93	  9059893.00	   302509.00
  2.58	  4318533.00	  3506731.00	181490963.00	        0.93	  9131871.00	   302480.00
  2.59	  4298125.00	  3564577.00	184632688.00	        0.93	  9203894.00	   302464.00
  2.60	  4275802.00	  3623310.00	187825482.00	        0.93	  9275496.00	   302439.00
  2.61	  4252512.00	  3681992.00	191070121.00	        0.93	  9346634.00	   302405.00
  2.62	  4227324.00	  3740971.00	194415641.00	        0.93	  9417278.00	   302370.00
  2.63	  4200547.00	  3799895.00	197846020.00	        0.93	  9487210.00	   302353.00
  2.64	  4172727.00	  3859127.00	201334658.00	        0.93	  9557093.00	   302330.00
  2.65	  4144140.00	  3917477.00	204889453.00	        0.93	  9626074.00	   302306.00
  2.66	  4114266.00	  3976377.00	208523804.00	        0.93	  9695188.00	   302283.00
  2.67	  4082828.00	  4035386.00	212183504.00	        0.93	  9763193.00	   302264.00
  2.68	  4049459.00	  4095129.00	215912575.00	        0.93	  9830780.00	   302240.00
  2.69	  4015239.00	  4154113.00	219740024.00	        0.93	  9897848.00	   302216.00
  2.70	  3979284.00	  4213409.00	223643825.00	        0.93	  9964348.00	   302190.00
  2.71	  3942672.00	  4272535.00	227572548.00	        0.93	 10030331.00	   302164.00
  2.72	  3903663.00	  4331003.00	231639903.00	        0.93	 10094800.00	   302140.00
  2.73	  3864507.00	  4388830.00	235812743.00	        0.93	 10159560.00	   302116.00
  2.74	  3824498.00	  4446234.00	240040585.00	        0.93	 10223697.00	   302093.00
  2.75	  3783602.00	  4503292.00	244312355.00	        0.93	 10287135.00	   302062.00
  2.76	  3740809.00	  4560639.00	248639021.00	        0.93	 10349657.00	   302031.00
  2.77	  3697160.00	  4617278.00	253063057.00	        0.93	 10411680.00	   301996.00
  2.78	  3653047.00	  4672213.00	257598284.00	        0.93	 10472696.00	   301968.00
  2.79	  3608219.00	  4726550.00	262208655.00	        0.93	 10533313.00	   301938.00
  2.80	  3562064.00	  4780043.00	266945997.00	        0.93	 10593142.00	   301916.00
  2.81	  3515220.00	  4833689.00	271679010.00	        0.93	 10652464.00	   301882.00
  2.82	  3466790.00	  4886183.00	276524444.00	        0.93	 10710247.00	   301857.00
  2.83	  3416927.00	  4938577.00	281436379.00	        0.93	 10767295.00	   301837.00
  2.84	  3367711.00	  4989068.00	286448869.00	        0.93	 10824205.00	   301810.00
  2.85	  3317437.00	  5038087.00	291603483.00	        0.92	 10880117.00	   301783.00
  2.86	  3266146.00	  5086876.00	296801355.00	        0.92	 10935287.00	   301761.00
  2.87	  3213784.00	  5134443.00	302069531.00	        0.92	 10989018.00	   301744.00
  2.88	  3160524.00	  5180072.00	307479241.00	        0.92	 11041476.00	   301717.00
  2.89	  3106807.00	  5225137.00	312925785.00	        0.92	 11093375.00	   301690.00
  2.90	  3052928.00	  5268272.00	318483833.00	        0.92	 11144381.00	   301664.00
  2.91	  2998770.00	  5310390.00	324087978.00	        0.92	 11194693.00	   301643.00
  2.92	  2944326.00	  5350206.00	329851638.00	        0.92	 11244104.00	   301613.00
  2.93	  2890205.00	  5388435.00	335674546.00	        0.92	 11292945.00	   301585.00
  2.94	  2834998.00	  5425596.00	341577035.00	        0.92	 11340566.00	   301557.00
  2.95	  2779616.00	  5460700.00	347599418.00	        0.92	 11387258.00	   301536.00
  2.96	  2723908.00	  5494579.00	353676220.00	        0.92	 11433027.00	   301501.00
  2.97	  2668514.00	  5525782.00	359874173.00	        0.92	 11477801.00	   301470.00
  2.98	  2612495.00	  5555619.00	366195366.00	        0.92	 11521928.00	   301435.00
  2.99	  2556013.00	  5584033.00	372578542.00	        0.92	 11564941.00	   301417.00
  3.00	  2500240.00	  5610461.00	379010677.00	        0.92	 11607270.00	   301385.00
  3.01	  2443973.00	  5635043.00	385527596.00	        0.92	 11648201.00	   301358.00
  3.02	  2388396.00	  5656752.00	392187033.00	        0.91	 11688512.00	   301323.00
  3.03	  2332550.00	  5677044.00	398875820.00	        0.91	 11727549.00	   301295.00
  3.04	  2277211.00	  5694635.00	405708602.00	        0.91	 11765995.00	   301261.00
  3.05	  2222434.00	  5709990.00	412617129.00	        0.91	 11803599.00	   301232.00
  3.06	  2167130.00	  5723819.00	419591140.00	        0.91	 11839940.00	   301194.00
  3.07	  2113273.00	  5735050.00	426646282.00	        0.91	 11876016.00	   301165.00
  3.08	  2058748.00	  5744861.00	433791505.00	        0.91	 11911044.00	   301131.00
  3.09	  2005154.00	  5751206.00	441083365.00	        0.90	 11945105.00	   301099.00
  3.10	  1951611.00	  5755958.00	448388461.00	        0.90	 11977902.00	   301069.00
  3.11	  1898255.00	  5758702.00	455796002.00	        0.90	 12010026.00	   301027.00
  3.12	  1846130.00	  5758491.00	463283895.00	        0.90	 12041291.00	   300998.00
  3.13	  1794377.00	  5756510.00	470815687.00	        0.90	 12071763.00	   300958.00
  3.14	  1742760.00	  5752074.00	478458177.00	        0.90	 12101132.00	   300922.00
  3.15	  1691889.00	  5745408.00	486164729.00	        0.89	 12129763.00	   300885.00
  3.16	  1642215.00	  5735493.00	493982047.00	        0.89	 12157501.00	   300845.00
  3.17	  1592578.00	  5723923.00	501861897.00	        0.89	 12184380.00	   300796.00
  3.18	  1543525.00	  5709988.00	509839733.00	        0.88	 12210609.00	   300763.00
  3.19	  1495214.00	  5694355.00	517811171.00	        0.88	 12235875.00	   300724.00
  3.20	  1448485.00	  5675843.00	525830016.00	        0.88	 12260424.00	   300694.00
  3.21	  1401976.00	  5655914.00	533884969.00	        0.88	 12284249.00	   300662.00
  3.22	  1356696.00	  5632930.00	542060226.00	        0.87	 12307558.00	   300632.00
  3.23	  1311607.00	  5608172.00	550271590.00	        0.87	 12329725.00	   300590.00
  3.24	  1267272.00	  5580812.00	558597673.00	        0.86	 12351278.00	   300552.00
  3.25	  1223448.00	  5551793.00	566921031.00	        0.86	 12371832.00	   300521.00
  3.26	  1181400.00	  5520257.00	575264929.00	        0.85	 12391896.00	   300486.00
  3.27	  1139927.00	  5486422.00	583701980.00	        0.85	 12411254.00	   300450.00
  3.28	  1099205.00	  5450661.00	592186131.00	        0.84	 12430027.00	   300411.00
  3.29	  1059748.00	  5412585.00	600696848.00	        0.84	 12448076.00	   300366.00
  3.30	  1021218.00	  5371831.00	609313095.00	        0.83	 12465486.00	   300319.00
  3.31	   983564.00	  5329666.00	617889569.00	        0.83	 12482092.00	   300273.00
  3.32	   947047.00	  5285970.00	626441192.00	        0.82	 12498112.00	   300225.00
  3.33	   911218.00	  5240429.00	635069284.00	        0.82	 12513850.00	   300166.00
  3.34	   876476.00	  5192883.00	643725130.00	        0.81	 12528987.00	   300118.00
  3.35	   842320.00	  5143138.00	652426194.00	        0.80	 12543090.00	   300052.00
  3.36	   809577.00	  5091636.00	661140906.00	        0.79	 12557022.00	   299994.00
  3.37	   777583.00	  5039040.00	669817299.00	        0.79	 12570320.00	   299931.00
  3.38	   746666.00	  4984936.00	678466164.00	        0.78	 12582932.00	   299867.00
  3.39	   716955.00	  4929204.00	687140840.00	        0.77	 12595470.00	   299784.00
  3.40	   687829.00	  4871312.00	695896420.00	        0.76	 12607290.00	   299715.00
  3.41	   659169.00	  4812749.00	704611415.00	        0.75	 12618563.00	   299637.00
  3.42	   631567.00	  4753328.00	713247089.00	        0.75	 12629295.00	   299536.00
  3.43	   605335.00	  4691670.00	721932798.00	        0.74	 12639734.00	   299457.00
  3.44	   579566.00	  4629751.00	730551783.00	        0.73	 12649752.00	   299377.00
  3.45	   554688.00	  4565958.00	739188805.00	        0.72	 12659039.00	   299299.00
  3.46	   530335.00	  4501628.00	747806465.00	        0.71	 12668179.00	   299195.00
  3.47	   507428.00	  4435815.00	756390849.00	        0.70	 12677003.00	   299091.00
  3.48	   485112.00	  4369403.00	764926355.00	        0.69	 12685309.00	   298980.00
  3.49	   463701.00	  4301717.00	773454212.00	        0.68	 12693224.00	   298864.00
  3.50	   442816.00	  4233392.00	781942189.00	        0.67	 12700655.00	   298744.00
  3.51	   422739.00	  4164390.00	790385884.00	        0.66	 12707829.00	   298612.00
  3.52	   403547.00	  4094757.00	798782775.00	        0.64	 12714794.00	   298458.00
  3.53	   384871.00	  4024868.00	807117987.00	        0.63	 12721454.00	   298325.00
  3.54	   367122.00	  3954467.00	815371055.00	        0.62	 12727725.00	   298154.00
  3.55	   349924.00	  3884266.00	823514227.00	        0.61	 12733667.00	   297971.00
  3.56	   333537.00	  3813378.00	831627104.00	        0.60	 12739458.00	   297803.00
  3.57	   317760.00	  3742622.00	839625924.00	        0.58	 12744894.00	   297599.00
  3.58	   302709.00	  3671188.00	847606306.00	        0.57	 12750232.00	   297365.00
  3.59	   288194.00	  3599641.00	855508241.00	        0.56	 12755180.00	   297124.00
  3.60	   274146.00	  3528319.00	863316010.00	        0.55	 12759831.00	   296870.00
  3.61	   260576.00	  3456784.00	871065815.00	        0.53	 12764275.00	   296574.00
  3.62	   247715.00	  3385671.00	878681946.00	        0.52	 12768520.00	   296245.00
  3.63	   235554.00	  3314552.00	886217888.00	        0.51	 12772644.00	   295911.00
  3.64	   223911.00	  3243096.00	893694418.00	        0.50	 12776399.00	   295605.00
  3.65	   212711.00	  3171633.00	901119380.00	        0.48	 12780008.00	   295230.00
  3.66	   202024.00	  3101539.00	908335552.00	        0.47	 12783444.00	   294858.00
  3.67	   191796.00	  3031879.00	915451205.00	        0.46	 12786755.00	   294479.00
  3.68	   181924.00	  2962177.00	922509506.00	        0.45	 12789829.00	   294059.00
  3.69	   172664.00	  2892279.00	929511887.00	        0.43	 12792802.00	   293586.00
  3.70	   163855.00	  2823198.00	936388333.00	        0.42	 12795684.00	   293021.00
  3.71	   155446.00	  2754274.00	943182556.00	        0.41	 12798341.00	   292413.00
  3.72	   147389.00	  2686673.00	949787979.00	        0.40	 12800796.00	   291858.00
  3.73	   139688.00	  2619385.00	956325932.00	        0.38	 12803230.00	   291205.00
  3.74	   132583.00	  2552837.00	962725819.00	        0.37	 12805582.00	   290536.00
  3.75	   125719.00	  2487148.00	968989507.00	        0.36	 12807752.00	   289766.00
  3.76	   118973.00	  2422162.00	975160652.00	        0.35	 12809760.00	   288921.00
  3.77	   112496.00	  2358652.00	981161323.00	        0.34	 12811758.00	   288018.00
  3.78	   106315.00	  2295076.00	987115742.00	        0.33	 12813566.00	   287093.00
  3.79	   100631.00	  2232209.00	992930744.00	        0.31	 12815194.00	   286148.00
  3.80	    95111.00	  2170741.00	998589107.00	        0.30	 12816794.00	   285136.00
  3.81	    90027.00	  2109853.00	1004148400.00	        0.29	 12818401.00	   284036.00
  3.82	    85160.00	  2049573.00	1009620227.00	        0.28	 12819928.00	   282914.00
  3.83	    80542.00	  1990329.00	1014950916.00	        0.27	 12821343.00	   281705.00
  3.84	    76142.00	  1932742.00	1020096334.00	        0.26	 12822729.00	   280483.00
  3.85	    71937.00	  1875900.00	1025131407.00	        0.25	 12823948.00	   279125.00
  3.86	    67802.00	  1819812.00	1030071788.00	        0.24	 12825057.00	   277721.00
  3.87	    63984.00	  1765439.00	1034806920.00	        0.23	 12826149.00	   276227.00
  3.88	    60418.00	  1711703.00	1039456695.00	        0.22	 12827194.00	   274659.00
  3.89	    57051.00	  1658546.00	1044020781.00	        0.21	 12828173.00	   272980.00
  3.90	    53865.00	  1607063.00	1048390538.00	        0.21	 12829078.00	   271269.00
  3.91	    50870.00	  1555952.00	1052709213.00	        0.20	 12829975.00	   269439.00
  3.92	    47980.00	  1506227.00	1056866158.00	        0.19	 12830793.00	   267632.00
  3.93	    45261.00	  1457486.00	1060912026.00	        0.18	 12831603.00	   265704.00
  3.94	    42667.00	  1410098.00	1064804517.00	        0.17	 12832354.00	   263699.00
  3.95	    40234.00	  1363511.00	1068596975.00	        0.16	 12833051.00	   261569.00
  3.96	    37934.00	  1317605.00	1072306381.00	        0.16	 12833701.00	   259378.00
  3.97	    35826.00	  1273096.00	1075855893.00	        0.15	 12834319.00	   257125.00
  3.98	    33910.00	  1229738.00	1079274544.00	        0.14	 12834944.00	   254807.00
  3.99	    31940.00	  1187814.00	1082546541.00	        0.14	 12835492.00	   252374.00
  4.00	    30221.00	  1146551.00	1085725233.00	        0.13	 12836059.00	   249825.00
  4.01	    28558.00	  1106049.00	1088818859.00	        0.13	 12836557.00	   247194.00
  4.02	    26965.00	  1066943.00	1091768546.00	        0.12	 12837051.00	   244541.00
  4.03	    25430.00	  1029197.00	1094575665.00	        0.11	 12837518.00	   241729.00
  4.04	    23878.00	   992282.00	1097295870.00	        0.11	 12837895.00	   238844.00
  4.05	    22560.00	   955938.00	1099932466.00	        0.10	 12838303.00	   235978.00
  4.06	    21205.00	   920933.00	1102435703.00	        0.10	 12838642.00	   232952.00
  4.07	    20042.00	   886936.00	1104823480.00	        0.09	 12839006.00	   229914.00
  4.08	    18860.00	   853808.00	1107125253.00	        0.09	 12839313.00	   226753.00
  4.09	    17740.00	   821380.00	1109350089.00	        0.09	 12839600.00	   223502.00
  4.10	    16693.00	   790271.00	1111431336.00	        0.08	 12839872.00	   220350.00
  4.11	    15779.00	   759725.00	1113445619.00	        0.08	 12840141.00	   216938.00
  4.12	    14908.00	   730432.00	1115334326.00	        0.07	 12840421.00	   213534.00
  4.13	    13991.00	   702122.00	1117127670.00	        0.07	 12840653.00	   210022.00
  4.14	    13206.00	   674896.00	1118789962.00	        0.07	 12840885.00	   206496.00
  4.15	    12406.00	   648502.00	1120373479.00	        0.06	 12841095.00	   202972.00
  4.16	    11680.00	   622925.00	1121864867.00	        0.06	 12841277.00	   199328.00
  4.17	    11089.00	   598066.00	1123274464.00	        0.06	 12841500.00	   195633.00
  4.18	    10457.00	   574034.00	1124603927.00	        0.05	 12841682.00	   192005.00
  4.19	     9865.00	   550658.00	1125866551.00	        0.05	 12841864.00	   188154.00
  4.20	     9301.00	   528301.00	1127027159.00	        0.05	 12842036.00	   184419.00
  4.21	     8775.00	   506626.00	1128111989.00	        0.05	 12842190.00	   180527.00
  4.22	     8288.00	   485904.00	1129095686.00	        0.04	 12842331.00	   176658.00
  4.23	     7853.00	   465513.00	1130041371.00	        0.04	 12842466.00	   172721.00
  4.24	     7387.00	   446000.00	1130905768.00	        0.04	 12842584.00	   168845.00
  4.25	     6941.00	   427349.00	1131681114.00	        0.04	 12842699.00	   165001.00
  4.26	     6547.00	   409405.00	1132379726.00	        0.04	 12842840.00	   161229.00
  4.27	     6157.00	   392074.00	1133013586.00	        0.03	 12842950.00	   157388.00
  4.28	     5777.00	   375275.00	1133593713.00	        0.03	 12843042.00	   153435.00
  4.29	     5461.00	   359047.00	1134113485.00	        0.03	 12843131.00	   149581.00
  4.30	     5135.00	   343426.00	1134564772.00	        0.03	 12843199.00	   145708.00
  4.31	     4843.00	   328544.00	1134944175.00	        0.03	 12843286.00	   141834.00
  4.32	     4586.00	   314003.00	1135290553.00	        0.03	 12843361.00	   138013.00
  4.33	     4334.00	   300111.00	1135567290.00	        0.02	 12843428.00	   134165.00
  4.34	     4090.00	   286821.00	1135789154.00	        0.02	 12843505.00	   130327.00
  4.35	     3841.00	   273978.00	1135962578.00	        0.02	 12843562.00	   126601.00
  4.36	     3616.00	   261676.00	1136077410.00	        0.02	 12843620.00	   122854.00
  4.37	     3396.00	   249813.00	1136147889.00	        0.02	 12843676.00	   119233.00
  4.38	     3199.00	   238356.00	1136178231.00	        0.02	 12843722.00	   115681.00
  4.39	     3023.00	   227437.00	1136151844.00	        0.02	 12843773.00	   112132.00
  4.40	     2891.00	   216946.00	1136081837.00	        0.02	 12843830.00	   108608.00
  4.41	     2710.00	   206973.00	1135963711.00	        0.02	 12843866.00	   105190.00
  4.42	     2553.00	   197478.00	1135795743.00	        0.01	 12843905.00	   101743.00
  4.43	     2415.00	   188324.00	1135590951.00	        0.01	 12843947.00	    98350.00
  4.44	     2301.00	   179455.00	1135357893.00	        0.01	 12843990.00	    95025.00
  4.45	     2184.00	   170949.00	1135087941.00	        0.01	 12844037.00	    91736.00
  4.46	     2064.00	   162845.00	1134776882.00	        0.01	 12844059.00	    88556.00
  4.47	     1956.00	   155075.00	1134433966.00	        0.01	 12844101.00	    85389.00
  4.48	     1847.00	   147593.00	1134060859.00	        0.01	 12844129.00	    82279.00
  4.49	     1751.00	   140430.00	1133656922.00	        0.01	 12844158.00	    79277.00
  4.50	     1667.00	   133534.00	1133225832.00	        0.01	 12844190.00	    76287.00
  4.51	     1556.00	   127092.00	1132749354.00	        0.01	 12844217.00	    73413.00
  4.52	     1466.00	   120945.00	1132242437.00	        0.01	 12844231.00	    70621.00
  4.53	     1395.00	   114877.00	1131726689.00	        0.01	 12844260.00	    67866.00
  4.54	     1340.00	   109082.00	1131184007.00	        0.01	 12844288.00	    65175.00
  4.55	     1273.00	   103644.00	1130604451.00	        0.01	 12844303.00	    62586.00
  4.56	     1204.00	    98454.00	1130002174.00	        0.01	 12844321.00	    60023.00
  4.57	     1147.00	    93629.00	1129362557.00	        0.01	 12844344.00	    57632.00
  4.58	     1098.00	    89059.00	1128696683.00	        0.01	 12844368.00	    55349.00
  4.59	     1054.00	    84573.00	1128027056.00	        0.01	 12844389.00	    53090.00
  4.60	      996.00	    80458.00	1127318836.00	        0.01	 12844396.00	    50951.00
  4.61	      945.00	    76500.00	1126595428.00	        0.01	 12844414.00	    48857.00
  4.62	      908.00	    72636.00	1125864335.00	        0.01	 12844432.00	    46800.00
  4.63	      848.00	    69014.00	1125109212.00	        0.00	 12844450.00	    44797.00
  4.64	      814.00	    65478.00	1124347905.00	        0.00	 12844460.00	    42855.00
  4.65	      778.00	    62031.00	1123575743.00	        0.00	 12844473.00	    40907.00
  4.66	      731.00	    58827.00	1122777684.00	        0.00	 12844487.00	    39082.00
  4.67	      700.00	    55878.00	1121955497.00	        0.00	 12844494.00	    37381.00
  4.68	      667.00	    53063.00	1121121182.00	        0.00	 12844511.00	    35770.00
  4.69	      643.00	    50320.00	1120279090.00	        0.00	 12844523.00	    34152.00
  4.70	      616.00	    47751.00	1119420074.00	        0.00	 12844536.00	    32636.00
  4.71	      587.00	    45277.00	1118553851.00	        0.00	 12844544.00	    31183.00
  4.72	      565.00	    42942.00	1117673510.00	        0.00	 12844562.00	    29725.00
  4.73	      548.00	    40708.00	1116783184.00	        0.00	 12844571.00	    28341.00
  4.74	      518.00	    38561.00	1115886744.00	        0.00	 12844581.00	    26998.00
  4.75	      495.00	    36563.00	1114973504.00	        0.00	 12844589.00	    25775.00
  4.76	      467.00	    34622.00	1114058452.00	        0.00	 12844597.00	    24544.00
  4.77	      438.00	    32798.00	1113132323.00	        0.00	 12844605.00	    23408.00
  4.78	      412.00	    31065.00	1112196980.00	        0.00	 12844613.00	    22279.00
  4.79	      393.00	    29512.00	1111244229.00	        0.00	 12844621.00	    21264.00
  4.80	      372.00	    28019.00	1110287269.00	        0.00	 12844626.00	    20271.00
  4.81	      360.00	    26517.00	1109331883.00	        0.00	 12844635.00	    19268.00
  4.82	      332.00	    25161.00	1108360901.00	        0.00	 12844641.00	    18397.00
  4.83	      313.00	    23837.00	1107387951.00	        0.00	 12844647.00	    17508.00
  4.84	      296.00	    22463.00	1106422107.00	        0.00	 12844654.00	    16579.00
  4.85	      271.00	    21308.00	1105433864.00	        0.00	 12844656.00	    15793.00
  4.86	      255.00	    20141.00	1104449504.00	        0.00	 12844660.00	    14953.00
  4.87	      240.00	    19026.00	1103461324.00	        0.00	 12844663.00	    14154.00
  4.88	      228.00	    18013.00	1102462500.00	        0.00	 12844672.00	    13451.00
  4.89	      216.00	    17011.00	1101463005.00	        0.00	 12844674.00	    12741.00
  4.90	      207.00	    16026.00	1100463850.00	        0.00	 12844680.00	    12039.00
  4.91	      208.00	    15128.00	1099453074.00	        0.00	 12844685.00	    11412.00
  4.92	      191.00	    14356.00	1098434240.00	        0.00	 12844686.00	    10821.00
  4.93	      182.00	    13546.00	1097418576.00	        0.00	 12844686.00	    10247.00
  4.94	      175.00	    12845.00	1096393773.00	        0.00	 12844687.00	     9748.00
  4.95	      168.00	    12160.00	1095366751.00	        0.00	 12844692.00	     9248.00
  4.96	      162.00	    11510.00	1094336206.00	        0.00	 12844695.00	     8769.00
  4.97	      158.00	    10913.00	1093304027.00	        0.00	 12844698.00	     8322.00
  4.98	      147.00	    10328.00	1092271532.00	        0.00	 12844699.00	     7885.00
  4.99	      141.00	     9779.00	1091233037.00	        0.00	 12844702.00	     7469.00
  5.00	      132.00	     9281.00	1090192818.00	        0.00	 12844704.00	     7097.00
  5.01	      132.00	     8771.00	1089154140.00	        0.00	 12844708.00	     6716.00
  5.02	      124.00	     8286.00	1088115612.00	        0.00	 12844711.00	     6371.00
  5.03	      119.00	     7841.00	1087074086.00	        0.00	 12844714.00	     6047.00
  5.04	      117.00	     7418.00	1086031077.00	        0.00	 12844716.00	     5742.00
  5.05	      111.00	     7022.00	1084985334.00	        0.00	 12844717.00	     5440.00
  5.06	      100.00	     6655.00	1083938934.00	        0.00	 12844718.00	     5151.00
  5.07	       96.00	     6281.00	1082894556.00	        0.00	 12844721.00	     4859.00
  5.08	       93.00	     5937.00	1081846919.00	        0.00	 12844726.00	     4592.00
  5.09	       90.00	     5619.00	1080798181.00	        0.00	 12844726.00	     4351.00
  5.10	       87.00	     5303.00	1079749319.00	        0.00	 12844729.00	     4123.00
  5.11	       78.00	     5044.00	1078696230.00	        0.00	 12844731.00	     3920.00
  5.12	       72.00	     4773.00	1077646393.00	        0.00	 12844731.00	     3703.00
  5.13	       70.00	     4499.00	1076598340.00	        0.00	 12844733.00	     3499.00
  5.14	       71.00	     4275.00	1075544789.00	        0.00	 12844735.00	     3321.00
  5.15	       69.00	     4041.00	1074491794.00	        0.00	 12844735.00	     3126.00
  5.16	       68.00	     3822.00	1073439401.00	        0.00	 12844738.00	     2955.00
  5.17	       65.00	     3641.00	1072384759.00	        0.00	 12844739.00	     2800.00
  5.18	       65.00	     3443.00	1071333118.00	        0.00	 12844743.00	     2652.00
  5.19	       63.00	     3275.00	1070278633.00	        0.00	 12844744.00	     2517.00
  5.20	       53.00	     3120.00	1069227269.00	        0.00	 12844745.00	     2392.00
  5.21	       51.00	     2961.00	1068175335.00	        0.00	 12844746.00	     2270.00
  5.22	       49.00	     2799.00	1067124730.00	        0.00	 12844746.00	     2149.00
  5.23	       49.00	     2658.00	1066072581.00	        0.00	 12844746.00	     2044.00
  5.24	       46.00	     2517.00	1065020190.00	        0.00	 12844747.00	     1932.00
  5.25	       45.00	     2393.00	1063967840.00	        0.00	 12844747.00	     1839.00
  5.26	       43.00	     2276.00	1062915524.00	        0.00	 12844747.00	     1750.00
  5.27	       40.00	     2150.00	1061865743.00	        0.00	 12844747.00	     1647.00
  5.28	       40.00	     2025.00	1060816212.00	        0.00	 12844748.00	     1555.00
  5.29	       40.00	     1911.00	1059767264.00	        0.00	 12844748.00	     1462.00
  5.30	       39.00	     1817.00	1058717285.00	        0.00	 12844748.00	     1388.00
  5.31	       38.00	     1707.00	1057669546.00	        0.00	 12844748.00	     1306.00
  5.32	       40.00	     1605.00	1056622003.00	        0.00	 12844751.00	     1230.00
  5.33	       36.00	     1529.00	1055575287.00	        0.00	 12844751.00	     1167.00
  5.34	       36.00	     1452.00	1054528435.00	        0.00	 12844751.00	     1111.00
  5.35	       33.00	     1379.00	1053480949.00	        0.00	 12844751.00	     1058.00
  5.36	       32.00	     1300.00	1052436045.00	        0.00	 12844751.00	     1000.00
  5.37	       32.00	     1231.00	1051392029.00	        0.00	 12844752.00	      948.00
  5.38	       32.00	     1163.00	1050347954.00	        0.00	 12844752.00	      901.00
  5.39	       31.00	     1090.00	1049306070.00	        0.00	 12844752.00	      839.00
  5.40	       34.00	     1031.00	1048261411.00	        0.00	 12844755.00	      797.00
  5.41	       34.00	      972.00	1047220272.00	        0.00	 12844755.00	      760.00
  5.42	       30.00	      917.00	1046178222.00	        0.00	 12844755.00	      715.00
  5.43	       27.00	      873.00	1045139354.00	        0.00	 12844755.00	      681.00
  5.44	       27.00	      835.00	1044098037.00	        0.00	 12844755.00	      648.00
  5.45	       27.00	      788.00	1043059859.00	        0.00	 12844756.00	      611.00
  5.46	       27.00	      742.00	1042023288.00	        0.00	 12844756.00	      580.00
  5.47	       27.00	      709.00	1040983761.00	        0.00	 12844756.00	      554.00
  5.48	       28.00	      655.00	1039946958.00	        0.00	 12844757.00	      512.00
  5.49	       25.00	      609.00	1038912523.00	        0.00	 12844757.00	      473.00
  5.50	       24.00	      580.00	1037875361.00	        0.00	 12844757.00	      454.00
  5.51	       25.00	      551.00	1036839933.00	        0.00	 12844759.00	      434.00
  5.52	       24.00	      524.00	1035806366.00	        0.00	 12844759.00	      411.00
  5.53	       23.00	      502.00	1034773265.00	        0.00	 12844759.00	      392.00
  5.54	       23.00	      476.00	1033740311.00	        0.00	 12844759.00	      372.00
  5.55	       23.00	      446.00	1032709923.00	        0.00	 12844759.00	      345.00
  5.56	       24.00	      421.00	1031679816.00	        0.00	 12844760.00	      327.00
  5.57	       25.00	      393.00	1030651794.00	        0.00	 12844761.00	      306.00
  5.58	       25.00	      376.00	1029622677.00	        0.00	 12844762.00	      291.00
  5.59	       23.00	      366.00	1028595536.00	        0.00	 12844762.00	      283.00
  5.60	       21.00	      346.00	1027570798.00	        0.00	 12844762.00	      267.00
  5.61	       20.00	      324.00	1026545358.00	        0.00	 12844762.00	      251.00
  5.62	       19.00	      302.00	1025520709.00	        0.00	 12844762.00	      234.00
  5.63	       19.00	      282.00	1024498064.00	        0.00	 12844762.00	      219.00
  5.64	       17.00	      267.00	1023477230.00	        0.00	 12844762.00	      206.00
  5.65	       16.00	      261.00	1022454227.00	        0.00	 12844762.00	      203.00
  5.66	       16.00	      249.00	1021433441.00	        0.00	 12844763.00	      192.00
  5.67	       15.00	      237.00	1020414730.00	        0.00	 12844763.00	      187.00
  5.68	       15.00	      224.00	1019395340.00	        0.00	 12844763.00	      178.00
  5.69	       14.00	      214.00	1018376916.00	        0.00	 12844763.00	      170.00
  5.70	       13.00	      208.00	1017358390.00	        0.00	 12844763.00	      166.00
  5.71	       12.00	      199.00	1016342897.00	        0.00	 12844763.00	      158.00
  5.72	       13.00	      190.00	1015328199.00	        0.00	 12844764.00	      152.00
  5.73	       13.00	      179.00	1014316321.00	        0.00	 12844764.00	      143.00
  5.74	       12.00	      171.00	1013301335.00	        0.00	 12844764.00	      134.00
  5.75	       11.00	      163.00	1012288727.00	        0.00	 12844764.00	      129.00
  5.76	       11.00	      158.00	1011277105.00	        0.00	 12844765.00	      123.00
  5.77	       11.00	      147.00	1010269119.00	        0.00	 12844765.00	      116.00
  5.78	       12.00	      138.00	1009258634.00	        0.00	 12844766.00	      108.00
  5.79	       12.00	      129.00	1008252403.00	        0.00	 12844766.00	      101.00
  5.80	       12.00	      126.00	1007245277.00	        0.00	 12844766.00	       99.00
  5.81	        9.00	      123.00	1006238989.00	        0.00	 12844766.00	       97.00
  5.82	        9.00	      121.00	1005232928.00	        0.00	 12844766.00	       95.00
  5.83	        8.00	      117.00	1004228807.00	        0.00	 12844766.00	       91.00
  5.84	        8.00	      112.00	1003224970.00	        0.00	 12844766.00	       88.00
  5.85	        8.00	      108.00	1002223057.00	        0.00	 12844766.00	       85.00
  5.86	        8.00	      106.00	1001221332.00	        0.00	 12844766.00	       84.00
  5.87	        9.00	      101.00	1000221562.00	        0.00	 12844767.00	       79.00
  5.88	        8.00	       94.00	999222216.00	        0.00	 12844767.00	       72.00
  5.89	        8.00	       93.00	998223437.00	        0.00	 12844767.00	       71.00
  5.90	        9.00	       89.00	997223233.00	        0.00	 12844768.00	       68.00
  5.91	        7.00	       85.00	996227221.00	        0.00	 12844768.00	       63.00
  5.92	        8.00	       80.00	995230397.00	        0.00	 12844769.00	       61.00
  5.93	        8.00	       78.00	994237049.00	        0.00	 12844769.00	       60.00
  5.94	        8.00	       76.00	993243588.00	        0.00	 12844769.00	       58.00
  5.95	        8.00	       74.00	992249057.00	        0.00	 12844769.00	       55.00
  5.96	        8.00	       70.00	991257297.00	        0.00	 12844769.00	       53.00
  5.97	        9.00	       68.00	990265582.00	        0.00	 12844772.00	       51.00
  5.98	        9.00	       65.00	989276858.00	        0.00	 12844772.00	       51.00
  5.99	       10.00	       62.00	988290411.00	        0.00	 12844773.00	       49.00
  6.00	       10.00	       62.00	987303567.00	        0.00	 12844773.00	       49.00
  6.01	       10.00	       61.00	986316434.00	        0.00	 12844773.00	       49.00
  6.02	       10.00	       59.00	985331185.00	        0.00	 12844773.00	       47.00
  6.03	        9.00	       60.00	984345908.00	        0.00	 12844773.00	       47.00
  6.04	        9.00	       58.00	983362493.00	        0.00	 12844773.00	       45.00
  6.05	        9.00	       55.00	982380258.00	        0.00	 12844773.00	       42.00
  6.06	        9.00	       52.00	981399321.00	        0.00	 12844773.00	       40.00
  6.07	        9.00	       49.00	980419190.00	        0.00	 12844773.00	       38.00
  6.08	       10.00	       48.00	979438738.00	        0.00	 12844774.00	       37.00
  6.09	       10.00	       47.00	978460219.00	        0.00	 12844774.00	       36.00
  6.10	       10.00	       44.00	977484208.00	        0.00	 12844774.00	       34.00
  6.11	       10.00	       44.00	976507048.00	        0.00	 12844776.00	       33.00
  6.12	       10.00	       42.00	975530266.00	        0.00	 12844776.00	       31.00
  6.13	       11.00	       42.00	974553867.00	        0.00	 12844778.00	       31.00
  6.14	       11.00	       39.00	973579874.00	        0.00	 12844778.00	       28.00
  6.15	       11.00	       40.00	972607096.00	        0.00	 12844780.00	       27.00
  6.16	       11.00	       40.00	971634699.00	        0.00	 12844780.00	       27.00
  6.17	       11.00	       41.00	970662629.00	        0.00	 12844780.00	       27.00
  6.18	       11.00	       41.00	969694796.00	        0.00	 12844780.00	       27.00
  6.19	       11.00	       41.00	968725671.00	        0.00	 12844780.00	       27.00
  6.20	       11.00	       41.00	967756678.00	        0.00	 12844780.00	       26.00
  6.21	        9.00	       41.00	966788581.00	        0.00	 12844780.00	       25.00
  6.22	        7.00	       43.00	965821132.00	        0.00	 12844780.00	       25.00
  6.23	        7.00	       42.00	964856576.00	        0.00	 12844780.00	       25.00
  6.24	        7.00	       41.00	963892840.00	        0.00	 12844780.00	       24.00
  6.25	        6.00	       42.00	962928682.00	        0.00	 12844780.00	       24.00
  6.26	        6.00	       42.00	961965355.00	        0.00	 12844780.00	       24.00
  6.27	        4.00	       44.00	961004620.00	        0.00	 12844780.00	       24.00
  6.28	        3.00	       44.00	960043388.00	        0.00	 12844780.00	       24.00
  6.29	        3.00	       43.00	959083938.00	        0.00	 12844780.00	       24.00
  6.30	        3.00	       42.00	958124686.00	        0.00	 12844780.00	       24.00
  6.31	        3.00	       41.00	957167656.00	        0.00	 12844780.00	       23.00
  6.32	        3.00	       39.00	956211270.00	        0.00	 12844780.00	       22.00
  6.33	        3.00	       38.00	955255386.00	        0.00	 12844780.00	       21.00
  6.34	        3.00	       38.00	954300542.00	        0.00	 12844780.00	       21.00
  6.35	        3.00	       35.00	953345410.00	        0.00	 12844780.00	       18.00
  6.36	        3.00	       35.00	952391502.00	        0.00	 12844781.00	       18.00
  6.37	        3.00	       33.00	951440072.00	        0.00	 12844781.00	       16.00
  6.38	        3.00	       31.00	950490688.00	        0.00	 12844781.00	       14.00
  6.39	        3.00	       30.00	949540454.00	        0.00	 12844781.00	       14.00
  6.40	        3.00	       28.00	948590935.00	        0.00	 12844781.00	       13.00
  6.41	        3.00	       28.00	947643054.00	        0.00	 12844781.00	       13.00
  6.42	        3.00	       27.00	946697148.00	        0.00	 12844781.00	       13.00
  6.43	        2.00	       26.00	945751974.00	        0.00	 12844781.00	       12.00
  6.44	        2.00	       26.00	944806994.00	        0.00	 12844781.00	       12.00
  6.45	        2.00	       25.00	943862661.00	        0.00	 12844781.00	       11.00
  6.46	        2.00	       24.00	942920808.00	        0.00	 12844781.00	       10.00
  6.47	        2.00	       24.00	941977984.00	        0.00	 12844781.00	       10.00
  6.48	        3.00	       21.00	941036681.00	        0.00	 12844782.00	        7.00
  6.49	        3.00	       21.00	940095566.00	        0.00	 12844782.00	        7.00
  6.50	        3.00	       21.00	939157050.00	        0.00	 12844782.00	        7.00
  6.51	        3.00	       21.00	938216275.00	        0.00	 12844782.00	        7.00
  6.52	        3.00	       21.00	937278725.00	        0.00	 12844782.00	        7.00
  6.53	        3.00	       21.00	936341243.00	        0.00	 12844782.00	        7.00
  6.54	        3.00	       20.00	935404344.00	        0.00	 12844782.00	        7.00
  6.55	        3.00	       20.00	934469392.00	        0.00	 12844782.00	        7.00
  6.56	        3.00	       20.00	933534910.00	        0.00	 12844782.00	        7.00
  6.57	        3.00	       20.00	932601045.00	        0.00	 12844782.00	        7.00
  6.58	        3.00	       19.00	931668467.00	        0.00	 12844782.00	        6.00
  6.59	        3.00	       17.00	930735393.00	        0.00	 12844782.00	        6.00
  6.60	        3.00	       17.00	929804126.00	        0.00	 12844782.00	        6.00
  6.61	        4.00	       17.00	928875224.00	        0.00	 12844783.00	        6.00
  6.62	        4.00	       17.00	927944896.00	        0.00	 12844783.00	        6.00
  6.63	        4.00	       16.00	927018287.00	        0.00	 12844783.00	        6.00
  6.64	        4.00	       15.00	926091825.00	        0.00	 12844783.00	        5.00
  6.65	        4.00	       15.00	925165276.00	        0.00	 12844783.00	        5.00
  6.66	        4.00	       15.00	924240585.00	        0.00	 12844783.00	        5.00
  6.67	        4.00	       15.00	923316510.00	        0.00	 12844783.00	        5.00
  6.68	        3.00	       16.00	922394238.00	        0.00	 12844783.00	        5.00
  6.69	        3.00	       16.00	921472372.00	        0.00	 12844783.00	        5.00
  6.70	        3.00	       14.00	920551819.00	        0.00	 12844783.00	        5.00
  6.71	        3.00	       14.00	919631165.00	        0.00	 12844783.00	        5.00
  6.72	        4.00	       13.00	918712184.00	        0.00	 12844784.00	        5.00
  6.73	        4.00	       13.00	917793820.00	        0.00	 12844784.00	        5.00
  6.74	        4.00	       13.00	916877983.00	        0.00	 12844784.00	        5.00
  6.75	        4.00	       13.00	915961697.00	        0.00	 12844784.00	        5.00
  6.76	        4.00	       13.00	915045915.00	        0.00	 12844784.00	        5.00
  6.77	        4.00	       13.00	914130782.00	        0.00	 12844784.00	        5.00
  6.78	        4.00	       13.00	913218333.00	        0.00	 12844784.00	        5.00
  6.79	        4.00	       11.00	912307428.00	        0.00	 12844784.00	        5.00
  6.80	        4.00	        9.00	911394643.00	        0.00	 12844784.00	        5.00
  6.81	        4.00	        7.00	910482766.00	        0.00	 12844784.00	        5.00
  6.82	        4.00	        7.00	909571332.00	        0.00	 12844784.00	        5.00
  6.83	        4.00	        7.00	908662597.00	        0.00	 12844784.00	        5.00
  6.84	        4.00	        6.00	907754772.00	        0.00	 12844784.00	        5.00
  6.85	        4.00	        6.00	906846991.00	        0.00	 12844784.00	        5.00
  6.86	        4.00	        6.00	905942372.00	        0.00	 12844784.00	        5.00
  6.87	        4.00	        6.00	905037499.00	        0.00	 12844784.00	        5.00
  6.88	        4.00	        6.00	904133610.00	        0.00	 12844784.00	        5.00
  6.89	        4.00	        6.00	903229477.00	        0.00	 12844784.00	        5.00
  6.90	        4.00	        6.00	902327273.00	        0.00	 12844784.00	        5.00
  6.91	        4.00	        4.00	901426422.00	        0.00	 12844784.00	        4.00
  6.92	        4.00	        4.00	900524636.00	        0.00	 12844784.00	        4.00
  6.93	        4.00	        3.00	899624304.00	        0.00	 12844784.00	        4.00
  6.94	        4.00	        3.00	898725479.00	        0.00	 12844784.00	        4.00
  6.95	        4.00	        3.00	897826166.00	        0.00	 12844784.00	        4.00
  6.96	        4.00	        3.00	896929624.00	        0.00	 12844784.00	        4.00
  6.97	        4.00	        3.00	896034497.00	        0.00	 12844784.00	        4.00
  6.98	        4.00	        3.00	895140361.00	        0.00	 12844784.00	        4.00
  6.99	        4.00	        3.00	894244725.00	        0.00	 12844784.00	        4.00
  7.00	        4.00	        3.00	893351273.00	        0.00	 12844784.00	        4.00
  7.01	        5.00	        2.00	892457132.00	        0.00	 12844785.00	        4.00
  7.02	        5.00	        2.00	891565500.00	        0.00	 12844785.00	        4.00
  7.03	        5.00	        2.00	890674720.00	        0.00	 12844785.00	        4.00
  7.04	        5.00	        2.00	889782348.00	        0.00	 12844785.00	        4.00
  7.05	        5.00	        2.00	888892455.00	        0.00	 12844785.00	        4.00
  7.06	        5.00	        2.00	888002037.00	        0.00	 12844785.00	        4.00
  7.07	        5.00	        2.00	887116642.00	        0.00	 12844785.00	        4.00
  7.08	        5.00	        2.00	886229280.00	        0.00	 12844785.00	        4.00
  7.09	        5.00	        2.00	885343453.00	        0.00	 12844785.00	        4.00
  7.10	        7.00	        2.00	884458171.00	        0.00	 12844787.00	        4.00
  7.11	        7.00	        2.00	883572771.00	        0.00	 12844787.00	        4.00
  7.12	        7.00	        2.00	882690265.00	        0.00	 12844787.00	        4.00
  7.13	        6.00	        3.00	881807912.00	        0.00	 12844787.00	        4.00
  7.14	        6.00	        3.00	880924932.00	        0.00	 12844787.00	        4.00
  7.15	        6.00	        3.00	880044426.00	        0.00	 12844787.00	        4.00
  7.16	        4.00	        5.00	879165560.00	        0.00	 12844787.00	        4.00
  7.17	        5.00	        5.00	878285621.00	        0.00	 12844788.00	        4.00
  7.18	        5.00	        5.00	877405660.00	        0.00	 12844788.00	        4.00
  7.19	        3.00	        7.00	876529209.00	        0.00	 12844788.00	        4.00
  7.20	        3.00	        7.00	875652961.00	        0.00	 12844788.00	        4.00
  7.21	        2.00	        8.00	874777462.00	        0.00	 12844788.00	        4.00
  7.22	        1.00	        9.00	873901468.00	        0.00	 12844788.00	        4.00
  7.23	        1.00	        9.00	873027314.00	        0.00	 12844788.00	        4.00
  7.24	        1.00	        9.00	872154914.00	        0.00	 12844788.00	        4.00
  7.25	        1.00	        8.00	871283564.00	        0.00	 12844788.00	        4.00
  7.26	        1.00	        8.00	870415192.00	        0.00	 12844788.00	        4.00
  7.27	        1.00	        8.00	869545206.00	        0.00	 12844788.00	        4.00
  7.28	        1.00	        8.00	868677982.00	        0.00	 12844788.00	        4.00
  7.29	        1.00	        8.00	867808693.00	        0.00	 12844788.00	        4.00
  7.30	        1.00	        8.00	866941078.00	        0.00	 12844788.00	        4.00
  7.31	        1.00	        8.00	866075748.00	        0.00	 12844788.00	        4.00
  7.32	        1.00	        8.00	865209170.00	        0.00	 12844788.00	        4.00
  7.33	        1.00	        8.00	864344950.00	        0.00	 12844788.00	        4.00
  7.34	        1.00	        8.00	863478629.00	        0.00	 12844788.00	        4.00
  7.35	        1.00	        8.00	862615763.00	        0.00	 12844788.00	        4.00
  7.36	        1.00	        8.00	861753277.00	        0.00	 12844788.00	        4.00
  7.37	        1.00	        8.00	860891968.00	        0.00	 12844788.00	        4.00
  7.38	        1.00	        8.00	860031475.00	        0.00	 12844788.00	        4.00
  7.39	        1.00	        8.00	859173143.00	        0.00	 12844788.00	        4.00
  7.40	        1.00	        8.00	858315000.00	        0.00	 12844788.00	        4.00
  7.41	        1.00	        8.00	857457536.00	        0.00	 12844788.00	        4.00
  7.42	        1.00	        8.00	856599186.00	        0.00	 12844788.00	        4.00
  7.43	        0.00	        9.00	855742506.00	        0.00	 12844788.00	        4.00
  7.44	        0.00	        8.00	854887329.00	        0.00	 12844788.00	        3.00
  7.45	        0.00	        8.00	854033279.00	        0.00	 12844788.00	        3.00
  7.46	        0.00	        8.00	853178578.00	        0.00	 12844788.00	        3.00
  7.47	        0.00	        8.00	852325564.00	        0.00	 12844788.00	        3.00
  7.48	        0.00	        8.00	851475170.00	        0.00	 12844788.00	        3.00
  7.49	        0.00	        8.00	850625873.00	        0.00	 12844788.00	        3.00
  7.50	        0.00	        8.00	849776687.00	        0.00	 12844788.00	        3.00
  7.51	        0.00	        8.00	848928720.00	        0.00	 12844788.00	        3.00
  7.52	        0.00	        8.00	848079672.00	        0.00	 12844788.00	        3.00
  7.53	        0.00	        8.00	847232758.00	        0.00	 12844788.00	        3.00
  7.54	        0.00	        7.00	846385900.00	        0.00	 12844788.00	        3.00
  7.55	        0.00	        7.00	845539852.00	        0.00	 12844788.00	        3.00
  7.56	        0.00	        7.00	844693859.00	        0.00	 12844788.00	        3.00
  7.57	        0.00	        6.00	843847163.00	        0.00	 12844788.00	        3.00
  7.58	        0.00	        6.00	843005077.00	        0.00	 12844788.00	        3.00
  7.59	        0.00	        6.00	842162475.00	        0.00	 12844788.00	        3.00
  7.60	        0.00	        6.00	841320589.00	        0.00	 12844788.00	        3.00
  7.61	        0.00	        6.00	840480706.00	        0.00	 12844788.00	        3.00
  7.62	        0.00	        4.00	839642721.00	        0.00	 12844788.00	        3.00
  7.63	        0.00	        4.00	838802373.00	        0.00	 12844788.00	        3.00
  7.64	        0.00	        4.00	837965473.00	        0.00	 12844788.00	        3.00
  7.65	        0.00	        3.00	837127838.00	        0.00	 12844788.00	        3.00
  7.66	        0.00	        3.00	836292087.00	        0.00	 12844788.00	        3.00
  7.67	        0.00	        3.00	835455371.00	        0.00	 12844788.00	        3.00
  7.68	        0.00	        3.00	834621457.00	        0.00	 12844788.00	        3.00
  7.69	        0.00	        3.00	833788941.00	        0.00	 12844788.00	        3.00
  7.70	        0.00	        3.00	832955720.00	        0.00	 12844788.00	        3.00
  7.71	        0.00	        3.00	832122490.00	        0.00	 12844788.00	        3.00
  7.72	        0.00	        3.00	831290702.00	        0.00	 12844788.00	        3.00
  7.73	        0.00	        3.00	830458951.00	        0.00	 12844788.00	        3.00
  7.74	        0.00	        3.00	829629680.00	        0.00	 12844788.00	        3.00
  7.75	        0.00	        3.00	828800002.00	        0.00	 12844788.00	        3.00
  7.76	        0.00	        3.00	827970758.00	        0.00	 12844788.00	        3.00
  7.77	        0.00	        3.00	827143486.00	        0.00	 12844788.00	        3.00
  7.78	        0.00	        3.00	826317671.00	        0.00	 12844788.00	        3.00
  7.79	        0.00	        3.00	825492987.00	        0.00	 12844788.00	        3.00
  7.80	        0.00	        3.00	824668077.00	        0.00	 12844788.00	        3.00
  7.81	        0.00	        2.00	823845556.00	        0.00	 12844788.00	        2.00
  7.82	        0.00	        2.00	823020907.00	        0.00	 12844788.00	        2.00
  7.83	        0.00	        2.00	822196231.00	        0.00	 12844788.00	        2.00
  7.84	        0.00	        2.00	821374127.00	        0.00	 12844788.00	        2.00
  7.85	        0.00	        1.00	820554056.00	        0.00	 12844788.00	        1.00
  7.86	        0.00	        1.00	819734394.00	        0.00	 12844788.00	        1.00
  7.87	        0.00	        1.00	818916002.00	        0.00	 12844788.00	        1.00
  7.88	        0.00	        1.00	818096963.00	        0.00	 12844788.00	        1.00
  7.89	        0.00	        1.00	817279741.00	        0.00	 12844788.00	        1.00
  7.90	        0.00	        1.00	816463643.00	        0.00	 12844788.00	        1.00
  7.91	        0.00	        1.00	815647726.00	        0.00	 12844788.00	        1.00
  7.92	        0.00	        1.00	814833697.00	        0.00	 12844788.00	        1.00
  7.93	        0.00	        1.00	814019838.00	        0.00	 12844788.00	        1.00
  7.94	        0.00	        1.00	813204961.00	        0.00	 12844788.00	        1.00
  7.95	        0.00	        1.00	812392934.00	        0.00	 12844788.00	        1.00
  7.96	        0.00	        1.00	811580880.00	        0.00	 12844788.00	        1.00
  7.97	        0.00	        1.00	810770440.00	        0.00	 12844788.00	        1.00
  7.98	        0.00	        1.00	809961347.00	        0.00	 12844788.00	        1.00
  7.99	        0.00	        1.00	809151820.00	        0.00	 12844788.00	        1.00
  8.00	        0.00	        1.00	808342060.00	        0.00	 12844788.00	        1.00
  8.01	        0.00	        1.00	807533840.00	        0.00	 12844788.00	        1.00
  8.02	        0.00	        1.00	806727170.00	        0.00	 12844788.00	        1.00
  8.03	        0.00	        1.00	805921694.00	        0.00	 12844788.00	        1.00
  8.04	        0.00	        1.00	805116891.00	        0.00	 12844788.00	        1.00
  8.05	        0.00	        1.00	804313995.00	        0.00	 12844788.00	        1.00
  8.06	        0.00	        1.00	803506984.00	        0.00	 12844788.00	        1.00
  8.07	        0.00	        1.00	802704335.00	        0.00	 12844788.00	        1.00
  8.08	        0.00	        1.00	801901780.00	        0.00	 12844788.00	        1.00
  8.09	        0.00	        0.00	801098016.00	        0.00	 12844788.00	        0.00
