Datatype: PopulationSize
  0.00	        1.00	        0.00	        0.00	        1.00	        0.00	        1.00
  0.01	        1.00	        0.00	        0.00	        1.00	        0.00	        1.00
  0.02	        1.00	        0.00	        0.00	        1.00	        0.00	        1.00
  0.03	        1.00	        0.00	        0.00	        1.00	        0.00	        1.00
  0.04	        1.00	        0.00	        0.00	        1.00	        0.00	        1.00
  0.05	        1.00	        0.00	        0.00	        1.00	        0.00	        1.00
  0.06	        1.00	        0.00	        0.00	        1.00	        0.00	        1.00
  0.07	        1.00	        0.00	        0.00	        1.00	        0.00	        1.00
  0.08	        1.00	        0.00	        0.00	        1.00	        0.00	        1.00
  0.09	        1.00	        0.00	        0.00	        1.00	        0.00	        1.00
  0.10	        1.00	        0.00	        0.00	        1.00	        0.00	        1.00
  0.11	        1.00	        0.00	        0.00	        1.00	        0.00	        1.00
  0.12	        1.00	        0.00	        0.00	        1.00	        0.00	        1.00
  0.13	        1.00	        0.00	        0.00	        1.00	        0.00	        1.00
  0.14	        1.00	        0.00	        0.00	        1.00	        0.00	        1.00
  0.15	        1.00	        0.00	        0.00	        1.00	        0.00	        1.00
  0.16	        1.00	        0.00	        0.00	        1.00	        0.00	        1.00
  0.17	        1.00	        0.00	        0.00	        1.00	        0.00	        1.00
  0.18	        1.00	        0.00	        0.00	        1.00	        0.00	        1.00
  0.19	        1.00	        0.00	        0.00	        1.00	        0.00	        1.00
  0.20	        1.00	        0.00	        0.00	        1.00	        0.00	        1.00
  0.21	        1.00	        0.00	        0.00	        1.00	        0.00	        1.00
  0.22	        1.00	        0.00	        0.00	        1.00	        0.00	        1.00
  0.23	        1.00	        0.00	        0.00	        1.00	        0.00	        1.00
  0.24	        1.00	        0.00	        0.00	        1.00	        0.00	        1.00
  0.25	        1.00	        0.00	        0.00	        1.00	        0.00	        1.00
  0.26	        1.00	        0.00	        0.00	        1.00	        0.00	        1.00
  0.27	        1.00	        0.00	        0.00	        1.00	        0.00	        1.00
  0.28	        2.00	        0.00	        0.00	        1.00	        1.00	        1.00
  0.29	        2.00	        0.00	        0.00	        1.00	        1.00	        1.00
  0.30	        2.00	        0.00	        0.00	        1.00	        1.00	        1.00
  0.31	        2.00	        0.00	        0.00	        1.00	        1.00	        1.00
  0.32	        2.00	        0.00	        0.00	        1.00	        1.00	        1.00
  0.33	        2.00	        0.00	        0.00	        1.00	        1.00	        1.00
  0.34	        2.00	        0.00	        0.00	        1.00	        1.00	        1.00
  0.35	        2.00	        0.00	        0.00	        1.00	        1.00	        1.00
  0.36	        2.00	        0.00	        0.00	        1.00	        1.00	        1.00
  0.37	        2.00	        0.00	        0.00	        1.00	        1.00	        1.00
  0.38	        2.00	        0.00	        0.00	        1.00	        1.00	        1.00
  0.39	        2.00	        0.00	        0.00	        1.00	        1.00	        1.00
  0.40	        2.00	        0.00	        0.00	        1.00	        1.00	        1.00
  0.41	        2.00	        0.00	        0.00	        1.00	        1.00	        1.00
  0.42	        2.00	        0.00	        0.00	        1.00	        1.00	        1.00
  0.43	        2.00	        0.00	        0.00	        1.00	        1.00	        1.00
  0.44	        2.00	        0.00	        0.00	        1.00	        1.00	        1.00
  0.45	        2.00	        0.00	        0.00	        1.00	        1.00	        1.00
  0.46	        2.00	        0.00	        0.00	        1.00	        1.00	        1.00
  0.47	        2.00	        0.00	        0.00	        1.00	        1.00	        1.00
  0.48	        2.00	        0.00	        0.00	        1.00	        1.00	        1.00
  0.49	        2.00	        0.00	        0.00	        1.00	        1.00	        1.00
  0.50	        2.00	        0.00	        0.00	        1.00	        1.00	        1.00
  0.51	        2.00	        0.00	        0.00	        1.00	        1.00	        1.00
  0.52	        2.00	        0.00	        0.00	        1.00	        1.00	        1.00
  0.53	        2.00	        0.00	        0.00	        1.00	        1.00	        1.00
  0.54	        2.00	        0.00	        0.00	        1.00	        1.00	        1.00
  0.55	        2.00	        0.00	        0.00	        1.00	        1.00	        1.00
  0.56	        3.00	        0.00	        0.00	        1.00	        2.00	        1.00
  0.57	        3.00	        0.00	        0.00	        1.00	        2.00	        1.00
  0.58	        3.00	        0.00	        0.00	        1.00	        2.00	        1.00
  0.59	        3.00	        0.00	        0.00	        1.00	        2.00	        1.00
  0.60	        3.00	        0.00	        0.00	        1.00	        2.00	        1.00
  0.61	        3.00	        0.00	        0.00	        1.00	        2.00	        1.00
  0.62	        3.00	        0.00	        0.00	        1.00	        2.00	        1.00
  0.63	        3.00	        0.00	        0.00	        1.00	        2.00	        1.00
  0.64	        3.00	        0.00	        0.00	        1.00	        2.00	        1.00
  0.65	        3.00	        0.00	        0.00	        1.00	        2.00	        1.00
  0.66	        3.00	        0.00	        0.00	        1.00	        2.00	        1.00
  0.67	        3.00	        0.00	        0.00	        1.00	        2.00	        1.00
  0.68	        3.00	        0.00	        0.00	        1.00	        2.00	        1.00
  0.69	        3.00	        0.00	        0.00	        1.00	        2.00	        1.00
  0.70	        3.00	        0.00	        0.00	        1.00	        2.00	        1.00
  0.71	        3.00	        0.00	        0.00	        1.00	        2.00	        1.00
  0.72	        3.00	        0.00	        0.00	        1.00	        2.00	        1.00
  0.73	        3.00	        0.00	        0.00	        1.00	        2.00	        1.00
  0.74	        3.00	        0.00	        0.00	        1.00	        2.00	        1.00
  0.75	        3.00	        0.00	        0.00	        1.00	        2.00	        1.00
  0.76	        3.00	        0.00	        0.00	        1.00	        2.00	        1.00
  0.77	        3.00	        0.00	        0.00	        1.00	        2.00	        1.00
  0.78	        3.00	        0.00	        0.00	        1.00	        2.00	        1.00
  0.79	        3.00	        0.00	        0.00	        1.00	        2.00	        1.00
  0.80	        3.00	        0.00	        0.00	        1.00	        2.00	        1.00
  0.81	        3.00	        0.00	        0.00	        1.00	        2.00	        1.00
  0.82	        3.00	        0.00	        0.00	        1.00	        2.00	        1.00
  0.83	        3.00	        0.00	        0.00	        1.00	        2.00	        1.00
  0.84	        4.00	        0.00	        0.00	        1.00	        3.00	        1.00
  0.85	        4.00	        0.00	        0.00	        1.00	        3.00	        1.00
  0.86	        4.00	        0.00	        0.00	        1.00	        3.00	        1.00
  0.87	        4.00	        0.00	        0.00	        1.00	        3.00	        1.00
  0.88	        4.00	        0.00	        0.00	        1.00	        3.00	        1.00
  0.89	        4.00	        0.00	        0.00	        1.00	        3.00	        1.00
  0.90	        4.00	        0.00	        0.00	        1.00	        3.00	        1.00
  0.91	        4.00	        0.00	        0.00	        1.00	        3.00	        1.00
  0.92	        4.00	        0.00	        0.00	        1.00	        3.00	        1.00
  0.93	        4.00	        0.00	        0.00	        1.00	        3.00	        1.00
  0.94	        4.00	        0.00	        0.00	        1.00	        3.00	        1.00
  0.95	        4.00	        0.00	        0.00	        1.00	        3.00	        1.00
  0.96	        4.00	        0.00	        0.00	        1.00	        3.00	        1.00
  0.97	        4.00	        0.00	        0.00	        1.00	        3.00	        1.00
  0.98	        4.00	        0.00	        0.00	        1.00	        3.00	        1.00
  0.99	        4.00	        0.00	        0.00	        1.00	        3.00	        1.00
  1.00	        4.00	        0.00	        0.00	        1.00	        3.00	        1.00
  1.01	        4.00	        0.00	        0.00	        1.00	        3.00	        1.00
  1.02	        4.00	        0.00	        0.00	        1.00	        3.00	        1.00
  1.03	        4.00	        0.00	        0.00	        1.00	        3.00	        1.00
  1.04	        4.00	        0.00	        0.00	        1.00	        3.00	        1.00
  1.05	        4.00	        0.00	        0.00	        1.00	        3.00	        1.00
  1.06	        4.00	        0.00	        0.00	        1.00	        3.00	        1.00
  1.07	        4.00	        0.00	        0.00	        1.00	        3.00	        1.00
  1.08	        4.00	        0.00	        0.00	        1.00	        3.00	        1.00
  1.09	        4.00	        0.00	        0.00	        1.00	        3.00	        1.00
  1.10	        4.00	        0.00	        0.00	        1.00	        3.00	        1.00
  1.11	        4.00	        0.00	        0.00	        1.00	        3.00	        1.00
  1.12	        4.00	        0.00	        0.00	        1.00	        3.00	        1.00
  1.13	        4.00	        0.00	        0.00	        1.00	        3.00	        1.00
  1.14	        5.00	        0.00	        0.00	        1.00	        4.00	        1.00
  1.15	        6.00	        0.00	        0.00	        1.00	        5.00	        1.00
  1.16	        6.00	        0.00	        0.00	        1.00	        5.00	        1.00
  1.17	        6.00	        0.00	        0.00	        1.00	        5.00	        1.00
  1.18	        6.00	        0.00	        0.00	        1.00	        5.00	        1.00
  1.19	        6.00	        0.00	        0.00	        1.00	        5.00	        1.00
  1.20	        6.00	        0.00	        0.00	        1.00	        5.00	        1.00
  1.21	        6.00	        0.00	        0.00	        1.00	        5.00	        1.00
  1.22	        6.00	        0.00	        0.00	        1.00	        5.00	        1.00
  1.23	        6.00	        0.00	        0.00	        1.00	        5.00	        1.00
  1.24	        6.00	        0.00	        0.00	        1.00	        5.00	        1.00
  1.25	        6.00	        0.00	        0.00	        1.00	        5.00	        1.00
  1.26	        6.00	        0.00	        0.00	        1.00	        5.00	        1.00
  1.27	        6.00	        0.00	        0.00	        1.00	        5.00	        1.00
  1.28	        6.00	        0.00	        0.00	        1.00	        5.00	        1.00
  1.29	        6.00	        0.00	        0.00	        1.00	        5.00	        1.00
  1.30	        6.00	        0.00	        0.00	        1.00	        5.00	        1.00
  1.31	        6.00	        0.00	        0.00	        1.00	        5.00	        1.00
  1.32	        6.00	        0.00	        0.00	        1.00	        5.00	        1.00
  1.33	        6.00	        0.00	        0.00	        1.00	        5.00	        1.00
  1.34	        6.00	        0.00	        0.00	        1.00	        5.00	        1.00
  1.35	        6.00	        0.00	        0.00	        1.00	        5.00	        1.00
  1.36	        6.00	        0.00	        0.00	        1.00	        5.00	        1.00
  1.37	        6.00	        0.00	        0.00	        1.00	        5.00	        1.00
  1.38	        6.00	        0.00	        0.00	        1.00	        5.00	        1.00
  1.39	        6.00	        0.00	        0.00	        1.00	        5.00	        1.00
  1.40	        6.00	        0.00	        0.00	        1.00	        5.00	        1.00
  1.41	        6.00	        0.00	        0.00	        1.00	        5.00	        1.00
  1.42	        6.00	        0.00	        0.00	        1.00	        5.00	        1.00
  1.43	        7.00	        0.00	        0.00	        1.00	        6.00	        1.00
  1.44	        7.00	        0.00	        0.00	        1.00	        6.00	        1.00
  1.45	        7.00	        0.00	        0.00	        1.00	        6.00	        1.00
  1.46	        7.00	        0.00	        0.00	        1.00	        6.00	        1.00
  1.47	        7.00	        0.00	        0.00	        1.00	        6.00	        1.00
  1.48	        7.00	        0.00	        0.00	        1.00	        6.00	        1.00
  1.49	        7.00	        0.00	        0.00	        1.00	        6.00	        1.00
  1.50	        8.00	        0.00	        0.00	        1.00	        7.00	        1.00
  1.51	        8.00	        0.00	        0.00	        1.00	        7.00	        1.00
  1.52	        8.00	        0.00	        0.00	        1.00	        7.00	        1.00
  1.53	        9.00	        0.00	        0.00	        1.00	        8.00	        1.00
  1.54	        9.00	        0.00	        0.00	        1.00	        8.00	        1.00
  1.55	        9.00	        0.00	        0.00	        1.00	        8.00	        1.00
  1.56	        9.00	        0.00	        0.00	        1.00	        8.00	        1.00
  1.57	        9.00	        0.00	        0.00	        1.00	        8.00	        1.00
  1.58	        9.00	        0.00	        0.00	        1.00	        8.00	        1.00
  1.59	        9.00	        0.00	        0.00	        1.00	        8.00	        1.00
  1.60	        9.00	        0.00	        0.00	        1.00	        8.00	        1.00
  1.61	       10.00	        0.00	        0.00	        1.00	        9.00	        1.00
  1.62	       10.00	        0.00	        0.00	        1.00	        9.00	        1.00
  1.63	       10.00	        0.00	        0.00	        1.00	        9.00	        1.00
  1.64	       10.00	        0.00	        0.00	        1.00	        9.00	        1.00
  1.65	       10.00	        0.00	        0.00	        1.00	        9.00	        1.00
  1.66	       10.00	        0.00	        0.00	        1.00	        9.00	        1.00
  1.67	       10.00	        0.00	        0.00	        1.00	        9.00	        1.00
  1.68	       10.00	        0.00	        0.00	        1.00	        9.00	        1.00
  1.69	       10.00	        0.00	        0.00	        1.00	        9.00	        1.00
  1.70	       11.00	        0.00	        0.00	        1.00	       10.00	        1.00
  1.71	       11.00	        0.00	        0.00	        1.00	       10.00	        1.00
  1.72	       11.00	        0.00	        0.00	        1.00	       10.00	        1.00
  1.73	       11.00	        0.00	        0.00	        1.00	       10.00	        1.00
  1.74	       11.00	        0.00	        0.00	        1.00	       10.00	        1.00
  1.75	       11.00	        0.00	        0.00	        1.00	       10.00	        1.00
  1.76	       11.00	        0.00	        0.00	        1.00	       10.00	        1.00
  1.77	       11.00	        0.00	        0.00	        1.00	       10.00	        1.00
  1.78	       11.00	        0.00	        0.00	        1.00	       10.00	        1.00
  1.79	       11.00	        0.00	        0.00	        1.00	       10.00	        1.00
  1.80	       11.00	        0.00	        0.00	        1.00	       10.00	        1.00
  1.81	       11.00	        0.00	        0.00	        1.00	       10.00	        1.00
  1.82	       12.00	        0.00	        0.00	        1.00	       11.00	        1.00
  1.83	       12.00	        0.00	        0.00	        1.00	       11.00	        1.00
  1.84	       12.00	        0.00	        0.00	        1.00	       11.00	        1.00
  1.85	       12.00	        0.00	        0.00	        1.00	       11.00	        1.00
  1.86	       13.00	        0.00	        0.00	        1.00	       12.00	        1.00
  1.87	       13.00	        0.00	        0.00	        1.00	       12.00	        1.00
  1.88	       13.00	        0.00	        0.00	        1.00	       12.00	        1.00
  1.89	       13.00	        0.00	        0.00	        1.00	       12.00	        1.00
  1.90	       13.00	        0.00	        0.00	        1.00	       12.00	        1.00
  1.91	       13.00	        0.00	        0.00	        1.00	       12.00	        1.00
  1.92	       13.00	        0.00	        0.00	        1.00	       12.00	        1.00
  1.93	       13.00	        0.00	        0.00	        1.00	       12.00	        1.00
  1.94	       14.00	        0.00	        0.00	        1.00	       13.00	        1.00
  1.95	       14.00	        0.00	        0.00	        1.00	       13.00	        1.00
  1.96	       14.00	        0.00	        0.00	        1.00	       13.00	        1.00
  1.97	       15.00	        0.00	        0.00	        1.00	       14.00	        1.00
  1.98	       16.00	        0.00	        0.00	        1.00	       15.00	        1.00
  1.99	       16.00	        0.00	        0.00	        1.00	       15.00	        1.00
  2.00	       18.00	        0.00	   599999.00	        1.00	       17.00	        1.00
  2.01	       18.00	        0.00	   599973.00	        1.00	       17.00	        1.00
  2.02	       18.00	        0.00	   599949.00	        1.00	       17.00	        1.00
  2.03	       19.00	        0.00	   599922.00	        1.00	       18.00	        1.00
  2.04	       19.00	        0.00	   599908.00	        1.00	       18.00	        1.00
  2.05	       20.00	        0.00	   599893.00	        1.00	       19.00	        1.00
  2.06	       22.00	        0.00	   599865.00	        1.00	       21.00	        1.00
  2.07	       22.00	        0.00	   599846.00	        1.00	       21.00	        1.00
  2.08	       22.00	        0.00	   599834.00	        1.00	       21.00	        1.00
  2.09	       22.00	        0.00	   599807.00	        1.00	       21.00	        1.00
  2.10	       22.00	        0.00	   599788.00	        1.00	       21.00	        1.00
  2.11	       23.00	        0.00	   599760.00	        1.00	       22.00	        1.00
  2.12	       24.00	        0.00	   599741.00	        1.00	       23.00	        1.00
  2.13	       24.00	        0.00	   599724.00	        1.00	       23.00	        1.00
  2.14	       24.00	        0.00	   599704.00	        1.00	       23.00	        1.00
  2.15	       24.00	        0.00	   599690.00	        1.00	       23.00	        1.00
  2.16	       24.00	        0.00	   599666.00	        1.00	       23.00	        1.00
  2.17	       24.00	        0.00	   599650.00	        1.00	       23.00	        1.00
  2.18	       25.00	        0.00	   599629.00	        1.00	       24.00	        1.00
  2.19	       25.00	        0.00	   599606.00	        1.00	       24.00	        1.00
  2.20	       26.00	        0.00	   599587.00	        1.00	       25.00	        1.00
  2.21	       27.00	        0.00	   599572.00	        1.00	       26.00	        1.00
  2.22	       28.00	        0.00	   599554.00	        1.00	       27.00	        1.00
  2.23	       29.00	        0.00	   599536.00	        1.00	       28.00	        1.00
  2.24	       29.00	        0.00	   599519.00	        1.00	       28.00	        1.00
  2.25	       29.00	        0.00	   599495.00	        1.00	       28.00	        1.00
  2.26	       29.00	        0.00	   599482.00	        1.00	       28.00	        1.00
  2.27	       29.00	        0.00	   599459.00	        1.00	       28.00	        1.00
  2.28	       29.00	        0.00	   599439.00	        1.00	       28.00	        1.00
  2.29	       29.00	        0.00	   599427.00	        1.00	       28.00	        1.00
  2.30	       29.00	        0.00	   599404.00	        1.00	       28.00	        1.00
  2.31	       29.00	        0.00	   599378.00	        1.00	       28.00	        1.00
  2.32	       29.00	        0.00	   599360.00	        1.00	       28.00	        1.00
  2.33	       29.00	        0.00	   599348.00	        1.00	       28.00	        1.00
  2.34	       29.00	        0.00	   599331.00	        1.00	       28.00	        1.00
  2.35	       29.00	        0.00	   599312.00	        1.00	       28.00	        1.00
  2.36	       29.00	        0.00	   599300.00	        1.00	       28.00	        1.00
  2.37	       31.00	        0.00	   599280.00	        1.00	       30.00	        1.00
  2.38	       32.00	        0.00	   599256.00	        1.00	       31.00	        1.00
  2.39	       32.00	        0.00	   599239.00	        1.00	       31.00	        1.00
  2.40	       32.00	        0.00	   599225.00	        1.00	       31.00	        1.00
  2.41	       32.00	        0.00	   599209.00	        1.00	       31.00	        1.00
  2.42	       32.00	        0.00	   599191.00	        1.00	       31.00	        1.00
  2.43	       32.00	        0.00	   599169.00	        1.00	       31.00	        1.00
  2.44	       32.00	        0.00	   599148.00	        1.00	       31.00	        1.00
  2.45	       32.00	        0.00	   599131.00	        1.00	       31.00	        1.00
  2.46	       32.00	        0.00	   599121.00	        1.00	       31.00	        1.00
  2.47	       33.00	        0.00	   599108.00	        1.00	       32.00	        1.00
  2.48	       34.00	        0.00	   599090.00	        1.00	       33.00	        1.00
  2.49	       34.00	        0.00	   599069.00	        1.00	       33.00	        1.00
  2.50	       37.00	        0.00	   599053.00	        1.00	       36.00	        1.00
  2.51	       37.00	        0.00	   599036.00	        1.00	       36.00	        1.00
  2.52	       37.00	        0.00	   599018.00	        1.00	       36.00	        1.00
  2.53	       37.00	        0.00	   598996.00	        1.00	       36.00	        1.00
  2.54	       37.00	        0.00	   598973.00	        1.00	       36.00	        1.00
  2.55	       37.00	        0.00	   598956.00	        1.00	       36.00	        1.00
  2.56	       37.00	        0.00	   598945.00	        1.00	       36.00	        1.00
  2.57	       38.00	        0.00	   598932.00	        1.00	       37.00	        1.00
  2.58	       39.00	        0.00	   598920.00	        1.00	       38.00	        1.00
  2.59	       39.00	        0.00	   598908.00	        1.00	       38.00	        1.00
  2.60	       39.00	        0.00	   598891.00	        1.00	       38.00	        1.00
  2.61	       40.00	        0.00	   598874.00	        1.00	       39.00	        1.00
  2.62	       40.00	        0.00	   598854.00	        1.00	       39.00	        1.00
  2.63	       40.00	        0.00	   598837.00	        1.00	       39.00	        1.00
  2.64	       40.00	        0.00	   598816.00	        1.00	       39.00	        1.00
  2.65	       41.00	        0.00	   598800.00	        1.00	       40.00	        1.00
  2.66	       42.00	        0.00	   598779.00	        1.00	       41.00	        1.00
  2.67	       42.00	        0.00	   598755.00	        1.00	       41.00	        1.00
  2.68	       42.00	        0.00	   598731.00	        1.00	       41.00	        1.00
  2.69	       45.00	        0.00	   598709.00	        1.00	       44.00	        1.00
  2.70	       46.00	        0.00	   598687.00	        1.00	       45.00	        1.00
  2.71	       46.00	        0.00	   598676.00	        1.00	       45.00	        1.00
  2.72	       46.00	        0.00	   598664.00	        1.00	       45.00	        1.00
  2.73	       47.00	        0.00	   598647.00	        1.00	       46.00	        1.00
  2.74	       51.00	        0.00	   598628.00	        1.00	       50.00	        1.00
  2.75	       52.00	        0.00	   598610.00	        1.00	       51.00	        1.00
  2.76	       52.00	        0.00	   598588.00	        1.00	       51.00	        1.00
  2.77	       52.00	        1.00	   598567.00	        1.00	       52.00	        1.00
  2.78	       54.00	        1.00	   598548.00	        1.00	       54.00	        1.00
  2.79	       54.00	        1.00	   598535.00	        1.00	       54.00	        1.00
  2.80	       55.00	        1.00	   598519.00	        1.00	       55.00	        1.00
  2.81	       58.00	        1.00	   598495.00	        1.00	       58.00	        1.00
  2.82	       59.00	        1.00	   598476.00	        1.00	       59.00	        1.00
  2.83	       60.00	        1.00	   598458.00	        1.00	       60.00	        1.00
  2.84	       60.00	        1.00	   598436.00	        1.00	       60.00	        1.00
  2.85	       61.00	        1.00	   598418.00	        1.00	       61.00	        1.00
  2.86	       63.00	        1.00	   598402.00	        1.00	       63.00	        1.00
  2.87	       64.00	        1.00	   598380.00	        1.00	       64.00	        1.00
  2.88	       64.00	        1.00	   598359.00	        1.00	       64.00	        1.00
  2.89	       64.00	        1.00	   598341.00	        1.00	       64.00	        1.00
  2.90	       64.00	        1.00	   598323.00	        1.00	       64.00	        1.00
  2.91	       65.00	        1.00	   598309.00	        1.00	       65.00	        1.00
  2.92	       67.00	        1.00	   598296.00	        1.00	       67.00	        1.00
  2.93	       67.00	        1.00	   598286.00	        1.00	       67.00	        1.00
  2.94	       67.00	        1.00	   598263.00	        1.00	       67.00	        1.00
  2.95	       69.00	        1.00	   598236.00	        1.00	       69.00	        1.00
  2.96	       70.00	        1.00	   598222.00	        1.00	       70.00	        1.00
  2.97	       71.00	        1.00	   598202.00	        1.00	       71.00	        1.00
  2.98	       73.00	        1.00	   598190.00	        1.00	       73.00	        1.00
  2.99	       73.00	        1.00	   598170.00	        1.00	       73.00	        1.00
  3.00	       75.00	        1.00	   598156.00	        1.00	       75.00	        1.00
  3.01	       76.00	        1.00	   598140.00	        1.00	       76.00	        1.00
  3.02	       78.00	        1.00	   598127.00	        1.00	       78.00	        1.00
  3.03	       78.00	        1.00	   598112.00	        1.00	       78.00	        1.00
  3.04	       78.00	        1.00	   598105.00	        1.00	       78.00	        1.00
  3.05	       81.00	        1.00	   598084.00	        1.00	       81.00	        1.00
  3.06	       84.00	        1.00	   598066.00	        1.00	       84.00	        1.00
  3.07	       87.00	        1.00	   598049.00	        1.00	       87.00	        1.00
  3.08	       89.00	        1.00	   598031.00	        1.00	       89.00	        1.00
  3.09	       90.00	        1.00	   598015.00	        1.00	       90.00	        1.00
  3.10	       91.00	        1.00	   598000.00	        1.00	       91.00	        1.00
  3.11	       91.00	        1.00	   597981.00	        1.00	       91.00	        1.00
  3.12	       92.00	        1.00	   597965.00	        1.00	       92.00	        1.00
  3.13	       97.00	        1.00	   597956.00	        1.00	       97.00	        1.00
  3.14	       99.00	        1.00	   597939.00	        1.00	       99.00	        1.00
  3.15	      101.00	        1.00	   597919.00	        1.00	      101.00	        1.00
  3.16	      102.00	        1.00	   597905.00	        1.00	      102.00	        1.00
  3.17	      104.00	        1.00	   597883.00	        1.00	      104.00	        1.00
  3.18	      104.00	        1.00	   597863.00	        1.00	      104.00	        1.00
  3.19	      104.00	        1.00	   597849.00	        1.00	      104.00	        1.00
  3.20	      104.00	        3.00	   597835.00	        1.00	      106.00	        1.00
  3.21	      107.00	        3.00	   597822.00	        1.00	      109.00	        1.00
  3.22	      108.00	        4.00	   597798.00	        1.00	      111.00	        1.00
  3.23	      108.00	        4.00	   597767.00	        1.00	      111.00	        1.00
  3.24	      107.00	        6.00	   597748.00	        1.00	      112.00	        1.00
  3.25	      107.00	        6.00	   597726.00	        1.00	      112.00	        1.00
  3.26	      108.00	        6.00	   597717.00	        1.00	      113.00	        1.00
  3.27	      110.00	        6.00	   597706.00	        1.00	      115.00	        1.00
  3.28	      110.00	        6.00	   597684.00	        1.00	      115.00	        1.00
  3.29	      113.00	        6.00	   597666.00	        1.00	      118.00	        1.00
  3.30	      113.00	        6.00	   597652.00	        1.00	      118.00	        1.00
  3.31	      114.00	        6.00	   597637.00	        1.00	      119.00	        1.00
  3.32	      117.00	        6.00	   597625.00	        1.00	      122.00	        1.00
  3.33	      117.00	        6.00	   597613.00	        1.00	      122.00	        1.00
  3.34	      117.00	        6.00	   597591.00	        1.00	      122.00	        1.00
  3.35	      119.00	        6.00	   597572.00	        1.00	      124.00	        1.00
  3.36	      120.00	        6.00	   597556.00	        1.00	      125.00	        1.00
  3.37	      120.00	        6.00	   597535.00	        1.00	      125.00	        1.00
  3.38	      122.00	        6.00	   597516.00	        1.00	      127.00	        1.00
  3.39	      122.00	        6.00	   597500.00	        1.00	      127.00	        1.00
  3.40	      123.00	        6.00	   597479.00	        1.00	      128.00	        1.00
  3.41	      125.00	        6.00	   597459.00	        1.00	      130.00	        1.00
  3.42	      131.00	        6.00	   597443.00	        1.00	      136.00	        1.00
  3.43	      133.00	        6.00	   597428.00	        1.00	      138.00	        1.00
  3.44	      138.00	        6.00	   597409.00	        1.00	      143.00	        1.00
  3.45	      141.00	        6.00	   597394.00	        1.00	      146.00	        1.00
  3.46	      143.00	        7.00	   597370.00	        1.00	      149.00	        1.00
  3.47	      146.00	        7.00	   597348.00	        1.00	      152.00	        1.00
  3.48	      147.00	        9.00	   597331.00	        1.00	      155.00	        1.00
  3.49	      147.00	        9.00	   597309.00	        1.00	      155.00	        1.00
  3.50	      149.00	       10.00	   597287.00	        1.00	      158.00	        1.00
  3.51	      150.00	       10.00	   597270.00	        1.00	      159.00	        1.00
  3.52	      152.00	       10.00	   597256.00	        1.00	      161.00	        1.00
  3.53	      154.00	       11.00	   597237.00	        1.00	      164.00	        1.00
  3.54	      157.00	       11.00	   597223.00	        1.00	      167.00	        1.00
  3.55	      160.00	       11.00	   597202.00	        1.00	      170.00	        1.00
  3.56	      163.00	       11.00	   597188.00	        1.00	      173.00	        1.00
  3.57	      165.00	       11.00	   597171.00	        1.00	      175.00	        1.00
  3.58	      168.00	       11.00	   597157.00	        1.00	      178.00	        1.00
  3.59	      168.00	       11.00	   597137.00	        1.00	      178.00	        1.00
  3.60	      174.00	       12.00	   597120.00	        1.00	      185.00	        1.00
  3.61	      177.00	       12.00	   597106.00	        1.00	      188.00	        1.00
  3.62	      179.00	       12.00	   597083.00	        1.00	      190.00	        1.00
  3.63	      182.00	       12.00	   597067.00	        1.00	      193.00	        1.00
  3.64	      185.00	       12.00	   597049.00	        1.00	      196.00	        1.00
  3.65	      188.00	       12.00	   597033.00	        1.00	      199.00	        1.00
  3.66	      195.00	       12.00	   597010.00	        1.00	      206.00	        1.00
  3.67	      198.00	       12.00	   596987.00	        1.00	      209.00	        1.00
  3.68	      199.00	       14.00	   596972.00	        1.00	      212.00	        1.00
  3.69	      200.00	       14.00	   596947.00	        1.00	      213.00	        1.00
  3.70	      201.00	       14.00	   596922.00	        1.00	      214.00	        1.00
  3.71	      204.00	       14.00	   596906.00	        1.00	      217.00	        1.00
  3.72	      207.00	       14.00	   596886.00	        1.00	      220.00	        1.00
  3.73	      213.00	       14.00	   596867.00	        1.00	      226.00	        1.00
  3.74	      215.00	       14.00	   596849.00	        1.00	      228.00	        1.00
  3.75	      217.00	       15.00	   596827.00	        1.00	      231.00	        1.00
  3.76	      220.00	       15.00	   596813.00	        1.00	      234.00	        1.00
  3.77	      222.00	       17.00	   596799.00	        1.00	      238.00	        1.00
  3.78	      226.00	       17.00	   596778.00	        1.00	      242.00	        1.00
  3.79	      233.00	       17.00	   596754.00	        1.00	      249.00	        1.00
  3.80	      234.00	       17.00	   596742.00	        1.00	      250.00	        1.00
  3.81	      236.00	       17.00	   596720.00	        1.00	      252.00	        1.00
  3.82	      242.00	       17.00	   596712.00	        1.00	      258.00	        1.00
  3.83	      245.00	       17.00	   596694.00	        1.00	      261.00	        1.00
  3.84	      247.00	       17.00	   596676.00	        1.00	      263.00	        1.00
  3.85	      252.00	       17.00	   596655.00	        1.00	      268.00	        1.00
  3.86	      260.00	       17.00	   596635.00	        1.00	      276.00	        1.00
  3.87	      266.00	       17.00	   596624.00	        1.00	      282.00	        1.00
  3.88	      267.00	       19.00	   596607.00	        1.00	      285.00	        1.00
  3.89	      272.00	       20.00	   596586.00	        1.00	      291.00	        1.00
  3.90	      276.00	       20.00	   596568.00	        1.00	      295.00	        1.00
  3.91	      286.00	       20.00	   596542.00	        1.00	      305.00	        1.00
  3.92	      292.00	       20.00	   596517.00	        1.00	      311.00	        1.00
  3.93	      299.00	       20.00	   596499.00	        1.00	      318.00	        1.00
  3.94	      304.00	       20.00	   596485.00	        1.00	      323.00	        1.00
  3.95	      309.00	       20.00	   596470.00	        1.00	      328.00	        1.00
  3.96	      313.00	       20.00	   596455.00	        1.00	      332.00	        1.00
  3.97	      316.00	       20.00	   596438.00	        1.00	      335.00	        1.00
  3.98	      318.00	       20.00	   596423.00	        1.00	      337.00	        1.00
  3.99	      324.00	       20.00	   596404.00	        1.00	      343.00	        1.00
  4.00	      333.00	       20.00	   596392.00	        1.00	      352.00	        1.00
  4.01	      338.00	       20.00	   596380.00	        1.00	      357.00	        1.00
  4.02	      342.00	       20.00	   596354.00	        1.00	      361.00	        1.00
  4.03	      346.00	       20.00	   596329.00	        1.00	      365.00	        1.00
  4.04	      348.00	       20.00	   596317.00	        1.00	      367.00	        1.00
  4.05	      162.00	      208.00	   596499.00	        1.00	      370.00	        1.00
  4.06	      164.00	      208.00	   596483.00	        1.00	      372.00	        1.00
  4.07	      166.00	      208.00	   596465.00	        1.00	      374.00	        1.00
  4.08	      168.00	      208.00	   596447.00	        1.00	      376.00	        1.00
  4.09	      171.00	      208.00	   596433.00	        1.00	      379.00	        1.00
  4.10	       66.00	      313.00	   596612.00	        1.00	      380.00	        1.00
  4.11	       27.00	      351.00	   596801.00	        1.00	      380.00	        1.00
  4.12	       27.00	      351.00	   596785.00	        1.00	      380.00	        1.00
  4.13	       28.00	      351.00	   596769.00	        1.00	      381.00	        1.00
  4.14	       29.00	      351.00	   596749.00	        1.00	      382.00	        1.00
  4.15	       28.00	      352.00	   596726.00	        1.00	      382.00	        1.00
  4.16	       19.00	      362.00	   596905.00	        1.00	      384.00	        1.00
  4.17	       20.00	      362.00	   596887.00	        1.00	      385.00	        1.00
  4.18	       20.00	      362.00	   596875.00	        1.00	      385.00	        1.00
  4.19	       20.00	      362.00	   596848.00	        1.00	      385.00	        1.00
  4.20	       19.00	      363.00	   596827.00	        1.00	      385.00	        1.00
  4.21	       20.00	      363.00	   596810.00	        1.00	      386.00	        1.00
  4.22	       20.00	      363.00	   596795.00	        1.00	      386.00	        1.00
  4.23	       21.00	      363.00	   596777.00	        1.00	      387.00	        1.00
  4.24	       21.00	      363.00	   596757.00	        1.00	      387.00	        1.00
  4.25	       21.00	      363.00	   596737.00	        1.00	      387.00	        1.00
  4.26	       22.00	      363.00	   596721.00	        1.00	      388.00	        1.00
  4.27	       22.00	      363.00	   596700.00	        1.00	      388.00	        1.00
  4.28	       22.00	      363.00	   596678.00	        1.00	      388.00	        1.00
  4.29	       23.00	      363.00	   596656.00	        1.00	      389.00	        1.00
  4.30	       23.00	      364.00	   596634.00	        1.00	      390.00	        1.00
  4.31	       23.00	      364.00	   596617.00	        1.00	      390.00	        1.00
  4.32	       22.00	      365.00	   596599.00	        1.00	      390.00	        1.00
  4.33	       12.00	      374.00	   596780.00	        1.00	      390.00	        1.00
  4.34	        9.00	      376.00	   596964.00	        1.00	      390.00	        1.00
  4.35	        9.00	      376.00	   596941.00	        1.00	      390.00	        1.00
  4.36	        9.00	      376.00	   596921.00	        1.00	      390.00	        1.00
  4.37	        9.00	      376.00	   596905.00	        1.00	      390.00	        1.00
  4.38	        9.00	      376.00	   596884.00	        1.00	      390.00	        1.00
  4.39	       10.00	      376.00	   596870.00	        1.00	      391.00	        1.00
  4.40	       10.00	      376.00	   596850.00	        1.00	      391.00	        1.00
  4.41	       10.00	      376.00	   596826.00	        1.00	      391.00	        1.00
  4.42	       10.00	      376.00	   596813.00	        1.00	      391.00	        1.00
  4.43	       10.00	      376.00	   596793.00	        1.00	      391.00	        1.00
  4.44	        1.00	      384.00	   597180.00	        1.00	      392.00	        1.00
  4.45	        1.00	      384.00	   597168.00	        1.00	      392.00	        1.00
  4.46	        1.00	      384.00	   597152.00	        1.00	      392.00	        1.00
  4.47	        1.00	      384.00	   597132.00	        1.00	      392.00	        1.00
  4.48	        1.00	      383.00	   597313.00	        1.00	      392.00	        1.00
  4.49	        1.00	      382.00	   597489.00	        1.00	      392.00	        1.00
  4.50	        1.00	      382.00	   597473.00	        1.00	      392.00	        1.00
  4.51	        1.00	      382.00	   597460.00	        1.00	      392.00	        1.00
  4.52	        0.00	      382.00	   597645.00	        0.00	      392.00	        1.00
  4.53	        0.00	      381.00	   597831.00	        0.00	      392.00	        1.00
  4.54	        0.00	      381.00	   597809.00	        0.00	      392.00	        1.00
  4.55	        0.00	      381.00	   597783.00	        0.00	      392.00	        1.00
  4.56	        0.00	      380.00	   597964.00	        0.00	      392.00	        1.00
  4.57	        0.00	      379.00	   598146.00	        0.00	      392.00	        1.00
  4.58	        0.00	      379.00	   598122.00	        0.00	      392.00	        1.00
  4.59	        0.00	      378.00	   598299.00	        0.00	      392.00	        1.00
  4.60	        0.00	      377.00	   598477.00	        0.00	      392.00	        1.00
  4.61	        0.00	      376.00	   598662.00	        0.00	      392.00	        1.00
  4.62	        0.00	      376.00	   598635.00	        0.00	      392.00	        1.00
  4.63	        0.00	      376.00	   598618.00	        0.00	      392.00	        1.00
  4.64	        0.00	      373.00	   599193.00	        0.00	      392.00	        1.00
  4.65	        0.00	      372.00	   599374.00	        0.00	      392.00	        1.00
  4.66	        0.00	      370.00	   599746.00	        0.00	      392.00	        1.00
  4.67	        0.00	      369.00	   599926.00	        0.00	      392.00	        1.00
  4.68	        0.00	      369.00	   599904.00	        0.00	      392.00	        1.00
  4.69	        0.00	      369.00	   599887.00	        0.00	      392.00	        1.00
  4.70	        0.00	      369.00	   599862.00	        0.00	      392.00	        1.00
  4.71	        0.00	      368.00	   600040.00	        0.00	      392.00	        1.00
  4.72	        0.00	      365.00	   600620.00	        0.00	      392.00	        1.00
  4.73	        0.00	      363.00	   601004.00	        0.00	      392.00	        1.00
  4.74	        0.00	      361.00	   601383.00	        0.00	      392.00	        1.00
  4.75	        0.00	      359.00	   601766.00	        0.00	      392.00	        1.00
  4.76	        0.00	      358.00	   601948.00	        0.00	      392.00	        1.00
  4.77	        0.00	      356.00	   602326.00	        0.00	      392.00	        1.00
  4.78	        0.00	      355.00	   602502.00	        0.00	      392.00	        1.00
  4.79	        0.00	      353.00	   602871.00	        0.00	      392.00	        1.00
  4.80	        0.00	      352.00	   603051.00	        0.00	      392.00	        1.00
  4.81	        0.00	      350.00	   603429.00	        0.00	      392.00	        1.00
  4.82	        0.00	      349.00	   603609.00	        0.00	      392.00	        1.00
  4.83	        0.00	      348.00	   603793.00	        0.00	      392.00	        1.00
  4.84	        0.00	      346.00	   604168.00	        0.00	      392.00	        1.00
  4.85	        0.00	      343.00	   604746.00	        0.00	      392.00	        1.00
  4.86	        0.00	      339.00	   605519.00	        0.00	      392.00	        1.00
  4.87	        0.00	      338.00	   605696.00	        0.00	      392.00	        1.00
  4.88	        0.00	      335.00	   606272.00	        0.00	      392.00	        1.00
  4.89	        0.00	      331.00	   607048.00	        0.00	      392.00	        1.00
  4.90	        0.00	      327.00	   607826.00	        0.00	      392.00	        1.00
  4.91	        0.00	      325.00	   608203.00	        0.00	      392.00	        1.00
  4.92	        0.00	      322.00	   608771.00	        0.00	      392.00	        1.00
  4.93	        0.00	      314.00	   610338.00	        0.00	      392.00	        1.00
  4.94	        0.00	      313.00	   610512.00	        0.00	      392.00	        1.00
  4.95	        0.00	      311.00	   610883.00	        0.00	      392.00	        1.00
  4.96	        0.00	      310.00	   611048.00	        0.00	      392.00	        1.00
  4.97	        0.00	      308.00	   611431.00	        0.00	      392.00	        1.00
  4.98	        0.00	      303.00	   612409.00	        0.00	      392.00	        1.00
  4.99	        0.00	      300.00	   612982.00	        0.00	      392.00	        1.00
  5.00	        0.00	      295.00	   613963.00	        0.00	      392.00	        1.00
  5.01	        0.00	      290.00	   614936.00	        0.00	      392.00	        1.00
  5.02	        0.00	      286.00	   615718.00	        0.00	      392.00	        1.00
  5.03	        0.00	      281.00	   616691.00	        0.00	      392.00	        1.00
  5.04	        0.00	      275.00	   617861.00	        0.00	      392.00	        1.00
  5.05	        0.00	      270.00	   618835.00	        0.00	      392.00	        1.00
  5.06	        0.00	      264.00	   620012.00	        0.00	      392.00	        1.00
  5.07	        0.00	      262.00	   620375.00	        0.00	      392.00	        1.00
  5.08	        0.00	      255.00	   621752.00	        0.00	      392.00	        1.00
  5.09	        0.00	      252.00	   622322.00	        0.00	      392.00	        1.00
  5.10	        0.00	      248.00	   623090.00	        0.00	      392.00	        1.00
  5.11	        0.00	      244.00	   623861.00	        0.00	      392.00	        1.00
  5.12	        0.00	      240.00	   624626.00	        0.00	      392.00	        1.00
  5.13	        0.00	      235.00	   625595.00	        0.00	      392.00	        1.00
  5.14	        0.00	      230.00	   626567.00	        0.00	      392.00	        1.00
  5.15	        0.00	      224.00	   627735.00	        0.00	      392.00	        1.00
  5.16	        0.00	      220.00	   628512.00	        0.00	      392.00	        1.00
  5.17	        0.00	      217.00	   629083.00	        0.00	      392.00	        1.00
  5.18	        0.00	      214.00	   629645.00	        0.00	      392.00	        1.00
  5.19	        0.00	      210.00	   630417.00	        0.00	      392.00	        1.00
  5.20	        0.00	      206.00	   631181.00	        0.00	      392.00	        1.00
  5.21	        0.00	      204.00	   631554.00	        0.00	      392.00	        1.00
  5.22	        0.00	      202.00	   631916.00	        0.00	      392.00	        1.00
  5.23	        0.00	      198.00	   632680.00	        0.00	      392.00	        1.00
  5.24	        0.00	      189.00	   634448.00	        0.00	      392.00	        1.00
  5.25	        0.00	      187.00	   634817.00	        0.00	      392.00	        1.00
  5.26	        0.00	      181.00	   635995.00	        0.00	      392.00	        1.00
  5.27	        0.00	      174.00	   637362.00	        0.00	      392.00	        1.00
  5.28	        0.00	      169.00	   638328.00	        0.00	      392.00	        1.00
  5.29	        0.00	      161.00	   639898.00	        0.00	      392.00	        1.00
  5.30	        0.00	      156.00	   640860.00	        0.00	      392.00	        1.00
  5.31	        0.00	      153.00	   641432.00	        0.00	      392.00	        1.00
  5.32	        0.00	      148.00	   642409.00	        0.00	      392.00	        1.00
  5.33	        0.00	      144.00	   643179.00	        0.00	      392.00	        1.00
  5.34	        0.00	      142.00	   643549.00	        0.00	      392.00	        1.00
  5.35	        0.00	      140.00	   643913.00	        0.00	      392.00	        1.00
  5.36	        0.00	      138.00	   644277.00	        0.00	      392.00	        1.00
  5.37	        0.00	      135.00	   644851.00	        0.00	      392.00	        1.00
  5.38	        0.00	      130.00	   645827.00	        0.00	      392.00	        1.00
  5.39	        0.00	      127.00	   646398.00	        0.00	      392.00	        1.00
  5.40	        0.00	      121.00	   647571.00	        0.00	      392.00	        1.00
  5.41	        0.00	      115.00	   648740.00	        0.00	      392.00	        1.00
  5.42	        0.00	      110.00	   649707.00	        0.00	      392.00	        1.00
  5.43	        0.00	      110.00	   649682.00	        0.00	      392.00	        1.00
  5.44	        0.00	      108.00	   650055.00	        0.00	      392.00	        1.00
  5.45	        0.00	      106.00	   650435.00	        0.00	      392.00	        1.00
  5.46	        0.00	      105.00	   650599.00	        0.00	      392.00	        1.00
  5.47	        0.00	      104.00	   650773.00	        0.00	      392.00	        1.00
  5.48	        0.00	      100.00	   651542.00	        0.00	      392.00	        1.00
  5.49	        0.00	       98.00	   651922.00	        0.00	      392.00	        1.00
  5.50	        0.00	       95.00	   652494.00	        0.00	      392.00	        1.00
  5.51	        0.00	       89.00	   653662.00	        0.00	      392.00	        1.00
  5.52	        0.00	       86.00	   654227.00	        0.00	      392.00	        1.00
  5.53	        0.00	       83.00	   654798.00	        0.00	      392.00	        1.00
  5.54	        0.00	       82.00	   654978.00	        0.00	      392.00	        1.00
  5.55	        0.00	       81.00	   655154.00	        0.00	      392.00	        1.00
  5.56	        0.00	       79.00	   655519.00	        0.00	      392.00	        1.00
  5.57	        0.00	       78.00	   655687.00	        0.00	      392.00	        1.00
  5.58	        0.00	       77.00	   655863.00	        0.00	      392.00	        1.00
  5.59	        0.00	       71.00	   657044.00	        0.00	      392.00	        1.00
  5.60	        0.00	       69.00	   657418.00	        0.00	      392.00	        1.00
  5.61	        0.00	       68.00	   657590.00	        0.00	      392.00	        1.00
  5.62	        0.00	       65.00	   658169.00	        0.00	      392.00	        1.00
  5.63	        0.00	       63.00	   658540.00	        0.00	      392.00	        1.00
  5.64	        0.00	       63.00	   658517.00	        0.00	      392.00	        1.00
  5.65	        0.00	       60.00	   659084.00	        0.00	      392.00	        1.00
  5.66	        0.00	       59.00	   659256.00	        0.00	      392.00	        1.00
  5.67	        0.00	       59.00	   659230.00	        0.00	      392.00	        1.00
  5.68	        0.00	       58.00	   659404.00	        0.00	      392.00	        1.00
  5.69	        0.00	       58.00	   659389.00	        0.00	      392.00	        1.00
  5.70	        0.00	       55.00	   659958.00	        0.00	      392.00	        1.00
  5.71	        0.00	       53.00	   660344.00	        0.00	      392.00	        1.00
  5.72	        0.00	       52.00	   660530.00	        0.00	      392.00	        1.00
  5.73	        0.00	       49.00	   661104.00	        0.00	      392.00	        1.00
  5.74	        0.00	       47.00	   661484.00	        0.00	      392.00	        1.00
  5.75	        0.00	       44.00	   662064.00	        0.00	      392.00	        1.00
  5.76	        0.00	       42.00	   662442.00	        0.00	      392.00	        1.00
  5.77	        0.00	       41.00	   662613.00	        0.00	      392.00	        1.00
  5.78	        0.00	       38.00	   663183.00	        0.00	      392.00	        1.00
  5.79	        0.00	       37.00	   663361.00	        0.00	      392.00	        1.00
  5.80	        0.00	       37.00	   663332.00	        0.00	      392.00	        1.00
  5.81	        0.00	       37.00	   663305.00	        0.00	      392.00	        1.00
  5.82	        0.00	       36.00	   663481.00	        0.00	      392.00	        1.00
  5.83	        0.00	       35.00	   663661.00	        0.00	      392.00	        1.00
  5.84	        0.00	       34.00	   663841.00	        0.00	      392.00	        1.00
  5.85	        0.00	       33.00	   664015.00	        0.00	      392.00	        1.00
  5.86	        0.00	       32.00	   664196.00	        0.00	      392.00	        1.00
  5.87	        0.00	       30.00	   664579.00	        0.00	      392.00	        1.00
  5.88	        0.00	       30.00	   664556.00	        0.00	      392.00	        1.00
  5.89	        0.00	       30.00	   664537.00	        0.00	      392.00	        1.00
  5.90	        0.00	       28.00	   664912.00	        0.00	      392.00	        1.00
  5.91	        0.00	       27.00	   665091.00	        0.00	      392.00	        1.00
  5.92	        0.00	       27.00	   665066.00	        0.00	      392.00	        1.00
  5.93	        0.00	       27.00	   665041.00	        0.00	      392.00	        1.00
  5.94	        0.00	       26.00	   665223.00	        0.00	      392.00	        1.00
  5.95	        0.00	       24.00	   665600.00	        0.00	      392.00	        1.00
  5.96	        0.00	       24.00	   665564.00	        0.00	      392.00	        1.00
  5.97	        0.00	       24.00	   665538.00	        0.00	      392.00	        1.00
  5.98	        0.00	       23.00	   665719.00	        0.00	      392.00	        1.00
  5.99	        0.00	       22.00	   665897.00	        0.00	      392.00	        1.00
  6.00	        0.00	       22.00	   665872.00	        0.00	      392.00	        1.00
  6.01	        0.00	       22.00	   665852.00	        0.00	      392.00	        1.00
  6.02	        0.00	       22.00	   665831.00	        0.00	      392.00	        1.00
  6.03	        0.00	       22.00	   665808.00	        0.00	      392.00	        1.00
  6.04	        0.00	       20.00	   666181.00	        0.00	      392.00	        1.00
  6.05	        0.00	       20.00	   666159.00	        0.00	      392.00	        1.00
  6.06	        0.00	       20.00	   666129.00	        0.00	      392.00	        1.00
  6.07	        0.00	       20.00	   666102.00	        0.00	      392.00	        1.00
  6.08	        0.00	       19.00	   666280.00	        0.00	      392.00	        1.00
  6.09	        0.00	       18.00	   666449.00	        0.00	      392.00	        1.00
  6.10	        0.00	       18.00	   666432.00	        0.00	      392.00	        1.00
  6.11	        0.00	       17.00	   666608.00	        0.00	      392.00	        1.00
  6.12	        0.00	       16.00	   666788.00	        0.00	      392.00	        1.00
  6.13	        0.00	       16.00	   666765.00	        0.00	      392.00	        1.00
  6.14	        0.00	       16.00	   666750.00	        0.00	      392.00	        1.00
  6.15	        0.00	       16.00	   666730.00	        0.00	      392.00	        1.00
  6.16	        0.00	       15.00	   666911.00	        0.00	      392.00	        1.00
  6.17	        0.00	       15.00	   666895.00	        0.00	      392.00	        1.00
  6.18	        0.00	       14.00	   667079.00	        0.00	      392.00	        1.00
  6.19	        0.00	       14.00	   667057.00	        0.00	      392.00	        1.00
  6.20	        0.00	       13.00	   667238.00	        0.00	      392.00	        1.00
  6.21	        0.00	       11.00	   667609.00	        0.00	      392.00	        1.00
  6.22	        0.00	       11.00	   667584.00	        0.00	      392.00	        1.00
  6.23	        0.00	       11.00	   667554.00	        0.00	      392.00	        1.00
  6.24	        0.00	        9.00	   667930.00	        0.00	      392.00	        1.00
  6.25	        0.00	        9.00	   667906.00	        0.00	      392.00	        1.00
  6.26	        0.00	        9.00	   667882.00	        0.00	      392.00	        1.00
  6.27	        0.00	        9.00	   667855.00	        0.00	      392.00	        1.00
  6.28	        0.00	        9.00	   667824.00	        0.00	      392.00	        1.00
  6.29	        0.00	        8.00	   668003.00	        0.00	      392.00	        1.00
  6.30	        0.00	        8.00	   667988.00	        0.00	      392.00	        1.00
  6.31	        0.00	        8.00	   667959.00	        0.00	      392.00	        1.00
  6.32	        0.00	        8.00	   667938.00	        0.00	      392.00	        1.00
  6.33	        0.00	        7.00	   668113.00	        0.00	      392.00	        1.00
  6.34	        0.00	        7.00	   668089.00	        0.00	      392.00	        1.00
  6.35	        0.00	        7.00	   668057.00	        0.00	      392.00	        1.00
  6.36	        0.00	        7.00	   668027.00	        0.00	      392.00	        1.00
  6.37	        0.00	        6.00	   668217.00	        0.00	      392.00	        1.00
  6.38	        0.00	        4.00	   668589.00	        0.00	      392.00	        1.00
  6.39	        0.00	        4.00	   668564.00	        0.00	      392.00	        1.00
  6.40	        0.00	        4.00	   668539.00	        0.00	      392.00	        1.00
  6.41	        0.00	        4.00	   668504.00	        0.00	      392.00	        1.00
  6.42	        0.00	        4.00	   668472.00	        0.00	      392.00	        1.00
  6.43	        0.00	        4.00	   668456.00	        0.00	      392.00	        1.00
  6.44	        0.00	        4.00	   668439.00	        0.00	      392.00	        1.00
  6.45	        0.00	        3.00	   668618.00	        0.00	      392.00	        1.00
  6.46	        0.00	        3.00	   668600.00	        0.00	      392.00	        1.00
  6.47	        0.00	        2.00	   668781.00	        0.00	      392.00	        1.00
  6.48	        0.00	        2.00	   668757.00	        0.00	      392.00	        1.00
  6.49	        0.00	        1.00	   668934.00	        0.00	      392.00	        1.00
  6.50	        0.00	        1.00	   668907.00	        0.00	      392.00	        1.00
  6.51	        0.00	        1.00	   668890.00	        0.00	      392.00	        1.00
  6.52	        0.00	        1.00	   668862.00	        0.00	      392.00	        1.00
  6.53	        0.00	        1.00	   668838.00	        0.00	      392.00	        1.00
  6.54	        0.00	        1.00	   668817.00	        0.00	      392.00	        1.00
  6.55	        0.00	        1.00	   668802.00	        0.00	      392.00	        1.00
  6.56	        0.00	        1.00	   668784.00	        0.00	      392.00	        1.00
  6.57	        0.00	        1.00	   668758.00	        0.00	      392.00	        1.00
  6.58	        0.00	        1.00	   668735.00	        0.00	      392.00	        1.00
  6.59	        0.00	        0.00	   668906.00	        0.00	      392.00	        0.00
