Datatype: PopulationSize
  0.00	        1.00	        0.00	        0.00	        1.00	        0.00	        1.00
  0.01	        1.00	        0.00	        0.00	        1.00	        0.00	        1.00
  0.02	        1.00	        0.00	        0.00	        1.00	        0.00	        1.00
  0.03	        1.00	        0.00	        0.00	        1.00	        0.00	        1.00
  0.04	        1.00	        0.00	        0.00	        1.00	        0.00	        1.00
  0.05	        1.00	        0.00	        0.00	        1.00	        0.00	        1.00
  0.06	        1.00	        0.00	        0.00	        1.00	        0.00	        1.00
  0.07	        1.00	        0.00	        0.00	        1.00	        0.00	        1.00
  0.08	        1.00	        0.00	        0.00	        1.00	        0.00	        1.00
  0.09	        1.00	        0.00	        0.00	        1.00	        0.00	        1.00
  0.10	        1.00	        0.00	        0.00	        1.00	        0.00	        1.00
  0.11	        1.00	        0.00	        0.00	        1.00	        0.00	        1.00
  0.12	        1.00	        0.00	        0.00	        1.00	        0.00	        1.00
  0.13	        1.00	        0.00	        0.00	        1.00	        0.00	        1.00
  0.14	        1.00	        0.00	        0.00	        1.00	        0.00	        1.00
  0.15	        1.00	        0.00	        0.00	        1.00	        0.00	        1.00
  0.16	        1.00	        0.00	        0.00	        1.00	        0.00	        1.00
  0.17	        1.00	        0.00	        0.00	        1.00	        0.00	        1.00
  0.18	        1.00	        0.00	        0.00	        1.00	        0.00	        1.00
  0.19	        1.00	        0.00	        0.00	        1.00	        0.00	        1.00
  0.20	        1.00	        0.00	        0.00	        1.00	        0.00	        1.00
  0.21	        1.00	        0.00	        0.00	        1.00	        0.00	        1.00
  0.22	        1.00	        0.00	        0.00	        1.00	        0.00	        1.00
  0.23	        1.00	        0.00	        0.00	        1.00	        0.00	        1.00
  0.24	        1.00	        0.00	        0.00	        1.00	        0.00	        1.00
  0.25	        1.00	        0.00	        0.00	        1.00	        0.00	        1.00
  0.26	        1.00	        0.00	        0.00	        1.00	        0.00	        1.00
  0.27	        1.00	        0.00	        0.00	        1.00	        0.00	        1.00
  0.28	        1.00	        0.00	        0.00	        1.00	        0.00	        1.00
  0.29	        1.00	        0.00	        0.00	        1.00	        0.00	        1.00
  0.30	        1.00	        0.00	        0.00	        1.00	        0.00	        1.00
  0.31	        1.00	        0.00	        0.00	        1.00	        0.00	        1.00
  0.32	        1.00	        0.00	        0.00	        1.00	        0.00	        1.00
  0.33	        1.00	        0.00	        0.00	        1.00	        0.00	        1.00
  0.34	        1.00	        0.00	        0.00	        1.00	        0.00	        1.00
  0.35	        1.00	        0.00	        0.00	        1.00	        0.00	        1.00
  0.36	        1.00	        0.00	        0.00	        1.00	        0.00	        1.00
  0.37	        1.00	        0.00	        0.00	        1.00	        0.00	        1.00
  0.38	        1.00	        0.00	        0.00	        1.00	        0.00	        1.00
  0.39	        1.00	        0.00	        0.00	        1.00	        0.00	        1.00
  0.40	        1.00	        0.00	        0.00	        1.00	        0.00	        1.00
  0.41	        1.00	        0.00	        0.00	        1.00	        0.00	        1.00
  0.42	        1.00	        0.00	        0.00	        1.00	        0.00	        1.00
  0.43	        1.00	        0.00	        0.00	        1.00	        0.00	        1.00
  0.44	        1.00	        0.00	        0.00	        1.00	        0.00	        1.00
  0.45	        1.00	        0.00	        0.00	        1.00	        0.00	        1.00
  0.46	        1.00	        0.00	        0.00	        1.00	        0.00	        1.00
  0.47	        1.00	        0.00	        0.00	        1.00	        0.00	        1.00
  0.48	        1.00	        0.00	        0.00	        1.00	        0.00	        1.00
  0.49	        1.00	        0.00	        0.00	        1.00	        0.00	        1.00
  0.50	        1.00	        0.00	        0.00	        1.00	        0.00	        1.00
  0.51	        1.00	        0.00	        0.00	        1.00	        0.00	        1.00
  0.52	        1.00	        0.00	        0.00	        1.00	        0.00	        1.00
  0.53	        1.00	        0.00	        0.00	        1.00	        0.00	        1.00
  0.54	        1.00	        0.00	        0.00	        1.00	        0.00	        1.00
  0.55	        1.00	        0.00	        0.00	        1.00	        0.00	        1.00
  0.56	        1.00	        0.00	        0.00	        1.00	        0.00	        1.00
  0.57	        1.00	        0.00	        0.00	        1.00	        0.00	        1.00
  0.58	        1.00	        0.00	        0.00	        1.00	        0.00	        1.00
  0.59	        1.00	        0.00	        0.00	        1.00	        0.00	        1.00
  0.60	        1.00	        0.00	        0.00	        1.00	        0.00	        1.00
  0.61	        1.00	        0.00	        0.00	        1.00	        0.00	        1.00
  0.62	        1.00	        0.00	        0.00	        1.00	        0.00	        1.00
  0.63	        1.00	        0.00	        0.00	        1.00	        0.00	        1.00
  0.64	        1.00	        0.00	        0.00	        1.00	        0.00	        1.00
  0.65	        1.00	        0.00	        0.00	        1.00	        0.00	        1.00
  0.66	        1.00	        0.00	        0.00	        1.00	        0.00	        1.00
  0.67	        1.00	        0.00	        0.00	        1.00	        0.00	        1.00
  0.68	        1.00	        0.00	        0.00	        1.00	        0.00	        1.00
  0.69	        1.00	        0.00	        0.00	        1.00	        0.00	        1.00
  0.70	        1.00	        0.00	        0.00	        1.00	        0.00	        1.00
  0.71	        1.00	        0.00	        0.00	        1.00	        0.00	        1.00
  0.72	        1.00	        0.00	        0.00	        1.00	        0.00	        1.00
  0.73	        1.00	        0.00	        0.00	        1.00	        0.00	        1.00
  0.74	        1.00	        0.00	        0.00	        1.00	        0.00	        1.00
  0.75	        1.00	        0.00	        0.00	        1.00	        0.00	        1.00
  0.76	        1.00	        0.00	        0.00	        1.00	        0.00	        1.00
  0.77	        1.00	        0.00	        0.00	        1.00	        0.00	        1.00
  0.78	        1.00	        0.00	        0.00	        1.00	        0.00	        1.00
  0.79	        1.00	        0.00	        0.00	        1.00	        0.00	        1.00
  0.80	        1.00	        0.00	        0.00	        1.00	        0.00	        1.00
  0.81	        1.00	        0.00	        0.00	        1.00	        0.00	        1.00
  0.82	        1.00	        0.00	        0.00	        1.00	        0.00	        1.00
  0.83	        1.00	        0.00	        0.00	        1.00	        0.00	        1.00
  0.84	        1.00	        0.00	        0.00	        1.00	        0.00	        1.00
  0.85	        1.00	        0.00	        0.00	        1.00	        0.00	        1.00
  0.86	        1.00	        0.00	        0.00	        1.00	        0.00	        1.00
  0.87	        1.00	        0.00	        0.00	        1.00	        0.00	        1.00
  0.88	        1.00	        0.00	        0.00	        1.00	        0.00	        1.00
  0.89	        1.00	        0.00	        0.00	        1.00	        0.00	        1.00
  0.90	        1.00	        0.00	        0.00	        1.00	        0.00	        1.00
  0.91	        1.00	        0.00	        0.00	        1.00	        0.00	        1.00
  0.92	        1.00	        0.00	        0.00	        1.00	        0.00	        1.00
  0.93	        2.00	        0.00	        0.00	        1.00	        1.00	        1.00
  0.94	        2.00	        0.00	        0.00	        1.00	        1.00	        1.00
  0.95	        2.00	        0.00	        0.00	        1.00	        1.00	        1.00
  0.96	        2.00	        0.00	        0.00	        1.00	        1.00	        1.00
  0.97	        2.00	        0.00	        0.00	        1.00	        1.00	        1.00
  0.98	        2.00	        0.00	        0.00	        1.00	        1.00	        1.00
  0.99	        2.00	        0.00	        0.00	        1.00	        1.00	        1.00
  1.00	        2.00	        0.00	        0.00	        1.00	        1.00	        1.00
  1.01	        2.00	        0.00	        0.00	        1.00	        1.00	        1.00
  1.02	        2.00	        0.00	        0.00	        1.00	        1.00	        1.00
  1.03	        2.00	        0.00	        0.00	        1.00	        1.00	        1.00
  1.04	        2.00	        0.00	        0.00	        1.00	        1.00	        1.00
  1.05	        2.00	        0.00	        0.00	        1.00	        1.00	        1.00
  1.06	        2.00	        0.00	        0.00	        1.00	        1.00	        1.00
  1.07	        2.00	        0.00	        0.00	        1.00	        1.00	        1.00
  1.08	        2.00	        0.00	        0.00	        1.00	        1.00	        1.00
  1.09	        2.00	        0.00	        0.00	        1.00	        1.00	        1.00
  1.10	        3.00	        0.00	        0.00	        1.00	        2.00	        1.00
  1.11	        3.00	        0.00	        0.00	        1.00	        2.00	        1.00
  1.12	        3.00	        0.00	        0.00	        1.00	        2.00	        1.00
  1.13	        3.00	        0.00	        0.00	        1.00	        2.00	        1.00
  1.14	        3.00	        0.00	        0.00	        1.00	        2.00	        1.00
  1.15	        3.00	        0.00	        0.00	        1.00	        2.00	        1.00
  1.16	        3.00	        0.00	        0.00	        1.00	        2.00	        1.00
  1.17	        3.00	        0.00	        0.00	        1.00	        2.00	        1.00
  1.18	        3.00	        0.00	        0.00	        1.00	        2.00	        1.00
  1.19	        3.00	        0.00	        0.00	        1.00	        2.00	        1.00
  1.20	        3.00	        0.00	        0.00	        1.00	        2.00	        1.00
  1.21	        3.00	        0.00	        0.00	        1.00	        2.00	        1.00
  1.22	        4.00	        0.00	        0.00	        1.00	        3.00	        1.00
  1.23	        4.00	        0.00	        0.00	        1.00	        3.00	        1.00
  1.24	        5.00	        0.00	        0.00	        1.00	        4.00	        1.00
  1.25	        5.00	        0.00	        0.00	        1.00	        4.00	        1.00
  1.26	        6.00	        0.00	        0.00	        1.00	        5.00	        1.00
  1.27	        6.00	        0.00	        0.00	        1.00	        5.00	        1.00
  1.28	        6.00	        0.00	        0.00	        1.00	        5.00	        1.00
  1.29	        6.00	        0.00	        0.00	        1.00	        5.00	        1.00
  1.30	        6.00	        0.00	        0.00	        1.00	        5.00	        1.00
  1.31	        6.00	        0.00	        0.00	        1.00	        5.00	        1.00
  1.32	        7.00	        0.00	        0.00	        1.00	        6.00	        1.00
  1.33	        7.00	        0.00	        0.00	        1.00	        6.00	        1.00
  1.34	        7.00	        0.00	        0.00	        1.00	        6.00	        1.00
  1.35	        7.00	        0.00	        0.00	        1.00	        6.00	        1.00
  1.36	        7.00	        0.00	        0.00	        1.00	        6.00	        1.00
  1.37	        7.00	        0.00	        0.00	        1.00	        6.00	        1.00
  1.38	        8.00	        0.00	        0.00	        1.00	        7.00	        1.00
  1.39	        8.00	        0.00	        0.00	        1.00	        7.00	        1.00
  1.40	        8.00	        0.00	        0.00	        1.00	        7.00	        1.00
  1.41	        8.00	        0.00	        0.00	        1.00	        7.00	        1.00
  1.42	        8.00	        0.00	        0.00	        1.00	        7.00	        1.00
  1.43	        8.00	        0.00	        0.00	        1.00	        7.00	        1.00
  1.44	        8.00	        0.00	        0.00	        1.00	        7.00	        1.00
  1.45	        8.00	        0.00	        0.00	        1.00	        7.00	        1.00
  1.46	        9.00	        0.00	        0.00	        1.00	        8.00	        1.00
  1.47	        9.00	        0.00	        0.00	        1.00	        8.00	        1.00
  1.48	        9.00	        0.00	        0.00	        1.00	        8.00	        1.00
  1.49	        9.00	        0.00	        0.00	        1.00	        8.00	        1.00
  1.50	       10.00	        0.00	        0.00	        1.00	        9.00	        1.00
  1.51	       10.00	        0.00	        0.00	        1.00	        9.00	        1.00
  1.52	       10.00	        0.00	        0.00	        1.00	        9.00	        1.00
  1.53	       10.00	        0.00	        0.00	        1.00	        9.00	        1.00
  1.54	       10.00	        0.00	        0.00	        1.00	        9.00	        1.00
  1.55	       10.00	        0.00	        0.00	        1.00	        9.00	        1.00
  1.56	       11.00	        0.00	        0.00	        1.00	       10.00	        1.00
  1.57	       13.00	        0.00	        0.00	        1.00	       12.00	        1.00
  1.58	       13.00	        0.00	        0.00	        1.00	       12.00	        1.00
  1.59	       13.00	        0.00	        0.00	        1.00	       12.00	        1.00
  1.60	       13.00	        0.00	        0.00	        1.00	       12.00	        1.00
  1.61	       14.00	        0.00	        0.00	        1.00	       13.00	        1.00
  1.62	       15.00	        0.00	        0.00	        1.00	       14.00	        1.00
  1.63	       15.00	        0.00	        0.00	        1.00	       14.00	        1.00
  1.64	       15.00	        0.00	        0.00	        1.00	       14.00	        1.00
  1.65	       16.00	        0.00	        0.00	        1.00	       15.00	        1.00
  1.66	       16.00	        0.00	        0.00	        1.00	       15.00	        1.00
  1.67	       17.00	        0.00	        0.00	        1.00	       16.00	        1.00
  1.68	       17.00	        0.00	        0.00	        1.00	       16.00	        1.00
  1.69	       17.00	        0.00	        0.00	        1.00	       16.00	        1.00
  1.70	       17.00	        0.00	        0.00	        1.00	       16.00	        1.00
  1.71	       17.00	        0.00	        0.00	        1.00	       16.00	        1.00
  1.72	       19.00	        0.00	        0.00	        1.00	       18.00	        1.00
  1.73	       19.00	        0.00	        0.00	        1.00	       18.00	        1.00
  1.74	       19.00	        0.00	        0.00	        1.00	       18.00	        1.00
  1.75	       19.00	        0.00	        0.00	        1.00	       18.00	        1.00
  1.76	       22.00	        0.00	        0.00	        1.00	       21.00	        1.00
  1.77	       22.00	        0.00	        0.00	        1.00	       21.00	        1.00
  1.78	       22.00	        0.00	        0.00	        1.00	       21.00	        1.00
  1.79	       23.00	        0.00	        0.00	        1.00	       22.00	        1.00
  1.80	       24.00	        0.00	        0.00	        1.00	       23.00	        1.00
  1.81	       24.00	        0.00	        0.00	        1.00	       23.00	        1.00
  1.82	       24.00	        0.00	        0.00	        1.00	       23.00	        1.00
  1.83	       24.00	        0.00	        0.00	        1.00	       23.00	        1.00
  1.84	       24.00	        0.00	        0.00	        1.00	       23.00	        1.00
  1.85	       25.00	        0.00	        0.00	        1.00	       24.00	        1.00
  1.86	       27.00	        0.00	        0.00	        1.00	       26.00	        1.00
  1.87	       27.00	        0.00	        0.00	        1.00	       26.00	        1.00
  1.88	       27.00	        0.00	        0.00	        1.00	       26.00	        1.00
  1.89	       27.00	        0.00	        0.00	        1.00	       26.00	        1.00
  1.90	       28.00	        0.00	        0.00	        1.00	       27.00	        1.00
  1.91	       29.00	        0.00	        0.00	        1.00	       28.00	        1.00
  1.92	       30.00	        0.00	        0.00	        1.00	       29.00	        1.00
  1.93	       31.00	        0.00	        0.00	        1.00	       30.00	        1.00
  1.94	       32.00	        0.00	        0.00	        1.00	       31.00	        1.00
  1.95	       32.00	        0.00	        0.00	        1.00	       31.00	        1.00
  1.96	       32.00	        0.00	        0.00	        1.00	       31.00	        1.00
  1.97	       32.00	        0.00	        0.00	        1.00	       31.00	        1.00
  1.98	       32.00	        0.00	        0.00	        1.00	       31.00	        1.00
  1.99	       33.00	        0.00	        0.00	        1.00	       32.00	        1.00
  2.00	       33.00	        0.00	        0.00	        1.00	       32.00	        1.00
  2.01	       33.00	        0.00	        0.00	        1.00	       32.00	        1.00
  2.02	       33.00	        0.00	        0.00	        1.00	       32.00	        1.00
  2.03	       33.00	        0.00	        0.00	        1.00	       32.00	        1.00
  2.04	       34.00	        0.00	        0.00	        1.00	       33.00	        1.00
  2.05	       35.00	        0.00	        0.00	        1.00	       34.00	        1.00
  2.06	       36.00	        0.00	        0.00	        1.00	       35.00	        1.00
  2.07	       36.00	        0.00	        0.00	        1.00	       35.00	        1.00
  2.08	       36.00	        0.00	        0.00	        1.00	       35.00	        1.00
  2.09	       37.00	        0.00	        0.00	        1.00	       36.00	        1.00
  2.10	       37.00	        0.00	        0.00	        1.00	       36.00	        1.00
  2.11	       39.00	        0.00	        0.00	        1.00	       38.00	        1.00
  2.12	       40.00	        0.00	        0.00	        1.00	       39.00	        1.00
  2.13	       41.00	        0.00	        0.00	        1.00	       40.00	        1.00
  2.14	       41.00	        0.00	        0.00	        1.00	       40.00	        1.00
  2.15	       41.00	        0.00	        0.00	        1.00	       40.00	        1.00
  2.16	       41.00	        0.00	        0.00	        1.00	       40.00	        1.00
  2.17	       45.00	        0.00	        0.00	        1.00	       44.00	        1.00
  2.18	       47.00	        0.00	        0.00	        1.00	       46.00	        1.00
  2.19	       48.00	        0.00	        0.00	        1.00	       47.00	        1.00
  2.20	       48.00	        0.00	        0.00	        1.00	       47.00	        1.00
  2.21	       50.00	        0.00	        0.00	        1.00	       49.00	        1.00
  2.22	       50.00	        0.00	        0.00	        1.00	       49.00	        1.00
  2.23	       53.00	        0.00	        0.00	        1.00	       52.00	        1.00
  2.24	       55.00	        0.00	        0.00	        1.00	       54.00	        1.00
  2.25	       55.00	        0.00	        0.00	        1.00	       54.00	        1.00
  2.26	       57.00	        0.00	        0.00	        1.00	       56.00	        1.00
  2.27	       62.00	        0.00	        0.00	        1.00	       61.00	        1.00
  2.28	       63.00	        0.00	        0.00	        1.00	       62.00	        1.00
  2.29	       64.00	        0.00	        0.00	        1.00	       63.00	        1.00
  2.30	       65.00	        0.00	        0.00	        1.00	       64.00	        1.00
  2.31	       66.00	        0.00	        0.00	        1.00	       65.00	        1.00
  2.32	       68.00	        0.00	        0.00	        1.00	       67.00	        1.00
  2.33	       69.00	        0.00	        0.00	        1.00	       68.00	        1.00
  2.34	       69.00	        0.00	        0.00	        1.00	       68.00	        1.00
  2.35	       69.00	        0.00	        0.00	        1.00	       68.00	        1.00
  2.36	       70.00	        0.00	        0.00	        1.00	       69.00	        1.00
  2.37	       71.00	        0.00	        0.00	        1.00	       70.00	        1.00
  2.38	       72.00	        0.00	        0.00	        1.00	       71.00	        1.00
  2.39	       72.00	        0.00	        0.00	        1.00	       71.00	        1.00
  2.40	       73.00	        0.00	        0.00	        1.00	       72.00	        1.00
  2.41	       75.00	        0.00	        0.00	        1.00	       74.00	        1.00
  2.42	       76.00	        0.00	        0.00	        1.00	       75.00	        1.00
  2.43	       78.00	        0.00	        0.00	        1.00	       77.00	        1.00
  2.44	       79.00	        0.00	        0.00	        1.00	       78.00	        1.00
  2.45	       81.00	        0.00	        0.00	        1.00	       80.00	        1.00
  2.46	       86.00	        0.00	        0.00	        1.00	       85.00	        1.00
  2.47	       87.00	        0.00	        0.00	        1.00	       86.00	        1.00
  2.48	       90.00	        0.00	        0.00	        1.00	       89.00	        1.00
  2.49	       93.00	        0.00	        0.00	        1.00	       92.00	        1.00
  2.50	       96.00	        0.00	        0.00	        1.00	       95.00	        1.00
  2.51	       98.00	        0.00	        0.00	        1.00	       97.00	        1.00
  2.52	       98.00	        0.00	        0.00	        1.00	       97.00	        1.00
  2.53	       99.00	        0.00	        0.00	        1.00	       98.00	        1.00
  2.54	      100.00	        0.00	        0.00	        1.00	       99.00	        1.00
  2.55	      101.00	        0.00	        0.00	        1.00	      100.00	        1.00
  2.56	      101.00	        0.00	        0.00	        1.00	      100.00	        1.00
  2.57	      101.00	        0.00	        0.00	        1.00	      100.00	        1.00
  2.58	      101.00	        0.00	        0.00	        1.00	      100.00	        1.00
  2.59	      103.00	        0.00	        0.00	        1.00	      102.00	        1.00
  2.60	      106.00	        0.00	        0.00	        1.00	      105.00	        1.00
  2.61	      108.00	        0.00	        0.00	        1.00	      107.00	        1.00
  2.62	      109.00	        0.00	        0.00	        1.00	      108.00	        1.00
  2.63	      110.00	        0.00	        0.00	        1.00	      109.00	        1.00
  2.64	      111.00	        0.00	        0.00	        1.00	      110.00	        1.00
  2.65	      113.00	        0.00	        0.00	        1.00	      112.00	        1.00
  2.66	      113.00	        0.00	        0.00	        1.00	      112.00	        1.00
  2.67	      116.00	        0.00	        0.00	        1.00	      115.00	        1.00
  2.68	      116.00	        0.00	        0.00	        1.00	      115.00	        1.00
  2.69	      117.00	        0.00	        0.00	        1.00	      116.00	        1.00
  2.70	      121.00	        0.00	        0.00	        1.00	      120.00	        1.00
  2.71	      124.00	        0.00	        0.00	        1.00	      123.00	        1.00
  2.72	      126.00	        0.00	        0.00	        1.00	      125.00	        1.00
  2.73	      128.00	        0.00	        0.00	        1.00	      127.00	        1.00
  2.74	      130.00	        0.00	        0.00	        1.00	      129.00	        1.00
  2.75	      133.00	        0.00	        0.00	        1.00	      132.00	        1.00
  2.76	      135.00	        0.00	        0.00	        1.00	      134.00	        1.00
  2.77	      137.00	        0.00	        0.00	        1.00	      136.00	        1.00
  2.78	      138.00	        0.00	        0.00	        1.00	      137.00	        1.00
  2.79	      139.00	        0.00	        0.00	        1.00	      138.00	        1.00
  2.80	      142.00	        0.00	        0.00	        1.00	      141.00	        1.00
  2.81	      146.00	        0.00	        0.00	        1.00	      145.00	        1.00
  2.82	      150.00	        0.00	        0.00	        1.00	      149.00	        1.00
  2.83	      153.00	        0.00	        0.00	        1.00	      152.00	        1.00
  2.84	      155.00	        0.00	        0.00	        1.00	      154.00	        1.00
  2.85	      156.00	        0.00	        0.00	        1.00	      155.00	        1.00
  2.86	      156.00	        0.00	        0.00	        1.00	      155.00	        1.00
  2.87	      158.00	        0.00	        0.00	        1.00	      157.00	        1.00
  2.88	      160.00	        0.00	        0.00	        1.00	      159.00	        1.00
  2.89	      162.00	        0.00	        0.00	        1.00	      161.00	        1.00
  2.90	      164.00	        0.00	        0.00	        1.00	      163.00	        1.00
  2.91	      165.00	        0.00	        0.00	        1.00	      164.00	        1.00
  2.92	      168.00	        0.00	        0.00	        1.00	      167.00	        1.00
  2.93	      176.00	        0.00	        0.00	        1.00	      175.00	        1.00
  2.94	      181.00	        0.00	        0.00	        1.00	      180.00	        1.00
  2.95	      183.00	        0.00	        0.00	        1.00	      182.00	        1.00
  2.96	      185.00	        0.00	        0.00	        1.00	      184.00	        1.00
  2.97	      188.00	        0.00	        0.00	        1.00	      187.00	        1.00
  2.98	      194.00	        0.00	        0.00	        1.00	      193.00	        1.00
  2.99	      200.00	        0.00	        0.00	        1.00	      199.00	        1.00
  3.00	      202.00	        0.00	        0.00	        1.00	      201.00	        1.00
  3.01	      204.00	        0.00	        0.00	        1.00	      203.00	        1.00
  3.02	      207.00	        0.00	        0.00	        1.00	      206.00	        1.00
  3.03	      209.00	        0.00	        0.00	        1.00	      208.00	        1.00
  3.04	      213.00	        0.00	        0.00	        1.00	      212.00	        1.00
  3.05	      215.00	        0.00	        0.00	        1.00	      214.00	        1.00
  3.06	      216.00	        0.00	        0.00	        1.00	      215.00	        1.00
  3.07	      218.00	        0.00	        0.00	        1.00	      217.00	        1.00
  3.08	      223.00	        0.00	        0.00	        1.00	      222.00	        1.00
  3.09	      225.00	        0.00	        0.00	        1.00	      224.00	        1.00
  3.10	      230.00	        0.00	        0.00	        1.00	      229.00	        1.00
  3.11	      230.00	        0.00	        0.00	        1.00	      229.00	        1.00
  3.12	      233.00	        0.00	        0.00	        1.00	      232.00	        1.00
  3.13	      235.00	        0.00	        0.00	        1.00	      234.00	        1.00
  3.14	      236.00	        0.00	        0.00	        1.00	      235.00	        1.00
  3.15	      237.00	        0.00	        0.00	        1.00	      236.00	        1.00
  3.16	      245.00	        0.00	        0.00	        1.00	      244.00	        1.00
  3.17	      250.00	        0.00	        0.00	        1.00	      249.00	        1.00
  3.18	      251.00	        0.00	        0.00	        1.00	      250.00	        1.00
  3.19	      252.00	        0.00	        0.00	        1.00	      251.00	        1.00
  3.20	      255.00	        0.00	        0.00	        1.00	      254.00	        1.00
  3.21	      261.00	        0.00	        0.00	        1.00	      260.00	        1.00
  3.22	      264.00	        0.00	        0.00	        1.00	      263.00	        1.00
  3.23	      266.00	        0.00	        0.00	        1.00	      265.00	        1.00
  3.24	      271.00	        0.00	        0.00	        1.00	      270.00	        1.00
  3.25	      275.00	        0.00	        0.00	        1.00	      274.00	        1.00
  3.26	      277.00	        0.00	        0.00	        1.00	      276.00	        1.00
  3.27	      278.00	        0.00	        0.00	        1.00	      277.00	        1.00
  3.28	      286.00	        0.00	        0.00	        1.00	      285.00	        1.00
  3.29	      294.00	        0.00	        0.00	        1.00	      293.00	        1.00
  3.30	      299.00	        0.00	        0.00	        1.00	      298.00	        1.00
  3.31	      304.00	        0.00	        0.00	        1.00	      303.00	        1.00
  3.32	      311.00	        0.00	        0.00	        1.00	      310.00	        1.00
  3.33	      316.00	        0.00	        0.00	        1.00	      315.00	        1.00
  3.34	      322.00	        0.00	        0.00	        1.00	      321.00	        1.00
  3.35	      327.00	        0.00	        0.00	        1.00	      326.00	        1.00
  3.36	      331.00	        0.00	        0.00	        1.00	      330.00	        1.00
  3.37	      339.00	        0.00	        0.00	        1.00	      338.00	        1.00
  3.38	      345.00	        0.00	        0.00	        1.00	      344.00	        1.00
  3.39	      349.00	        0.00	        0.00	        1.00	      348.00	        1.00
  3.40	      357.00	        0.00	        0.00	        1.00	      356.00	        1.00
  3.41	      363.00	        0.00	        0.00	        1.00	      362.00	        1.00
  3.42	      373.00	        0.00	        0.00	        1.00	      372.00	        1.00
  3.43	      380.00	        0.00	        0.00	        1.00	      379.00	        1.00
  3.44	      386.00	        0.00	        0.00	        1.00	      385.00	        1.00
  3.45	      391.00	        0.00	        0.00	        1.00	      390.00	        1.00
  3.46	      403.00	        0.00	        0.00	        1.00	      402.00	        1.00
  3.47	      411.00	        0.00	        0.00	        1.00	      410.00	        1.00
  3.48	      419.00	        0.00	        0.00	        1.00	      418.00	        1.00
  3.49	      422.00	        0.00	        0.00	        1.00	      421.00	        1.00
  3.50	      429.00	        0.00	        0.00	        1.00	      428.00	        1.00
  3.51	      436.00	        0.00	        0.00	        1.00	      435.00	        1.00
  3.52	      444.00	        0.00	        0.00	        1.00	      443.00	        1.00
  3.53	      454.00	        0.00	        0.00	        1.00	      453.00	        1.00
  3.54	      463.00	        0.00	        0.00	        1.00	      462.00	        1.00
  3.55	      469.00	        0.00	        0.00	        1.00	      468.00	        1.00
  3.56	      479.00	        0.00	        0.00	        1.00	      478.00	        1.00
  3.57	      485.00	        0.00	        0.00	        1.00	      484.00	        1.00
  3.58	      493.00	        0.00	        0.00	        1.00	      492.00	        1.00
  3.59	      499.00	        0.00	        0.00	        1.00	      498.00	        1.00
  3.60	      510.00	        0.00	        0.00	        1.00	      509.00	        1.00
  3.61	      521.00	        0.00	        0.00	        1.00	      520.00	        1.00
  3.62	      531.00	        0.00	        0.00	        1.00	      530.00	        1.00
  3.63	      541.00	        0.00	        0.00	        1.00	      540.00	        1.00
  3.64	      546.00	        0.00	        0.00	        1.00	      545.00	        1.00
  3.65	      555.00	        0.00	        0.00	        1.00	      554.00	        1.00
  3.66	      557.00	        0.00	        0.00	        1.00	      556.00	        1.00
  3.67	      568.00	        0.00	        0.00	        1.00	      567.00	        1.00
  3.68	      576.00	        0.00	        0.00	        1.00	      575.00	        1.00
  3.69	      587.00	        0.00	        0.00	        1.00	      586.00	        1.00
  3.70	      593.00	        0.00	        0.00	        1.00	      592.00	        1.00
  3.71	      603.00	        0.00	        0.00	        1.00	      602.00	        1.00
  3.72	      612.00	        0.00	        0.00	        1.00	      611.00	        1.00
  3.73	      626.00	        0.00	        0.00	        1.00	      625.00	        1.00
  3.74	      633.00	        0.00	        0.00	        1.00	      632.00	        1.00
  3.75	      644.00	        0.00	        0.00	        1.00	      643.00	        1.00
  3.76	      656.00	        0.00	        0.00	        1.00	      655.00	        1.00
  3.77	      666.00	        0.00	        0.00	        1.00	      665.00	        1.00
  3.78	      673.00	        0.00	        0.00	        1.00	      672.00	        1.00
  3.79	      688.00	        0.00	        0.00	        1.00	      687.00	        1.00
  3.80	      700.00	        0.00	        0.00	        1.00	      699.00	        1.00
  3.81	      712.00	        0.00	        0.00	        1.00	      711.00	        1.00
  3.82	      722.00	        0.00	        0.00	        1.00	      721.00	        1.00
  3.83	      736.00	        0.00	        0.00	        1.00	      735.00	        1.00
  3.84	      747.00	        0.00	        0.00	        1.00	      746.00	        1.00
  3.85	      757.00	        0.00	        0.00	        1.00	      756.00	        1.00
  3.86	      779.00	        0.00	        0.00	        1.00	      778.00	        1.00
  3.87	      795.00	        0.00	        0.00	        1.00	      794.00	        1.00
  3.88	      809.00	        0.00	        0.00	        1.00	      808.00	        1.00
  3.89	      826.00	        0.00	        0.00	        1.00	      825.00	        1.00
  3.90	      836.00	        0.00	        0.00	        1.00	      835.00	        1.00
  3.91	      844.00	        0.00	        0.00	        1.00	      843.00	        1.00
  3.92	      850.00	        0.00	        0.00	        1.00	      849.00	        1.00
  3.93	      863.00	        0.00	        0.00	        1.00	      862.00	        1.00
  3.94	      888.00	        0.00	        0.00	        1.00	      887.00	        1.00
  3.95	      904.00	        0.00	        0.00	        1.00	      903.00	        1.00
  3.96	      912.00	        0.00	        0.00	        1.00	      911.00	        1.00
  3.97	      931.00	        0.00	        0.00	        1.00	      930.00	        1.00
  3.98	      946.00	        0.00	        0.00	        1.00	      945.00	        1.00
  3.99	      962.00	        0.00	        0.00	        1.00	      961.00	        1.00
  4.00	      985.00	        0.00	   600000.00	        1.00	      984.00	        1.00
  4.01	     1003.00	        0.00	   599984.00	        1.00	     1002.00	        1.00
  4.02	     1019.00	        0.00	   599975.00	        1.00	     1018.00	        1.00
  4.03	     1033.00	        0.00	   599958.00	        1.00	     1032.00	        1.00
  4.04	     1049.00	        0.00	   599941.00	        1.00	     1048.00	        1.00
  4.05	     1064.00	        0.00	   599924.00	        1.00	     1063.00	        1.00
  4.06	     1083.00	        0.00	   599904.00	        1.00	     1082.00	        1.00
  4.07	     1107.00	        0.00	   599885.00	        1.00	     1106.00	        1.00
  4.08	     1129.00	        0.00	   599871.00	        1.00	     1128.00	        1.00
  4.09	     1146.00	        0.00	   599852.00	        1.00	     1145.00	        1.00
  4.10	     1160.00	        0.00	   599837.00	        1.00	     1159.00	        1.00
  4.11	     1174.00	        0.00	   599821.00	        1.00	     1173.00	        1.00
  4.12	     1194.00	        0.00	   599802.00	        1.00	     1193.00	        1.00
  4.13	     1212.00	        0.00	   599791.00	        1.00	     1211.00	        1.00
  4.14	     1223.00	        0.00	   599775.00	        1.00	     1222.00	        1.00
  4.15	     1245.00	        0.00	   599755.00	        1.00	     1244.00	        1.00
  4.16	     1259.00	        0.00	   599737.00	        1.00	     1258.00	        1.00
  4.17	     1287.00	        0.00	   599721.00	        1.00	     1286.00	        1.00
  4.18	     1298.00	        0.00	   599701.00	        1.00	     1297.00	        1.00
  4.19	     1318.00	        0.00	   599674.00	        1.00	     1317.00	        1.00
  4.20	     1335.00	        0.00	   599661.00	        1.00	     1334.00	        1.00
  4.21	     1350.00	        0.00	   599648.00	        1.00	     1349.00	        1.00
  4.22	     1364.00	        0.00	   599630.00	        1.00	     1363.00	        1.00
  4.23	     1387.00	        0.00	   599613.00	        1.00	     1386.00	        1.00
  4.24	     1411.00	        0.00	   599596.00	        1.00	     1410.00	        1.00
  4.25	     1436.00	        0.00	   599575.00	        1.00	     1435.00	        1.00
  4.26	     1451.00	        0.00	   599563.00	        1.00	     1450.00	        1.00
  4.27	     1473.00	        0.00	   599547.00	        1.00	     1472.00	        1.00
  4.28	     1500.00	        0.00	   599529.00	        1.00	     1499.00	        1.00
  4.29	     1519.00	        0.00	   599510.00	        1.00	     1518.00	        1.00
  4.30	     1537.00	        0.00	   599496.00	        1.00	     1536.00	        1.00
  4.31	     1557.00	        0.00	   599474.00	        1.00	     1556.00	        1.00
  4.32	     1583.00	        0.00	   599454.00	        1.00	     1582.00	        1.00
  4.33	     1602.00	        0.00	   599438.00	        1.00	     1601.00	        1.00
  4.34	     1624.00	        0.00	   599417.00	        1.00	     1623.00	        1.00
  4.35	     1645.00	        0.00	   599399.00	        1.00	     1644.00	        1.00
  4.36	     1668.00	        0.00	   599381.00	        1.00	     1667.00	        1.00
  4.37	     1687.00	        0.00	   599365.00	        1.00	     1686.00	        1.00
  4.38	     1712.00	        0.00	   599352.00	        1.00	     1711.00	        1.00
  4.39	     1735.00	        0.00	   599340.00	        1.00	     1734.00	        1.00
  4.40	     1764.00	        0.00	   599316.00	        1.00	     1763.00	        1.00
  4.41	     1795.00	        0.00	   599299.00	        1.00	     1794.00	        1.00
  4.42	     1819.00	        0.00	   599284.00	        1.00	     1818.00	        1.00
  4.43	     1850.00	        0.00	   599272.00	        1.00	     1849.00	        1.00
  4.44	     1882.00	        0.00	   599257.00	        1.00	     1881.00	        1.00
  4.45	     1917.00	        1.00	   599238.00	        1.00	     1917.00	        1.00
  4.46	     1948.00	        1.00	   599218.00	        1.00	     1948.00	        1.00
  4.47	     1985.00	        1.00	   599205.00	        1.00	     1985.00	        1.00
  4.48	     2023.00	        1.00	   599185.00	        1.00	     2023.00	        1.00
  4.49	     2058.00	        1.00	   599168.00	        1.00	     2058.00	        1.00
  4.50	     2085.00	        1.00	   599146.00	        1.00	     2085.00	        1.00
  4.51	     2115.00	        1.00	   599133.00	        1.00	     2115.00	        1.00
  4.52	     2158.00	        1.00	   599117.00	        1.00	     2158.00	        1.00
  4.53	     2202.00	        1.00	   599100.00	        1.00	     2202.00	        1.00
  4.54	     2247.00	        1.00	   599083.00	        1.00	     2247.00	        1.00
  4.55	     2272.00	        1.00	   599064.00	        1.00	     2272.00	        1.00
  4.56	     2308.00	        1.00	   599051.00	        1.00	     2308.00	        1.00
  4.57	     2342.00	        1.00	   599037.00	        1.00	     2342.00	        1.00
  4.58	     2382.00	        1.00	   599022.00	        1.00	     2382.00	        1.00
  4.59	     2411.00	        1.00	   599012.00	        1.00	     2411.00	        1.00
  4.60	     2456.00	        1.00	   598993.00	        1.00	     2456.00	        1.00
  4.61	     2504.00	        1.00	   598980.00	        1.00	     2504.00	        1.00
  4.62	     2544.00	        1.00	   598964.00	        1.00	     2544.00	        1.00
  4.63	     2582.00	        1.00	   598940.00	        1.00	     2582.00	        1.00
  4.64	     2620.00	        2.00	   598917.00	        1.00	     2621.00	        1.00
  4.65	     2669.00	        2.00	   598890.00	        1.00	     2670.00	        1.00
  4.66	     2720.00	        2.00	   598879.00	        1.00	     2721.00	        1.00
  4.67	     2763.00	        2.00	   598858.00	        1.00	     2764.00	        1.00
  4.68	     2811.00	        2.00	   598843.00	        1.00	     2812.00	        1.00
  4.69	     2864.00	        2.00	   598829.00	        1.00	     2865.00	        1.00
  4.70	     2921.00	        2.00	   598812.00	        1.00	     2922.00	        1.00
  4.71	     2977.00	        2.00	   598787.00	        1.00	     2978.00	        1.00
  4.72	     3020.00	        5.00	   598768.00	        1.00	     3024.00	        1.00
  4.73	     3082.00	        7.00	   598747.00	        1.00	     3088.00	        1.00
  4.74	     3137.00	        7.00	   598734.00	        1.00	     3143.00	        1.00
  4.75	     3186.00	        7.00	   598717.00	        1.00	     3192.00	        1.00
  4.76	     3247.00	        7.00	   598701.00	        1.00	     3253.00	        1.00
  4.77	     3299.00	        7.00	   598676.00	        1.00	     3305.00	        1.00
  4.78	     3362.00	        7.00	   598656.00	        1.00	     3368.00	        1.00
  4.79	     3415.00	        7.00	   598637.00	        1.00	     3421.00	        1.00
  4.80	     3474.00	        7.00	   598607.00	        1.00	     3480.00	        1.00
  4.81	     3541.00	        7.00	   598578.00	        1.00	     3547.00	        1.00
  4.82	     3596.00	        7.00	   598558.00	        1.00	     3602.00	        1.00
  4.83	     3643.00	        8.00	   598538.00	        1.00	     3650.00	        1.00
  4.84	     3701.00	        8.00	   598521.00	        1.00	     3708.00	        1.00
  4.85	     3767.00	        8.00	   598496.00	        1.00	     3774.00	        1.00
  4.86	     3826.00	        8.00	   598476.00	        1.00	     3833.00	        1.00
  4.87	     3880.00	        8.00	   598458.00	        1.00	     3887.00	        1.00
  4.88	     3947.00	        8.00	   598442.00	        1.00	     3954.00	        1.00
  4.89	     4013.00	        8.00	   598429.00	        1.00	     4020.00	        1.00
  4.90	     4070.00	        8.00	   598409.00	        1.00	     4077.00	        1.00
  4.91	     4147.00	        8.00	   598393.00	        1.00	     4154.00	        1.00
  4.92	     4209.00	        8.00	   598372.00	        1.00	     4216.00	        1.00
  4.93	     4282.00	        8.00	   598345.00	        1.00	     4289.00	        1.00
  4.94	     4334.00	       11.00	   598334.00	        1.00	     4344.00	        1.00
  4.95	     4401.00	       11.00	   598316.00	        1.00	     4411.00	        1.00
  4.96	     4472.00	       11.00	   598302.00	        1.00	     4482.00	        1.00
  4.97	     4561.00	       13.00	   598293.00	        1.00	     4573.00	        1.00
  4.98	     4654.00	       13.00	   598272.00	        1.00	     4666.00	        1.00
  4.99	     4720.00	       13.00	   598253.00	        1.00	     4732.00	        1.00
  5.00	     4789.00	       13.00	   598239.00	        1.00	     4801.00	        1.00
  5.01	     4848.00	       13.00	   598221.00	        1.00	     4860.00	        1.00
  5.02	     4911.00	       14.00	   598195.00	        1.00	     4924.00	        1.00
  5.03	     5001.00	       14.00	   598178.00	        1.00	     5014.00	        1.00
  5.04	     5068.00	       14.00	   598157.00	        1.00	     5081.00	        1.00
  5.05	     5158.00	       14.00	   598139.00	        1.00	     5171.00	        1.00
  5.06	     5248.00	       14.00	   598117.00	        1.00	     5261.00	        1.00
  5.07	     5327.00	       15.00	   598099.00	        1.00	     5341.00	        1.00
  5.08	     5407.00	       15.00	   598084.00	        1.00	     5421.00	        1.00
  5.09	     5492.00	       15.00	   598061.00	        1.00	     5506.00	        1.00
  5.10	     5582.00	       15.00	   598043.00	        1.00	     5596.00	        1.00
  5.11	     5669.00	       16.00	   598023.00	        1.00	     5684.00	        1.00
  5.12	     5765.00	       16.00	   597999.00	        1.00	     5780.00	        1.00
  5.13	     5838.00	       16.00	   597984.00	        1.00	     5853.00	        1.00
  5.14	     5937.00	       16.00	   597961.00	        1.00	     5952.00	        1.00
  5.15	     6018.00	       16.00	   597944.00	        1.00	     6033.00	        1.00
  5.16	     6104.00	       16.00	   597924.00	        1.00	     6119.00	        1.00
  5.17	     6220.00	       16.00	   597904.00	        1.00	     6235.00	        1.00
  5.18	     6319.00	       16.00	   597891.00	        1.00	     6334.00	        1.00
  5.19	     6418.00	       16.00	   597873.00	        1.00	     6433.00	        1.00
  5.20	     6535.00	       16.00	   597851.00	        1.00	     6550.00	        1.00
  5.21	     6653.00	       17.00	   597834.00	        1.00	     6669.00	        1.00
  5.22	     6753.00	       17.00	   597806.00	        1.00	     6769.00	        1.00
  5.23	     6864.00	       17.00	   597785.00	        1.00	     6880.00	        1.00
  5.24	     6950.00	       18.00	   597761.00	        1.00	     6967.00	        1.00
  5.25	     7061.00	       18.00	   597745.00	        1.00	     7078.00	        1.00
  5.26	     7194.00	       18.00	   597729.00	        1.00	     7211.00	        1.00
  5.27	     7321.00	       18.00	   597705.00	        1.00	     7338.00	        1.00
  5.28	     7435.00	       18.00	   597691.00	        1.00	     7452.00	        1.00
  5.29	     7542.00	       18.00	   597679.00	        1.00	     7559.00	        1.00
  5.30	     7656.00	       18.00	   597661.00	        1.00	     7673.00	        1.00
  5.31	     7773.00	       18.00	   597643.00	        1.00	     7790.00	        1.00
  5.32	     7892.00	       20.00	   597629.00	        1.00	     7911.00	        1.00
  5.33	     8028.00	       20.00	   597612.00	        1.00	     8047.00	        1.00
  5.34	     8154.00	       20.00	   597595.00	        1.00	     8173.00	        1.00
  5.35	     8286.00	       22.00	   597575.00	        1.00	     8307.00	        1.00
  5.36	     8424.00	       22.00	   597562.00	        1.00	     8445.00	        1.00
  5.37	     8580.00	       25.00	   597546.00	        1.00	     8604.00	        1.00
  5.38	     8696.00	       25.00	   597534.00	        1.00	     8720.00	        1.00
  5.39	     8840.00	       26.00	   597521.00	        1.00	     8865.00	        1.00
  5.40	     8971.00	       31.00	   597497.00	        1.00	     9001.00	        1.00
  5.41	     9100.00	       31.00	   597480.00	        1.00	     9130.00	        1.00
  5.42	     9243.00	       33.00	   597458.00	        1.00	     9275.00	        1.00
  5.43	     9395.00	       33.00	   597432.00	        1.00	     9427.00	        1.00
  5.44	     9571.00	       33.00	   597416.00	        1.00	     9603.00	        1.00
  5.45	     9718.00	       33.00	   597402.00	        1.00	     9750.00	        1.00
  5.46	     9860.00	       36.00	   597387.00	        1.00	     9895.00	        1.00
  5.47	    10030.00	       36.00	   597369.00	        1.00	    10065.00	        1.00
  5.48	    10195.00	       36.00	   597348.00	        1.00	    10230.00	        1.00
  5.49	    10375.00	       36.00	   597333.00	        1.00	    10410.00	        1.00
  5.50	    10549.00	       36.00	   597323.00	        1.00	    10584.00	        1.00
  5.51	    10505.00	      250.00	   597510.00	        1.00	    10755.00	        1.00
  5.52	    10453.00	      459.00	   597698.00	        1.00	    10913.00	        1.00
  5.53	    10648.00	      462.00	   597679.00	        1.00	    11111.00	        1.00
  5.54	    10803.00	      466.00	   597658.00	        1.00	    11270.00	        1.00
  5.55	    10963.00	      466.00	   597644.00	        1.00	    11430.00	        1.00
  5.56	    11144.00	      468.00	   597625.00	        1.00	    11613.00	        1.00
  5.57	    11317.00	      469.00	   597608.00	        1.00	    11787.00	        1.00
  5.58	    11483.00	      470.00	   597600.00	        1.00	    11954.00	        1.00
  5.59	    11678.00	      470.00	   597583.00	        1.00	    12149.00	        1.00
  5.60	    11880.00	      472.00	   597562.00	        1.00	    12353.00	        1.00
  5.61	    12048.00	      473.00	   597538.00	        1.00	    12522.00	        1.00
  5.62	    12250.00	      473.00	   597513.00	        1.00	    12724.00	        1.00
  5.63	    12430.00	      473.00	   597490.00	        1.00	    12904.00	        1.00
  5.64	    12447.00	      680.00	   597672.00	        1.00	    13129.00	        1.00
  5.65	    12658.00	      680.00	   597646.00	        1.00	    13340.00	        1.00
  5.66	    12845.00	      683.00	   597629.00	        1.00	    13530.00	        1.00
  5.67	    13058.00	      685.00	   597617.00	        1.00	    13745.00	        1.00
  5.68	    13264.00	      685.00	   597603.00	        1.00	    13951.00	        1.00
  5.69	    13483.00	      685.00	   597589.00	        1.00	    14170.00	        1.00
  5.70	    13703.00	      689.00	   597570.00	        1.00	    14394.00	        1.00
  5.71	    13917.00	      690.00	   597549.00	        1.00	    14609.00	        1.00
  5.72	    14109.00	      691.00	   597526.00	        1.00	    14802.00	        1.00
  5.73	    14372.00	      693.00	   597509.00	        1.00	    15067.00	        1.00
  5.74	    14401.00	      884.00	   597695.00	        1.00	    15288.00	        1.00
  5.75	    14671.00	      886.00	   597675.00	        1.00	    15560.00	        1.00
  5.76	    14933.00	      887.00	   597664.00	        1.00	    15823.00	        1.00
  5.77	    15169.00	      892.00	   597637.00	        1.00	    16064.00	        1.00
  5.78	    15413.00	      894.00	   597615.00	        1.00	    16310.00	        1.00
  5.79	    15674.00	      894.00	   597590.00	        1.00	    16571.00	        1.00
  5.80	    15729.00	     1073.00	   597770.00	        1.00	    16806.00	        1.00
  5.81	    15971.00	     1076.00	   597751.00	        1.00	    17051.00	        1.00
  5.82	    16194.00	     1078.00	   597734.00	        1.00	    17276.00	        1.00
  5.83	    16480.00	     1078.00	   597713.00	        1.00	    17562.00	        1.00
  5.84	    16732.00	     1078.00	   597701.00	        1.00	    17814.00	        1.00
  5.85	    17023.00	     1078.00	   597689.00	        1.00	    18105.00	        1.00
  5.86	    17282.00	     1081.00	   597670.00	        1.00	    18367.00	        1.00
  5.87	    17553.00	     1081.00	   597652.00	        1.00	    18638.00	        1.00
  5.88	    17828.00	     1085.00	   597625.00	        1.00	    18917.00	        1.00
  5.89	    17941.00	     1283.00	   597806.00	        1.00	    19229.00	        1.00
  5.90	    18235.00	     1285.00	   597784.00	        1.00	    19525.00	        1.00
  5.91	    18529.00	     1285.00	   597761.00	        1.00	    19819.00	        1.00
  5.92	    18610.00	     1479.00	   597939.00	        1.00	    20095.00	        1.00
  5.93	    18907.00	     1483.00	   597918.00	        1.00	    20396.00	        1.00
  5.94	    19201.00	     1483.00	   597904.00	        1.00	    20690.00	        1.00
  5.95	    19341.00	     1660.00	   598086.00	        1.00	    21008.00	        1.00
  5.96	    19649.00	     1660.00	   598065.00	        1.00	    21316.00	        1.00
  5.97	    19752.00	     1853.00	   598249.00	        1.00	    21613.00	        1.00
  5.98	    20060.00	     1865.00	   598225.00	        1.00	    21933.00	        1.00
  5.99	    20387.00	     1867.00	   598199.00	        1.00	    22262.00	        1.00
  6.00	    20344.00	     2240.00	   598575.00	        1.00	    22594.00	        1.00
  6.01	    20319.00	     2580.00	   598948.00	        1.00	    22911.00	        1.00
  6.02	    20267.00	     2940.00	   599330.00	        1.00	    23221.00	        1.00
  6.03	    20403.00	     3126.00	   599508.00	        1.00	    23544.00	        1.00
  6.04	    20743.00	     3131.00	   599484.00	        1.00	    23889.00	        1.00
  6.05	    20668.00	     3509.00	   599870.00	        1.00	    24194.00	        1.00
  6.06	    20660.00	     3842.00	   600245.00	        1.00	    24521.00	        1.00
  6.07	    20837.00	     4001.00	   600418.00	        1.00	    24858.00	        1.00
  6.08	    21026.00	     4174.00	   600590.00	        1.00	    25221.00	        1.00
  6.09	    21199.00	     4343.00	   600770.00	        1.00	    25564.00	        1.00
  6.10	    21383.00	     4503.00	   600948.00	        1.00	    25909.00	        1.00
  6.11	    21259.00	     4996.00	   601525.00	        1.00	    26281.00	        1.00
  6.12	    21580.00	     5000.00	   601504.00	        1.00	    26606.00	        1.00
  6.13	    21763.00	     5171.00	   601673.00	        1.00	    26961.00	        1.00
  6.14	    21632.00	     5655.00	   602235.00	        1.00	    27317.00	        1.00
  6.15	    21523.00	     6104.00	   602810.00	        1.00	    27660.00	        1.00
  6.16	    21310.00	     6676.00	   603584.00	        1.00	    28023.00	        1.00
  6.17	    21487.00	     6843.00	   603754.00	        1.00	    28368.00	        1.00
  6.18	    21049.00	     7628.00	   604722.00	        1.00	    28720.00	        1.00
  6.19	    21416.00	     7633.00	   604693.00	        1.00	    29092.00	        1.00
  6.20	    21467.00	     7936.00	   605065.00	        1.00	    29448.00	        1.00
  6.21	    20929.00	     8801.00	   606229.00	        1.00	    29781.00	        1.00
  6.22	    20799.00	     9244.00	   606802.00	        1.00	    30097.00	        1.00
  6.23	    19767.00	    10607.00	   608756.00	        1.00	    30438.00	        1.00
  6.24	    19688.00	    11002.00	   609312.00	        1.00	    30757.00	        1.00
  6.25	    19247.00	    11752.00	   610463.00	        1.00	    31072.00	        1.00
  6.26	    18688.00	    12640.00	   611811.00	        1.00	    31408.00	        1.00
  6.27	    18860.00	    12771.00	   611960.00	        1.00	    31712.00	        1.00
  6.28	    18137.00	    13774.00	   613503.00	        1.00	    32000.00	        1.00
  6.29	    17826.00	    14354.00	   614450.00	        1.00	    32274.00	        1.00
  6.30	    17564.00	    14913.00	   615396.00	        1.00	    32576.00	        1.00
  6.31	    17279.00	    15478.00	   616333.00	        1.00	    32861.00	        1.00
  6.32	    16393.00	    16632.00	   618467.00	        1.00	    33140.00	        1.00
  6.33	    16219.00	    17055.00	   619194.00	        1.00	    33393.00	        1.00
  6.34	    15924.00	    17612.00	   620333.00	        1.00	    33661.00	        1.00
  6.35	    15575.00	    18202.00	   621451.00	        1.00	    33908.00	        1.00
  6.36	    15225.00	    18795.00	   622554.00	        1.00	    34157.00	        1.00
  6.37	    14640.00	    19594.00	   624296.00	        1.00	    34380.00	        1.00
  6.38	    14304.00	    20175.00	   625621.00	        1.00	    34632.00	        1.00
  6.39	    13782.00	    20923.00	   627350.00	        1.00	    34867.00	        1.00
  6.40	    13548.00	    21360.00	   628259.00	        1.00	    35075.00	        1.00
  6.41	    13299.00	    21849.00	   629357.00	        1.00	    35321.00	        1.00
  6.42	    12626.00	    22729.00	   631678.00	        1.00	    35540.00	        1.00
  6.43	    12296.00	    23239.00	   632974.00	        1.00	    35727.00	        1.00
  6.44	    11855.00	    23886.00	   634677.00	        1.00	    35942.00	        1.00
  6.45	    10958.00	    24945.00	   637749.00	        1.00	    36120.00	        1.00
  6.46	    10505.00	    25557.00	   639627.00	        1.00	    36289.00	        1.00
  6.47	    10222.00	    26003.00	   640909.00	        1.00	    36459.00	        1.00
  6.48	     9707.00	    26685.00	   643184.00	        1.00	    36638.00	        1.00
  6.49	     9323.00	    27209.00	   645063.00	        1.00	    36788.00	        1.00
  6.50	     8945.00	    27724.00	   646942.00	        1.00	    36935.00	        1.00
  6.51	     8557.00	    28255.00	   649009.00	        1.00	    37089.00	        1.00
  6.52	     7853.00	    29077.00	   652489.00	        1.00	    37225.00	        1.00
  6.53	     7193.00	    29850.00	   655922.00	        1.00	    37356.00	        1.00
  6.54	     6755.00	    30393.00	   658568.00	        1.00	    37475.00	        1.00
  6.55	     6001.00	    31227.00	   663589.00	        1.00	    37581.00	        1.00
  6.56	     5573.00	    31728.00	   666584.00	        1.00	    37670.00	        1.00
  6.57	     5088.00	    32283.00	   670200.00	        1.00	    37759.00	        1.00
  6.58	     4719.00	    32704.00	   673586.00	        1.00	    37829.00	        1.00
  6.59	     4295.00	    33175.00	   677180.00	        1.00	    37895.00	        1.00
  6.60	     4069.00	    33458.00	   679793.00	        1.00	    37966.00	        1.00
  6.61	     3583.00	    33991.00	   684973.00	        1.00	    38040.00	        1.00
  6.62	     3121.00	    34465.00	   690565.00	        1.00	    38081.00	        1.00
  6.63	     2688.00	    34912.00	   696126.00	        1.00	    38124.00	        1.00
  6.64	     2271.00	    35338.00	   702670.00	        1.00	    38167.00	        1.00
  6.65	     2008.00	    35604.00	   708015.00	        1.00	    38198.00	        1.00
  6.66	     1629.00	    35972.00	   716135.00	        1.00	    38229.00	        1.00
  6.67	     1335.00	    36247.00	   723624.00	        1.00	    38249.00	        1.00
  6.68	     1112.00	    36450.00	   730095.00	        1.00	    38263.00	        1.00
  6.69	      950.00	    36604.00	   735552.00	        1.00	    38284.00	        1.00
  6.70	      731.00	    36792.00	   744206.00	        1.00	    38298.00	        1.00
  6.71	      588.00	    36898.00	   752032.00	        1.00	    38302.00	        1.00
  6.72	      463.00	    36991.00	   760271.00	        1.00	    38313.00	        1.00
  6.73	      369.00	    37045.00	   769482.00	        1.00	    38321.00	        1.00
  6.74	      284.00	    37085.00	   778493.00	        1.00	    38323.00	        1.00
  6.75	      224.00	    37110.00	   786667.00	        1.00	    38331.00	        1.00
  6.76	      163.00	    37117.00	   797188.00	        1.00	    38332.00	        1.00
  6.77	       98.00	    37121.00	   808923.00	        1.00	    38332.00	        1.00
  6.78	       71.00	    37086.00	   820797.00	        1.00	    38332.00	        1.00
  6.79	       48.00	    37052.00	   831667.00	        1.00	    38332.00	        1.00
  6.80	       30.00	    36991.00	   847310.00	        1.00	    38334.00	        1.00
  6.81	       21.00	    36921.00	   862486.00	        1.00	    38334.00	        1.00
  6.82	       12.00	    36857.00	   876470.00	        1.00	    38334.00	        1.00
  6.83	        8.00	    36775.00	   892953.00	        1.00	    38334.00	        1.00
  6.84	        8.00	    36683.00	   910639.00	        1.00	    38334.00	        1.00
  6.85	        8.00	    36592.00	   928065.00	        1.00	    38334.00	        1.00
  6.86	        7.00	    36509.00	   944312.00	        1.00	    38335.00	        1.00
  6.87	        3.00	    36426.00	   960924.00	        1.00	    38335.00	        1.00
  6.88	        2.00	    36312.00	   983048.00	        1.00	    38335.00	        1.00
  6.89	        1.00	    36211.00	  1002510.00	        1.00	    38335.00	        1.00
  6.90	        1.00	    36103.00	  1023203.00	        1.00	    38335.00	        1.00
  6.91	        1.00	    35983.00	  1046241.00	        1.00	    38335.00	        1.00
  6.92	        1.00	    35862.00	  1069416.00	        1.00	    38335.00	        1.00
  6.93	        0.00	    35741.00	  1092711.00	        0.00	    38335.00	        1.00
  6.94	        0.00	    35608.00	  1118220.00	        0.00	    38335.00	        1.00
  6.95	        0.00	    35458.00	  1147025.00	        0.00	    38335.00	        1.00
  6.96	        0.00	    35320.00	  1173434.00	        0.00	    38335.00	        1.00
  6.97	        0.00	    35138.00	  1208552.00	        0.00	    38335.00	        1.00
  6.98	        0.00	    34994.00	  1235987.00	        0.00	    38335.00	        1.00
  6.99	        0.00	    34841.00	  1265189.00	        0.00	    38335.00	        1.00
  7.00	        0.00	    34683.00	  1295367.00	        0.00	    38335.00	        1.00
  7.01	        0.00	    34509.00	  1328618.00	        0.00	    38335.00	        1.00
  7.02	        0.00	    34339.00	  1361040.00	        0.00	    38335.00	        1.00
  7.03	        0.00	    34139.00	  1399346.00	        0.00	    38335.00	        1.00
  7.04	        0.00	    33963.00	  1432851.00	        0.00	    38335.00	        1.00
  7.05	        0.00	    33785.00	  1466711.00	        0.00	    38335.00	        1.00
  7.06	        0.00	    33610.00	  1499962.00	        0.00	    38335.00	        1.00
  7.07	        0.00	    33405.00	  1539108.00	        0.00	    38335.00	        1.00
  7.08	        0.00	    33209.00	  1576356.00	        0.00	    38335.00	        1.00
  7.09	        0.00	    32986.00	  1619037.00	        0.00	    38335.00	        1.00
  7.10	        0.00	    32782.00	  1657735.00	        0.00	    38335.00	        1.00
  7.11	        0.00	    32539.00	  1704253.00	        0.00	    38335.00	        1.00
  7.12	        0.00	    32337.00	  1742447.00	        0.00	    38335.00	        1.00
  7.13	        0.00	    32086.00	  1790451.00	        0.00	    38335.00	        1.00
  7.14	        0.00	    31841.00	  1837173.00	        0.00	    38335.00	        1.00
  7.15	        0.00	    31602.00	  1882580.00	        0.00	    38335.00	        1.00
  7.16	        0.00	    31333.00	  1933907.00	        0.00	    38335.00	        1.00
  7.17	        0.00	    31069.00	  1984191.00	        0.00	    38335.00	        1.00
  7.18	        0.00	    30806.00	  2034154.00	        0.00	    38335.00	        1.00
  7.19	        0.00	    30522.00	  2088237.00	        0.00	    38335.00	        1.00
  7.20	        0.00	    30236.00	  2142736.00	        0.00	    38335.00	        1.00
  7.21	        0.00	    29974.00	  2192283.00	        0.00	    38335.00	        1.00
  7.22	        0.00	    29677.00	  2248836.00	        0.00	    38335.00	        1.00
  7.23	        0.00	    29351.00	  2311072.00	        0.00	    38335.00	        1.00
  7.24	        0.00	    29070.00	  2364237.00	        0.00	    38335.00	        1.00
  7.25	        0.00	    28763.00	  2422602.00	        0.00	    38335.00	        1.00
  7.26	        0.00	    28443.00	  2483387.00	        0.00	    38335.00	        1.00
  7.27	        0.00	    28159.00	  2536943.00	        0.00	    38335.00	        1.00
  7.28	        0.00	    27842.00	  2597063.00	        0.00	    38335.00	        1.00
  7.29	        0.00	    27522.00	  2657685.00	        0.00	    38335.00	        1.00
  7.30	        0.00	    27207.00	  2717335.00	        0.00	    38335.00	        1.00
  7.31	        0.00	    26889.00	  2777385.00	        0.00	    38335.00	        1.00
  7.32	        0.00	    26554.00	  2840856.00	        0.00	    38335.00	        1.00
  7.33	        0.00	    26214.00	  2905321.00	        0.00	    38335.00	        1.00
  7.34	        0.00	    25869.00	  2970710.00	        0.00	    38335.00	        1.00
  7.35	        0.00	    25527.00	  3035453.00	        0.00	    38335.00	        1.00
  7.36	        0.00	    25215.00	  3094125.00	        0.00	    38335.00	        1.00
  7.37	        0.00	    24828.00	  3167706.00	        0.00	    38335.00	        1.00
  7.38	        0.00	    24462.00	  3236990.00	        0.00	    38335.00	        1.00
  7.39	        0.00	    24089.00	  3307665.00	        0.00	    38335.00	        1.00
  7.40	        0.00	    23727.00	  3376080.00	        0.00	    38335.00	        1.00
  7.41	        0.00	    23386.00	  3440449.00	        0.00	    38335.00	        1.00
  7.42	        0.00	    23005.00	  3512710.00	        0.00	    38335.00	        1.00
  7.43	        0.00	    22628.00	  3584031.00	        0.00	    38335.00	        1.00
  7.44	        0.00	    22259.00	  3653667.00	        0.00	    38335.00	        1.00
  7.45	        0.00	    21897.00	  3721941.00	        0.00	    38335.00	        1.00
  7.46	        0.00	    21550.00	  3787071.00	        0.00	    38335.00	        1.00
  7.47	        0.00	    21168.00	  3859341.00	        0.00	    38335.00	        1.00
  7.48	        0.00	    20804.00	  3927911.00	        0.00	    38335.00	        1.00
  7.49	        0.00	    20395.00	  4005504.00	        0.00	    38335.00	        1.00
  7.50	        0.00	    19999.00	  4080508.00	        0.00	    38335.00	        1.00
  7.51	        0.00	    19629.00	  4150200.00	        0.00	    38335.00	        1.00
  7.52	        0.00	    19258.00	  4220056.00	        0.00	    38335.00	        1.00
  7.53	        0.00	    18873.00	  4292648.00	        0.00	    38335.00	        1.00
  7.54	        0.00	    18505.00	  4361844.00	        0.00	    38335.00	        1.00
  7.55	        0.00	    18144.00	  4429717.00	        0.00	    38335.00	        1.00
  7.56	        0.00	    17776.00	  4498932.00	        0.00	    38335.00	        1.00
  7.57	        0.00	    17425.00	  4564852.00	        0.00	    38335.00	        1.00
  7.58	        0.00	    17079.00	  4629734.00	        0.00	    38335.00	        1.00
  7.59	        0.00	    16732.00	  4694780.00	        0.00	    38335.00	        1.00
  7.60	        0.00	    16381.00	  4760653.00	        0.00	    38335.00	        1.00
  7.61	        0.00	    16067.00	  4819177.00	        0.00	    38335.00	        1.00
  7.62	        0.00	    15725.00	  4883362.00	        0.00	    38335.00	        1.00
  7.63	        0.00	    15370.00	  4950126.00	        0.00	    38335.00	        1.00
  7.64	        0.00	    15037.00	  5012491.00	        0.00	    38335.00	        1.00
  7.65	        0.00	    14703.00	  5075100.00	        0.00	    38335.00	        1.00
  7.66	        0.00	    14364.00	  5138791.00	        0.00	    38335.00	        1.00
  7.67	        0.00	    14045.00	  5198412.00	        0.00	    38335.00	        1.00
  7.68	        0.00	    13719.00	  5259490.00	        0.00	    38335.00	        1.00
  7.69	        0.00	    13401.00	  5318976.00	        0.00	    38335.00	        1.00
  7.70	        0.00	    13090.00	  5377127.00	        0.00	    38335.00	        1.00
  7.71	        0.00	    12774.00	  5436391.00	        0.00	    38335.00	        1.00
  7.72	        0.00	    12455.00	  5496181.00	        0.00	    38335.00	        1.00
  7.73	        0.00	    12160.00	  5551227.00	        0.00	    38335.00	        1.00
  7.74	        0.00	    11865.00	  5606403.00	        0.00	    38335.00	        1.00
  7.75	        0.00	    11567.00	  5662210.00	        0.00	    38335.00	        1.00
  7.76	        0.00	    11275.00	  5716857.00	        0.00	    38335.00	        1.00
  7.77	        0.00	    10977.00	  5772636.00	        0.00	    38335.00	        1.00
  7.78	        0.00	    10679.00	  5828448.00	        0.00	    38335.00	        1.00
  7.79	        0.00	    10419.00	  5876799.00	        0.00	    38335.00	        1.00
  7.80	        0.00	    10146.00	  5927758.00	        0.00	    38335.00	        1.00
  7.81	        0.00	     9891.00	  5975148.00	        0.00	    38335.00	        1.00
  7.82	        0.00	     9629.00	  6023886.00	        0.00	    38335.00	        1.00
  7.83	        0.00	     9357.00	  6074806.00	        0.00	    38335.00	        1.00
  7.84	        0.00	     9086.00	  6125613.00	        0.00	    38335.00	        1.00
  7.85	        0.00	     8833.00	  6172787.00	        0.00	    38335.00	        1.00
  7.86	        0.00	     8615.00	  6213039.00	        0.00	    38335.00	        1.00
  7.87	        0.00	     8352.00	  6262375.00	        0.00	    38335.00	        1.00
  7.88	        0.00	     8120.00	  6305515.00	        0.00	    38335.00	        1.00
  7.89	        0.00	     7878.00	  6350593.00	        0.00	    38335.00	        1.00
  7.90	        0.00	     7641.00	  6394906.00	        0.00	    38335.00	        1.00
  7.91	        0.00	     7408.00	  6438397.00	        0.00	    38335.00	        1.00
  7.92	        0.00	     7199.00	  6477136.00	        0.00	    38335.00	        1.00
  7.93	        0.00	     6995.00	  6514962.00	        0.00	    38335.00	        1.00
  7.94	        0.00	     6790.00	  6553061.00	        0.00	    38335.00	        1.00
  7.95	        0.00	     6583.00	  6591628.00	        0.00	    38335.00	        1.00
  7.96	        0.00	     6378.00	  6629789.00	        0.00	    38335.00	        1.00
  7.97	        0.00	     6201.00	  6662424.00	        0.00	    38335.00	        1.00
  7.98	        0.00	     6022.00	  6695511.00	        0.00	    38335.00	        1.00
  7.99	        0.00	     5854.00	  6726447.00	        0.00	    38335.00	        1.00
  8.00	        0.00	     5663.00	  6762049.00	        0.00	    38335.00	        1.00
  8.01	        0.00	     5498.00	  6792492.00	        0.00	    38335.00	        1.00
  8.02	        0.00	     5305.00	  6828688.00	        0.00	    38335.00	        1.00
  8.03	        0.00	     5121.00	  6863088.00	        0.00	    38335.00	        1.00
  8.04	        0.00	     4954.00	  6894010.00	        0.00	    38335.00	        1.00
  8.05	        0.00	     4763.00	  6929787.00	        0.00	    38335.00	        1.00
  8.06	        0.00	     4619.00	  6956272.00	        0.00	    38335.00	        1.00
  8.07	        0.00	     4468.00	  6984252.00	        0.00	    38335.00	        1.00
  8.08	        0.00	     4320.00	  7011680.00	        0.00	    38335.00	        1.00
  8.09	        0.00	     4175.00	  7038487.00	        0.00	    38335.00	        1.00
  8.10	        0.00	     4026.00	  7066203.00	        0.00	    38335.00	        1.00
  8.11	        0.00	     3887.00	  7091921.00	        0.00	    38335.00	        1.00
  8.12	        0.00	     3758.00	  7115663.00	        0.00	    38335.00	        1.00
  8.13	        0.00	     3622.00	  7140902.00	        0.00	    38335.00	        1.00
  8.14	        0.00	     3500.00	  7163398.00	        0.00	    38335.00	        1.00
  8.15	        0.00	     3366.00	  7188260.00	        0.00	    38335.00	        1.00
  8.16	        0.00	     3233.00	  7213087.00	        0.00	    38335.00	        1.00
  8.17	        0.00	     3129.00	  7232039.00	        0.00	    38335.00	        1.00
  8.18	        0.00	     3010.00	  7254096.00	        0.00	    38335.00	        1.00
  8.19	        0.00	     2907.00	  7272986.00	        0.00	    38335.00	        1.00
  8.20	        0.00	     2813.00	  7290122.00	        0.00	    38335.00	        1.00
  8.21	        0.00	     2709.00	  7309276.00	        0.00	    38335.00	        1.00
  8.22	        0.00	     2624.00	  7324666.00	        0.00	    38335.00	        1.00
  8.23	        0.00	     2533.00	  7341343.00	        0.00	    38335.00	        1.00
  8.24	        0.00	     2411.00	  7364186.00	        0.00	    38335.00	        1.00
  8.25	        0.00	     2339.00	  7377144.00	        0.00	    38335.00	        1.00
  8.26	        0.00	     2250.00	  7393514.00	        0.00	    38335.00	        1.00
  8.27	        0.00	     2154.00	  7411232.00	        0.00	    38335.00	        1.00
  8.28	        0.00	     2086.00	  7423455.00	        0.00	    38335.00	        1.00
  8.29	        0.00	     2012.00	  7436920.00	        0.00	    38335.00	        1.00
  8.30	        0.00	     1934.00	  7451189.00	        0.00	    38335.00	        1.00
  8.31	        0.00	     1871.00	  7462526.00	        0.00	    38335.00	        1.00
  8.32	        0.00	     1805.00	  7474415.00	        0.00	    38335.00	        1.00
  8.33	        0.00	     1739.00	  7486414.00	        0.00	    38335.00	        1.00
  8.34	        0.00	     1688.00	  7495432.00	        0.00	    38335.00	        1.00
  8.35	        0.00	     1626.00	  7506701.00	        0.00	    38335.00	        1.00
  8.36	        0.00	     1563.00	  7518156.00	        0.00	    38335.00	        1.00
  8.37	        0.00	     1502.00	  7529268.00	        0.00	    38335.00	        1.00
  8.38	        0.00	     1441.00	  7540381.00	        0.00	    38335.00	        1.00
  8.39	        0.00	     1377.00	  7552116.00	        0.00	    38335.00	        1.00
  8.40	        0.00	     1308.00	  7564842.00	        0.00	    38335.00	        1.00
  8.41	        0.00	     1260.00	  7573443.00	        0.00	    38335.00	        1.00
  8.42	        0.00	     1209.00	  7582676.00	        0.00	    38335.00	        1.00
  8.43	        0.00	     1155.00	  7592469.00	        0.00	    38335.00	        1.00
  8.44	        0.00	     1098.00	  7602972.00	        0.00	    38335.00	        1.00
  8.45	        0.00	     1055.00	  7610622.00	        0.00	    38335.00	        1.00
  8.46	        0.00	     1010.00	  7618701.00	        0.00	    38335.00	        1.00
  8.47	        0.00	      966.00	  7626648.00	        0.00	    38335.00	        1.00
  8.48	        0.00	      922.00	  7634591.00	        0.00	    38335.00	        1.00
  8.49	        0.00	      879.00	  7642378.00	        0.00	    38335.00	        1.00
  8.50	        0.00	      846.00	  7648187.00	        0.00	    38335.00	        1.00
  8.51	        0.00	      811.00	  7654413.00	        0.00	    38335.00	        1.00
  8.52	        0.00	      770.00	  7661880.00	        0.00	    38335.00	        1.00
  8.53	        0.00	      745.00	  7666107.00	        0.00	    38335.00	        1.00
  8.54	        0.00	      724.00	  7669572.00	        0.00	    38335.00	        1.00
  8.55	        0.00	      684.00	  7676837.00	        0.00	    38335.00	        1.00
  8.56	        0.00	      661.00	  7680706.00	        0.00	    38335.00	        1.00
  8.57	        0.00	      637.00	  7684875.00	        0.00	    38335.00	        1.00
  8.58	        0.00	      609.00	  7689837.00	        0.00	    38335.00	        1.00
  8.59	        0.00	      590.00	  7692991.00	        0.00	    38335.00	        1.00
  8.60	        0.00	      562.00	  7697959.00	        0.00	    38335.00	        1.00
  8.61	        0.00	      533.00	  7703088.00	        0.00	    38335.00	        1.00
  8.62	        0.00	      501.00	  7708844.00	        0.00	    38335.00	        1.00
  8.63	        0.00	      484.00	  7711590.00	        0.00	    38335.00	        1.00
  8.64	        0.00	      464.00	  7715018.00	        0.00	    38335.00	        1.00
  8.65	        0.00	      441.00	  7719035.00	        0.00	    38335.00	        1.00
  8.66	        0.00	      414.00	  7723839.00	        0.00	    38335.00	        1.00
  8.67	        0.00	      394.00	  7727292.00	        0.00	    38335.00	        1.00
  8.68	        0.00	      381.00	  7729328.00	        0.00	    38335.00	        1.00
  8.69	        0.00	      366.00	  7731789.00	        0.00	    38335.00	        1.00
  8.70	        0.00	      342.00	  7736054.00	        0.00	    38335.00	        1.00
  8.71	        0.00	      323.00	  7739347.00	        0.00	    38335.00	        1.00
  8.72	        0.00	      312.00	  7741020.00	        0.00	    38335.00	        1.00
  8.73	        0.00	      297.00	  7743562.00	        0.00	    38335.00	        1.00
  8.74	        0.00	      288.00	  7744877.00	        0.00	    38335.00	        1.00
  8.75	        0.00	      279.00	  7746147.00	        0.00	    38335.00	        1.00
  8.76	        0.00	      266.00	  7748295.00	        0.00	    38335.00	        1.00
  8.77	        0.00	      252.00	  7750643.00	        0.00	    38335.00	        1.00
  8.78	        0.00	      244.00	  7751786.00	        0.00	    38335.00	        1.00
  8.79	        0.00	      227.00	  7754734.00	        0.00	    38335.00	        1.00
  8.80	        0.00	      223.00	  7755094.00	        0.00	    38335.00	        1.00
  8.81	        0.00	      214.00	  7756453.00	        0.00	    38335.00	        1.00
  8.82	        0.00	      208.00	  7757204.00	        0.00	    38335.00	        1.00
  8.83	        0.00	      200.00	  7758350.00	        0.00	    38335.00	        1.00
  8.84	        0.00	      192.00	  7759518.00	        0.00	    38335.00	        1.00
  8.85	        0.00	      181.00	  7761319.00	        0.00	    38335.00	        1.00
  8.86	        0.00	      171.00	  7762936.00	        0.00	    38335.00	        1.00
  8.87	        0.00	      167.00	  7763304.00	        0.00	    38335.00	        1.00
  8.88	        0.00	      159.00	  7764525.00	        0.00	    38335.00	        1.00
  8.89	        0.00	      153.00	  7765323.00	        0.00	    38335.00	        1.00
  8.90	        0.00	      144.00	  7766749.00	        0.00	    38335.00	        1.00
  8.91	        0.00	      132.00	  7768762.00	        0.00	    38335.00	        1.00
  8.92	        0.00	      126.00	  7769627.00	        0.00	    38335.00	        1.00
  8.93	        0.00	      121.00	  7770265.00	        0.00	    38335.00	        1.00
  8.94	        0.00	      117.00	  7770715.00	        0.00	    38335.00	        1.00
  8.95	        0.00	      106.00	  7772547.00	        0.00	    38335.00	        1.00
  8.96	        0.00	      102.00	  7772994.00	        0.00	    38335.00	        1.00
  8.97	        0.00	       91.00	  7774828.00	        0.00	    38335.00	        1.00
  8.98	        0.00	       85.00	  7775697.00	        0.00	    38335.00	        1.00
  8.99	        0.00	       81.00	  7776127.00	        0.00	    38335.00	        1.00
  9.00	        0.00	       76.00	  7776778.00	        0.00	    38335.00	        1.00
  9.01	        0.00	       73.00	  7777059.00	        0.00	    38335.00	        1.00
  9.02	        0.00	       67.00	  7777926.00	        0.00	    38335.00	        1.00
  9.03	        0.00	       66.00	  7777786.00	        0.00	    38335.00	        1.00
  9.04	        0.00	       63.00	  7778098.00	        0.00	    38335.00	        1.00
  9.05	        0.00	       61.00	  7778170.00	        0.00	    38335.00	        1.00
  9.06	        0.00	       58.00	  7778456.00	        0.00	    38335.00	        1.00
  9.07	        0.00	       56.00	  7778557.00	        0.00	    38335.00	        1.00
  9.08	        0.00	       55.00	  7778452.00	        0.00	    38335.00	        1.00
  9.09	        0.00	       53.00	  7778530.00	        0.00	    38335.00	        1.00
  9.10	        0.00	       53.00	  7778213.00	        0.00	    38335.00	        1.00
  9.11	        0.00	       49.00	  7778718.00	        0.00	    38335.00	        1.00
  9.12	        0.00	       45.00	  7779234.00	        0.00	    38335.00	        1.00
  9.13	        0.00	       45.00	  7778906.00	        0.00	    38335.00	        1.00
  9.14	        0.00	       44.00	  7778803.00	        0.00	    38335.00	        1.00
  9.15	        0.00	       42.00	  7778905.00	        0.00	    38335.00	        1.00
  9.16	        0.00	       41.00	  7778804.00	        0.00	    38335.00	        1.00
  9.17	        0.00	       40.00	  7778704.00	        0.00	    38335.00	        1.00
  9.18	        0.00	       38.00	  7778817.00	        0.00	    38335.00	        1.00
  9.19	        0.00	       35.00	  7779115.00	        0.00	    38335.00	        1.00
  9.20	        0.00	       32.00	  7779434.00	        0.00	    38335.00	        1.00
  9.21	        0.00	       32.00	  7779128.00	        0.00	    38335.00	        1.00
  9.22	        0.00	       31.00	  7779060.00	        0.00	    38335.00	        1.00
  9.23	        0.00	       29.00	  7779171.00	        0.00	    38335.00	        1.00
  9.24	        0.00	       29.00	  7778870.00	        0.00	    38335.00	        1.00
  9.25	        0.00	       26.00	  7779182.00	        0.00	    38335.00	        1.00
  9.26	        0.00	       25.00	  7779113.00	        0.00	    38335.00	        1.00
  9.27	        0.00	       23.00	  7779222.00	        0.00	    38335.00	        1.00
  9.28	        0.00	       21.00	  7779339.00	        0.00	    38335.00	        1.00
  9.29	        0.00	       20.00	  7779257.00	        0.00	    38335.00	        1.00
  9.30	        0.00	       19.00	  7779193.00	        0.00	    38335.00	        1.00
  9.31	        0.00	       18.00	  7779111.00	        0.00	    38335.00	        1.00
  9.32	        0.00	       15.00	  7779437.00	        0.00	    38335.00	        1.00
  9.33	        0.00	       14.00	  7779376.00	        0.00	    38335.00	        1.00
  9.34	        0.00	       13.00	  7779321.00	        0.00	    38335.00	        1.00
  9.35	        0.00	       11.00	  7779427.00	        0.00	    38335.00	        1.00
  9.36	        0.00	       11.00	  7779165.00	        0.00	    38335.00	        1.00
  9.37	        0.00	       11.00	  7778881.00	        0.00	    38335.00	        1.00
  9.38	        0.00	       11.00	  7778628.00	        0.00	    38335.00	        1.00
  9.39	        0.00	        9.00	  7778721.00	        0.00	    38335.00	        1.00
  9.40	        0.00	        8.00	  7778664.00	        0.00	    38335.00	        1.00
  9.41	        0.00	        8.00	  7778409.00	        0.00	    38335.00	        1.00
  9.42	        0.00	        8.00	  7778149.00	        0.00	    38335.00	        1.00
  9.43	        0.00	        8.00	  7777906.00	        0.00	    38335.00	        1.00
  9.44	        0.00	        7.00	  7777863.00	        0.00	    38335.00	        1.00
  9.45	        0.00	        7.00	  7777597.00	        0.00	    38335.00	        1.00
  9.46	        0.00	        7.00	  7777334.00	        0.00	    38335.00	        1.00
  9.47	        0.00	        7.00	  7777097.00	        0.00	    38335.00	        1.00
  9.48	        0.00	        6.00	  7777066.00	        0.00	    38335.00	        1.00
  9.49	        0.00	        6.00	  7776779.00	        0.00	    38335.00	        1.00
  9.50	        0.00	        5.00	  7776743.00	        0.00	    38335.00	        1.00
  9.51	        0.00	        3.00	  7776902.00	        0.00	    38335.00	        1.00
  9.52	        0.00	        2.00	  7776864.00	        0.00	    38335.00	        1.00
  9.53	        0.00	        2.00	  7776606.00	        0.00	    38335.00	        1.00
  9.54	        0.00	        2.00	  7776382.00	        0.00	    38335.00	        1.00
  9.55	        0.00	        2.00	  7776162.00	        0.00	    38335.00	        1.00
  9.56	        0.00	        2.00	  7775916.00	        0.00	    38335.00	        1.00
  9.57	        0.00	        2.00	  7775659.00	        0.00	    38335.00	        1.00
  9.58	        0.00	        2.00	  7775393.00	        0.00	    38335.00	        1.00
  9.59	        0.00	        2.00	  7775139.00	        0.00	    38335.00	        1.00
  9.60	        0.00	        2.00	  7774870.00	        0.00	    38335.00	        1.00
  9.61	        0.00	        1.00	  7774831.00	        0.00	    38335.00	        1.00
  9.62	        0.00	        1.00	  7774574.00	        0.00	    38335.00	        1.00
  9.63	        0.00	        1.00	  7774298.00	        0.00	    38335.00	        1.00
  9.64	        0.00	        1.00	  7774057.00	        0.00	    38335.00	        1.00
  9.65	        0.00	        1.00	  7773785.00	        0.00	    38335.00	        1.00
  9.66	        0.00	        1.00	  7773544.00	        0.00	    38335.00	        1.00
  9.67	        0.00	        1.00	  7773312.00	        0.00	    38335.00	        1.00
  9.68	        0.00	        1.00	  7773083.00	        0.00	    38335.00	        1.00
  9.69	        0.00	        1.00	  7772842.00	        0.00	    38335.00	        1.00
  9.70	        0.00	        1.00	  7772578.00	        0.00	    38335.00	        1.00
  9.71	        0.00	        1.00	  7772327.00	        0.00	    38335.00	        1.00
  9.72	        0.00	        1.00	  7772070.00	        0.00	    38335.00	        1.00
  9.73	        0.00	        1.00	  7771812.00	        0.00	    38335.00	        1.00
  9.74	        0.00	        1.00	  7771557.00	        0.00	    38335.00	        1.00
  9.75	        0.00	        1.00	  7771291.00	        0.00	    38335.00	        1.00
  9.76	        0.00	        1.00	  7771065.00	        0.00	    38335.00	        1.00
  9.77	        0.00	        1.00	  7770800.00	        0.00	    38335.00	        1.00
  9.78	        0.00	        0.00	  7770754.00	        0.00	    38335.00	        0.00
