Datatype: PopulationSize
  0.00	        1.00	        0.00	   600000.00	        1.00	        0.00	        1.00
  0.01	        1.00	        0.00	   599981.00	        1.00	        0.00	        1.00
  0.02	        1.00	        0.00	   599965.00	        1.00	        0.00	        1.00
  0.03	        1.00	        0.00	   599945.00	        1.00	        0.00	        1.00
  0.04	        1.00	        0.00	   599924.00	        1.00	        0.00	        1.00
  0.05	        1.00	        0.00	   599904.00	        1.00	        0.00	        1.00
  0.06	        1.00	        0.00	   599886.00	        1.00	        0.00	        1.00
  0.07	        1.00	        0.00	   599873.00	        1.00	        0.00	        1.00
  0.08	        1.00	        0.00	   599858.00	        1.00	        0.00	        1.00
  0.09	        1.00	        0.00	   599844.00	        1.00	        0.00	        1.00
  0.10	        1.00	        0.00	   599823.00	        1.00	        0.00	        1.00
  0.11	        1.00	        0.00	   599798.00	        1.00	        0.00	        1.00
  0.12	        1.00	        0.00	   599780.00	        1.00	        0.00	        1.00
  0.13	        1.00	        0.00	   599762.00	        1.00	        0.00	        1.00
  0.14	        1.00	        0.00	   599749.00	        1.00	        0.00	        1.00
  0.15	        1.00	        0.00	   599728.00	        1.00	        0.00	        1.00
  0.16	        1.00	        0.00	   599716.00	        1.00	        0.00	        1.00
  0.17	        1.00	        0.00	   599699.00	        1.00	        0.00	        1.00
  0.18	        1.00	        0.00	   599671.00	        1.00	        0.00	        1.00
  0.19	        1.00	        0.00	   599657.00	        1.00	        0.00	        1.00
  0.20	        1.00	        0.00	   599636.00	        1.00	        0.00	        1.00
  0.21	        1.00	        0.00	   599615.00	        1.00	        0.00	        1.00
  0.22	        1.00	        0.00	   599593.00	        1.00	        0.00	        1.00
  0.23	        1.00	        0.00	   599572.00	        1.00	        0.00	        1.00
  0.24	        1.00	        0.00	   599549.00	        1.00	        0.00	        1.00
  0.25	        1.00	        0.00	   599538.00	        1.00	        0.00	        1.00
  0.26	        1.00	        0.00	   599525.00	        1.00	        0.00	        1.00
  0.27	        1.00	        0.00	   599509.00	        1.00	        0.00	        1.00
  0.28	        1.00	        0.00	   599491.00	        1.00	        0.00	        1.00
  0.29	        1.00	        0.00	   599478.00	        1.00	        0.00	        1.00
  0.30	        1.00	        0.00	   599458.00	        1.00	        0.00	        1.00
  0.31	        1.00	        0.00	   599441.00	        1.00	        0.00	        1.00
  0.32	        1.00	        0.00	   599420.00	        1.00	        0.00	        1.00
  0.33	        1.00	        0.00	   599404.00	        1.00	        0.00	        1.00
  0.34	        1.00	        0.00	   599387.00	        1.00	        0.00	        1.00
  0.35	        1.00	        0.00	   599369.00	        1.00	        0.00	        1.00
  0.36	        1.00	        0.00	   599352.00	        1.00	        0.00	        1.00
  0.37	        1.00	        0.00	   599337.00	        1.00	        0.00	        1.00
  0.38	        1.00	        0.00	   599320.00	        1.00	        0.00	        1.00
  0.39	        1.00	        0.00	   599295.00	        1.00	        0.00	        1.00
  0.40	        1.00	        0.00	   599279.00	        1.00	        0.00	        1.00
  0.41	        1.00	        0.00	   599266.00	        1.00	        0.00	        1.00
  0.42	        1.00	        0.00	   599245.00	        1.00	        0.00	        1.00
  0.43	        1.00	        0.00	   599229.00	        1.00	        0.00	        1.00
  0.44	        1.00	        0.00	   599213.00	        1.00	        0.00	        1.00
  0.45	        1.00	        0.00	   599198.00	        1.00	        0.00	        1.00
  0.46	        1.00	        0.00	   599175.00	        1.00	        0.00	        1.00
  0.47	        1.00	        0.00	   599162.00	        1.00	        0.00	        1.00
  0.48	        1.00	        0.00	   599146.00	        1.00	        0.00	        1.00
  0.49	        1.00	        0.00	   599120.00	        1.00	        0.00	        1.00
  0.50	        1.00	        0.00	   599103.00	        1.00	        0.00	        1.00
  0.51	        1.00	        0.00	   599082.00	        1.00	        0.00	        1.00
  0.52	        1.00	        0.00	   599067.00	        1.00	        0.00	        1.00
  0.53	        1.00	        0.00	   599044.00	        1.00	        0.00	        1.00
  0.54	        1.00	        0.00	   599033.00	        1.00	        0.00	        1.00
  0.55	        1.00	        0.00	   599014.00	        1.00	        0.00	        1.00
  0.56	        1.00	        0.00	   598998.00	        1.00	        0.00	        1.00
  0.57	        1.00	        0.00	   598977.00	        1.00	        0.00	        1.00
  0.58	        1.00	        0.00	   598962.00	        1.00	        0.00	        1.00
  0.59	        1.00	        0.00	   598946.00	        1.00	        0.00	        1.00
  0.60	        1.00	        0.00	   598930.00	        1.00	        0.00	        1.00
  0.61	        1.00	        0.00	   598915.00	        1.00	        0.00	        1.00
  0.62	        1.00	        0.00	   598902.00	        1.00	        0.00	        1.00
  0.63	        1.00	        0.00	   598866.00	        1.00	        0.00	        1.00
  0.64	        1.00	        0.00	   598844.00	        1.00	        0.00	        1.00
  0.65	        1.00	        0.00	   598822.00	        1.00	        0.00	        1.00
  0.66	        1.00	        0.00	   598809.00	        1.00	        0.00	        1.00
  0.67	        1.00	        0.00	   598795.00	        1.00	        0.00	        1.00
  0.68	        1.00	        0.00	   598777.00	        1.00	        0.00	        1.00
  0.69	        1.00	        0.00	   598773.00	        1.00	        0.00	        1.00
  0.70	        1.00	        0.00	   598759.00	        1.00	        0.00	        1.00
  0.71	        1.00	        0.00	   598737.00	        1.00	        0.00	        1.00
  0.72	        1.00	        0.00	   598722.00	        1.00	        0.00	        1.00
  0.73	        1.00	        0.00	   598702.00	        1.00	        0.00	        1.00
  0.74	        1.00	        0.00	   598682.00	        1.00	        0.00	        1.00
  0.75	        1.00	        0.00	   598672.00	        1.00	        0.00	        1.00
  0.76	        1.00	        0.00	   598659.00	        1.00	        0.00	        1.00
  0.77	        1.00	        0.00	   598639.00	        1.00	        0.00	        1.00
  0.78	        1.00	        0.00	   598625.00	        1.00	        0.00	        1.00
  0.79	        1.00	        0.00	   598601.00	        1.00	        0.00	        1.00
  0.80	        1.00	        0.00	   598584.00	        1.00	        0.00	        1.00
  0.81	        1.00	        0.00	   598565.00	        1.00	        0.00	        1.00
  0.82	        1.00	        0.00	   598551.00	        1.00	        0.00	        1.00
  0.83	        1.00	        0.00	   598531.00	        1.00	        0.00	        1.00
  0.84	        1.00	        0.00	   598516.00	        1.00	        0.00	        1.00
  0.85	        1.00	        0.00	   598499.00	        1.00	        0.00	        1.00
  0.86	        1.00	        0.00	   598477.00	        1.00	        0.00	        1.00
  0.87	        1.00	        0.00	   598452.00	        1.00	        0.00	        1.00
  0.88	        1.00	        0.00	   598433.00	        1.00	        0.00	        1.00
  0.89	        1.00	        0.00	   598418.00	        1.00	        0.00	        1.00
  0.90	        1.00	        0.00	   598386.00	        1.00	        0.00	        1.00
  0.91	        1.00	        0.00	   598368.00	        1.00	        0.00	        1.00
  0.92	        1.00	        0.00	   598345.00	        1.00	        0.00	        1.00
  0.93	        1.00	        0.00	   598323.00	        1.00	        0.00	        1.00
  0.94	        1.00	        0.00	   598306.00	        1.00	        0.00	        1.00
  0.95	        1.00	        0.00	   598290.00	        1.00	        0.00	        1.00
  0.96	        1.00	        0.00	   598273.00	        1.00	        0.00	        1.00
  0.97	        1.00	        0.00	   598247.00	        1.00	        0.00	        1.00
  0.98	        1.00	        0.00	   598228.00	        1.00	        0.00	        1.00
  0.99	        1.00	        0.00	   598216.00	        1.00	        0.00	        1.00
  1.00	        1.00	        0.00	   598195.00	        1.00	        0.00	        1.00
  1.01	        1.00	        0.00	   598178.00	        1.00	        0.00	        1.00
  1.02	        1.00	        0.00	   598167.00	        1.00	        0.00	        1.00
  1.03	        1.00	        0.00	   598153.00	        1.00	        0.00	        1.00
  1.04	        1.00	        0.00	   598137.00	        1.00	        0.00	        1.00
  1.05	        1.00	        0.00	   598122.00	        1.00	        0.00	        1.00
  1.06	        1.00	        0.00	   598106.00	        1.00	        0.00	        1.00
  1.07	        1.00	        0.00	   598092.00	        1.00	        0.00	        1.00
  1.08	        1.00	        0.00	   598076.00	        1.00	        0.00	        1.00
  1.09	        1.00	        0.00	   598056.00	        1.00	        0.00	        1.00
  1.10	        2.00	        0.00	   598037.00	        1.00	        1.00	        1.00
  1.11	        2.00	        0.00	   598020.00	        1.00	        1.00	        1.00
  1.12	        2.00	        0.00	   598005.00	        1.00	        1.00	        1.00
  1.13	        2.00	        0.00	   597987.00	        1.00	        1.00	        1.00
  1.14	        2.00	        0.00	   597974.00	        1.00	        1.00	        1.00
  1.15	        2.00	        0.00	   597964.00	        1.00	        1.00	        1.00
  1.16	        2.00	        0.00	   597944.00	        1.00	        1.00	        1.00
  1.17	        2.00	        0.00	   597931.00	        1.00	        1.00	        1.00
  1.18	        3.00	        0.00	   597914.00	        1.00	        2.00	        1.00
  1.19	        3.00	        0.00	   597896.00	        1.00	        2.00	        1.00
  1.20	        3.00	        0.00	   597879.00	        1.00	        2.00	        1.00
  1.21	        3.00	        0.00	   597855.00	        1.00	        2.00	        1.00
  1.22	        3.00	        0.00	   597839.00	        1.00	        2.00	        1.00
  1.23	        3.00	        0.00	   597824.00	        1.00	        2.00	        1.00
  1.24	        4.00	        0.00	   597806.00	        1.00	        3.00	        1.00
  1.25	        4.00	        0.00	   597795.00	        1.00	        3.00	        1.00
  1.26	        4.00	        0.00	   597779.00	        1.00	        3.00	        1.00
  1.27	        4.00	        0.00	   597767.00	        1.00	        3.00	        1.00
  1.28	        4.00	        0.00	   597748.00	        1.00	        3.00	        1.00
  1.29	        4.00	        0.00	   597734.00	        1.00	        3.00	        1.00
  1.30	        4.00	        0.00	   597717.00	        1.00	        3.00	        1.00
  1.31	        4.00	        0.00	   597699.00	        1.00	        3.00	        1.00
  1.32	        4.00	        0.00	   597686.00	        1.00	        3.00	        1.00
  1.33	        4.00	        0.00	   597669.00	        1.00	        3.00	        1.00
  1.34	        4.00	        0.00	   597644.00	        1.00	        3.00	        1.00
  1.35	        4.00	        0.00	   597628.00	        1.00	        3.00	        1.00
  1.36	        4.00	        0.00	   597607.00	        1.00	        3.00	        1.00
  1.37	        4.00	        0.00	   597586.00	        1.00	        3.00	        1.00
  1.38	        4.00	        0.00	   597577.00	        1.00	        3.00	        1.00
  1.39	        4.00	        0.00	   597556.00	        1.00	        3.00	        1.00
  1.40	        4.00	        0.00	   597542.00	        1.00	        3.00	        1.00
  1.41	        4.00	        0.00	   597524.00	        1.00	        3.00	        1.00
  1.42	        4.00	        0.00	   597510.00	        1.00	        3.00	        1.00
  1.43	        4.00	        0.00	   597492.00	        1.00	        3.00	        1.00
  1.44	        4.00	        0.00	   597478.00	        1.00	        3.00	        1.00
  1.45	        4.00	        0.00	   597456.00	        1.00	        3.00	        1.00
  1.46	        4.00	        0.00	   597440.00	        1.00	        3.00	        1.00
  1.47	        4.00	        0.00	   597417.00	        1.00	        3.00	        1.00
  1.48	        4.00	        0.00	   597400.00	        1.00	        3.00	        1.00
  1.49	        4.00	        0.00	   597382.00	        1.00	        3.00	        1.00
  1.50	        4.00	        0.00	   597358.00	        1.00	        3.00	        1.00
  1.51	        4.00	        0.00	   597335.00	        1.00	        3.00	        1.00
  1.52	        4.00	        0.00	   597317.00	        1.00	        3.00	        1.00
  1.53	        4.00	        0.00	   597301.00	        1.00	        3.00	        1.00
  1.54	        4.00	        0.00	   597283.00	        1.00	        3.00	        1.00
  1.55	        4.00	        0.00	   597271.00	        1.00	        3.00	        1.00
  1.56	        4.00	        0.00	   597258.00	        1.00	        3.00	        1.00
  1.57	        4.00	        0.00	   597239.00	        1.00	        3.00	        1.00
  1.58	        4.00	        0.00	   597224.00	        1.00	        3.00	        1.00
  1.59	        4.00	        0.00	   597196.00	        1.00	        3.00	        1.00
  1.60	        4.00	        0.00	   597180.00	        1.00	        3.00	        1.00
  1.61	        4.00	        0.00	   597161.00	        1.00	        3.00	        1.00
  1.62	        4.00	        0.00	   597135.00	        1.00	        3.00	        1.00
  1.63	        4.00	        0.00	   597116.00	        1.00	        3.00	        1.00
  1.64	        4.00	        0.00	   597098.00	        1.00	        3.00	        1.00
  1.65	        4.00	        0.00	   597079.00	        1.00	        3.00	        1.00
  1.66	        4.00	        0.00	   597064.00	        1.00	        3.00	        1.00
  1.67	        5.00	        0.00	   597045.00	        1.00	        4.00	        1.00
  1.68	        5.00	        0.00	   597021.00	        1.00	        4.00	        1.00
  1.69	        5.00	        0.00	   597002.00	        1.00	        4.00	        1.00
  1.70	        5.00	        0.00	   596983.00	        1.00	        4.00	        1.00
  1.71	        5.00	        0.00	   596962.00	        1.00	        4.00	        1.00
  1.72	        5.00	        0.00	   596943.00	        1.00	        4.00	        1.00
  1.73	        6.00	        0.00	   596923.00	        1.00	        5.00	        1.00
  1.74	        6.00	        0.00	   596906.00	        1.00	        5.00	        1.00
  1.75	        6.00	        0.00	   596892.00	        1.00	        5.00	        1.00
  1.76	        6.00	        0.00	   596868.00	        1.00	        5.00	        1.00
  1.77	        6.00	        0.00	   596856.00	        1.00	        5.00	        1.00
  1.78	        6.00	        0.00	   596841.00	        1.00	        5.00	        1.00
  1.79	        6.00	        0.00	   596821.00	        1.00	        5.00	        1.00
  1.80	        6.00	        0.00	   596808.00	        1.00	        5.00	        1.00
  1.81	        6.00	        0.00	   596789.00	        1.00	        5.00	        1.00
  1.82	        6.00	        0.00	   596773.00	        1.00	        5.00	        1.00
  1.83	        6.00	        0.00	   596749.00	        1.00	        5.00	        1.00
  1.84	        6.00	        0.00	   596731.00	        1.00	        5.00	        1.00
  1.85	        6.00	        0.00	   596711.00	        1.00	        5.00	        1.00
  1.86	        6.00	        0.00	   596697.00	        1.00	        5.00	        1.00
  1.87	        6.00	        0.00	   596682.00	        1.00	        5.00	        1.00
  1.88	        6.00	        0.00	   596655.00	        1.00	        5.00	        1.00
  1.89	        6.00	        0.00	   596642.00	        1.00	        5.00	        1.00
  1.90	        6.00	        0.00	   596625.00	        1.00	        5.00	        1.00
  1.91	        6.00	        0.00	   596606.00	        1.00	        5.00	        1.00
  1.92	        6.00	        0.00	   596578.00	        1.00	        5.00	        1.00
  1.93	        6.00	        0.00	   596562.00	        1.00	        5.00	        1.00
  1.94	        6.00	        0.00	   596545.00	        1.00	        5.00	        1.00
  1.95	        6.00	        0.00	   596523.00	        1.00	        5.00	        1.00
  1.96	        7.00	        0.00	   596510.00	        1.00	        6.00	        1.00
  1.97	        7.00	        0.00	   596488.00	        1.00	        6.00	        1.00
  1.98	        7.00	        0.00	   596462.00	        1.00	        6.00	        1.00
  1.99	        7.00	        0.00	   596444.00	        1.00	        6.00	        1.00
  2.00	        7.00	        0.00	   596420.00	        1.00	        6.00	        1.00
  2.01	        7.00	        0.00	   596402.00	        1.00	        6.00	        1.00
  2.02	        7.00	        0.00	   596391.00	        1.00	        6.00	        1.00
  2.03	        7.00	        0.00	   596382.00	        1.00	        6.00	        1.00
  2.04	        9.00	        0.00	   596356.00	        1.00	        8.00	        1.00
  2.05	        9.00	        0.00	   596335.00	        1.00	        8.00	        1.00
  2.06	        9.00	        0.00	   596318.00	        1.00	        8.00	        1.00
  2.07	        9.00	        0.00	   596300.00	        1.00	        8.00	        1.00
  2.08	        9.00	        0.00	   596280.00	        1.00	        8.00	        1.00
  2.09	        9.00	        0.00	   596256.00	        1.00	        8.00	        1.00
  2.10	        9.00	        0.00	   596245.00	        1.00	        8.00	        1.00
  2.11	       10.00	        0.00	   596225.00	        1.00	        9.00	        1.00
  2.12	       10.00	        0.00	   596208.00	        1.00	        9.00	        1.00
  2.13	       10.00	        0.00	   596192.00	        1.00	        9.00	        1.00
  2.14	       10.00	        0.00	   596170.00	        1.00	        9.00	        1.00
  2.15	       10.00	        0.00	   596149.00	        1.00	        9.00	        1.00
  2.16	       10.00	        0.00	   596134.00	        1.00	        9.00	        1.00
  2.17	       10.00	        0.00	   596115.00	        1.00	        9.00	        1.00
  2.18	       10.00	        0.00	   596101.00	        1.00	        9.00	        1.00
  2.19	       12.00	        0.00	   596081.00	        1.00	       11.00	        1.00
  2.20	       12.00	        0.00	   596060.00	        1.00	       11.00	        1.00
  2.21	       12.00	        0.00	   596038.00	        1.00	       11.00	        1.00
  2.22	       12.00	        0.00	   596019.00	        1.00	       11.00	        1.00
  2.23	       12.00	        0.00	   595997.00	        1.00	       11.00	        1.00
  2.24	       12.00	        0.00	   595981.00	        1.00	       11.00	        1.00
  2.25	       13.00	        0.00	   595961.00	        1.00	       12.00	        1.00
  2.26	       13.00	        0.00	   595944.00	        1.00	       12.00	        1.00
  2.27	       13.00	        0.00	   595917.00	        1.00	       12.00	        1.00
  2.28	       13.00	        0.00	   595902.00	        1.00	       12.00	        1.00
  2.29	       13.00	        0.00	   595881.00	        1.00	       12.00	        1.00
  2.30	       13.00	        0.00	   595861.00	        1.00	       12.00	        1.00
  2.31	       14.00	        0.00	   595839.00	        1.00	       13.00	        1.00
  2.32	       14.00	        0.00	   595820.00	        1.00	       13.00	        1.00
  2.33	       14.00	        0.00	   595807.00	        1.00	       13.00	        1.00
  2.34	       14.00	        0.00	   595791.00	        1.00	       13.00	        1.00
  2.35	       14.00	        0.00	   595772.00	        1.00	       13.00	        1.00
  2.36	       15.00	        0.00	   595756.00	        1.00	       14.00	        1.00
  2.37	       15.00	        0.00	   595740.00	        1.00	       14.00	        1.00
  2.38	       16.00	        0.00	   595723.00	        1.00	       15.00	        1.00
  2.39	       16.00	        0.00	   595706.00	        1.00	       15.00	        1.00
  2.40	       16.00	        0.00	   595696.00	        1.00	       15.00	        1.00
  2.41	       16.00	        0.00	   595680.00	        1.00	       15.00	        1.00
  2.42	       16.00	        0.00	   595672.00	        1.00	       15.00	        1.00
  2.43	       16.00	        0.00	   595648.00	        1.00	       15.00	        1.00
  2.44	       16.00	        0.00	   595634.00	        1.00	       15.00	        1.00
  2.45	       16.00	        0.00	   595611.00	        1.00	       15.00	        1.00
  2.46	       16.00	        0.00	   595588.00	        1.00	       15.00	        1.00
  2.47	       16.00	        0.00	   595566.00	        1.00	       15.00	        1.00
  2.48	       16.00	        0.00	   595542.00	        1.00	       15.00	        1.00
  2.49	       16.00	        0.00	   595509.00	        1.00	       15.00	        1.00
  2.50	       16.00	        0.00	   595493.00	        1.00	       15.00	        1.00
  2.51	       16.00	        0.00	   595473.00	        1.00	       15.00	        1.00
  2.52	       16.00	        0.00	   595462.00	        1.00	       15.00	        1.00
  2.53	       16.00	        0.00	   595445.00	        1.00	       15.00	        1.00
  2.54	       16.00	        0.00	   595430.00	        1.00	       15.00	        1.00
  2.55	       16.00	        0.00	   595405.00	        1.00	       15.00	        1.00
  2.56	       16.00	        0.00	   595379.00	        1.00	       15.00	        1.00
  2.57	       16.00	        0.00	   595367.00	        1.00	       15.00	        1.00
  2.58	       17.00	        0.00	   595356.00	        1.00	       16.00	        1.00
  2.59	       17.00	        0.00	   595337.00	        1.00	       16.00	        1.00
  2.60	       17.00	        0.00	   595315.00	        1.00	       16.00	        1.00
  2.61	       18.00	        0.00	   595296.00	        1.00	       17.00	        1.00
  2.62	       19.00	        0.00	   595279.00	        1.00	       18.00	        1.00
  2.63	       19.00	        0.00	   595256.00	        1.00	       18.00	        1.00
  2.64	       19.00	        0.00	   595235.00	        1.00	       18.00	        1.00
  2.65	       20.00	        0.00	   595215.00	        1.00	       19.00	        1.00
  2.66	       20.00	        0.00	   595201.00	        1.00	       19.00	        1.00
  2.67	       20.00	        0.00	   595187.00	        1.00	       19.00	        1.00
  2.68	       20.00	        0.00	   595167.00	        1.00	       19.00	        1.00
  2.69	       20.00	        0.00	   595153.00	        1.00	       19.00	        1.00
  2.70	       20.00	        0.00	   595132.00	        1.00	       19.00	        1.00
  2.71	       20.00	        0.00	   595115.00	        1.00	       19.00	        1.00
  2.72	       21.00	        0.00	   595089.00	        1.00	       20.00	        1.00
  2.73	       21.00	        0.00	   595068.00	        1.00	       20.00	        1.00
  2.74	       21.00	        0.00	   595044.00	        1.00	       20.00	        1.00
  2.75	       21.00	        0.00	   595023.00	        1.00	       20.00	        1.00
  2.76	       22.00	        0.00	   595004.00	        1.00	       21.00	        1.00
  2.77	       22.00	        0.00	   594991.00	        1.00	       21.00	        1.00
  2.78	       22.00	        0.00	   594977.00	        1.00	       21.00	        1.00
  2.79	       23.00	        0.00	   594960.00	        1.00	       22.00	        1.00
  2.80	       23.00	        0.00	   594941.00	        1.00	       22.00	        1.00
  2.81	       23.00	        0.00	   594917.00	        1.00	       22.00	        1.00
  2.82	       23.00	        0.00	   594901.00	        1.00	       22.00	        1.00
  2.83	       24.00	        0.00	   594886.00	        1.00	       23.00	        1.00
  2.84	       25.00	        0.00	   594863.00	        1.00	       24.00	        1.00
  2.85	       25.00	        0.00	   594850.00	        1.00	       24.00	        1.00
  2.86	       25.00	        0.00	   594829.00	        1.00	       24.00	        1.00
  2.87	       26.00	        0.00	   594810.00	        1.00	       25.00	        1.00
  2.88	       26.00	        0.00	   594797.00	        1.00	       25.00	        1.00
  2.89	       26.00	        0.00	   594780.00	        1.00	       25.00	        1.00
  2.90	       28.00	        0.00	   594763.00	        1.00	       27.00	        1.00
  2.91	       30.00	        0.00	   594745.00	        1.00	       29.00	        1.00
  2.92	       31.00	        0.00	   594723.00	        1.00	       30.00	        1.00
  2.93	       31.00	        0.00	   594704.00	        1.00	       30.00	        1.00
  2.94	       34.00	        0.00	   594685.00	        1.00	       33.00	        1.00
  2.95	       34.00	        0.00	   594661.00	        1.00	       33.00	        1.00
  2.96	       35.00	        0.00	   594647.00	        1.00	       34.00	        1.00
  2.97	       36.00	        0.00	   594628.00	        1.00	       35.00	        1.00
  2.98	       36.00	        0.00	   594617.00	        1.00	       35.00	        1.00
  2.99	       36.00	        0.00	   594604.00	        1.00	       35.00	        1.00
  3.00	       36.00	        0.00	   594592.00	        1.00	       35.00	        1.00
  3.01	       37.00	        0.00	   594574.00	        1.00	       36.00	        1.00
  3.02	       38.00	        0.00	   594561.00	        1.00	       37.00	        1.00
  3.03	       38.00	        0.00	   594547.00	        1.00	       37.00	        1.00
  3.04	       39.00	        0.00	   594529.00	        1.00	       38.00	        1.00
  3.05	       40.00	        0.00	   594502.00	        1.00	       39.00	        1.00
  3.06	       40.00	        0.00	   594486.00	        1.00	       39.00	        1.00
  3.07	       40.00	        0.00	   594467.00	        1.00	       39.00	        1.00
  3.08	       41.00	        0.00	   594448.00	        1.00	       40.00	        1.00
  3.09	       41.00	        0.00	   594428.00	        1.00	       40.00	        1.00
  3.10	       41.00	        0.00	   594408.00	        1.00	       40.00	        1.00
  3.11	       41.00	        0.00	   594393.00	        1.00	       40.00	        1.00
  3.12	       41.00	        0.00	   594372.00	        1.00	       40.00	        1.00
  3.13	       41.00	        0.00	   594352.00	        1.00	       40.00	        1.00
  3.14	       41.00	        0.00	   594332.00	        1.00	       40.00	        1.00
  3.15	       41.00	        0.00	   594313.00	        1.00	       40.00	        1.00
  3.16	       42.00	        0.00	   594294.00	        1.00	       41.00	        1.00
  3.17	       42.00	        0.00	   594269.00	        1.00	       41.00	        1.00
  3.18	       42.00	        0.00	   594258.00	        1.00	       41.00	        1.00
  3.19	       43.00	        0.00	   594245.00	        1.00	       42.00	        1.00
  3.20	       44.00	        0.00	   594228.00	        1.00	       43.00	        1.00
  3.21	       44.00	        0.00	   594212.00	        1.00	       43.00	        1.00
  3.22	       44.00	        0.00	   594201.00	        1.00	       43.00	        1.00
  3.23	       45.00	        0.00	   594185.00	        1.00	       44.00	        1.00
  3.24	       45.00	        0.00	   594158.00	        1.00	       44.00	        1.00
  3.25	       47.00	        0.00	   594150.00	        1.00	       46.00	        1.00
  3.26	       48.00	        0.00	   594132.00	        1.00	       47.00	        1.00
  3.27	       49.00	        0.00	   594112.00	        1.00	       48.00	        1.00
  3.28	       49.00	        0.00	   594100.00	        1.00	       48.00	        1.00
  3.29	       48.00	        1.00	   594084.00	        1.00	       48.00	        1.00
  3.30	       49.00	        1.00	   594063.00	        1.00	       49.00	        1.00
  3.31	       49.00	        1.00	   594038.00	        1.00	       49.00	        1.00
  3.32	       50.00	        1.00	   594018.00	        1.00	       50.00	        1.00
  3.33	       52.00	        1.00	   594002.00	        1.00	       52.00	        1.00
  3.34	       52.00	        1.00	   593983.00	        1.00	       52.00	        1.00
  3.35	       53.00	        1.00	   593965.00	        1.00	       53.00	        1.00
  3.36	       53.00	        1.00	   593952.00	        1.00	       53.00	        1.00
  3.37	       54.00	        1.00	   593934.00	        1.00	       54.00	        1.00
  3.38	       56.00	        1.00	   593916.00	        1.00	       56.00	        1.00
  3.39	       56.00	        1.00	   593905.00	        1.00	       56.00	        1.00
  3.40	       56.00	        1.00	   593888.00	        1.00	       56.00	        1.00
  3.41	       57.00	        1.00	   593871.00	        1.00	       57.00	        1.00
  3.42	       60.00	        1.00	   593852.00	        1.00	       60.00	        1.00
  3.43	       60.00	        1.00	   593823.00	        1.00	       60.00	        1.00
  3.44	       61.00	        1.00	   593807.00	        1.00	       61.00	        1.00
  3.45	       62.00	        1.00	   593788.00	        1.00	       62.00	        1.00
  3.46	       63.00	        1.00	   593773.00	        1.00	       63.00	        1.00
  3.47	       63.00	        1.00	   593758.00	        1.00	       63.00	        1.00
  3.48	       64.00	        1.00	   593734.00	        1.00	       64.00	        1.00
  3.49	       65.00	        1.00	   593711.00	        1.00	       65.00	        1.00
  3.50	       65.00	        1.00	   593692.00	        1.00	       65.00	        1.00
  3.51	       68.00	        1.00	   593677.00	        1.00	       68.00	        1.00
  3.52	       70.00	        1.00	   593656.00	        1.00	       70.00	        1.00
  3.53	       73.00	        1.00	   593632.00	        1.00	       73.00	        1.00
  3.54	       74.00	        1.00	   593614.00	        1.00	       74.00	        1.00
  3.55	       76.00	        1.00	   593598.00	        1.00	       76.00	        1.00
  3.56	       77.00	        1.00	   593576.00	        1.00	       77.00	        1.00
  3.57	       79.00	        1.00	   593557.00	        1.00	       79.00	        1.00
  3.58	       79.00	        1.00	   593536.00	        1.00	       79.00	        1.00
  3.59	       81.00	        1.00	   593518.00	        1.00	       81.00	        1.00
  3.60	       86.00	        1.00	   593490.00	        1.00	       86.00	        1.00
  3.61	       87.00	        2.00	   593470.00	        1.00	       88.00	        1.00
  3.62	       88.00	        2.00	   593450.00	        1.00	       89.00	        1.00
  3.63	       90.00	        2.00	   593431.00	        1.00	       91.00	        1.00
  3.64	       94.00	        2.00	   593411.00	        1.00	       95.00	        1.00
  3.65	       96.00	        2.00	   593394.00	        1.00	       97.00	        1.00
  3.66	       98.00	        2.00	   593376.00	        1.00	       99.00	        1.00
  3.67	       99.00	        2.00	   593363.00	        1.00	      100.00	        1.00
  3.68	       99.00	        2.00	   593346.00	        1.00	      100.00	        1.00
  3.69	       99.00	        2.00	   593321.00	        1.00	      100.00	        1.00
  3.70	      101.00	        2.00	   593306.00	        1.00	      102.00	        1.00
  3.71	      101.00	        2.00	   593287.00	        1.00	      102.00	        1.00
  3.72	      103.00	        2.00	   593269.00	        1.00	      104.00	        1.00
  3.73	      104.00	        2.00	   593251.00	        1.00	      105.00	        1.00
  3.74	      106.00	        3.00	   593234.00	        1.00	      108.00	        1.00
  3.75	      108.00	        3.00	   593215.00	        1.00	      110.00	        1.00
  3.76	      108.00	        4.00	   593197.00	        1.00	      111.00	        1.00
  3.77	      108.00	        4.00	   593177.00	        1.00	      111.00	        1.00
  3.78	      108.00	        4.00	   593160.00	        1.00	      111.00	        1.00
  3.79	      109.00	        4.00	   593140.00	        1.00	      112.00	        1.00
  3.80	      110.00	        4.00	   593131.00	        1.00	      113.00	        1.00
  3.81	      114.00	        4.00	   593108.00	        1.00	      117.00	        1.00
  3.82	      115.00	        4.00	   593096.00	        1.00	      118.00	        1.00
  3.83	      117.00	        4.00	   593081.00	        1.00	      120.00	        1.00
  3.84	      121.00	        4.00	   593063.00	        1.00	      124.00	        1.00
  3.85	      122.00	        4.00	   593041.00	        1.00	      125.00	        1.00
  3.86	      123.00	        4.00	   593019.00	        1.00	      126.00	        1.00
  3.87	      126.00	        4.00	   593007.00	        1.00	      129.00	        1.00
  3.88	      128.00	        4.00	   592997.00	        1.00	      131.00	        1.00
  3.89	      131.00	        5.00	   592981.00	        1.00	      135.00	        1.00
  3.90	      132.00	        6.00	   592966.00	        1.00	      137.00	        1.00
  3.91	      135.00	        7.00	   592948.00	        1.00	      141.00	        1.00
  3.92	      138.00	        7.00	   592926.00	        1.00	      144.00	        1.00
  3.93	      140.00	        7.00	   592912.00	        1.00	      146.00	        1.00
  3.94	      143.00	        7.00	   592897.00	        1.00	      149.00	        1.00
  3.95	      143.00	        7.00	   592879.00	        1.00	      149.00	        1.00
  3.96	      146.00	        7.00	   592856.00	        1.00	      152.00	        1.00
  3.97	      150.00	        7.00	   592838.00	        1.00	      156.00	        1.00
  3.98	      153.00	        7.00	   592817.00	        1.00	      159.00	        1.00
  3.99	      158.00	        7.00	   592800.00	        1.00	      164.00	        1.00
  4.00	      160.00	        7.00	   592782.00	        1.00	      166.00	        1.00
  4.01	       51.00	      116.00	   592967.00	        1.00	      167.00	        1.00
  4.02	       52.00	      116.00	   592951.00	        1.00	      168.00	        1.00
  4.03	       53.00	      116.00	   592941.00	        1.00	      169.00	        1.00
  4.04	       54.00	      116.00	   592922.00	        1.00	      170.00	        1.00
  4.05	       54.00	      116.00	   592903.00	        1.00	      170.00	        1.00
  4.06	       55.00	      116.00	   592879.00	        1.00	      171.00	        1.00
  4.07	       55.00	      116.00	   592858.00	        1.00	      171.00	        1.00
  4.08	       55.00	      116.00	   592826.00	        1.00	      171.00	        1.00
  4.09	       55.00	      116.00	   592800.00	        1.00	      171.00	        1.00
  4.10	       57.00	      116.00	   592785.00	        1.00	      173.00	        1.00
  4.11	       59.00	      116.00	   592770.00	        1.00	      175.00	        1.00
  4.12	       60.00	      116.00	   592755.00	        1.00	      176.00	        1.00
  4.13	       60.00	      116.00	   592733.00	        1.00	      176.00	        1.00
  4.14	       62.00	      116.00	   592719.00	        1.00	      178.00	        1.00
  4.15	       62.00	      117.00	   592698.00	        1.00	      179.00	        1.00
  4.16	       63.00	      118.00	   592683.00	        1.00	      181.00	        1.00
  4.17	       64.00	      118.00	   592670.00	        1.00	      182.00	        1.00
  4.18	       66.00	      118.00	   592654.00	        1.00	      184.00	        1.00
  4.19	       71.00	      118.00	   592632.00	        1.00	      189.00	        1.00
  4.20	       73.00	      118.00	   592624.00	        1.00	      191.00	        1.00
  4.21	       73.00	      118.00	   592609.00	        1.00	      191.00	        1.00
  4.22	       73.00	      118.00	   592587.00	        1.00	      191.00	        1.00
  4.23	       75.00	      118.00	   592571.00	        1.00	      193.00	        1.00
  4.24	       76.00	      118.00	   592551.00	        1.00	      194.00	        1.00
  4.25	       77.00	      118.00	   592530.00	        1.00	      195.00	        1.00
  4.26	       27.00	      167.00	   592707.00	        1.00	      195.00	        1.00
  4.27	       27.00	      167.00	   592689.00	        1.00	      195.00	        1.00
  4.28	       26.00	      168.00	   592673.00	        1.00	      195.00	        1.00
  4.29	       27.00	      168.00	   592653.00	        1.00	      196.00	        1.00
  4.30	       28.00	      168.00	   592640.00	        1.00	      197.00	        1.00
  4.31	       28.00	      168.00	   592622.00	        1.00	      197.00	        1.00
  4.32	       27.00	      169.00	   592599.00	        1.00	      197.00	        1.00
  4.33	       27.00	      169.00	   592580.00	        1.00	      197.00	        1.00
  4.34	       28.00	      169.00	   592563.00	        1.00	      198.00	        1.00
  4.35	       28.00	      169.00	   592544.00	        1.00	      198.00	        1.00
  4.36	       29.00	      169.00	   592528.00	        1.00	      199.00	        1.00
  4.37	       29.00	      169.00	   592506.00	        1.00	      199.00	        1.00
  4.38	       29.00	      169.00	   592489.00	        1.00	      199.00	        1.00
  4.39	       29.00	      169.00	   592477.00	        1.00	      199.00	        1.00
  4.40	       29.00	      169.00	   592461.00	        1.00	      199.00	        1.00
  4.41	       29.00	      169.00	   592443.00	        1.00	      199.00	        1.00
  4.42	       29.00	      169.00	   592423.00	        1.00	      199.00	        1.00
  4.43	       29.00	      169.00	   592401.00	        1.00	      199.00	        1.00
  4.44	       29.00	      169.00	   592387.00	        1.00	      199.00	        1.00
  4.45	       30.00	      169.00	   592372.00	        1.00	      200.00	        1.00
  4.46	       30.00	      169.00	   592347.00	        1.00	      200.00	        1.00
  4.47	       31.00	      169.00	   592333.00	        1.00	      201.00	        1.00
  4.48	       16.00	      185.00	   592519.00	        1.00	      203.00	        1.00
  4.49	       16.00	      185.00	   592503.00	        1.00	      203.00	        1.00
  4.50	       16.00	      185.00	   592482.00	        1.00	      203.00	        1.00
  4.51	       16.00	      185.00	   592464.00	        1.00	      203.00	        1.00
  4.52	        6.00	      194.00	   592646.00	        1.00	      203.00	        1.00
  4.53	        6.00	      194.00	   592633.00	        1.00	      203.00	        1.00
  4.54	        7.00	      194.00	   592621.00	        1.00	      204.00	        1.00
  4.55	        8.00	      194.00	   592597.00	        1.00	      205.00	        1.00
  4.56	        8.00	      194.00	   592573.00	        1.00	      205.00	        1.00
  4.57	        8.00	      194.00	   592554.00	        1.00	      205.00	        1.00
  4.58	        2.00	      198.00	   592933.00	        1.00	      205.00	        1.00
  4.59	        2.00	      198.00	   592914.00	        1.00	      205.00	        1.00
  4.60	        2.00	      198.00	   592892.00	        1.00	      205.00	        1.00
  4.61	        1.00	      198.00	   593068.00	        1.00	      205.00	        1.00
  4.62	        0.00	      197.00	   593452.00	        0.00	      205.00	        1.00
  4.63	        0.00	      197.00	   593431.00	        0.00	      205.00	        1.00
  4.64	        0.00	      197.00	   593411.00	        0.00	      205.00	        1.00
  4.65	        0.00	      196.00	   593589.00	        0.00	      205.00	        1.00
  4.66	        0.00	      195.00	   593769.00	        0.00	      205.00	        1.00
  4.67	        0.00	      194.00	   593937.00	        0.00	      205.00	        1.00
  4.68	        0.00	      193.00	   594120.00	        0.00	      205.00	        1.00
  4.69	        0.00	      193.00	   594103.00	        0.00	      205.00	        1.00
  4.70	        0.00	      193.00	   594081.00	        0.00	      205.00	        1.00
  4.71	        0.00	      193.00	   594065.00	        0.00	      205.00	        1.00
  4.72	        0.00	      193.00	   594047.00	        0.00	      205.00	        1.00
  4.73	        0.00	      193.00	   594027.00	        0.00	      205.00	        1.00
  4.74	        0.00	      193.00	   594015.00	        0.00	      205.00	        1.00
  4.75	        0.00	      193.00	   594002.00	        0.00	      205.00	        1.00
  4.76	        0.00	      191.00	   594382.00	        0.00	      205.00	        1.00
  4.77	        0.00	      190.00	   594559.00	        0.00	      205.00	        1.00
  4.78	        0.00	      189.00	   594746.00	        0.00	      205.00	        1.00
  4.79	        0.00	      189.00	   594723.00	        0.00	      205.00	        1.00
  4.80	        0.00	      189.00	   594712.00	        0.00	      205.00	        1.00
  4.81	        0.00	      189.00	   594691.00	        0.00	      205.00	        1.00
  4.82	        0.00	      188.00	   594869.00	        0.00	      205.00	        1.00
  4.83	        0.00	      187.00	   595050.00	        0.00	      205.00	        1.00
  4.84	        0.00	      187.00	   595031.00	        0.00	      205.00	        1.00
  4.85	        0.00	      185.00	   595411.00	        0.00	      205.00	        1.00
  4.86	        0.00	      184.00	   595588.00	        0.00	      205.00	        1.00
  4.87	        0.00	      184.00	   595570.00	        0.00	      205.00	        1.00
  4.88	        0.00	      184.00	   595547.00	        0.00	      205.00	        1.00
  4.89	        0.00	      181.00	   596122.00	        0.00	      205.00	        1.00
  4.90	        0.00	      180.00	   596303.00	        0.00	      205.00	        1.00
  4.91	        0.00	      180.00	   596283.00	        0.00	      205.00	        1.00
  4.92	        0.00	      178.00	   596657.00	        0.00	      205.00	        1.00
  4.93	        0.00	      176.00	   597039.00	        0.00	      205.00	        1.00
  4.94	        0.00	      174.00	   597421.00	        0.00	      205.00	        1.00
  4.95	        0.00	      173.00	   597600.00	        0.00	      205.00	        1.00
  4.96	        0.00	      172.00	   597773.00	        0.00	      205.00	        1.00
  4.97	        0.00	      172.00	   597751.00	        0.00	      205.00	        1.00
  4.98	        0.00	      172.00	   597728.00	        0.00	      205.00	        1.00
  4.99	        0.00	      168.00	   598513.00	        0.00	      205.00	        1.00
  5.00	        0.00	      165.00	   599095.00	        0.00	      205.00	        1.00
  5.01	        0.00	      163.00	   599473.00	        0.00	      205.00	        1.00
  5.02	        0.00	      160.00	   600046.00	        0.00	      205.00	        1.00
  5.03	        0.00	      158.00	   600418.00	        0.00	      205.00	        1.00
  5.04	        0.00	      156.00	   600798.00	        0.00	      205.00	        1.00
  5.05	        0.00	      154.00	   601180.00	        0.00	      205.00	        1.00
  5.06	        0.00	      151.00	   601757.00	        0.00	      205.00	        1.00
  5.07	        0.00	      151.00	   601740.00	        0.00	      205.00	        1.00
  5.08	        0.00	      150.00	   601919.00	        0.00	      205.00	        1.00
  5.09	        0.00	      149.00	   602093.00	        0.00	      205.00	        1.00
  5.10	        0.00	      148.00	   602270.00	        0.00	      205.00	        1.00
  5.11	        0.00	      145.00	   602851.00	        0.00	      205.00	        1.00
  5.12	        0.00	      142.00	   603433.00	        0.00	      205.00	        1.00
  5.13	        0.00	      141.00	   603619.00	        0.00	      205.00	        1.00
  5.14	        0.00	      140.00	   603795.00	        0.00	      205.00	        1.00
  5.15	        0.00	      139.00	   603972.00	        0.00	      205.00	        1.00
  5.16	        0.00	      139.00	   603948.00	        0.00	      205.00	        1.00
  5.17	        0.00	      136.00	   604525.00	        0.00	      205.00	        1.00
  5.18	        0.00	      134.00	   604906.00	        0.00	      205.00	        1.00
  5.19	        0.00	      131.00	   605489.00	        0.00	      205.00	        1.00
  5.20	        0.00	      130.00	   605662.00	        0.00	      205.00	        1.00
  5.21	        0.00	      127.00	   606240.00	        0.00	      205.00	        1.00
  5.22	        0.00	      122.00	   607198.00	        0.00	      205.00	        1.00
  5.23	        0.00	      119.00	   607777.00	        0.00	      205.00	        1.00
  5.24	        0.00	      116.00	   608358.00	        0.00	      205.00	        1.00
  5.25	        0.00	      113.00	   608940.00	        0.00	      205.00	        1.00
  5.26	        0.00	      111.00	   609312.00	        0.00	      205.00	        1.00
  5.27	        0.00	      108.00	   609888.00	        0.00	      205.00	        1.00
  5.28	        0.00	      106.00	   610270.00	        0.00	      205.00	        1.00
  5.29	        0.00	      103.00	   610841.00	        0.00	      205.00	        1.00
  5.30	        0.00	       98.00	   611818.00	        0.00	      205.00	        1.00
  5.31	        0.00	       98.00	   611793.00	        0.00	      205.00	        1.00
  5.32	        0.00	       97.00	   611977.00	        0.00	      205.00	        1.00
  5.33	        0.00	       95.00	   612357.00	        0.00	      205.00	        1.00
  5.34	        0.00	       93.00	   612734.00	        0.00	      205.00	        1.00
  5.35	        0.00	       89.00	   613514.00	        0.00	      205.00	        1.00
  5.36	        0.00	       86.00	   614091.00	        0.00	      205.00	        1.00
  5.37	        0.00	       85.00	   614270.00	        0.00	      205.00	        1.00
  5.38	        0.00	       82.00	   614842.00	        0.00	      205.00	        1.00
  5.39	        0.00	       81.00	   615011.00	        0.00	      205.00	        1.00
  5.40	        0.00	       80.00	   615192.00	        0.00	      205.00	        1.00
  5.41	        0.00	       78.00	   615566.00	        0.00	      205.00	        1.00
  5.42	        0.00	       78.00	   615538.00	        0.00	      205.00	        1.00
  5.43	        0.00	       76.00	   615903.00	        0.00	      205.00	        1.00
  5.44	        0.00	       72.00	   616681.00	        0.00	      205.00	        1.00
  5.45	        0.00	       71.00	   616848.00	        0.00	      205.00	        1.00
  5.46	        0.00	       69.00	   617222.00	        0.00	      205.00	        1.00
  5.47	        0.00	       69.00	   617199.00	        0.00	      205.00	        1.00
  5.48	        0.00	       66.00	   617771.00	        0.00	      205.00	        1.00
  5.49	        0.00	       66.00	   617751.00	        0.00	      205.00	        1.00
  5.50	        0.00	       65.00	   617922.00	        0.00	      205.00	        1.00
  5.51	        0.00	       65.00	   617901.00	        0.00	      205.00	        1.00
  5.52	        0.00	       64.00	   618080.00	        0.00	      205.00	        1.00
  5.53	        0.00	       63.00	   618257.00	        0.00	      205.00	        1.00
  5.54	        0.00	       63.00	   618228.00	        0.00	      205.00	        1.00
  5.55	        0.00	       63.00	   618202.00	        0.00	      205.00	        1.00
  5.56	        0.00	       60.00	   618774.00	        0.00	      205.00	        1.00
  5.57	        0.00	       58.00	   619147.00	        0.00	      205.00	        1.00
  5.58	        0.00	       57.00	   619320.00	        0.00	      205.00	        1.00
  5.59	        0.00	       56.00	   619491.00	        0.00	      205.00	        1.00
  5.60	        0.00	       53.00	   620072.00	        0.00	      205.00	        1.00
  5.61	        0.00	       53.00	   620048.00	        0.00	      205.00	        1.00
  5.62	        0.00	       52.00	   620228.00	        0.00	      205.00	        1.00
  5.63	        0.00	       51.00	   620406.00	        0.00	      205.00	        1.00
  5.64	        0.00	       49.00	   620780.00	        0.00	      205.00	        1.00
  5.65	        0.00	       47.00	   621160.00	        0.00	      205.00	        1.00
  5.66	        0.00	       47.00	   621137.00	        0.00	      205.00	        1.00
  5.67	        0.00	       45.00	   621513.00	        0.00	      205.00	        1.00
  5.68	        0.00	       45.00	   621495.00	        0.00	      205.00	        1.00
  5.69	        0.00	       44.00	   621675.00	        0.00	      205.00	        1.00
  5.70	        0.00	       42.00	   622046.00	        0.00	      205.00	        1.00
  5.71	        0.00	       40.00	   622422.00	        0.00	      205.00	        1.00
  5.72	        0.00	       38.00	   622801.00	        0.00	      205.00	        1.00
  5.73	        0.00	       37.00	   622986.00	        0.00	      205.00	        1.00
  5.74	        0.00	       35.00	   623365.00	        0.00	      205.00	        1.00
  5.75	        0.00	       35.00	   623346.00	        0.00	      205.00	        1.00
  5.76	        0.00	       35.00	   623325.00	        0.00	      205.00	        1.00
  5.77	        0.00	       35.00	   623303.00	        0.00	      205.00	        1.00
  5.78	        0.00	       35.00	   623276.00	        0.00	      205.00	        1.00
  5.79	        0.00	       32.00	   623858.00	        0.00	      205.00	        1.00
  5.80	        0.00	       30.00	   624247.00	        0.00	      205.00	        1.00
  5.81	        0.00	       28.00	   624624.00	        0.00	      205.00	        1.00
  5.82	        0.00	       26.00	   624999.00	        0.00	      205.00	        1.00
  5.83	        0.00	       26.00	   624988.00	        0.00	      205.00	        1.00
  5.84	        0.00	       26.00	   624964.00	        0.00	      205.00	        1.00
  5.85	        0.00	       25.00	   625141.00	        0.00	      205.00	        1.00
  5.86	        0.00	       25.00	   625125.00	        0.00	      205.00	        1.00
  5.87	        0.00	       25.00	   625099.00	        0.00	      205.00	        1.00
  5.88	        0.00	       24.00	   625283.00	        0.00	      205.00	        1.00
  5.89	        0.00	       23.00	   625462.00	        0.00	      205.00	        1.00
  5.90	        0.00	       22.00	   625634.00	        0.00	      205.00	        1.00
  5.91	        0.00	       21.00	   625815.00	        0.00	      205.00	        1.00
  5.92	        0.00	       21.00	   625791.00	        0.00	      205.00	        1.00
  5.93	        0.00	       20.00	   625971.00	        0.00	      205.00	        1.00
  5.94	        0.00	       20.00	   625949.00	        0.00	      205.00	        1.00
  5.95	        0.00	       19.00	   626128.00	        0.00	      205.00	        1.00
  5.96	        0.00	       19.00	   626103.00	        0.00	      205.00	        1.00
  5.97	        0.00	       18.00	   626289.00	        0.00	      205.00	        1.00
  5.98	        0.00	       17.00	   626466.00	        0.00	      205.00	        1.00
  5.99	        0.00	       14.00	   627032.00	        0.00	      205.00	        1.00
  6.00	        0.00	       13.00	   627211.00	        0.00	      205.00	        1.00
  6.01	        0.00	       13.00	   627191.00	        0.00	      205.00	        1.00
  6.02	        0.00	       13.00	   627170.00	        0.00	      205.00	        1.00
  6.03	        0.00	       12.00	   627351.00	        0.00	      205.00	        1.00
  6.04	        0.00	       10.00	   627725.00	        0.00	      205.00	        1.00
  6.05	        0.00	        9.00	   627901.00	        0.00	      205.00	        1.00
  6.06	        0.00	        9.00	   627880.00	        0.00	      205.00	        1.00
  6.07	        0.00	        8.00	   628059.00	        0.00	      205.00	        1.00
  6.08	        0.00	        8.00	   628037.00	        0.00	      205.00	        1.00
  6.09	        0.00	        8.00	   628013.00	        0.00	      205.00	        1.00
  6.10	        0.00	        7.00	   628198.00	        0.00	      205.00	        1.00
  6.11	        0.00	        6.00	   628378.00	        0.00	      205.00	        1.00
  6.12	        0.00	        6.00	   628362.00	        0.00	      205.00	        1.00
  6.13	        0.00	        6.00	   628350.00	        0.00	      205.00	        1.00
  6.14	        0.00	        6.00	   628334.00	        0.00	      205.00	        1.00
  6.15	        0.00	        6.00	   628319.00	        0.00	      205.00	        1.00
  6.16	        0.00	        6.00	   628301.00	        0.00	      205.00	        1.00
  6.17	        0.00	        6.00	   628274.00	        0.00	      205.00	        1.00
  6.18	        0.00	        6.00	   628258.00	        0.00	      205.00	        1.00
  6.19	        0.00	        6.00	   628240.00	        0.00	      205.00	        1.00
  6.20	        0.00	        6.00	   628217.00	        0.00	      205.00	        1.00
  6.21	        0.00	        5.00	   628400.00	        0.00	      205.00	        1.00
  6.22	        0.00	        5.00	   628374.00	        0.00	      205.00	        1.00
  6.23	        0.00	        5.00	   628355.00	        0.00	      205.00	        1.00
  6.24	        0.00	        4.00	   628535.00	        0.00	      205.00	        1.00
  6.25	        0.00	        4.00	   628521.00	        0.00	      205.00	        1.00
  6.26	        0.00	        4.00	   628504.00	        0.00	      205.00	        1.00
  6.27	        0.00	        4.00	   628484.00	        0.00	      205.00	        1.00
  6.28	        0.00	        3.00	   628665.00	        0.00	      205.00	        1.00
  6.29	        0.00	        3.00	   628650.00	        0.00	      205.00	        1.00
  6.30	        0.00	        3.00	   628629.00	        0.00	      205.00	        1.00
  6.31	        0.00	        3.00	   628611.00	        0.00	      205.00	        1.00
  6.32	        0.00	        3.00	   628596.00	        0.00	      205.00	        1.00
  6.33	        0.00	        3.00	   628579.00	        0.00	      205.00	        1.00
  6.34	        0.00	        3.00	   628555.00	        0.00	      205.00	        1.00
  6.35	        0.00	        3.00	   628539.00	        0.00	      205.00	        1.00
  6.36	        0.00	        3.00	   628520.00	        0.00	      205.00	        1.00
  6.37	        0.00	        3.00	   628493.00	        0.00	      205.00	        1.00
  6.38	        0.00	        3.00	   628485.00	        0.00	      205.00	        1.00
  6.39	        0.00	        3.00	   628458.00	        0.00	      205.00	        1.00
  6.40	        0.00	        3.00	   628443.00	        0.00	      205.00	        1.00
  6.41	        0.00	        3.00	   628427.00	        0.00	      205.00	        1.00
  6.42	        0.00	        3.00	   628410.00	        0.00	      205.00	        1.00
  6.43	        0.00	        3.00	   628390.00	        0.00	      205.00	        1.00
  6.44	        0.00	        2.00	   628569.00	        0.00	      205.00	        1.00
  6.45	        0.00	        2.00	   628551.00	        0.00	      205.00	        1.00
  6.46	        0.00	        2.00	   628536.00	        0.00	      205.00	        1.00
  6.47	        0.00	        2.00	   628518.00	        0.00	      205.00	        1.00
  6.48	        0.00	        2.00	   628503.00	        0.00	      205.00	        1.00
  6.49	        0.00	        2.00	   628481.00	        0.00	      205.00	        1.00
  6.50	        0.00	        2.00	   628462.00	        0.00	      205.00	        1.00
  6.51	        0.00	        1.00	   628642.00	        0.00	      205.00	        1.00
  6.52	        0.00	        1.00	   628616.00	        0.00	      205.00	        1.00
  6.53	        0.00	        1.00	   628602.00	        0.00	      205.00	        1.00
  6.54	        0.00	        1.00	   628582.00	        0.00	      205.00	        1.00
  6.55	        0.00	        0.00	   628764.00	        0.00	      205.00	        0.00
