Datatype: PopulationSize
  0.00	        3.00	        0.00	316227766.00	        1.00	        0.00	        3.00
  0.01	        4.00	        0.00	315911968.00	        1.00	        1.00	        3.00
  0.02	        4.00	        0.00	315596307.00	        1.00	        1.00	        3.00
  0.03	        4.00	        0.00	315282244.00	        1.00	        1.00	        3.00
  0.04	        4.00	        0.00	314966080.00	        1.00	        1.00	        3.00
  0.05	        4.00	        0.00	314650973.00	        1.00	        1.00	        3.00
  0.06	        4.00	        0.00	314336195.00	        1.00	        1.00	        3.00
  0.07	        4.00	        0.00	314022047.00	        1.00	        1.00	        3.00
  0.08	        3.00	        0.00	313708167.00	        1.00	        1.00	        3.00
  0.09	        3.00	        0.00	313395074.00	        1.00	        1.00	        3.00
  0.10	        3.00	        0.00	313080863.00	        1.00	        1.00	        3.00
  0.11	        3.00	        0.00	312768823.00	        1.00	        1.00	        3.00
  0.12	        3.00	        0.00	312455731.00	        1.00	        1.00	        3.00
  0.13	        3.00	        0.00	312143238.00	        1.00	        1.00	        3.00
  0.14	        3.00	        0.00	311831485.00	        1.00	        1.00	        3.00
  0.15	        3.00	        0.00	311520267.00	        1.00	        1.00	        3.00
  0.16	        3.00	        0.00	311209228.00	        1.00	        1.00	        3.00
  0.17	        4.00	        0.00	310898479.00	        1.00	        2.00	        3.00
  0.18	        4.00	        0.00	310587527.00	        1.00	        2.00	        3.00
  0.19	        4.00	        0.00	310276072.00	        1.00	        2.00	        3.00
  0.20	        4.00	        0.00	309965807.00	        1.00	        2.00	        3.00
  0.21	        3.00	        0.00	309655564.00	        1.00	        2.00	        3.00
  0.22	        3.00	        0.00	309346038.00	        1.00	        2.00	        3.00
  0.23	        3.00	        0.00	309036594.00	        1.00	        2.00	        3.00
  0.24	        3.00	        0.00	308728233.00	        1.00	        2.00	        3.00
  0.25	        3.00	        0.00	308419506.00	        1.00	        2.00	        3.00
  0.26	        3.00	        0.00	308111905.00	        1.00	        2.00	        3.00
  0.27	        3.00	        0.00	307804127.00	        1.00	        2.00	        3.00
  0.28	        3.00	        0.00	307496367.00	        1.00	        2.00	        3.00
  0.29	        3.00	        0.00	307189241.00	        1.00	        2.00	        3.00
  0.30	        3.00	        0.00	306881223.00	        1.00	        2.00	        3.00
  0.31	        3.00	        0.00	306574890.00	        1.00	        2.00	        3.00
  0.32	        3.00	        0.00	306268418.00	        1.00	        2.00	        3.00
  0.33	        3.00	        0.00	305961749.00	        1.00	        2.00	        3.00
  0.34	        3.00	        0.00	305655809.00	        1.00	        2.00	        3.00
  0.35	        3.00	        0.00	305350248.00	        1.00	        2.00	        3.00
  0.36	        3.00	        0.00	305045073.00	        1.00	        2.00	        3.00
  0.37	        3.00	        0.00	304740493.00	        1.00	        2.00	        3.00
  0.38	        3.00	        0.00	304435738.00	        1.00	        2.00	        3.00
  0.39	        3.00	        0.00	304131641.00	        1.00	        2.00	        3.00
  0.40	        3.00	        0.00	303826885.00	        1.00	        2.00	        3.00
  0.41	        3.00	        0.00	303523115.00	        1.00	        2.00	        3.00
  0.42	        2.00	        0.00	303220664.00	        1.00	        2.00	        2.00
  0.43	        2.00	        0.00	302916882.00	        1.00	        2.00	        2.00
  0.44	        2.00	        0.00	302614051.00	        1.00	        2.00	        2.00
  0.45	        2.00	        0.00	302311224.00	        1.00	        2.00	        2.00
  0.46	        2.00	        0.00	302008534.00	        1.00	        2.00	        2.00
  0.47	        2.00	        0.00	301707089.00	        1.00	        2.00	        2.00
  0.48	        2.00	        0.00	301405973.00	        1.00	        2.00	        2.00
  0.49	        3.00	        0.00	301104755.00	        1.00	        3.00	        2.00
  0.50	        3.00	        0.00	300803358.00	        1.00	        3.00	        2.00
  0.51	        3.00	        0.00	300503452.00	        1.00	        3.00	        2.00
  0.52	        3.00	        0.00	300203072.00	        1.00	        3.00	        2.00
  0.53	        3.00	        0.00	299903667.00	        1.00	        3.00	        2.00
  0.54	        3.00	        0.00	299603184.00	        1.00	        3.00	        2.00
  0.55	        3.00	        0.00	299303879.00	        1.00	        3.00	        2.00
  0.56	        3.00	        0.00	299005798.00	        1.00	        3.00	        2.00
  0.57	        3.00	        0.00	298706701.00	        1.00	        3.00	        2.00
  0.58	        3.00	        0.00	298408196.00	        1.00	        3.00	        2.00
  0.59	        3.00	        0.00	298109908.00	        1.00	        3.00	        2.00
  0.60	        3.00	        0.00	297812005.00	        1.00	        3.00	        2.00
  0.61	        3.00	        0.00	297514960.00	        1.00	        3.00	        2.00
  0.62	        3.00	        0.00	297217619.00	        1.00	        3.00	        2.00
  0.63	        3.00	        0.00	296920944.00	        1.00	        3.00	        2.00
  0.64	        3.00	        0.00	296624438.00	        1.00	        3.00	        2.00
  0.65	        3.00	        0.00	296327835.00	        1.00	        3.00	        2.00
  0.66	        3.00	        0.00	296031725.00	        1.00	        3.00	        2.00
  0.67	        3.00	        0.00	295736878.00	        1.00	        3.00	        2.00
  0.68	        3.00	        0.00	295441309.00	        1.00	        3.00	        2.00
  0.69	        4.00	        0.00	295146327.00	        1.00	        4.00	        2.00
  0.70	        4.00	        0.00	294851037.00	        1.00	        4.00	        2.00
  0.71	        4.00	        0.00	294556119.00	        1.00	        4.00	        2.00
  0.72	        4.00	        0.00	294261681.00	        1.00	        4.00	        2.00
  0.73	        4.00	        0.00	293967684.00	        1.00	        4.00	        2.00
  0.74	        4.00	        0.00	293673813.00	        1.00	        4.00	        2.00
  0.75	        4.00	        0.00	293380520.00	        1.00	        4.00	        2.00
  0.76	        4.00	        0.00	293087282.00	        1.00	        4.00	        2.00
  0.77	        4.00	        0.00	292794868.00	        1.00	        4.00	        2.00
  0.78	        4.00	        0.00	292502210.00	        1.00	        4.00	        2.00
  0.79	        4.00	        0.00	292210101.00	        1.00	        4.00	        2.00
  0.80	        4.00	        0.00	291918942.00	        1.00	        4.00	        2.00
  0.81	        4.00	        0.00	291626672.00	        1.00	        4.00	        2.00
  0.82	        4.00	        0.00	291334997.00	        1.00	        4.00	        2.00
  0.83	        4.00	        0.00	291043726.00	        1.00	        4.00	        2.00
  0.84	        4.00	        0.00	290753098.00	        1.00	        4.00	        2.00
  0.85	        3.00	        0.00	290463076.00	        1.00	        4.00	        2.00
  0.86	        3.00	        0.00	290173352.00	        1.00	        4.00	        2.00
  0.87	        3.00	        0.00	289883824.00	        1.00	        4.00	        2.00
  0.88	        3.00	        0.00	289593741.00	        1.00	        4.00	        2.00
  0.89	        3.00	        0.00	289304080.00	        1.00	        4.00	        2.00
  0.90	        3.00	        0.00	289014926.00	        1.00	        4.00	        2.00
  0.91	        3.00	        0.00	288725632.00	        1.00	        4.00	        2.00
  0.92	        3.00	        0.00	288436746.00	        1.00	        4.00	        2.00
  0.93	        3.00	        0.00	288148981.00	        1.00	        4.00	        2.00
  0.94	        3.00	        0.00	287861443.00	        1.00	        4.00	        2.00
  0.95	        3.00	        0.00	287573365.00	        1.00	        4.00	        2.00
  0.96	        3.00	        0.00	287285938.00	        1.00	        4.00	        2.00
  0.97	        3.00	        0.00	286998246.00	        1.00	        4.00	        2.00
  0.98	        2.00	        0.00	286711114.00	        1.00	        4.00	        2.00
  0.99	        2.00	        0.00	286425288.00	        1.00	        4.00	        2.00
  1.00	        3.00	        0.00	286138329.00	        1.00	        5.00	        2.00
  1.01	        3.00	        0.00	285853057.00	        1.00	        5.00	        2.00
  1.02	        3.00	        0.00	285566901.00	        1.00	        5.00	        2.00
  1.03	        3.00	        0.00	285280866.00	        1.00	        5.00	        2.00
  1.04	        3.00	        0.00	284995586.00	        1.00	        5.00	        2.00
  1.05	        3.00	        0.00	284710914.00	        1.00	        5.00	        2.00
  1.06	        3.00	        0.00	284425993.00	        1.00	        5.00	        2.00
  1.07	        3.00	        0.00	284141415.00	        1.00	        5.00	        2.00
  1.08	        3.00	        0.00	283858140.00	        1.00	        5.00	        2.00
  1.09	        3.00	        0.00	283575457.00	        1.00	        5.00	        2.00
  1.10	        3.00	        0.00	283291827.00	        1.00	        5.00	        2.00
  1.11	        3.00	        0.00	283008916.00	        1.00	        5.00	        2.00
  1.12	        3.00	        0.00	282726156.00	        1.00	        5.00	        2.00
  1.13	        4.00	        0.00	282443518.00	        1.00	        6.00	        2.00
  1.14	        4.00	        0.00	282161164.00	        1.00	        6.00	        2.00
  1.15	        4.00	        0.00	281878640.00	        1.00	        6.00	        2.00
  1.16	        6.00	        0.00	281596786.00	        1.00	        8.00	        2.00
  1.17	        7.00	        0.00	281313963.00	        1.00	        9.00	        2.00
  1.18	        7.00	        0.00	281033370.00	        1.00	        9.00	        2.00
  1.19	        7.00	        0.00	280752251.00	        1.00	        9.00	        2.00
  1.20	        7.00	        0.00	280471095.00	        1.00	        9.00	        2.00
  1.21	        7.00	        0.00	280189548.00	        1.00	        9.00	        2.00
  1.22	        8.00	        0.00	279908835.00	        1.00	       10.00	        2.00
  1.23	        8.00	        0.00	279628228.00	        1.00	       10.00	        2.00
  1.24	        8.00	        0.00	279348259.00	        1.00	       10.00	        2.00
  1.25	        8.00	        0.00	279069038.00	        1.00	       10.00	        2.00
  1.26	        9.00	        0.00	278790218.00	        1.00	       11.00	        2.00
  1.27	        9.00	        0.00	278512020.00	        1.00	       11.00	        2.00
  1.28	        8.00	        0.00	278233907.00	        1.00	       11.00	        2.00
  1.29	        8.00	        0.00	277955997.00	        1.00	       11.00	        2.00
  1.30	        8.00	        0.00	277678525.00	        1.00	       11.00	        2.00
  1.31	        8.00	        0.00	277400652.00	        1.00	       11.00	        2.00
  1.32	        8.00	        0.00	277122261.00	        1.00	       11.00	        2.00
  1.33	        8.00	        0.00	276845875.00	        1.00	       11.00	        2.00
  1.34	        7.00	        0.00	276568635.00	        1.00	       11.00	        2.00
  1.35	        7.00	        0.00	276291900.00	        1.00	       11.00	        2.00
  1.36	        7.00	        0.00	276014919.00	        1.00	       11.00	        2.00
  1.37	        7.00	        0.00	275738697.00	        1.00	       11.00	        2.00
  1.38	        8.00	        0.00	275464236.00	        1.00	       12.00	        2.00
  1.39	        8.00	        0.00	275189375.00	        1.00	       12.00	        2.00
  1.40	        8.00	        0.00	274913631.00	        1.00	       12.00	        2.00
  1.41	        8.00	        0.00	274639330.00	        1.00	       12.00	        2.00
  1.42	        8.00	        0.00	274364613.00	        1.00	       12.00	        2.00
  1.43	        7.00	        0.00	274090176.00	        1.00	       12.00	        2.00
  1.44	        6.00	        0.00	273816104.00	        1.00	       12.00	        2.00
  1.45	        6.00	        0.00	273543094.00	        1.00	       12.00	        2.00
  1.46	        6.00	        0.00	273269665.00	        1.00	       12.00	        2.00
  1.47	        6.00	        0.00	272996350.00	        1.00	       12.00	        2.00
  1.48	        7.00	        0.00	272722276.00	        1.00	       13.00	        2.00
  1.49	        7.00	        0.00	272449838.00	        1.00	       13.00	        2.00
  1.50	        7.00	        0.00	272177774.00	        1.00	       13.00	        2.00
  1.51	        7.00	        0.00	271905928.00	        1.00	       14.00	        2.00
  1.52	        7.00	        0.00	271633671.00	        1.00	       14.00	        2.00
  1.53	        7.00	        0.00	271361759.00	        1.00	       14.00	        2.00
  1.54	        7.00	        0.00	271090132.00	        1.00	       14.00	        2.00
  1.55	        6.00	        0.00	270818833.00	        1.00	       14.00	        2.00
  1.56	        6.00	        0.00	270549232.00	        1.00	       14.00	        2.00
  1.57	        6.00	        0.00	270278111.00	        1.00	       14.00	        2.00
  1.58	        6.00	        0.00	270008101.00	        1.00	       14.00	        2.00
  1.59	        5.00	        0.00	269737535.00	        1.00	       14.00	        2.00
  1.60	        5.00	        0.00	269467331.00	        1.00	       14.00	        2.00
  1.61	        5.00	        0.00	269197779.00	        1.00	       14.00	        2.00
  1.62	        5.00	        0.00	268928924.00	        1.00	       14.00	        2.00
  1.63	        5.00	        0.00	268659509.00	        1.00	       14.00	        2.00
  1.64	        5.00	        0.00	268391051.00	        1.00	       14.00	        2.00
  1.65	        5.00	        0.00	268122676.00	        1.00	       14.00	        2.00
  1.66	        5.00	        0.00	267854531.00	        1.00	       14.00	        2.00
  1.67	        5.00	        0.00	267587138.00	        1.00	       14.00	        2.00
  1.68	        5.00	        0.00	267319580.00	        1.00	       14.00	        2.00
  1.69	        5.00	        0.00	267052929.00	        1.00	       14.00	        2.00
  1.70	        5.00	        0.00	266785442.00	        1.00	       14.00	        2.00
  1.71	        5.00	        0.00	266519290.00	        1.00	       14.00	        2.00
  1.72	        4.00	        0.00	266253663.00	        1.00	       14.00	        2.00
  1.73	        4.00	        0.00	265987248.00	        1.00	       14.00	        2.00
  1.74	        3.00	        0.00	265721773.00	        1.00	       14.00	        2.00
  1.75	        3.00	        0.00	265456962.00	        1.00	       14.00	        2.00
  1.76	        3.00	        0.00	265191818.00	        1.00	       14.00	        2.00
  1.77	        3.00	        0.00	264926099.00	        1.00	       14.00	        2.00
  1.78	        3.00	        0.00	264661430.00	        1.00	       14.00	        2.00
  1.79	        3.00	        0.00	264397732.00	        1.00	       14.00	        2.00
  1.80	        3.00	        0.00	264134329.00	        1.00	       14.00	        2.00
  1.81	        3.00	        0.00	263871093.00	        1.00	       14.00	        2.00
  1.82	        3.00	        0.00	263607143.00	        1.00	       14.00	        2.00
  1.83	        3.00	        0.00	263343909.00	        1.00	       14.00	        2.00
  1.84	        3.00	        0.00	263080728.00	        1.00	       14.00	        2.00
  1.85	        3.00	        0.00	262818475.00	        1.00	       14.00	        2.00
  1.86	        3.00	        0.00	262556130.00	        1.00	       14.00	        2.00
  1.87	        3.00	        0.00	262292821.00	        1.00	       14.00	        2.00
  1.88	        3.00	        0.00	262030407.00	        1.00	       14.00	        2.00
  1.89	        3.00	        0.00	261768205.00	        1.00	       14.00	        2.00
  1.90	        3.00	        0.00	261507152.00	        1.00	       14.00	        2.00
  1.91	        3.00	        0.00	261245686.00	        1.00	       14.00	        2.00
  1.92	        3.00	        0.00	260984458.00	        1.00	       14.00	        2.00
  1.93	        3.00	        0.00	260724741.00	        1.00	       14.00	        2.00
  1.94	        4.00	        0.00	260463700.00	        1.00	       15.00	        2.00
  1.95	        4.00	        0.00	260202732.00	        1.00	       15.00	        2.00
  1.96	        5.00	        0.00	259942900.00	        1.00	       16.00	        2.00
  1.97	        6.00	        0.00	259682889.00	        1.00	       17.00	        2.00
  1.98	        7.00	        0.00	259423557.00	        1.00	       19.00	        2.00
  1.99	        7.00	        0.00	259164941.00	        1.00	       19.00	        2.00
  2.00	        7.00	        0.00	258905278.00	        1.00	       19.00	        2.00
  2.01	        7.00	        0.00	258646332.00	        1.00	       19.00	        2.00
  2.02	        7.00	        0.00	258388000.00	        1.00	       19.00	        2.00
  2.03	        7.00	        0.00	258130602.00	        1.00	       19.00	        2.00
  2.04	        7.00	        0.00	257872816.00	        1.00	       19.00	        2.00
  2.05	        7.00	        0.00	257614944.00	        1.00	       19.00	        2.00
  2.06	        7.00	        0.00	257357230.00	        1.00	       19.00	        2.00
  2.07	        7.00	        0.00	257099706.00	        1.00	       19.00	        2.00
  2.08	        7.00	        0.00	256843002.00	        1.00	       19.00	        2.00
  2.09	        6.00	        0.00	256587201.00	        1.00	       19.00	        2.00
  2.10	        6.00	        0.00	256330887.00	        1.00	       19.00	        2.00
  2.11	        5.00	        0.00	256074114.00	        1.00	       19.00	        2.00
  2.12	        5.00	        0.00	255817900.00	        1.00	       19.00	        2.00
  2.13	        4.00	        0.00	255561901.00	        1.00	       19.00	        2.00
  2.14	        4.00	        0.00	255306779.00	        1.00	       19.00	        2.00
  2.15	        4.00	        0.00	255051716.00	        1.00	       19.00	        2.00
  2.16	        4.00	        0.00	254797058.00	        1.00	       19.00	        2.00
  2.17	        4.00	        0.00	254542629.00	        1.00	       19.00	        2.00
  2.18	        4.00	        0.00	254288288.00	        1.00	       19.00	        2.00
  2.19	        3.00	        0.00	254033401.00	        1.00	       19.00	        2.00
  2.20	        3.00	        0.00	253779086.00	        1.00	       19.00	        2.00
  2.21	        2.00	        0.00	253524919.00	        1.00	       19.00	        2.00
  2.22	        2.00	        0.00	253271911.00	        1.00	       19.00	        2.00
  2.23	        2.00	        0.00	253018637.00	        1.00	       19.00	        2.00
  2.24	        2.00	        0.00	252765021.00	        1.00	       19.00	        2.00
  2.25	        2.00	        0.00	252512482.00	        1.00	       19.00	        2.00
  2.26	        2.00	        0.00	252260846.00	        1.00	       19.00	        2.00
  2.27	        2.00	        0.00	252008729.00	        1.00	       19.00	        2.00
  2.28	        2.00	        0.00	251757166.00	        1.00	       19.00	        2.00
  2.29	        3.00	        0.00	251505715.00	        1.00	       20.00	        2.00
  2.30	        3.00	        0.00	251254300.00	        1.00	       20.00	        2.00
  2.31	        3.00	        0.00	251002993.00	        1.00	       20.00	        2.00
  2.32	        3.00	        0.00	250751191.00	        1.00	       20.00	        2.00
  2.33	        4.00	        0.00	250500539.00	        1.00	       21.00	        2.00
  2.34	        4.00	        0.00	250250396.00	        1.00	       21.00	        2.00
  2.35	        4.00	        0.00	250000544.00	        1.00	       21.00	        2.00
  2.36	        4.00	        0.00	249750640.00	        1.00	       21.00	        2.00
  2.37	        4.00	        0.00	249501302.00	        1.00	       21.00	        2.00
  2.38	        3.00	        0.00	249252065.00	        1.00	       21.00	        2.00
  2.39	        3.00	        0.00	249002844.00	        1.00	       21.00	        2.00
  2.40	        3.00	        0.00	248753540.00	        1.00	       21.00	        2.00
  2.41	        3.00	        0.00	248505374.00	        1.00	       21.00	        2.00
  2.42	        3.00	        0.00	248256367.00	        1.00	       21.00	        2.00
  2.43	        3.00	        0.00	248008297.00	        1.00	       21.00	        2.00
  2.44	        3.00	        0.00	247759618.00	        1.00	       21.00	        2.00
  2.45	        3.00	        0.00	247512478.00	        1.00	       21.00	        2.00
  2.46	        2.00	        0.00	247265059.00	        1.00	       21.00	        2.00
  2.47	        2.00	        0.00	247017260.00	        1.00	       21.00	        2.00
  2.48	        2.00	        0.00	246770607.00	        1.00	       21.00	        2.00
  2.49	        2.00	        0.00	246524071.00	        1.00	       21.00	        2.00
  2.50	        1.00	        0.00	246278749.00	        1.00	       21.00	        1.00
  2.51	        0.00	        0.00	246032929.00	        0.00	       21.00	        0.00
