Datatype: PopulationSize
  0.00	316227766.00	        0.00	1000000000.00	        1.00	        0.00	316227766.00
  0.01	291577612.00	 29719017.00	967822872.00	        1.00	  5068862.00	316227766.00
  0.02	269954732.00	 56016072.00	936536173.00	        1.00	  9743036.00	316227766.00
  0.03	250899864.00	 79406822.00	906126534.00	        1.00	 14078918.00	316227766.00
  0.04	234031954.00	100308240.00	876577641.00	        1.00	 18112426.00	316227766.00
  0.05	219059248.00	119050811.00	847880374.00	        1.00	 21882290.00	316227766.00
  0.06	205725723.00	135916555.00	820040804.00	        1.00	 25414510.00	316227766.00
  0.07	193794748.00	151166106.00	793020967.00	        1.00	 28733087.00	316227766.00
  0.08	183103217.00	164987313.00	766817267.00	        1.00	 31862785.00	316227766.00
  0.09	173491894.00	177556415.00	741411987.00	        1.00	 34820614.00	316227766.00
  0.10	164823455.00	189028887.00	716786692.00	        1.00	 37624786.00	316227766.00
  0.11	156992679.00	199525492.00	692935444.00	        1.00	 40290965.00	316227766.00
  0.12	149893001.00	209168549.00	669833732.00	        1.00	 42835129.00	316227766.00
  0.13	143437351.00	218048834.00	647504106.00	        1.00	 45261333.00	316227766.00
  0.14	137552108.00	226259718.00	625935930.00	        1.00	 47589794.00	316227766.00
  0.15	132150107.00	233885061.00	605145706.00	        1.00	 49817993.00	316227766.00
  0.16	127167749.00	241002508.00	585191647.00	        1.00	 51961354.00	316227766.00
  0.17	122527046.00	247692848.00	566107439.00	        1.00	 54024240.00	316227766.00
  0.18	118163660.00	254024709.00	547983089.00	        1.00	 56012987.00	316227766.00
  0.19	114009798.00	260065575.00	530931870.00	        1.00	 57930019.00	316227766.00
  0.20	109986229.00	265895319.00	515099819.00	        1.00	 59779947.00	316227766.00
  0.21	106006949.00	271594638.00	500657741.00	        1.00	 61561593.00	316227766.00
  0.22	102005775.00	277226317.00	487794312.00	        1.00	 63276416.00	316227766.00
  0.23	 97891391.00	282872627.00	476820810.00	        1.00	 64922579.00	316227766.00
  0.24	 93603041.00	288591669.00	467961934.00	        1.00	 66503292.00	316227766.00
  0.25	 89049595.00	294454368.00	461585928.00	        1.00	 68007291.00	316227766.00
  0.26	 84186915.00	300497514.00	458039361.00	        1.00	 69435974.00	316227766.00
  0.27	 78968626.00	306748838.00	457724264.00	        1.00	 70780620.00	316227766.00
  0.28	 73369179.00	313219937.00	461036870.00	        1.00	 72037769.00	316227766.00
  0.29	 67413893.00	319866198.00	468366148.00	        1.00	 73198230.00	316227766.00
  0.30	 61126849.00	326647240.00	480206705.00	        1.00	 74258929.00	316227766.00
  0.31	 54591786.00	333462718.00	497009985.00	        1.00	 75214967.00	316227766.00
  0.32	 47925575.00	340178295.00	519186106.00	        1.00	 76060927.00	316227766.00
  0.33	 41271759.00	346639808.00	547157169.00	        1.00	 76798540.00	316227766.00
  0.34	 34778451.00	352684189.00	581335692.00	        1.00	 77425099.00	316227766.00
  0.35	 28622487.00	358131667.00	622025644.00	        1.00	 77948176.00	316227766.00
  0.36	 22934570.00	362841854.00	669852042.00	        1.00	 78374926.00	316227766.00
  0.37	 17854955.00	366671477.00	724970463.00	        1.00	 78710425.00	316227766.00
  0.38	 13487326.00	369524461.00	787497315.00	        1.00	 78969568.00	316227766.00
  0.39	  9857556.00	371374783.00	857683929.00	        1.00	 79162297.00	316227766.00
  0.40	  6952108.00	372237339.00	935799369.00	        1.00	 79300563.00	316227766.00
  0.41	  4725422.00	372165930.00	1021809373.00	        1.00	 79396807.00	316227766.00
  0.42	  3085245.00	371252632.00	1115950112.00	        1.00	 79460761.00	316227766.00
  0.43	  1931650.00	369604538.00	1218060909.00	        1.00	 79501501.00	316227766.00
  0.44	  1157254.00	367339682.00	1327747681.00	        1.00	 79526791.00	316227766.00
  0.45	   661502.00	364550503.00	1445454595.00	        1.00	 79541643.00	316227766.00
  0.46	   360763.00	361333948.00	1570451982.00	        1.00	 79549975.00	316227766.00
  0.47	   186852.00	357753335.00	1702916487.00	        1.00	 79554440.00	316227766.00
  0.48	    92260.00	353865220.00	1842287106.00	        1.00	 79556739.00	316227766.00
  0.49	    42947.00	349706800.00	1988259088.00	        1.00	 79557842.00	316227766.00
  0.50	    18888.00	345299708.00	2140621455.00	        1.00	 79558336.00	316227766.00
  0.51	     7874.00	340669756.00	2298577145.00	        1.00	 79558550.00	316227766.00
  0.52	     3127.00	335824439.00	2461948870.00	        0.95	 79558629.00	316227766.00
  0.53	     1170.00	330767620.00	2630642665.00	        0.68	 79558677.00	316227766.00
  0.54	      424.00	325515491.00	2803829890.00	        0.33	 79558691.00	316227766.00
  0.55	      138.00	320080603.00	2980851374.00	        0.13	 79558693.00	316227766.00
  0.56	       41.00	314469988.00	3161417785.00	        0.04	 79558694.00	314469990.00
  0.57	       17.00	308695217.00	3345741710.00	        0.02	 79558694.00	308695234.00
  0.58	        4.00	302767580.00	3533743898.00	        0.00	 79558695.00	302767584.00
  0.59	        1.00	296689970.00	3725441079.00	        0.00	 79558695.00	296689971.00
  0.60	        0.00	290476222.00	3920310893.00	        0.00	 79558695.00	290476222.00
  0.61	        0.00	284147314.00	4117497102.00	        0.00	 79558695.00	284147314.00
  0.62	        0.00	277699098.00	4317424243.00	        0.00	 79558695.00	277699098.00
  0.63	        0.00	271152531.00	4519304880.00	        0.00	 79558695.00	271152531.00
  0.64	        0.00	264517889.00	4722844484.00	        0.00	 79558695.00	264517889.00
  0.65	        0.00	257812342.00	4927496421.00	        0.00	 79558695.00	257812342.00
  0.66	        0.00	251044721.00	5133064215.00	        0.00	 79558695.00	251044721.00
  0.67	        0.00	244226786.00	5339248515.00	        0.00	 79558695.00	244226786.00
  0.68	        0.00	237363811.00	5546100733.00	        0.00	 79558695.00	237363811.00
  0.69	        0.00	230477627.00	5752778520.00	        0.00	 79558695.00	230477627.00
  0.70	        0.00	223576714.00	5959195788.00	        0.00	 79558695.00	223576714.00
  0.71	        0.00	216679967.00	6164700078.00	        0.00	 79558695.00	216679967.00
  0.72	        0.00	209787399.00	6369577105.00	        0.00	 79558695.00	209787399.00
  0.73	        0.00	202918170.00	6573182035.00	        0.00	 79558695.00	202918170.00
  0.74	        0.00	196075586.00	6775643714.00	        0.00	 79558695.00	196075586.00
  0.75	        0.00	189282126.00	6976073069.00	        0.00	 79558695.00	189282126.00
  0.76	        0.00	182546114.00	7174385761.00	        0.00	 79558695.00	182546114.00
  0.77	        0.00	175871991.00	7370635924.00	        0.00	 79558695.00	175871991.00
  0.78	        0.00	169275952.00	7564227632.00	        0.00	 79558695.00	169275952.00
  0.79	        0.00	162766352.00	7755000699.00	        0.00	 79558695.00	162766352.00
  0.80	        0.00	156349474.00	7942874489.00	        0.00	 79558695.00	156349474.00
  0.81	        0.00	150032014.00	8127710650.00	        0.00	 79558695.00	150032014.00
  0.82	        0.00	143824135.00	8309231318.00	        0.00	 79558695.00	143824135.00
  0.83	        0.00	137738951.00	8486970611.00	        0.00	 79558695.00	137738951.00
  0.84	        0.00	131773644.00	8661196254.00	        0.00	 79558695.00	131773644.00
  0.85	        0.00	125945057.00	8831253563.00	        0.00	 79558695.00	125945057.00
  0.86	        0.00	120254026.00	8997235299.00	        0.00	 79558695.00	120254026.00
  0.87	        0.00	114704075.00	9159080458.00	        0.00	 79558695.00	114704075.00
  0.88	        0.00	109303322.00	9316460456.00	        0.00	 79558695.00	109303322.00
  0.89	        0.00	104051559.00	9469504140.00	        0.00	 79558695.00	104051559.00
  0.90	        0.00	 98959236.00	9617745185.00	        0.00	 79558695.00	 98959236.00
  0.91	        0.00	 94023077.00	9761411043.00	        0.00	 79558695.00	 94023077.00
  0.92	        0.00	 89245973.00	9900393387.00	        0.00	 79558695.00	 89245973.00
  0.93	        0.00	 84629962.00	10034606624.00	        0.00	 79558695.00	 84629962.00
  0.94	        0.00	 80171015.00	10164265483.00	        0.00	 79558695.00	 80171015.00
  0.95	        0.00	 75875861.00	10289025136.00	        0.00	 79558695.00	 75875861.00
  0.96	        0.00	 71740293.00	10409088257.00	        0.00	 79558695.00	 71740293.00
  0.97	        0.00	 67768243.00	10524244200.00	        0.00	 79558695.00	 67768243.00
  0.98	        0.00	 63957251.00	10634553056.00	        0.00	 79558695.00	 63957251.00
  0.99	        0.00	 60303666.00	10740157840.00	        0.00	 79558695.00	 60303666.00
  1.00	        0.00	 56805791.00	10841101748.00	        0.00	 79558695.00	 56805791.00
  1.01	        0.00	 53461363.00	10937414444.00	        0.00	 79558695.00	 53461363.00
  1.02	        0.00	 50268398.00	11029114972.00	        0.00	 79558695.00	 50268398.00
  1.03	        0.00	 47223915.00	11116297070.00	        0.00	 79558695.00	 47223915.00
  1.04	        0.00	 44324405.00	11199050650.00	        0.00	 79558695.00	 44324405.00
  1.05	        0.00	 41566325.00	11277463780.00	        0.00	 79558695.00	 41566325.00
  1.06	        0.00	 38945576.00	11351636022.00	        0.00	 79558695.00	 38945576.00
  1.07	        0.00	 36458157.00	11421692277.00	        0.00	 79558695.00	 36458157.00
  1.08	        0.00	 34106220.00	11487422434.00	        0.00	 79558695.00	 34106220.00
  1.09	        0.00	 31872839.00	11549578502.00	        0.00	 79558695.00	 31872839.00
  1.10	        0.00	 29763822.00	11607772519.00	        0.00	 79558695.00	 29763822.00
  1.11	        0.00	 27769964.00	11662361763.00	        0.00	 79558695.00	 27769964.00
  1.12	        0.00	 25888213.00	11713404752.00	        0.00	 79558695.00	 25888213.00
  1.13	        0.00	 24112119.00	11761122995.00	        0.00	 79558695.00	 24112119.00
  1.14	        0.00	 22443825.00	11805324296.00	        0.00	 79558695.00	 22443825.00
  1.15	        0.00	 20875707.00	11846286582.00	        0.00	 79558695.00	 20875707.00
  1.16	        0.00	 19398188.00	11884402347.00	        0.00	 79558695.00	 19398188.00
  1.17	        0.00	 18011971.00	11919545173.00	        0.00	 79558695.00	 18011971.00
  1.18	        0.00	 16712917.00	11951851904.00	        0.00	 79558695.00	 16712917.00
  1.19	        0.00	 15496297.00	11981450926.00	        0.00	 79558695.00	 15496297.00
  1.20	        0.00	 14357980.00	12008463011.00	        0.00	 79558695.00	 14357980.00
  1.21	        0.00	 13292381.00	12033111289.00	        0.00	 79558695.00	 13292381.00
  1.22	        0.00	 12296306.00	12055457827.00	        0.00	 79558695.00	 12296306.00
  1.23	        0.00	 11366231.00	12075617309.00	        0.00	 79558695.00	 11366231.00
  1.24	        0.00	 10500404.00	12093609771.00	        0.00	 79558695.00	 10500404.00
  1.25	        0.00	  9694308.00	12109588579.00	        0.00	 79558695.00	  9694308.00
  1.26	        0.00	  8942632.00	12123767898.00	        0.00	 79558695.00	  8942632.00
  1.27	        0.00	  8245381.00	12136079649.00	        0.00	 79558695.00	  8245381.00
  1.28	        0.00	  7597297.00	12146724258.00	        0.00	 79558695.00	  7597297.00
  1.29	        0.00	  6994600.00	12155848705.00	        0.00	 79558695.00	  6994600.00
  1.30	        0.00	  6437183.00	12163393355.00	        0.00	 79558695.00	  6437183.00
  1.31	        0.00	  5918960.00	12169614228.00	        0.00	 79558695.00	  5918960.00
  1.32	        0.00	  5438900.00	12174530715.00	        0.00	 79558695.00	  5438900.00
  1.33	        0.00	  4994088.00	12178244220.00	        0.00	 79558695.00	  4994088.00
  1.34	        0.00	  4583635.00	12180754812.00	        0.00	 79558695.00	  4583635.00
  1.35	        0.00	  4203901.00	12182203583.00	        0.00	 79558695.00	  4203901.00
  1.36	        0.00	  3852592.00	12182677854.00	        0.00	 79558695.00	  3852592.00
  1.37	        0.00	  3529084.00	12182165915.00	        0.00	 79558695.00	  3529084.00
  1.38	        0.00	  3230835.00	12180776564.00	        0.00	 79558695.00	  3230835.00
  1.39	        0.00	  2956158.00	12178559427.00	        0.00	 79558695.00	  2956158.00
  1.40	        0.00	  2704096.00	12175525588.00	        0.00	 79558695.00	  2704096.00
  1.41	        0.00	  2471589.00	12171825193.00	        0.00	 79558695.00	  2471589.00
  1.42	        0.00	  2257343.00	12167484450.00	        0.00	 79558695.00	  2257343.00
  1.43	        0.00	  2060246.00	12162545967.00	        0.00	 79558695.00	  2060246.00
  1.44	        0.00	  1879630.00	12157021116.00	        0.00	 79558695.00	  1879630.00
  1.45	        0.00	  1713753.00	12150979031.00	        0.00	 79558695.00	  1713753.00
  1.46	        0.00	  1561704.00	12144445615.00	        0.00	 79558695.00	  1561704.00
  1.47	        0.00	  1422854.00	12137431344.00	        0.00	 79558695.00	  1422854.00
  1.48	        0.00	  1295207.00	12130030392.00	        0.00	 79558695.00	  1295207.00
  1.49	        0.00	  1179219.00	12122198064.00	        0.00	 79558695.00	  1179219.00
  1.50	        0.00	  1073220.00	12114022908.00	        0.00	 79558695.00	  1073220.00
  1.51	        0.00	   975364.00	12105563681.00	        0.00	 79558695.00	   975364.00
  1.52	        0.00	   886685.00	12096773254.00	        0.00	 79558695.00	   886685.00
  1.53	        0.00	   805074.00	12087738164.00	        0.00	 79558695.00	   805074.00
  1.54	        0.00	   730750.00	12078442183.00	        0.00	 79558695.00	   730750.00
  1.55	        0.00	   663201.00	12068904329.00	        0.00	 79558695.00	   663201.00
  1.56	        0.00	   601327.00	12059172379.00	        0.00	 79558695.00	   601327.00
  1.57	        0.00	   545374.00	12049227704.00	        0.00	 79558695.00	   545374.00
  1.58	        0.00	   494152.00	12039121098.00	        0.00	 79558695.00	   494152.00
  1.59	        0.00	   447599.00	12028847526.00	        0.00	 79558695.00	   447599.00
  1.60	        0.00	   405083.00	12018435005.00	        0.00	 79558695.00	   405083.00
  1.61	        0.00	   366769.00	12007874649.00	        0.00	 79558695.00	   366769.00
  1.62	        0.00	   331696.00	11997200578.00	        0.00	 79558695.00	   331696.00
  1.63	        0.00	   299921.00	11986417369.00	        0.00	 79558695.00	   299921.00
  1.64	        0.00	   271065.00	11975536130.00	        0.00	 79558695.00	   271065.00
  1.65	        0.00	   244560.00	11964578017.00	        0.00	 79558695.00	   244560.00
  1.66	        0.00	   220950.00	11953521728.00	        0.00	 79558695.00	   220950.00
  1.67	        0.00	   199449.00	11942398835.00	        0.00	 79558695.00	   199449.00
  1.68	        0.00	   180039.00	11931200400.00	        0.00	 79558695.00	   180039.00
  1.69	        0.00	   162275.00	11919958605.00	        0.00	 79558695.00	   162275.00
  1.70	        0.00	   146325.00	11908658289.00	        0.00	 79558695.00	   146325.00
  1.71	        0.00	   131856.00	11897318857.00	        0.00	 79558695.00	   131856.00
  1.72	        0.00	   118934.00	11885921569.00	        0.00	 79558695.00	   118934.00
  1.73	        0.00	   107012.00	11874502964.00	        0.00	 79558695.00	   107012.00
  1.74	        0.00	    96451.00	11863039219.00	        0.00	 79558695.00	    96451.00
  1.75	        0.00	    86799.00	11851551506.00	        0.00	 79558695.00	    86799.00
  1.76	        0.00	    78217.00	11840035306.00	        0.00	 79558695.00	    78217.00
  1.77	        0.00	    70455.00	11828497458.00	        0.00	 79558695.00	    70455.00
  1.78	        0.00	    63409.00	11816939427.00	        0.00	 79558695.00	    63409.00
  1.79	        0.00	    56910.00	11805383217.00	        0.00	 79558695.00	    56910.00
  1.80	        0.00	    51228.00	11793808083.00	        0.00	 79558695.00	    51228.00
  1.81	        0.00	    46011.00	11782221123.00	        0.00	 79558695.00	    46011.00
  1.82	        0.00	    41291.00	11770629722.00	        0.00	 79558695.00	    41291.00
  1.83	        0.00	    37069.00	11759032180.00	        0.00	 79558695.00	    37068.00
  1.84	        0.00	    33249.00	11747424116.00	        0.00	 79558695.00	    33248.00
  1.85	        0.00	    29802.00	11735817559.00	        0.00	 79558695.00	    29802.00
  1.86	        0.00	    26694.00	11724208940.00	        0.00	 79558695.00	    26694.00
  1.87	        0.00	    23954.00	11712598734.00	        0.00	 79558695.00	    23954.00
  1.88	        0.00	    21470.00	11700992625.00	        0.00	 79558695.00	    21469.00
  1.89	        0.00	    19327.00	11689381928.00	        0.00	 79558695.00	    19326.00
  1.90	        0.00	    17399.00	11677766356.00	        0.00	 79558695.00	    17399.00
  1.91	        0.00	    15595.00	11666160872.00	        0.00	 79558695.00	    15595.00
  1.92	        0.00	    13946.00	11654568589.00	        0.00	 79558695.00	    13946.00
  1.93	        0.00	    12445.00	11642981637.00	        0.00	 79558695.00	    12445.00
  1.94	        0.00	    11041.00	11631396962.00	        0.00	 79558695.00	    11041.00
  1.95	        0.00	     9873.00	11619820647.00	        0.00	 79558695.00	     9872.00
  1.96	        0.00	     8843.00	11608248073.00	        0.00	 79558695.00	     8843.00
  1.97	        0.00	     7955.00	11596680978.00	        0.00	 79558695.00	     7953.00
  1.98	        0.00	     7083.00	11585125880.00	        0.00	 79558695.00	     7083.00
  1.99	        0.00	     6346.00	11573579699.00	        0.00	 79558695.00	     6345.00
  2.00	        0.00	     5655.00	11562035221.00	        0.00	 79558695.00	     5655.00
  2.01	        0.00	     5043.00	11550504331.00	        0.00	 79558695.00	     5042.00
  2.02	        0.00	     4478.00	11538983325.00	        0.00	 79558695.00	     4477.00
  2.03	        0.00	     4034.00	11527470593.00	        0.00	 79558695.00	     4033.00
  2.04	        0.00	     3636.00	11515960942.00	        0.00	 79558695.00	     3635.00
  2.05	        0.00	     3272.00	11504463651.00	        0.00	 79558695.00	     3271.00
  2.06	        0.00	     2931.00	11492974942.00	        0.00	 79558695.00	     2930.00
  2.07	        0.00	     2624.00	11481500899.00	        0.00	 79558695.00	     2623.00
  2.08	        0.00	     2356.00	11470032224.00	        0.00	 79558695.00	     2356.00
  2.09	        0.00	     2113.00	11458575546.00	        0.00	 79558695.00	     2113.00
  2.10	        0.00	     1895.00	11447126546.00	        0.00	 79558695.00	     1895.00
  2.11	        0.00	     1697.00	11435688252.00	        0.00	 79558695.00	     1696.00
  2.12	        0.00	     1517.00	11424262018.00	        0.00	 79558695.00	     1516.00
  2.13	        0.00	     1345.00	11412845983.00	        0.00	 79558695.00	     1344.00
  2.14	        0.00	     1197.00	11401435890.00	        0.00	 79558695.00	     1196.00
  2.15	        0.00	     1056.00	11390045016.00	        0.00	 79558695.00	     1055.00
  2.16	        0.00	      950.00	11378662855.00	        0.00	 79558695.00	      949.00
  2.17	        0.00	      834.00	11367288351.00	        0.00	 79558695.00	      834.00
  2.18	        0.00	      723.00	11355931230.00	        0.00	 79558695.00	      723.00
  2.19	        0.00	      637.00	11344585029.00	        0.00	 79558695.00	      637.00
  2.20	        0.00	      577.00	11333250660.00	        0.00	 79558695.00	      576.00
  2.21	        0.00	      505.00	11321925446.00	        0.00	 79558695.00	      504.00
  2.22	        0.00	      446.00	11310610269.00	        0.00	 79558695.00	      445.00
  2.23	        0.00	      400.00	11299304108.00	        0.00	 79558695.00	      399.00
  2.24	        0.00	      356.00	11288011313.00	        0.00	 79558695.00	      355.00
  2.25	        0.00	      309.00	11276730238.00	        0.00	 79558695.00	      308.00
  2.26	        0.00	      276.00	11265456471.00	        0.00	 79558695.00	      275.00
  2.27	        0.00	      236.00	11254199972.00	        0.00	 79558695.00	      235.00
  2.28	        0.00	      205.00	11242955274.00	        0.00	 79558695.00	      205.00
  2.29	        0.00	      181.00	11231716733.00	        0.00	 79558695.00	      181.00
  2.30	        0.00	      164.00	11220493575.00	        0.00	 79558695.00	      164.00
  2.31	        0.00	      144.00	11209282075.00	        0.00	 79558695.00	      144.00
  2.32	        0.00	      120.00	11198082155.00	        0.00	 79558695.00	      120.00
  2.33	        0.00	      113.00	11186889062.00	        0.00	 79558695.00	      113.00
  2.34	        0.00	      103.00	11175708374.00	        0.00	 79558695.00	      103.00
  2.35	        0.00	       92.00	11164539221.00	        0.00	 79558695.00	       92.00
  2.36	        0.00	       80.00	11153385340.00	        0.00	 79558695.00	       80.00
  2.37	        0.00	       71.00	11142235488.00	        0.00	 79558695.00	       71.00
  2.38	        0.00	       61.00	11131096855.00	        0.00	 79558695.00	       61.00
  2.39	        0.00	       60.00	11119963910.00	        0.00	 79558695.00	       60.00
  2.40	        0.00	       51.00	11108848728.00	        0.00	 79558695.00	       51.00
  2.41	        0.00	       43.00	11097745431.00	        0.00	 79558695.00	       43.00
  2.42	        0.00	       40.00	11086660663.00	        0.00	 79558695.00	       40.00
  2.43	        0.00	       34.00	11075581095.00	        0.00	 79558695.00	       34.00
  2.44	        0.00	       29.00	11064508004.00	        0.00	 79558695.00	       29.00
  2.45	        0.00	       28.00	11053452158.00	        0.00	 79558695.00	       28.00
  2.46	        0.00	       23.00	11042408262.00	        0.00	 79558695.00	       23.00
  2.47	        0.00	       18.00	11031374880.00	        0.00	 79558695.00	       18.00
  2.48	        0.00	       17.00	11020344419.00	        0.00	 79558695.00	       17.00
  2.49	        0.00	       15.00	11009330826.00	        0.00	 79558695.00	       15.00
  2.50	        0.00	       14.00	10998322790.00	        0.00	 79558695.00	       14.00
  2.51	        0.00	       12.00	10987335559.00	        0.00	 79558695.00	       12.00
  2.52	        0.00	        8.00	10976357616.00	        0.00	 79558695.00	        8.00
  2.53	        0.00	        6.00	10965392306.00	        0.00	 79558695.00	        6.00
  2.54	        0.00	        6.00	10954435354.00	        0.00	 79558695.00	        6.00
  2.55	        0.00	        5.00	10943488029.00	        0.00	 79558695.00	        5.00
  2.56	        0.00	        3.00	10932555538.00	        0.00	 79558695.00	        3.00
  2.57	        0.00	        2.00	10921633866.00	        0.00	 79558695.00	        2.00
  2.58	        0.00	        2.00	10910709063.00	        0.00	 79558695.00	        2.00
  2.59	        0.00	        2.00	10899805190.00	        0.00	 79558695.00	        2.00
  2.60	        0.00	        2.00	10888914196.00	        0.00	 79558695.00	        2.00
  2.61	        0.00	        1.00	10878028845.00	        0.00	 79558695.00	        1.00
  2.62	        0.00	        1.00	10867152677.00	        0.00	 79558695.00	        1.00
  2.63	        0.00	        1.00	10856296411.00	        0.00	 79558695.00	        1.00
  2.64	        0.00	        0.00	10845449883.00	        0.00	 79558695.00	        0.00
