Datatype: PopulationSize
  0.00	        1.00	        0.00	        0.00	        1.00	        0.00	        1.00
  0.01	        1.00	        0.00	        0.00	        1.00	        0.00	        1.00
  0.02	        1.00	        0.00	        0.00	        1.00	        0.00	        1.00
  0.03	        1.00	        0.00	        0.00	        1.00	        0.00	        1.00
  0.04	        1.00	        0.00	        0.00	        1.00	        0.00	        1.00
  0.05	        1.00	        0.00	        0.00	        1.00	        0.00	        1.00
  0.06	        1.00	        0.00	        0.00	        1.00	        0.00	        1.00
  0.07	        1.00	        0.00	        0.00	        1.00	        0.00	        1.00
  0.08	        1.00	        0.00	        0.00	        1.00	        0.00	        1.00
  0.09	        1.00	        0.00	        0.00	        1.00	        0.00	        1.00
  0.10	        1.00	        0.00	        0.00	        1.00	        0.00	        1.00
  0.11	        1.00	        0.00	        0.00	        1.00	        0.00	        1.00
  0.12	        1.00	        0.00	        0.00	        1.00	        0.00	        1.00
  0.13	        1.00	        0.00	        0.00	        1.00	        0.00	        1.00
  0.14	        1.00	        0.00	        0.00	        1.00	        0.00	        1.00
  0.15	        1.00	        0.00	        0.00	        1.00	        0.00	        1.00
  0.16	        1.00	        0.00	        0.00	        1.00	        0.00	        1.00
  0.17	        1.00	        0.00	        0.00	        1.00	        0.00	        1.00
  0.18	        1.00	        0.00	        0.00	        1.00	        0.00	        1.00
  0.19	        1.00	        0.00	        0.00	        1.00	        0.00	        1.00
  0.20	        1.00	        0.00	        0.00	        1.00	        0.00	        1.00
  0.21	        1.00	        0.00	        0.00	        1.00	        0.00	        1.00
  0.22	        1.00	        0.00	        0.00	        1.00	        0.00	        1.00
  0.23	        1.00	        0.00	        0.00	        1.00	        0.00	        1.00
  0.24	        1.00	        0.00	        0.00	        1.00	        0.00	        1.00
  0.25	        1.00	        0.00	        0.00	        1.00	        0.00	        1.00
  0.26	        1.00	        0.00	        0.00	        1.00	        0.00	        1.00
  0.27	        1.00	        0.00	        0.00	        1.00	        0.00	        1.00
  0.28	        1.00	        0.00	        0.00	        1.00	        0.00	        1.00
  0.29	        1.00	        0.00	        0.00	        1.00	        0.00	        1.00
  0.30	        1.00	        0.00	        0.00	        1.00	        0.00	        1.00
  0.31	        1.00	        0.00	        0.00	        1.00	        0.00	        1.00
  0.32	        1.00	        0.00	        0.00	        1.00	        0.00	        1.00
  0.33	        1.00	        0.00	        0.00	        1.00	        0.00	        1.00
  0.34	        1.00	        0.00	        0.00	        1.00	        0.00	        1.00
  0.35	        1.00	        0.00	        0.00	        1.00	        0.00	        1.00
  0.36	        1.00	        0.00	        0.00	        1.00	        0.00	        1.00
  0.37	        2.00	        0.00	        0.00	        1.00	        1.00	        1.00
  0.38	        2.00	        0.00	        0.00	        1.00	        1.00	        1.00
  0.39	        2.00	        0.00	        0.00	        1.00	        1.00	        1.00
  0.40	        2.00	        0.00	        0.00	        1.00	        1.00	        1.00
  0.41	        2.00	        0.00	        0.00	        1.00	        1.00	        1.00
  0.42	        2.00	        0.00	        0.00	        1.00	        1.00	        1.00
  0.43	        2.00	        0.00	        0.00	        1.00	        1.00	        1.00
  0.44	        2.00	        0.00	        0.00	        1.00	        1.00	        1.00
  0.45	        2.00	        0.00	        0.00	        1.00	        1.00	        1.00
  0.46	        2.00	        0.00	        0.00	        1.00	        1.00	        1.00
  0.47	        2.00	        0.00	        0.00	        1.00	        1.00	        1.00
  0.48	        2.00	        0.00	        0.00	        1.00	        1.00	        1.00
  0.49	        2.00	        0.00	        0.00	        1.00	        1.00	        1.00
  0.50	        2.00	        0.00	        0.00	        1.00	        1.00	        1.00
  0.51	        2.00	        0.00	        0.00	        1.00	        1.00	        1.00
  0.52	        3.00	        0.00	        0.00	        1.00	        2.00	        1.00
  0.53	        3.00	        0.00	        0.00	        1.00	        2.00	        1.00
  0.54	        3.00	        0.00	        0.00	        1.00	        2.00	        1.00
  0.55	        3.00	        0.00	        0.00	        1.00	        2.00	        1.00
  0.56	        3.00	        0.00	        0.00	        1.00	        2.00	        1.00
  0.57	        3.00	        0.00	        0.00	        1.00	        2.00	        1.00
  0.58	        3.00	        0.00	        0.00	        1.00	        2.00	        1.00
  0.59	        3.00	        0.00	        0.00	        1.00	        2.00	        1.00
  0.60	        4.00	        0.00	        0.00	        1.00	        3.00	        1.00
  0.61	        4.00	        0.00	        0.00	        1.00	        3.00	        1.00
  0.62	        4.00	        0.00	        0.00	        1.00	        3.00	        1.00
  0.63	        4.00	        0.00	        0.00	        1.00	        3.00	        1.00
  0.64	        4.00	        0.00	        0.00	        1.00	        3.00	        1.00
  0.65	        4.00	        0.00	        0.00	        1.00	        3.00	        1.00
  0.66	        4.00	        0.00	        0.00	        1.00	        3.00	        1.00
  0.67	        4.00	        0.00	        0.00	        1.00	        3.00	        1.00
  0.68	        4.00	        0.00	        0.00	        1.00	        3.00	        1.00
  0.69	        5.00	        0.00	        0.00	        1.00	        4.00	        1.00
  0.70	        5.00	        0.00	        0.00	        1.00	        4.00	        1.00
  0.71	        6.00	        0.00	        0.00	        1.00	        5.00	        1.00
  0.72	        6.00	        0.00	        0.00	        1.00	        5.00	        1.00
  0.73	        6.00	        0.00	        0.00	        1.00	        5.00	        1.00
  0.74	        6.00	        0.00	        0.00	        1.00	        5.00	        1.00
  0.75	        6.00	        0.00	        0.00	        1.00	        5.00	        1.00
  0.76	        7.00	        0.00	        0.00	        1.00	        6.00	        1.00
  0.77	        7.00	        0.00	        0.00	        1.00	        6.00	        1.00
  0.78	        7.00	        0.00	        0.00	        1.00	        6.00	        1.00
  0.79	        7.00	        0.00	        0.00	        1.00	        6.00	        1.00
  0.80	        7.00	        0.00	        0.00	        1.00	        6.00	        1.00
  0.81	        7.00	        0.00	        0.00	        1.00	        6.00	        1.00
  0.82	        7.00	        0.00	        0.00	        1.00	        6.00	        1.00
  0.83	        7.00	        0.00	        0.00	        1.00	        6.00	        1.00
  0.84	        7.00	        0.00	        0.00	        1.00	        6.00	        1.00
  0.85	        7.00	        0.00	        0.00	        1.00	        6.00	        1.00
  0.86	        7.00	        0.00	        0.00	        1.00	        6.00	        1.00
  0.87	        8.00	        0.00	        0.00	        1.00	        7.00	        1.00
  0.88	        8.00	        0.00	        0.00	        1.00	        7.00	        1.00
  0.89	        8.00	        0.00	        0.00	        1.00	        7.00	        1.00
  0.90	        8.00	        0.00	        0.00	        1.00	        7.00	        1.00
  0.91	        8.00	        0.00	        0.00	        1.00	        7.00	        1.00
  0.92	        8.00	        0.00	        0.00	        1.00	        7.00	        1.00
  0.93	        9.00	        0.00	        0.00	        1.00	        8.00	        1.00
  0.94	        9.00	        0.00	        0.00	        1.00	        8.00	        1.00
  0.95	       10.00	        0.00	        0.00	        1.00	        9.00	        1.00
  0.96	       10.00	        0.00	        0.00	        1.00	        9.00	        1.00
  0.97	       10.00	        0.00	        0.00	        1.00	        9.00	        1.00
  0.98	       10.00	        0.00	        0.00	        1.00	        9.00	        1.00
  0.99	       10.00	        0.00	        0.00	        1.00	        9.00	        1.00
  1.00	       10.00	        0.00	        0.00	        1.00	        9.00	        1.00
  1.01	       10.00	        0.00	        0.00	        1.00	        9.00	        1.00
  1.02	       10.00	        0.00	        0.00	        1.00	        9.00	        1.00
  1.03	       10.00	        0.00	        0.00	        1.00	        9.00	        1.00
  1.04	       10.00	        0.00	        0.00	        1.00	        9.00	        1.00
  1.05	       10.00	        0.00	        0.00	        1.00	        9.00	        1.00
  1.06	       10.00	        0.00	        0.00	        1.00	        9.00	        1.00
  1.07	       10.00	        0.00	        0.00	        1.00	        9.00	        1.00
  1.08	       11.00	        0.00	        0.00	        1.00	       10.00	        1.00
  1.09	       11.00	        0.00	        0.00	        1.00	       10.00	        1.00
  1.10	       11.00	        0.00	        0.00	        1.00	       10.00	        1.00
  1.11	       11.00	        0.00	        0.00	        1.00	       10.00	        1.00
  1.12	       12.00	        0.00	        0.00	        1.00	       11.00	        1.00
  1.13	       12.00	        0.00	        0.00	        1.00	       11.00	        1.00
  1.14	       12.00	        0.00	        0.00	        1.00	       11.00	        1.00
  1.15	       12.00	        0.00	        0.00	        1.00	       11.00	        1.00
  1.16	       12.00	        0.00	        0.00	        1.00	       11.00	        1.00
  1.17	       13.00	        0.00	        0.00	        1.00	       12.00	        1.00
  1.18	       13.00	        0.00	        0.00	        1.00	       12.00	        1.00
  1.19	       13.00	        0.00	        0.00	        1.00	       12.00	        1.00
  1.20	       13.00	        0.00	        0.00	        1.00	       12.00	        1.00
  1.21	       13.00	        0.00	        0.00	        1.00	       12.00	        1.00
  1.22	       13.00	        0.00	        0.00	        1.00	       12.00	        1.00
  1.23	       14.00	        0.00	        0.00	        1.00	       13.00	        1.00
  1.24	       14.00	        0.00	        0.00	        1.00	       13.00	        1.00
  1.25	       15.00	        0.00	        0.00	        1.00	       14.00	        1.00
  1.26	       15.00	        0.00	        0.00	        1.00	       14.00	        1.00
  1.27	       15.00	        0.00	        0.00	        1.00	       14.00	        1.00
  1.28	       15.00	        0.00	        0.00	        1.00	       14.00	        1.00
  1.29	       15.00	        0.00	        0.00	        1.00	       14.00	        1.00
  1.30	       15.00	        0.00	        0.00	        1.00	       14.00	        1.00
  1.31	       15.00	        0.00	        0.00	        1.00	       14.00	        1.00
  1.32	       15.00	        0.00	        0.00	        1.00	       14.00	        1.00
  1.33	       16.00	        0.00	        0.00	        1.00	       15.00	        1.00
  1.34	       16.00	        0.00	        0.00	        1.00	       15.00	        1.00
  1.35	       16.00	        0.00	        0.00	        1.00	       15.00	        1.00
  1.36	       16.00	        0.00	        0.00	        1.00	       15.00	        1.00
  1.37	       17.00	        0.00	        0.00	        1.00	       16.00	        1.00
  1.38	       17.00	        0.00	        0.00	        1.00	       16.00	        1.00
  1.39	       17.00	        0.00	        0.00	        1.00	       16.00	        1.00
  1.40	       17.00	        0.00	        0.00	        1.00	       16.00	        1.00
  1.41	       17.00	        0.00	        0.00	        1.00	       16.00	        1.00
  1.42	       18.00	        0.00	        0.00	        1.00	       17.00	        1.00
  1.43	       18.00	        0.00	        0.00	        1.00	       17.00	        1.00
  1.44	       20.00	        0.00	        0.00	        1.00	       19.00	        1.00
  1.45	       20.00	        0.00	        0.00	        1.00	       19.00	        1.00
  1.46	       21.00	        0.00	        0.00	        1.00	       20.00	        1.00
  1.47	       21.00	        0.00	        0.00	        1.00	       20.00	        1.00
  1.48	       21.00	        0.00	        0.00	        1.00	       20.00	        1.00
  1.49	       23.00	        0.00	        0.00	        1.00	       22.00	        1.00
  1.50	       23.00	        0.00	        0.00	        1.00	       22.00	        1.00
  1.51	       23.00	        0.00	        0.00	        1.00	       22.00	        1.00
  1.52	       25.00	        0.00	        0.00	        1.00	       24.00	        1.00
  1.53	       25.00	        0.00	        0.00	        1.00	       24.00	        1.00
  1.54	       25.00	        0.00	        0.00	        1.00	       24.00	        1.00
  1.55	       25.00	        0.00	        0.00	        1.00	       24.00	        1.00
  1.56	       25.00	        0.00	        0.00	        1.00	       24.00	        1.00
  1.57	       25.00	        0.00	        0.00	        1.00	       24.00	        1.00
  1.58	       26.00	        0.00	        0.00	        1.00	       25.00	        1.00
  1.59	       26.00	        0.00	        0.00	        1.00	       25.00	        1.00
  1.60	       26.00	        0.00	        0.00	        1.00	       25.00	        1.00
  1.61	       26.00	        0.00	        0.00	        1.00	       25.00	        1.00
  1.62	       26.00	        0.00	        0.00	        1.00	       25.00	        1.00
  1.63	       26.00	        0.00	        0.00	        1.00	       25.00	        1.00
  1.64	       26.00	        0.00	        0.00	        1.00	       25.00	        1.00
  1.65	       26.00	        0.00	        0.00	        1.00	       25.00	        1.00
  1.66	       26.00	        0.00	        0.00	        1.00	       25.00	        1.00
  1.67	       26.00	        0.00	        0.00	        1.00	       25.00	        1.00
  1.68	       27.00	        0.00	        0.00	        1.00	       26.00	        1.00
  1.69	       27.00	        0.00	        0.00	        1.00	       26.00	        1.00
  1.70	       27.00	        0.00	        0.00	        1.00	       26.00	        1.00
  1.71	       27.00	        0.00	        0.00	        1.00	       26.00	        1.00
  1.72	       27.00	        0.00	        0.00	        1.00	       26.00	        1.00
  1.73	       29.00	        0.00	        0.00	        1.00	       28.00	        1.00
  1.74	       29.00	        0.00	        0.00	        1.00	       28.00	        1.00
  1.75	       29.00	        0.00	        0.00	        1.00	       28.00	        1.00
  1.76	       30.00	        0.00	        0.00	        1.00	       29.00	        1.00
  1.77	       30.00	        0.00	        0.00	        1.00	       29.00	        1.00
  1.78	       30.00	        0.00	        0.00	        1.00	       29.00	        1.00
  1.79	       32.00	        0.00	        0.00	        1.00	       31.00	        1.00
  1.80	       33.00	        0.00	        0.00	        1.00	       32.00	        1.00
  1.81	       35.00	        0.00	        0.00	        1.00	       34.00	        1.00
  1.82	       36.00	        0.00	        0.00	        1.00	       35.00	        1.00
  1.83	       36.00	        0.00	        0.00	        1.00	       35.00	        1.00
  1.84	       36.00	        0.00	        0.00	        1.00	       35.00	        1.00
  1.85	       37.00	        0.00	        0.00	        1.00	       36.00	        1.00
  1.86	       37.00	        0.00	        0.00	        1.00	       36.00	        1.00
  1.87	       37.00	        0.00	        0.00	        1.00	       36.00	        1.00
  1.88	       37.00	        0.00	        0.00	        1.00	       36.00	        1.00
  1.89	       38.00	        0.00	        0.00	        1.00	       37.00	        1.00
  1.90	       38.00	        0.00	        0.00	        1.00	       37.00	        1.00
  1.91	       38.00	        0.00	        0.00	        1.00	       37.00	        1.00
  1.92	       39.00	        0.00	        0.00	        1.00	       38.00	        1.00
  1.93	       41.00	        0.00	        0.00	        1.00	       40.00	        1.00
  1.94	       42.00	        0.00	        0.00	        1.00	       41.00	        1.00
  1.95	       42.00	        0.00	        0.00	        1.00	       41.00	        1.00
  1.96	       43.00	        0.00	        0.00	        1.00	       42.00	        1.00
  1.97	       44.00	        0.00	        0.00	        1.00	       43.00	        1.00
  1.98	       44.00	        0.00	        0.00	        1.00	       43.00	        1.00
  1.99	       44.00	        0.00	        0.00	        1.00	       43.00	        1.00
  2.00	       44.00	        0.00	   599999.00	        1.00	       43.00	        1.00
  2.01	       45.00	        0.00	   599987.00	        1.00	       44.00	        1.00
  2.02	       45.00	        0.00	   599967.00	        1.00	       44.00	        1.00
  2.03	       46.00	        0.00	   599954.00	        1.00	       45.00	        1.00
  2.04	       47.00	        0.00	   599939.00	        1.00	       46.00	        1.00
  2.05	       49.00	        0.00	   599919.00	        1.00	       48.00	        1.00
  2.06	       50.00	        0.00	   599898.00	        1.00	       49.00	        1.00
  2.07	       51.00	        0.00	   599881.00	        1.00	       50.00	        1.00
  2.08	       51.00	        0.00	   599866.00	        1.00	       50.00	        1.00
  2.09	       53.00	        0.00	   599849.00	        1.00	       52.00	        1.00
  2.10	       53.00	        0.00	   599830.00	        1.00	       52.00	        1.00
  2.11	       53.00	        0.00	   599812.00	        1.00	       52.00	        1.00
  2.12	       55.00	        0.00	   599786.00	        1.00	       54.00	        1.00
  2.13	       55.00	        0.00	   599768.00	        1.00	       54.00	        1.00
  2.14	       56.00	        0.00	   599755.00	        1.00	       55.00	        1.00
  2.15	       57.00	        0.00	   599742.00	        1.00	       56.00	        1.00
  2.16	       58.00	        0.00	   599725.00	        1.00	       57.00	        1.00
  2.17	       58.00	        0.00	   599703.00	        1.00	       57.00	        1.00
  2.18	       58.00	        0.00	   599692.00	        1.00	       57.00	        1.00
  2.19	       58.00	        0.00	   599665.00	        1.00	       57.00	        1.00
  2.20	       59.00	        0.00	   599653.00	        1.00	       58.00	        1.00
  2.21	       59.00	        1.00	   599636.00	        1.00	       59.00	        1.00
  2.22	       59.00	        1.00	   599620.00	        1.00	       59.00	        1.00
  2.23	       60.00	        1.00	   599595.00	        1.00	       60.00	        1.00
  2.24	       61.00	        1.00	   599574.00	        1.00	       61.00	        1.00
  2.25	       61.00	        1.00	   599550.00	        1.00	       61.00	        1.00
  2.26	       62.00	        1.00	   599528.00	        1.00	       62.00	        1.00
  2.27	       64.00	        1.00	   599512.00	        1.00	       64.00	        1.00
  2.28	       65.00	        1.00	   599490.00	        1.00	       65.00	        1.00
  2.29	       65.00	        1.00	   599479.00	        1.00	       65.00	        1.00
  2.30	       66.00	        1.00	   599462.00	        1.00	       66.00	        1.00
  2.31	       69.00	        1.00	   599451.00	        1.00	       69.00	        1.00
  2.32	       72.00	        1.00	   599432.00	        1.00	       72.00	        1.00
  2.33	       72.00	        1.00	   599412.00	        1.00	       72.00	        1.00
  2.34	       73.00	        1.00	   599388.00	        1.00	       73.00	        1.00
  2.35	       74.00	        1.00	   599374.00	        1.00	       74.00	        1.00
  2.36	       74.00	        1.00	   599357.00	        1.00	       74.00	        1.00
  2.37	       76.00	        1.00	   599342.00	        1.00	       76.00	        1.00
  2.38	       78.00	        1.00	   599325.00	        1.00	       78.00	        1.00
  2.39	       82.00	        1.00	   599311.00	        1.00	       82.00	        1.00
  2.40	       84.00	        1.00	   599288.00	        1.00	       84.00	        1.00
  2.41	       85.00	        1.00	   599270.00	        1.00	       85.00	        1.00
  2.42	       85.00	        1.00	   599255.00	        1.00	       85.00	        1.00
  2.43	       86.00	        1.00	   599236.00	        1.00	       86.00	        1.00
  2.44	       88.00	        1.00	   599218.00	        1.00	       88.00	        1.00
  2.45	       90.00	        1.00	   599197.00	        1.00	       90.00	        1.00
  2.46	       94.00	        1.00	   599182.00	        1.00	       94.00	        1.00
  2.47	       95.00	        1.00	   599158.00	        1.00	       95.00	        1.00
  2.48	       98.00	        1.00	   599134.00	        1.00	       98.00	        1.00
  2.49	       98.00	        1.00	   599119.00	        1.00	       98.00	        1.00
  2.50	      100.00	        1.00	   599099.00	        1.00	      100.00	        1.00
  2.51	      103.00	        1.00	   599075.00	        1.00	      103.00	        1.00
  2.52	      104.00	        1.00	   599055.00	        1.00	      104.00	        1.00
  2.53	      104.00	        3.00	   599040.00	        1.00	      106.00	        1.00
  2.54	      106.00	        5.00	   599021.00	        1.00	      110.00	        1.00
  2.55	      106.00	        5.00	   599001.00	        1.00	      110.00	        1.00
  2.56	      110.00	        5.00	   598985.00	        1.00	      114.00	        1.00
  2.57	      110.00	        5.00	   598969.00	        1.00	      114.00	        1.00
  2.58	      113.00	        5.00	   598946.00	        1.00	      117.00	        1.00
  2.59	      114.00	        5.00	   598921.00	        1.00	      118.00	        1.00
  2.60	      115.00	        5.00	   598903.00	        1.00	      119.00	        1.00
  2.61	      118.00	        5.00	   598883.00	        1.00	      122.00	        1.00
  2.62	      123.00	        5.00	   598865.00	        1.00	      127.00	        1.00
  2.63	      123.00	        5.00	   598849.00	        1.00	      127.00	        1.00
  2.64	      117.00	       12.00	   598825.00	        1.00	      128.00	        1.00
  2.65	      117.00	       15.00	   598804.00	        1.00	      131.00	        1.00
  2.66	      118.00	       15.00	   598773.00	        1.00	      132.00	        1.00
  2.67	      120.00	       15.00	   598756.00	        1.00	      134.00	        1.00
  2.68	      124.00	       15.00	   598736.00	        1.00	      138.00	        1.00
  2.69	      128.00	       15.00	   598717.00	        1.00	      142.00	        1.00
  2.70	      131.00	       16.00	   598701.00	        1.00	      146.00	        1.00
  2.71	      132.00	       16.00	   598684.00	        1.00	      147.00	        1.00
  2.72	      135.00	       16.00	   598672.00	        1.00	      150.00	        1.00
  2.73	      136.00	       17.00	   598649.00	        1.00	      152.00	        1.00
  2.74	      139.00	       17.00	   598633.00	        1.00	      155.00	        1.00
  2.75	      141.00	       17.00	   598615.00	        1.00	      157.00	        1.00
  2.76	      140.00	       18.00	   598598.00	        1.00	      157.00	        1.00
  2.77	      141.00	       20.00	   598576.00	        1.00	      160.00	        1.00
  2.78	      143.00	       20.00	   598561.00	        1.00	      162.00	        1.00
  2.79	      145.00	       20.00	   598541.00	        1.00	      164.00	        1.00
  2.80	      148.00	       20.00	   598522.00	        1.00	      167.00	        1.00
  2.81	      151.00	       20.00	   598501.00	        1.00	      170.00	        1.00
  2.82	      154.00	       22.00	   598482.00	        1.00	      175.00	        1.00
  2.83	      157.00	       23.00	   598463.00	        1.00	      179.00	        1.00
  2.84	      157.00	       25.00	   598451.00	        1.00	      181.00	        1.00
  2.85	      161.00	       25.00	   598425.00	        1.00	      185.00	        1.00
  2.86	      164.00	       26.00	   598400.00	        1.00	      189.00	        1.00
  2.87	      160.00	       30.00	   598370.00	        1.00	      189.00	        1.00
  2.88	      163.00	       30.00	   598350.00	        1.00	      192.00	        1.00
  2.89	      164.00	       30.00	   598333.00	        1.00	      193.00	        1.00
  2.90	      164.00	       30.00	   598310.00	        1.00	      193.00	        1.00
  2.91	      159.00	       35.00	   598286.00	        1.00	      193.00	        1.00
  2.92	      164.00	       35.00	   598269.00	        1.00	      198.00	        1.00
  2.93	      165.00	       35.00	   598249.00	        1.00	      199.00	        1.00
  2.94	      171.00	       36.00	   598229.00	        1.00	      206.00	        1.00
  2.95	      170.00	       40.00	   598214.00	        1.00	      209.00	        1.00
  2.96	      170.00	       41.00	   598189.00	        1.00	      210.00	        1.00
  2.97	      169.00	       43.00	   598170.00	        1.00	      211.00	        1.00
  2.98	      169.00	       45.00	   598151.00	        1.00	      213.00	        1.00
  2.99	      170.00	       45.00	   598134.00	        1.00	      214.00	        1.00
  3.00	      170.00	       44.00	   598511.00	        1.00	      214.00	        1.00
  3.01	      152.00	       63.00	   598475.00	        1.00	      215.00	        1.00
  3.02	      145.00	       72.00	   598446.00	        1.00	      217.00	        1.00
  3.03	      138.00	       81.00	   598419.00	        1.00	      219.00	        1.00
  3.04	      139.00	       83.00	   598394.00	        1.00	      222.00	        1.00
  3.05	      132.00	       92.00	   598761.00	        1.00	      225.00	        1.00
  3.06	      121.00	      103.00	   598723.00	        1.00	      225.00	        1.00
  3.07	      115.00	      111.00	   598688.00	        1.00	      227.00	        1.00
  3.08	      113.00	      116.00	   598657.00	        1.00	      230.00	        1.00
  3.09	      106.00	      123.00	   598624.00	        1.00	      230.00	        1.00
  3.10	      103.00	      129.00	   598589.00	        1.00	      233.00	        1.00
  3.11	       97.00	      135.00	   598563.00	        1.00	      233.00	        1.00
  3.12	       93.00	      144.00	   598527.00	        1.00	      238.00	        1.00
  3.13	       92.00	      146.00	   598489.00	        1.00	      239.00	        1.00
  3.14	       91.00	      149.00	   598474.00	        1.00	      241.00	        1.00
  3.15	       92.00	      153.00	   598445.00	        1.00	      246.00	        1.00
  3.16	       91.00	      155.00	   598420.00	        1.00	      247.00	        1.00
  3.17	       88.00	      159.00	   598384.00	        1.00	      248.00	        1.00
  3.18	       86.00	      162.00	   598359.00	        1.00	      249.00	        1.00
  3.19	       84.00	      164.00	   598334.00	        1.00	      249.00	        1.00
  3.20	       83.00	      166.00	   598312.00	        1.00	      250.00	        1.00
  3.21	       82.00	      167.00	   598297.00	        1.00	      250.00	        1.00
  3.22	       82.00	      169.00	   598279.00	        1.00	      252.00	        1.00
  3.23	       82.00	      170.00	   598259.00	        1.00	      253.00	        1.00
  3.24	       80.00	      174.00	   598230.00	        1.00	      255.00	        1.00
  3.25	       70.00	      184.00	   598588.00	        1.00	      256.00	        1.00
  3.26	       64.00	      190.00	   598947.00	        1.00	      257.00	        1.00
  3.27	       57.00	      197.00	   598898.00	        1.00	      257.00	        1.00
  3.28	       55.00	      199.00	   598864.00	        1.00	      257.00	        1.00
  3.29	       53.00	      201.00	   598827.00	        1.00	      257.00	        1.00
  3.30	       54.00	      202.00	   598793.00	        1.00	      259.00	        1.00
  3.31	       49.00	      207.00	   598762.00	        1.00	      259.00	        1.00
  3.32	       47.00	      209.00	   598721.00	        1.00	      259.00	        1.00
  3.33	       44.00	      212.00	   598682.00	        1.00	      259.00	        1.00
  3.34	       43.00	      214.00	   598657.00	        1.00	      260.00	        1.00
  3.35	       39.00	      220.00	   598630.00	        1.00	      262.00	        1.00
  3.36	       36.00	      223.00	   598598.00	        1.00	      262.00	        1.00
  3.37	       33.00	      226.00	   598572.00	        1.00	      262.00	        1.00
  3.38	       31.00	      228.00	   598543.00	        1.00	      262.00	        1.00
  3.39	       32.00	      227.00	   598910.00	        1.00	      263.00	        1.00
  3.40	       32.00	      227.00	   598878.00	        1.00	      263.00	        1.00
  3.41	       31.00	      230.00	   598846.00	        1.00	      265.00	        1.00
  3.42	       28.00	      232.00	   599184.00	        1.00	      265.00	        1.00
  3.43	       23.00	      236.00	   599528.00	        1.00	      265.00	        1.00
  3.44	       22.00	      237.00	   599489.00	        1.00	      265.00	        1.00
  3.45	       19.00	      240.00	   599430.00	        1.00	      265.00	        1.00
  3.46	       19.00	      241.00	   599385.00	        1.00	      266.00	        1.00
  3.47	       18.00	      242.00	   599339.00	        1.00	      266.00	        1.00
  3.48	       16.00	      243.00	   599686.00	        1.00	      266.00	        1.00
  3.49	       14.00	      245.00	   599643.00	        1.00	      266.00	        1.00
  3.50	       13.00	      245.00	   600002.00	        1.00	      266.00	        1.00
  3.51	       11.00	      247.00	   600337.00	        1.00	      267.00	        1.00
  3.52	        9.00	      249.00	   600274.00	        1.00	      267.00	        1.00
  3.53	        8.00	      249.00	   600616.00	        1.00	      267.00	        1.00
  3.54	        7.00	      250.00	   600543.00	        1.00	      267.00	        1.00
  3.55	        6.00	      251.00	   600477.00	        1.00	      267.00	        1.00
  3.56	        5.00	      251.00	   600817.00	        1.00	      267.00	        1.00
  3.57	        5.00	      252.00	   600757.00	        1.00	      268.00	        1.00
  3.58	        3.00	      253.00	   601095.00	        1.00	      268.00	        1.00
  3.59	        1.00	      255.00	   601017.00	        1.00	      268.00	        1.00
  3.60	        1.00	      255.00	   600955.00	        1.00	      268.00	        1.00
  3.61	        1.00	      255.00	   600895.00	        1.00	      268.00	        1.00
  3.62	        1.00	      255.00	   600845.00	        1.00	      268.00	        1.00
  3.63	        1.00	      254.00	   601186.00	        1.00	      268.00	        1.00
  3.64	        1.00	      252.00	   601924.00	        1.00	      268.00	        1.00
  3.65	        2.00	      252.00	   601841.00	        1.00	      269.00	        1.00
  3.66	        2.00	      250.00	   602550.00	        1.00	      269.00	        1.00
  3.67	        1.00	      251.00	   602478.00	        1.00	      269.00	        1.00
  3.68	        0.00	      251.00	   602792.00	        0.00	      269.00	        1.00
  3.69	        0.00	      250.00	   603093.00	        0.00	      269.00	        1.00
  3.70	        0.00	      250.00	   602995.00	        0.00	      269.00	        1.00
  3.71	        0.00	      249.00	   603334.00	        0.00	      269.00	        1.00
  3.72	        0.00	      248.00	   603636.00	        0.00	      269.00	        1.00
  3.73	        0.00	      246.00	   604350.00	        0.00	      269.00	        1.00
  3.74	        0.00	      245.00	   604649.00	        0.00	      269.00	        1.00
  3.75	        0.00	      244.00	   604936.00	        0.00	      269.00	        1.00
  3.76	        0.00	      243.00	   605228.00	        0.00	      269.00	        1.00
  3.77	        0.00	      243.00	   605143.00	        0.00	      269.00	        1.00
  3.78	        0.00	      242.00	   605442.00	        0.00	      269.00	        1.00
  3.79	        0.00	      242.00	   605350.00	        0.00	      269.00	        1.00
  3.80	        0.00	      239.00	   606447.00	        0.00	      269.00	        1.00
  3.81	        0.00	      238.00	   606724.00	        0.00	      269.00	        1.00
  3.82	        0.00	      237.00	   606989.00	        0.00	      269.00	        1.00
  3.83	        0.00	      237.00	   606889.00	        0.00	      269.00	        1.00
  3.84	        0.00	      234.00	   607964.00	        0.00	      269.00	        1.00
  3.85	        0.00	      232.00	   608624.00	        0.00	      269.00	        1.00
  3.86	        0.00	      232.00	   608497.00	        0.00	      269.00	        1.00
  3.87	        0.00	      231.00	   608765.00	        0.00	      269.00	        1.00
  3.88	        0.00	      231.00	   608628.00	        0.00	      269.00	        1.00
  3.89	        0.00	      231.00	   608506.00	        0.00	      269.00	        1.00
  3.90	        0.00	      228.00	   609595.00	        0.00	      269.00	        1.00
  3.91	        0.00	      228.00	   609484.00	        0.00	      269.00	        1.00
  3.92	        0.00	      226.00	   610158.00	        0.00	      269.00	        1.00
  3.93	        0.00	      226.00	   610029.00	        0.00	      269.00	        1.00
  3.94	        0.00	      225.00	   610304.00	        0.00	      269.00	        1.00
  3.95	        0.00	      222.00	   611384.00	        0.00	      269.00	        1.00
  3.96	        0.00	      219.00	   612421.00	        0.00	      269.00	        1.00
  3.97	        0.00	      218.00	   612679.00	        0.00	      269.00	        1.00
  3.98	        0.00	      215.00	   613709.00	        0.00	      269.00	        1.00
  3.99	        0.00	      215.00	   613541.00	        0.00	      269.00	        1.00
  4.00	        0.00	      213.00	   614196.00	        0.00	      269.00	        1.00
  4.01	        0.00	      213.00	   614067.00	        0.00	      269.00	        1.00
  4.02	        0.00	      210.00	   615115.00	        0.00	      269.00	        1.00
  4.03	        0.00	      209.00	   615340.00	        0.00	      269.00	        1.00
  4.04	        0.00	      209.00	   615183.00	        0.00	      269.00	        1.00
  4.05	        0.00	      208.00	   615445.00	        0.00	      269.00	        1.00
  4.06	        0.00	      208.00	   615298.00	        0.00	      269.00	        1.00
  4.07	        0.00	      204.00	   616762.00	        0.00	      269.00	        1.00
  4.08	        0.00	      204.00	   616611.00	        0.00	      269.00	        1.00
  4.09	        0.00	      203.00	   616876.00	        0.00	      269.00	        1.00
  4.10	        0.00	      202.00	   617116.00	        0.00	      269.00	        1.00
  4.11	        0.00	      200.00	   617764.00	        0.00	      269.00	        1.00
  4.12	        0.00	      197.00	   618819.00	        0.00	      269.00	        1.00
  4.13	        0.00	      193.00	   620274.00	        0.00	      269.00	        1.00
  4.14	        0.00	      191.00	   620877.00	        0.00	      269.00	        1.00
  4.15	        0.00	      190.00	   621085.00	        0.00	      269.00	        1.00
  4.16	        0.00	      187.00	   622072.00	        0.00	      269.00	        1.00
  4.17	        0.00	      186.00	   622288.00	        0.00	      269.00	        1.00
  4.18	        0.00	      182.00	   623668.00	        0.00	      269.00	        1.00
  4.19	        0.00	      179.00	   624642.00	        0.00	      269.00	        1.00
  4.20	        0.00	      176.00	   625588.00	        0.00	      269.00	        1.00
  4.21	        0.00	      172.00	   626954.00	        0.00	      269.00	        1.00
  4.22	        0.00	      169.00	   627933.00	        0.00	      269.00	        1.00
  4.23	        0.00	      167.00	   628457.00	        0.00	      269.00	        1.00
  4.24	        0.00	      162.00	   630207.00	        0.00	      269.00	        1.00
  4.25	        0.00	      160.00	   630707.00	        0.00	      269.00	        1.00
  4.26	        0.00	      156.00	   632030.00	        0.00	      269.00	        1.00
  4.27	        0.00	      154.00	   632521.00	        0.00	      269.00	        1.00
  4.28	        0.00	      152.00	   633009.00	        0.00	      269.00	        1.00
  4.29	        0.00	      148.00	   634356.00	        0.00	      269.00	        1.00
  4.30	        0.00	      144.00	   635683.00	        0.00	      269.00	        1.00
  4.31	        0.00	      141.00	   636606.00	        0.00	      269.00	        1.00
  4.32	        0.00	      135.00	   638693.00	        0.00	      269.00	        1.00
  4.33	        0.00	      131.00	   639964.00	        0.00	      269.00	        1.00
  4.34	        0.00	      131.00	   639637.00	        0.00	      269.00	        1.00
  4.35	        0.00	      130.00	   639766.00	        0.00	      269.00	        1.00
  4.36	        0.00	      128.00	   640289.00	        0.00	      269.00	        1.00
  4.37	        0.00	      124.00	   641606.00	        0.00	      269.00	        1.00
  4.38	        0.00	      121.00	   642530.00	        0.00	      269.00	        1.00
  4.39	        0.00	      118.00	   643489.00	        0.00	      269.00	        1.00
  4.40	        0.00	      112.00	   645637.00	        0.00	      269.00	        1.00
  4.41	        0.00	      112.00	   645388.00	        0.00	      269.00	        1.00
  4.42	        0.00	      111.00	   645546.00	        0.00	      269.00	        1.00
  4.43	        0.00	      111.00	   645285.00	        0.00	      269.00	        1.00
  4.44	        0.00	      109.00	   645869.00	        0.00	      269.00	        1.00
  4.45	        0.00	      108.00	   646041.00	        0.00	      269.00	        1.00
  4.46	        0.00	      106.00	   646611.00	        0.00	      269.00	        1.00
  4.47	        0.00	      101.00	   648400.00	        0.00	      269.00	        1.00
  4.48	        0.00	      100.00	   648571.00	        0.00	      269.00	        1.00
  4.49	        0.00	       96.00	   649948.00	        0.00	      269.00	        1.00
  4.50	        0.00	       94.00	   650544.00	        0.00	      269.00	        1.00
  4.51	        0.00	       94.00	   650339.00	        0.00	      269.00	        1.00
  4.52	        0.00	       86.00	   653308.00	        0.00	      269.00	        1.00
  4.53	        0.00	       83.00	   654286.00	        0.00	      269.00	        1.00
  4.54	        0.00	       82.00	   654483.00	        0.00	      269.00	        1.00
  4.55	        0.00	       80.00	   655101.00	        0.00	      269.00	        1.00
  4.56	        0.00	       76.00	   656509.00	        0.00	      269.00	        1.00
  4.57	        0.00	       75.00	   656716.00	        0.00	      269.00	        1.00
  4.58	        0.00	       73.00	   657333.00	        0.00	      269.00	        1.00
  4.59	        0.00	       70.00	   658340.00	        0.00	      269.00	        1.00
  4.60	        0.00	       68.00	   658971.00	        0.00	      269.00	        1.00
  4.61	        0.00	       66.00	   659592.00	        0.00	      269.00	        1.00
  4.62	        0.00	       66.00	   659428.00	        0.00	      269.00	        1.00
  4.63	        0.00	       65.00	   659677.00	        0.00	      269.00	        1.00
  4.64	        0.00	       63.00	   660346.00	        0.00	      269.00	        1.00
  4.65	        0.00	       63.00	   660193.00	        0.00	      269.00	        1.00
  4.66	        0.00	       57.00	   662443.00	        0.00	      269.00	        1.00
  4.67	        0.00	       56.00	   662683.00	        0.00	      269.00	        1.00
  4.68	        0.00	       55.00	   662933.00	        0.00	      269.00	        1.00
  4.69	        0.00	       54.00	   663188.00	        0.00	      269.00	        1.00
  4.70	        0.00	       51.00	   664275.00	        0.00	      269.00	        1.00
  4.71	        0.00	       48.00	   665328.00	        0.00	      269.00	        1.00
  4.72	        0.00	       47.00	   665608.00	        0.00	      269.00	        1.00
  4.73	        0.00	       47.00	   665486.00	        0.00	      269.00	        1.00
  4.74	        0.00	       46.00	   665776.00	        0.00	      269.00	        1.00
  4.75	        0.00	       45.00	   666053.00	        0.00	      269.00	        1.00
  4.76	        0.00	       44.00	   666354.00	        0.00	      269.00	        1.00
  4.77	        0.00	       41.00	   667449.00	        0.00	      269.00	        1.00
  4.78	        0.00	       39.00	   668150.00	        0.00	      269.00	        1.00
  4.79	        0.00	       37.00	   668848.00	        0.00	      269.00	        1.00
  4.80	        0.00	       37.00	   668750.00	        0.00	      269.00	        1.00
  4.81	        0.00	       36.00	   669067.00	        0.00	      269.00	        1.00
  4.82	        0.00	       34.00	   669789.00	        0.00	      269.00	        1.00
  4.83	        0.00	       32.00	   670495.00	        0.00	      269.00	        1.00
  4.84	        0.00	       30.00	   671211.00	        0.00	      269.00	        1.00
  4.85	        0.00	       30.00	   671146.00	        0.00	      269.00	        1.00
  4.86	        0.00	       30.00	   671066.00	        0.00	      269.00	        1.00
  4.87	        0.00	       29.00	   671399.00	        0.00	      269.00	        1.00
  4.88	        0.00	       27.00	   672126.00	        0.00	      269.00	        1.00
  4.89	        0.00	       25.00	   672851.00	        0.00	      269.00	        1.00
  4.90	        0.00	       25.00	   672791.00	        0.00	      269.00	        1.00
  4.91	        0.00	       25.00	   672741.00	        0.00	      269.00	        1.00
  4.92	        0.00	       25.00	   672684.00	        0.00	      269.00	        1.00
  4.93	        0.00	       22.00	   673832.00	        0.00	      269.00	        1.00
  4.94	        0.00	       21.00	   674180.00	        0.00	      269.00	        1.00
  4.95	        0.00	       21.00	   674117.00	        0.00	      269.00	        1.00
  4.96	        0.00	       21.00	   674055.00	        0.00	      269.00	        1.00
  4.97	        0.00	       21.00	   674003.00	        0.00	      269.00	        1.00
  4.98	        0.00	       21.00	   673956.00	        0.00	      269.00	        1.00
  4.99	        0.00	       20.00	   674314.00	        0.00	      269.00	        1.00
  5.00	        0.00	       20.00	   674259.00	        0.00	      269.00	        1.00
  5.01	        0.00	       20.00	   674218.00	        0.00	      269.00	        1.00
  5.02	        0.00	       17.00	   675380.00	        0.00	      269.00	        1.00
  5.03	        0.00	       16.00	   675735.00	        0.00	      269.00	        1.00
  5.04	        0.00	       15.00	   676102.00	        0.00	      269.00	        1.00
  5.05	        0.00	       14.00	   676458.00	        0.00	      269.00	        1.00
  5.06	        0.00	       14.00	   676418.00	        0.00	      269.00	        1.00
  5.07	        0.00	       12.00	   677188.00	        0.00	      269.00	        1.00
  5.08	        0.00	       12.00	   677151.00	        0.00	      269.00	        1.00
  5.09	        0.00	       11.00	   677513.00	        0.00	      269.00	        1.00
  5.10	        0.00	       11.00	   677480.00	        0.00	      269.00	        1.00
  5.11	        0.00	       11.00	   677450.00	        0.00	      269.00	        1.00
  5.12	        0.00	       11.00	   677414.00	        0.00	      269.00	        1.00
  5.13	        0.00	       11.00	   677379.00	        0.00	      269.00	        1.00
  5.14	        0.00	       11.00	   677348.00	        0.00	      269.00	        1.00
  5.15	        0.00	       11.00	   677315.00	        0.00	      269.00	        1.00
  5.16	        0.00	       11.00	   677279.00	        0.00	      269.00	        1.00
  5.17	        0.00	       11.00	   677235.00	        0.00	      269.00	        1.00
  5.18	        0.00	        9.00	   678000.00	        0.00	      269.00	        1.00
  5.19	        0.00	        9.00	   677971.00	        0.00	      269.00	        1.00
  5.20	        0.00	        9.00	   677939.00	        0.00	      269.00	        1.00
  5.21	        0.00	        9.00	   677916.00	        0.00	      269.00	        1.00
  5.22	        0.00	        8.00	   678289.00	        0.00	      269.00	        1.00
  5.23	        0.00	        6.00	   679057.00	        0.00	      269.00	        1.00
  5.24	        0.00	        6.00	   679028.00	        0.00	      269.00	        1.00
  5.25	        0.00	        6.00	   678999.00	        0.00	      269.00	        1.00
  5.26	        0.00	        5.00	   679369.00	        0.00	      269.00	        1.00
  5.27	        0.00	        5.00	   679330.00	        0.00	      269.00	        1.00
  5.28	        0.00	        5.00	   679304.00	        0.00	      269.00	        1.00
  5.29	        0.00	        5.00	   679286.00	        0.00	      269.00	        1.00
  5.30	        0.00	        5.00	   679259.00	        0.00	      269.00	        1.00
  5.31	        0.00	        5.00	   679237.00	        0.00	      269.00	        1.00
  5.32	        0.00	        4.00	   679621.00	        0.00	      269.00	        1.00
  5.33	        0.00	        3.00	   680004.00	        0.00	      269.00	        1.00
  5.34	        0.00	        3.00	   679981.00	        0.00	      269.00	        1.00
  5.35	        0.00	        3.00	   679964.00	        0.00	      269.00	        1.00
  5.36	        0.00	        3.00	   679942.00	        0.00	      269.00	        1.00
  5.37	        0.00	        2.00	   680319.00	        0.00	      269.00	        1.00
  5.38	        0.00	        2.00	   680303.00	        0.00	      269.00	        1.00
  5.39	        0.00	        2.00	   680280.00	        0.00	      269.00	        1.00
  5.40	        0.00	        2.00	   680254.00	        0.00	      269.00	        1.00
  5.41	        0.00	        2.00	   680225.00	        0.00	      269.00	        1.00
  5.42	        0.00	        2.00	   680204.00	        0.00	      269.00	        1.00
  5.43	        0.00	        2.00	   680178.00	        0.00	      269.00	        1.00
  5.44	        0.00	        2.00	   680158.00	        0.00	      269.00	        1.00
  5.45	        0.00	        2.00	   680140.00	        0.00	      269.00	        1.00
  5.46	        0.00	        2.00	   680113.00	        0.00	      269.00	        1.00
  5.47	        0.00	        2.00	   680092.00	        0.00	      269.00	        1.00
  5.48	        0.00	        2.00	   680072.00	        0.00	      269.00	        1.00
  5.49	        0.00	        2.00	   680048.00	        0.00	      269.00	        1.00
  5.50	        0.00	        2.00	   680022.00	        0.00	      269.00	        1.00
  5.51	        0.00	        2.00	   679988.00	        0.00	      269.00	        1.00
  5.52	        0.00	        2.00	   679968.00	        0.00	      269.00	        1.00
  5.53	        0.00	        2.00	   679943.00	        0.00	      269.00	        1.00
  5.54	        0.00	        2.00	   679920.00	        0.00	      269.00	        1.00
  5.55	        0.00	        2.00	   679901.00	        0.00	      269.00	        1.00
  5.56	        0.00	        2.00	   679885.00	        0.00	      269.00	        1.00
  5.57	        0.00	        2.00	   679860.00	        0.00	      269.00	        1.00
  5.58	        0.00	        1.00	   680232.00	        0.00	      269.00	        1.00
  5.59	        0.00	        1.00	   680221.00	        0.00	      269.00	        1.00
  5.60	        0.00	        1.00	   680201.00	        0.00	      269.00	        1.00
  5.61	        0.00	        1.00	   680188.00	        0.00	      269.00	        1.00
  5.62	        0.00	        1.00	   680168.00	        0.00	      269.00	        1.00
  5.63	        0.00	        1.00	   680150.00	        0.00	      269.00	        1.00
  5.64	        0.00	        1.00	   680129.00	        0.00	      269.00	        1.00
  5.65	        0.00	        1.00	   680095.00	        0.00	      269.00	        1.00
  5.66	        0.00	        1.00	   680080.00	        0.00	      269.00	        1.00
  5.67	        0.00	        1.00	   680054.00	        0.00	      269.00	        1.00
  5.68	        0.00	        1.00	   680041.00	        0.00	      269.00	        1.00
  5.69	        0.00	        1.00	   680022.00	        0.00	      269.00	        1.00
  5.70	        0.00	        1.00	   680004.00	        0.00	      269.00	        1.00
  5.71	        0.00	        1.00	   679986.00	        0.00	      269.00	        1.00
  5.72	        0.00	        1.00	   679964.00	        0.00	      269.00	        1.00
  5.73	        0.00	        1.00	   679946.00	        0.00	      269.00	        1.00
  5.74	        0.00	        1.00	   679923.00	        0.00	      269.00	        1.00
  5.75	        0.00	        1.00	   679899.00	        0.00	      269.00	        1.00
  5.76	        0.00	        1.00	   679879.00	        0.00	      269.00	        1.00
  5.77	        0.00	        1.00	   679861.00	        0.00	      269.00	        1.00
  5.78	        0.00	        1.00	   679843.00	        0.00	      269.00	        1.00
  5.79	        0.00	        1.00	   679826.00	        0.00	      269.00	        1.00
  5.80	        0.00	        1.00	   679805.00	        0.00	      269.00	        1.00
  5.81	        0.00	        1.00	   679791.00	        0.00	      269.00	        1.00
  5.82	        0.00	        1.00	   679768.00	        0.00	      269.00	        1.00
  5.83	        0.00	        1.00	   679746.00	        0.00	      269.00	        1.00
  5.84	        0.00	        1.00	   679725.00	        0.00	      269.00	        1.00
  5.85	        0.00	        1.00	   679706.00	        0.00	      269.00	        1.00
  5.86	        0.00	        1.00	   679686.00	        0.00	      269.00	        1.00
  5.87	        0.00	        1.00	   679661.00	        0.00	      269.00	        1.00
  5.88	        0.00	        1.00	   679639.00	        0.00	      269.00	        1.00
  5.89	        0.00	        1.00	   679619.00	        0.00	      269.00	        1.00
  5.90	        0.00	        1.00	   679597.00	        0.00	      269.00	        1.00
  5.91	        0.00	        1.00	   679577.00	        0.00	      269.00	        1.00
  5.92	        0.00	        1.00	   679556.00	        0.00	      269.00	        1.00
  5.93	        0.00	        1.00	   679538.00	        0.00	      269.00	        1.00
  5.94	        0.00	        1.00	   679528.00	        0.00	      269.00	        1.00
  5.95	        0.00	        1.00	   679505.00	        0.00	      269.00	        1.00
  5.96	        0.00	        1.00	   679487.00	        0.00	      269.00	        1.00
  5.97	        0.00	        1.00	   679467.00	        0.00	      269.00	        1.00
  5.98	        0.00	        1.00	   679451.00	        0.00	      269.00	        1.00
  5.99	        0.00	        1.00	   679433.00	        0.00	      269.00	        1.00
  6.00	        0.00	        1.00	   679414.00	        0.00	      269.00	        1.00
  6.01	        0.00	        1.00	   679393.00	        0.00	      269.00	        1.00
  6.02	        0.00	        1.00	   679377.00	        0.00	      269.00	        1.00
  6.03	        0.00	        1.00	   679356.00	        0.00	      269.00	        1.00
  6.04	        0.00	        1.00	   679326.00	        0.00	      269.00	        1.00
  6.05	        0.00	        1.00	   679309.00	        0.00	      269.00	        1.00
  6.06	        0.00	        1.00	   679294.00	        0.00	      269.00	        1.00
  6.07	        0.00	        0.00	   679674.00	        0.00	      269.00	        0.00
