Datatype: PopulationSize
  0.00	        1.00	        0.00	   600000.00	        1.00	        0.00	        1.00
  0.01	        1.00	        0.00	   599977.00	        1.00	        0.00	        1.00
  0.02	        1.00	        0.00	   599963.00	        1.00	        0.00	        1.00
  0.03	        1.00	        0.00	   599939.00	        1.00	        0.00	        1.00
  0.04	        1.00	        0.00	   599925.00	        1.00	        0.00	        1.00
  0.05	        1.00	        0.00	   599906.00	        1.00	        0.00	        1.00
  0.06	        1.00	        0.00	   599887.00	        1.00	        0.00	        1.00
  0.07	        1.00	        0.00	   599864.00	        1.00	        0.00	        1.00
  0.08	        1.00	        0.00	   599845.00	        1.00	        0.00	        1.00
  0.09	        1.00	        0.00	   599821.00	        1.00	        0.00	        1.00
  0.10	        1.00	        0.00	   599798.00	        1.00	        0.00	        1.00
  0.11	        1.00	        0.00	   599775.00	        1.00	        0.00	        1.00
  0.12	        1.00	        0.00	   599754.00	        1.00	        0.00	        1.00
  0.13	        1.00	        0.00	   599731.00	        1.00	        0.00	        1.00
  0.14	        1.00	        0.00	   599713.00	        1.00	        0.00	        1.00
  0.15	        1.00	        0.00	   599699.00	        1.00	        0.00	        1.00
  0.16	        1.00	        0.00	   599689.00	        1.00	        0.00	        1.00
  0.17	        1.00	        0.00	   599674.00	        1.00	        0.00	        1.00
  0.18	        1.00	        0.00	   599655.00	        1.00	        0.00	        1.00
  0.19	        1.00	        0.00	   599624.00	        1.00	        0.00	        1.00
  0.20	        1.00	        0.00	   599605.00	        1.00	        0.00	        1.00
  0.21	        1.00	        0.00	   599582.00	        1.00	        0.00	        1.00
  0.22	        1.00	        0.00	   599564.00	        1.00	        0.00	        1.00
  0.23	        1.00	        0.00	   599544.00	        1.00	        0.00	        1.00
  0.24	        1.00	        0.00	   599523.00	        1.00	        0.00	        1.00
  0.25	        1.00	        0.00	   599507.00	        1.00	        0.00	        1.00
  0.26	        1.00	        0.00	   599491.00	        1.00	        0.00	        1.00
  0.27	        1.00	        0.00	   599469.00	        1.00	        0.00	        1.00
  0.28	        1.00	        0.00	   599450.00	        1.00	        0.00	        1.00
  0.29	        1.00	        0.00	   599424.00	        1.00	        0.00	        1.00
  0.30	        1.00	        0.00	   599410.00	        1.00	        0.00	        1.00
  0.31	        1.00	        0.00	   599397.00	        1.00	        0.00	        1.00
  0.32	        1.00	        0.00	   599380.00	        1.00	        0.00	        1.00
  0.33	        1.00	        0.00	   599366.00	        1.00	        0.00	        1.00
  0.34	        1.00	        0.00	   599351.00	        1.00	        0.00	        1.00
  0.35	        1.00	        0.00	   599324.00	        1.00	        0.00	        1.00
  0.36	        1.00	        0.00	   599313.00	        1.00	        0.00	        1.00
  0.37	        1.00	        0.00	   599296.00	        1.00	        0.00	        1.00
  0.38	        1.00	        0.00	   599275.00	        1.00	        0.00	        1.00
  0.39	        1.00	        0.00	   599252.00	        1.00	        0.00	        1.00
  0.40	        1.00	        0.00	   599235.00	        1.00	        0.00	        1.00
  0.41	        1.00	        0.00	   599215.00	        1.00	        0.00	        1.00
  0.42	        1.00	        0.00	   599194.00	        1.00	        0.00	        1.00
  0.43	        1.00	        0.00	   599179.00	        1.00	        0.00	        1.00
  0.44	        1.00	        0.00	   599161.00	        1.00	        0.00	        1.00
  0.45	        1.00	        0.00	   599141.00	        1.00	        0.00	        1.00
  0.46	        1.00	        0.00	   599127.00	        1.00	        0.00	        1.00
  0.47	        1.00	        0.00	   599108.00	        1.00	        0.00	        1.00
  0.48	        1.00	        0.00	   599095.00	        1.00	        0.00	        1.00
  0.49	        1.00	        0.00	   599072.00	        1.00	        0.00	        1.00
  0.50	        1.00	        0.00	   599049.00	        1.00	        0.00	        1.00
  0.51	        1.00	        0.00	   599033.00	        1.00	        0.00	        1.00
  0.52	        1.00	        0.00	   599016.00	        1.00	        0.00	        1.00
  0.53	        1.00	        0.00	   598993.00	        1.00	        0.00	        1.00
  0.54	        1.00	        0.00	   598979.00	        1.00	        0.00	        1.00
  0.55	        1.00	        0.00	   598955.00	        1.00	        0.00	        1.00
  0.56	        1.00	        0.00	   598941.00	        1.00	        0.00	        1.00
  0.57	        1.00	        0.00	   598923.00	        1.00	        0.00	        1.00
  0.58	        1.00	        0.00	   598907.00	        1.00	        0.00	        1.00
  0.59	        1.00	        0.00	   598883.00	        1.00	        0.00	        1.00
  0.60	        1.00	        0.00	   598856.00	        1.00	        0.00	        1.00
  0.61	        1.00	        0.00	   598841.00	        1.00	        0.00	        1.00
  0.62	        1.00	        0.00	   598830.00	        1.00	        0.00	        1.00
  0.63	        1.00	        0.00	   598811.00	        1.00	        0.00	        1.00
  0.64	        1.00	        0.00	   598786.00	        1.00	        0.00	        1.00
  0.65	        1.00	        0.00	   598773.00	        1.00	        0.00	        1.00
  0.66	        1.00	        0.00	   598762.00	        1.00	        0.00	        1.00
  0.67	        1.00	        0.00	   598742.00	        1.00	        0.00	        1.00
  0.68	        1.00	        0.00	   598722.00	        1.00	        0.00	        1.00
  0.69	        1.00	        0.00	   598701.00	        1.00	        0.00	        1.00
  0.70	        1.00	        0.00	   598680.00	        1.00	        0.00	        1.00
  0.71	        1.00	        0.00	   598659.00	        1.00	        0.00	        1.00
  0.72	        1.00	        0.00	   598646.00	        1.00	        0.00	        1.00
  0.73	        1.00	        0.00	   598632.00	        1.00	        0.00	        1.00
  0.74	        1.00	        0.00	   598619.00	        1.00	        0.00	        1.00
  0.75	        1.00	        0.00	   598608.00	        1.00	        0.00	        1.00
  0.76	        1.00	        0.00	   598586.00	        1.00	        0.00	        1.00
  0.77	        1.00	        0.00	   598564.00	        1.00	        0.00	        1.00
  0.78	        1.00	        0.00	   598549.00	        1.00	        0.00	        1.00
  0.79	        1.00	        0.00	   598529.00	        1.00	        0.00	        1.00
  0.80	        1.00	        0.00	   598512.00	        1.00	        0.00	        1.00
  0.81	        1.00	        0.00	   598487.00	        1.00	        0.00	        1.00
  0.82	        1.00	        0.00	   598464.00	        1.00	        0.00	        1.00
  0.83	        1.00	        0.00	   598449.00	        1.00	        0.00	        1.00
  0.84	        2.00	        0.00	   598428.00	        1.00	        1.00	        1.00
  0.85	        2.00	        0.00	   598408.00	        1.00	        1.00	        1.00
  0.86	        2.00	        0.00	   598388.00	        1.00	        1.00	        1.00
  0.87	        2.00	        0.00	   598371.00	        1.00	        1.00	        1.00
  0.88	        2.00	        0.00	   598359.00	        1.00	        1.00	        1.00
  0.89	        2.00	        0.00	   598345.00	        1.00	        1.00	        1.00
  0.90	        2.00	        0.00	   598322.00	        1.00	        1.00	        1.00
  0.91	        2.00	        0.00	   598303.00	        1.00	        1.00	        1.00
  0.92	        2.00	        0.00	   598286.00	        1.00	        1.00	        1.00
  0.93	        2.00	        0.00	   598262.00	        1.00	        1.00	        1.00
  0.94	        2.00	        0.00	   598242.00	        1.00	        1.00	        1.00
  0.95	        2.00	        0.00	   598216.00	        1.00	        1.00	        1.00
  0.96	        2.00	        0.00	   598196.00	        1.00	        1.00	        1.00
  0.97	        2.00	        0.00	   598176.00	        1.00	        1.00	        1.00
  0.98	        3.00	        0.00	   598157.00	        1.00	        2.00	        1.00
  0.99	        4.00	        0.00	   598137.00	        1.00	        3.00	        1.00
  1.00	        4.00	        0.00	   598116.00	        1.00	        3.00	        1.00
  1.01	        3.00	        1.00	   598096.00	        1.00	        3.00	        1.00
  1.02	        3.00	        1.00	   598078.00	        1.00	        3.00	        1.00
  1.03	        3.00	        1.00	   598053.00	        1.00	        3.00	        1.00
  1.04	        3.00	        1.00	   598030.00	        1.00	        3.00	        1.00
  1.05	        3.00	        1.00	   598011.00	        1.00	        3.00	        1.00
  1.06	        3.00	        1.00	   597991.00	        1.00	        3.00	        1.00
  1.07	        3.00	        1.00	   597975.00	        1.00	        3.00	        1.00
  1.08	        3.00	        1.00	   597959.00	        1.00	        3.00	        1.00
  1.09	        3.00	        1.00	   597941.00	        1.00	        3.00	        1.00
  1.10	        3.00	        1.00	   597927.00	        1.00	        3.00	        1.00
  1.11	        3.00	        1.00	   597914.00	        1.00	        3.00	        1.00
  1.12	        3.00	        1.00	   597894.00	        1.00	        3.00	        1.00
  1.13	        3.00	        1.00	   597879.00	        1.00	        3.00	        1.00
  1.14	        3.00	        1.00	   597862.00	        1.00	        3.00	        1.00
  1.15	        3.00	        1.00	   597847.00	        1.00	        3.00	        1.00
  1.16	        3.00	        1.00	   597834.00	        1.00	        3.00	        1.00
  1.17	        3.00	        1.00	   597815.00	        1.00	        3.00	        1.00
  1.18	        4.00	        1.00	   597795.00	        1.00	        4.00	        1.00
  1.19	        4.00	        1.00	   597772.00	        1.00	        4.00	        1.00
  1.20	        4.00	        1.00	   597756.00	        1.00	        4.00	        1.00
  1.21	        4.00	        1.00	   597734.00	        1.00	        4.00	        1.00
  1.22	        4.00	        1.00	   597720.00	        1.00	        4.00	        1.00
  1.23	        4.00	        1.00	   597701.00	        1.00	        4.00	        1.00
  1.24	        4.00	        1.00	   597684.00	        1.00	        4.00	        1.00
  1.25	        4.00	        1.00	   597661.00	        1.00	        4.00	        1.00
  1.26	        4.00	        1.00	   597644.00	        1.00	        4.00	        1.00
  1.27	        4.00	        1.00	   597626.00	        1.00	        4.00	        1.00
  1.28	        4.00	        1.00	   597603.00	        1.00	        4.00	        1.00
  1.29	        4.00	        1.00	   597585.00	        1.00	        4.00	        1.00
  1.30	        4.00	        1.00	   597565.00	        1.00	        4.00	        1.00
  1.31	        4.00	        1.00	   597551.00	        1.00	        4.00	        1.00
  1.32	        5.00	        1.00	   597536.00	        1.00	        5.00	        1.00
  1.33	        5.00	        1.00	   597516.00	        1.00	        5.00	        1.00
  1.34	        5.00	        1.00	   597495.00	        1.00	        5.00	        1.00
  1.35	        5.00	        1.00	   597483.00	        1.00	        5.00	        1.00
  1.36	        5.00	        1.00	   597474.00	        1.00	        5.00	        1.00
  1.37	        5.00	        1.00	   597459.00	        1.00	        5.00	        1.00
  1.38	        5.00	        1.00	   597445.00	        1.00	        5.00	        1.00
  1.39	        6.00	        1.00	   597433.00	        1.00	        6.00	        1.00
  1.40	        6.00	        0.00	   597820.00	        1.00	        6.00	        1.00
  1.41	        6.00	        0.00	   597807.00	        1.00	        6.00	        1.00
  1.42	        6.00	        0.00	   597791.00	        1.00	        6.00	        1.00
  1.43	        6.00	        0.00	   597768.00	        1.00	        6.00	        1.00
  1.44	        6.00	        0.00	   597753.00	        1.00	        6.00	        1.00
  1.45	        6.00	        0.00	   597746.00	        1.00	        6.00	        1.00
  1.46	        6.00	        0.00	   597732.00	        1.00	        6.00	        1.00
  1.47	        5.00	        1.00	   597710.00	        1.00	        6.00	        1.00
  1.48	        4.00	        2.00	   597694.00	        1.00	        6.00	        1.00
  1.49	        4.00	        2.00	   597680.00	        1.00	        6.00	        1.00
  1.50	        4.00	        2.00	   597664.00	        1.00	        6.00	        1.00
  1.51	        4.00	        2.00	   597645.00	        1.00	        6.00	        1.00
  1.52	        4.00	        2.00	   597628.00	        1.00	        6.00	        1.00
  1.53	        3.00	        3.00	   597606.00	        1.00	        6.00	        1.00
  1.54	        3.00	        3.00	   597592.00	        1.00	        6.00	        1.00
  1.55	        3.00	        3.00	   597581.00	        1.00	        6.00	        1.00
  1.56	        3.00	        3.00	   597566.00	        1.00	        6.00	        1.00
  1.57	        3.00	        3.00	   597549.00	        1.00	        6.00	        1.00
  1.58	        3.00	        3.00	   597529.00	        1.00	        6.00	        1.00
  1.59	        3.00	        3.00	   597502.00	        1.00	        6.00	        1.00
  1.60	        3.00	        3.00	   597481.00	        1.00	        6.00	        1.00
  1.61	        3.00	        3.00	   597451.00	        1.00	        6.00	        1.00
  1.62	        3.00	        3.00	   597435.00	        1.00	        6.00	        1.00
  1.63	        3.00	        3.00	   597416.00	        1.00	        6.00	        1.00
  1.64	        3.00	        3.00	   597402.00	        1.00	        6.00	        1.00
  1.65	        3.00	        3.00	   597381.00	        1.00	        6.00	        1.00
  1.66	        3.00	        3.00	   597353.00	        1.00	        6.00	        1.00
  1.67	        3.00	        3.00	   597336.00	        1.00	        6.00	        1.00
  1.68	        3.00	        3.00	   597319.00	        1.00	        6.00	        1.00
  1.69	        3.00	        3.00	   597308.00	        1.00	        6.00	        1.00
  1.70	        3.00	        3.00	   597284.00	        1.00	        6.00	        1.00
  1.71	        3.00	        3.00	   597262.00	        1.00	        6.00	        1.00
  1.72	        3.00	        3.00	   597246.00	        1.00	        6.00	        1.00
  1.73	        3.00	        3.00	   597230.00	        1.00	        6.00	        1.00
  1.74	        3.00	        3.00	   597214.00	        1.00	        6.00	        1.00
  1.75	        3.00	        3.00	   597189.00	        1.00	        6.00	        1.00
  1.76	        3.00	        3.00	   597165.00	        1.00	        6.00	        1.00
  1.77	        3.00	        3.00	   597144.00	        1.00	        6.00	        1.00
  1.78	        3.00	        3.00	   597128.00	        1.00	        6.00	        1.00
  1.79	        3.00	        3.00	   597108.00	        1.00	        6.00	        1.00
  1.80	        3.00	        3.00	   597085.00	        1.00	        6.00	        1.00
  1.81	        3.00	        3.00	   597060.00	        1.00	        6.00	        1.00
  1.82	        3.00	        3.00	   597045.00	        1.00	        6.00	        1.00
  1.83	        3.00	        3.00	   597020.00	        1.00	        6.00	        1.00
  1.84	        3.00	        3.00	   597003.00	        1.00	        6.00	        1.00
  1.85	        3.00	        3.00	   596991.00	        1.00	        6.00	        1.00
  1.86	        3.00	        3.00	   596974.00	        1.00	        6.00	        1.00
  1.87	        3.00	        3.00	   596946.00	        1.00	        6.00	        1.00
  1.88	        2.00	        4.00	   596928.00	        1.00	        6.00	        1.00
  1.89	        2.00	        4.00	   596912.00	        1.00	        6.00	        1.00
  1.90	        1.00	        5.00	   596890.00	        1.00	        6.00	        1.00
  1.91	        1.00	        5.00	   596874.00	        1.00	        6.00	        1.00
  1.92	        1.00	        5.00	   596856.00	        1.00	        6.00	        1.00
  1.93	        1.00	        5.00	   596836.00	        1.00	        6.00	        1.00
  1.94	        1.00	        5.00	   596820.00	        1.00	        6.00	        1.00
  1.95	        1.00	        5.00	   596803.00	        1.00	        6.00	        1.00
  1.96	        1.00	        5.00	   596784.00	        1.00	        6.00	        1.00
  1.97	        1.00	        5.00	   596768.00	        1.00	        6.00	        1.00
  1.98	        1.00	        5.00	   596749.00	        1.00	        6.00	        1.00
  1.99	        1.00	        5.00	   596739.00	        1.00	        6.00	        1.00
  2.00	        1.00	        5.00	   596722.00	        1.00	        6.00	        1.00
  2.01	        1.00	        5.00	   596705.00	        1.00	        6.00	        1.00
  2.02	        1.00	        5.00	   596684.00	        1.00	        6.00	        1.00
  2.03	        1.00	        5.00	   596664.00	        1.00	        6.00	        1.00
  2.04	        1.00	        5.00	   596644.00	        1.00	        6.00	        1.00
  2.05	        1.00	        5.00	   596629.00	        1.00	        6.00	        1.00
  2.06	        1.00	        5.00	   596613.00	        1.00	        6.00	        1.00
  2.07	        1.00	        5.00	   596602.00	        1.00	        6.00	        1.00
  2.08	        1.00	        5.00	   596590.00	        1.00	        6.00	        1.00
  2.09	        1.00	        5.00	   596574.00	        1.00	        6.00	        1.00
  2.10	        0.00	        6.00	   596553.00	        0.00	        6.00	        1.00
  2.11	        0.00	        6.00	   596540.00	        0.00	        6.00	        1.00
  2.12	        0.00	        6.00	   596521.00	        0.00	        6.00	        1.00
  2.13	        0.00	        6.00	   596506.00	        0.00	        6.00	        1.00
  2.14	        0.00	        6.00	   596492.00	        0.00	        6.00	        1.00
  2.15	        0.00	        6.00	   596466.00	        0.00	        6.00	        1.00
  2.16	        0.00	        6.00	   596451.00	        0.00	        6.00	        1.00
  2.17	        0.00	        6.00	   596437.00	        0.00	        6.00	        1.00
  2.18	        0.00	        6.00	   596419.00	        0.00	        6.00	        1.00
  2.19	        0.00	        6.00	   596402.00	        0.00	        6.00	        1.00
  2.20	        0.00	        6.00	   596387.00	        0.00	        6.00	        1.00
  2.21	        0.00	        6.00	   596374.00	        0.00	        6.00	        1.00
  2.22	        0.00	        6.00	   596351.00	        0.00	        6.00	        1.00
  2.23	        0.00	        6.00	   596335.00	        0.00	        6.00	        1.00
  2.24	        0.00	        6.00	   596316.00	        0.00	        6.00	        1.00
  2.25	        0.00	        6.00	   596300.00	        0.00	        6.00	        1.00
  2.26	        0.00	        6.00	   596281.00	        0.00	        6.00	        1.00
  2.27	        0.00	        6.00	   596265.00	        0.00	        6.00	        1.00
  2.28	        0.00	        6.00	   596246.00	        0.00	        6.00	        1.00
  2.29	        0.00	        6.00	   596228.00	        0.00	        6.00	        1.00
  2.30	        0.00	        6.00	   596208.00	        0.00	        6.00	        1.00
  2.31	        0.00	        6.00	   596198.00	        0.00	        6.00	        1.00
  2.32	        0.00	        6.00	   596179.00	        0.00	        6.00	        1.00
  2.33	        0.00	        6.00	   596161.00	        0.00	        6.00	        1.00
  2.34	        0.00	        5.00	   596542.00	        0.00	        6.00	        1.00
  2.35	        0.00	        5.00	   596529.00	        0.00	        6.00	        1.00
  2.36	        0.00	        5.00	   596511.00	        0.00	        6.00	        1.00
  2.37	        0.00	        5.00	   596494.00	        0.00	        6.00	        1.00
  2.38	        0.00	        5.00	   596473.00	        0.00	        6.00	        1.00
  2.39	        0.00	        5.00	   596453.00	        0.00	        6.00	        1.00
  2.40	        0.00	        5.00	   596429.00	        0.00	        6.00	        1.00
  2.41	        0.00	        5.00	   596407.00	        0.00	        6.00	        1.00
  2.42	        0.00	        5.00	   596388.00	        0.00	        6.00	        1.00
  2.43	        0.00	        5.00	   596361.00	        0.00	        6.00	        1.00
  2.44	        0.00	        5.00	   596349.00	        0.00	        6.00	        1.00
  2.45	        0.00	        5.00	   596334.00	        0.00	        6.00	        1.00
  2.46	        0.00	        5.00	   596315.00	        0.00	        6.00	        1.00
  2.47	        0.00	        5.00	   596298.00	        0.00	        6.00	        1.00
  2.48	        0.00	        5.00	   596278.00	        0.00	        6.00	        1.00
  2.49	        0.00	        5.00	   596258.00	        0.00	        6.00	        1.00
  2.50	        0.00	        5.00	   596235.00	        0.00	        6.00	        1.00
  2.51	        0.00	        5.00	   596218.00	        0.00	        6.00	        1.00
  2.52	        0.00	        5.00	   596205.00	        0.00	        6.00	        1.00
  2.53	        0.00	        5.00	   596190.00	        0.00	        6.00	        1.00
  2.54	        0.00	        5.00	   596170.00	        0.00	        6.00	        1.00
  2.55	        0.00	        5.00	   596144.00	        0.00	        6.00	        1.00
  2.56	        0.00	        5.00	   596130.00	        0.00	        6.00	        1.00
  2.57	        0.00	        5.00	   596106.00	        0.00	        6.00	        1.00
  2.58	        0.00	        5.00	   596087.00	        0.00	        6.00	        1.00
  2.59	        0.00	        5.00	   596069.00	        0.00	        6.00	        1.00
  2.60	        0.00	        5.00	   596058.00	        0.00	        6.00	        1.00
  2.61	        0.00	        5.00	   596035.00	        0.00	        6.00	        1.00
  2.62	        0.00	        5.00	   596027.00	        0.00	        6.00	        1.00
  2.63	        0.00	        5.00	   596014.00	        0.00	        6.00	        1.00
  2.64	        0.00	        5.00	   595996.00	        0.00	        6.00	        1.00
  2.65	        0.00	        5.00	   595980.00	        0.00	        6.00	        1.00
  2.66	        0.00	        5.00	   595957.00	        0.00	        6.00	        1.00
  2.67	        0.00	        5.00	   595941.00	        0.00	        6.00	        1.00
  2.68	        0.00	        5.00	   595921.00	        0.00	        6.00	        1.00
  2.69	        0.00	        5.00	   595908.00	        0.00	        6.00	        1.00
  2.70	        0.00	        5.00	   595888.00	        0.00	        6.00	        1.00
  2.71	        0.00	        5.00	   595876.00	        0.00	        6.00	        1.00
  2.72	        0.00	        5.00	   595862.00	        0.00	        6.00	        1.00
  2.73	        0.00	        5.00	   595842.00	        0.00	        6.00	        1.00
  2.74	        0.00	        5.00	   595826.00	        0.00	        6.00	        1.00
  2.75	        0.00	        4.00	   596215.00	        0.00	        6.00	        1.00
  2.76	        0.00	        4.00	   596199.00	        0.00	        6.00	        1.00
  2.77	        0.00	        4.00	   596176.00	        0.00	        6.00	        1.00
  2.78	        0.00	        4.00	   596155.00	        0.00	        6.00	        1.00
  2.79	        0.00	        4.00	   596138.00	        0.00	        6.00	        1.00
  2.80	        0.00	        4.00	   596127.00	        0.00	        6.00	        1.00
  2.81	        0.00	        4.00	   596112.00	        0.00	        6.00	        1.00
  2.82	        0.00	        4.00	   596098.00	        0.00	        6.00	        1.00
  2.83	        0.00	        4.00	   596078.00	        0.00	        6.00	        1.00
  2.84	        0.00	        4.00	   596058.00	        0.00	        6.00	        1.00
  2.85	        0.00	        4.00	   596040.00	        0.00	        6.00	        1.00
  2.86	        0.00	        4.00	   596018.00	        0.00	        6.00	        1.00
  2.87	        0.00	        4.00	   596003.00	        0.00	        6.00	        1.00
  2.88	        0.00	        4.00	   595980.00	        0.00	        6.00	        1.00
  2.89	        0.00	        4.00	   595963.00	        0.00	        6.00	        1.00
  2.90	        0.00	        4.00	   595953.00	        0.00	        6.00	        1.00
  2.91	        0.00	        4.00	   595939.00	        0.00	        6.00	        1.00
  2.92	        0.00	        4.00	   595918.00	        0.00	        6.00	        1.00
  2.93	        0.00	        4.00	   595905.00	        0.00	        6.00	        1.00
  2.94	        0.00	        4.00	   595885.00	        0.00	        6.00	        1.00
  2.95	        0.00	        4.00	   595864.00	        0.00	        6.00	        1.00
  2.96	        0.00	        4.00	   595850.00	        0.00	        6.00	        1.00
  2.97	        0.00	        4.00	   595827.00	        0.00	        6.00	        1.00
  2.98	        0.00	        3.00	   596214.00	        0.00	        6.00	        1.00
  2.99	        0.00	        3.00	   596190.00	        0.00	        6.00	        1.00
  3.00	        0.00	        3.00	   596174.00	        0.00	        6.00	        1.00
  3.01	        0.00	        3.00	   596155.00	        0.00	        6.00	        1.00
  3.02	        0.00	        3.00	   596135.00	        0.00	        6.00	        1.00
  3.03	        0.00	        3.00	   596122.00	        0.00	        6.00	        1.00
  3.04	        0.00	        3.00	   596112.00	        0.00	        6.00	        1.00
  3.05	        0.00	        3.00	   596093.00	        0.00	        6.00	        1.00
  3.06	        0.00	        3.00	   596082.00	        0.00	        6.00	        1.00
  3.07	        0.00	        3.00	   596061.00	        0.00	        6.00	        1.00
  3.08	        0.00	        3.00	   596044.00	        0.00	        6.00	        1.00
  3.09	        0.00	        3.00	   596030.00	        0.00	        6.00	        1.00
  3.10	        0.00	        3.00	   596003.00	        0.00	        6.00	        1.00
  3.11	        0.00	        3.00	   595983.00	        0.00	        6.00	        1.00
  3.12	        0.00	        3.00	   595958.00	        0.00	        6.00	        1.00
  3.13	        0.00	        3.00	   595938.00	        0.00	        6.00	        1.00
  3.14	        0.00	        3.00	   595916.00	        0.00	        6.00	        1.00
  3.15	        0.00	        3.00	   595901.00	        0.00	        6.00	        1.00
  3.16	        0.00	        3.00	   595877.00	        0.00	        6.00	        1.00
  3.17	        0.00	        3.00	   595856.00	        0.00	        6.00	        1.00
  3.18	        0.00	        3.00	   595834.00	        0.00	        6.00	        1.00
  3.19	        0.00	        3.00	   595817.00	        0.00	        6.00	        1.00
  3.20	        0.00	        3.00	   595801.00	        0.00	        6.00	        1.00
  3.21	        0.00	        3.00	   595780.00	        0.00	        6.00	        1.00
  3.22	        0.00	        2.00	   596161.00	        0.00	        6.00	        1.00
  3.23	        0.00	        2.00	   596140.00	        0.00	        6.00	        1.00
  3.24	        0.00	        2.00	   596122.00	        0.00	        6.00	        1.00
  3.25	        0.00	        2.00	   596102.00	        0.00	        6.00	        1.00
  3.26	        0.00	        2.00	   596087.00	        0.00	        6.00	        1.00
  3.27	        0.00	        2.00	   596071.00	        0.00	        6.00	        1.00
  3.28	        0.00	        2.00	   596056.00	        0.00	        6.00	        1.00
  3.29	        0.00	        2.00	   596032.00	        0.00	        6.00	        1.00
  3.30	        0.00	        2.00	   595998.00	        0.00	        6.00	        1.00
  3.31	        0.00	        2.00	   595975.00	        0.00	        6.00	        1.00
  3.32	        0.00	        2.00	   595950.00	        0.00	        6.00	        1.00
  3.33	        0.00	        2.00	   595932.00	        0.00	        6.00	        1.00
  3.34	        0.00	        2.00	   595917.00	        0.00	        6.00	        1.00
  3.35	        0.00	        2.00	   595894.00	        0.00	        6.00	        1.00
  3.36	        0.00	        2.00	   595875.00	        0.00	        6.00	        1.00
  3.37	        0.00	        2.00	   595857.00	        0.00	        6.00	        1.00
  3.38	        0.00	        2.00	   595839.00	        0.00	        6.00	        1.00
  3.39	        0.00	        2.00	   595818.00	        0.00	        6.00	        1.00
  3.40	        0.00	        2.00	   595797.00	        0.00	        6.00	        1.00
  3.41	        0.00	        2.00	   595785.00	        0.00	        6.00	        1.00
  3.42	        0.00	        2.00	   595774.00	        0.00	        6.00	        1.00
  3.43	        0.00	        2.00	   595764.00	        0.00	        6.00	        1.00
  3.44	        0.00	        2.00	   595748.00	        0.00	        6.00	        1.00
  3.45	        0.00	        2.00	   595726.00	        0.00	        6.00	        1.00
  3.46	        0.00	        2.00	   595709.00	        0.00	        6.00	        1.00
  3.47	        0.00	        2.00	   595701.00	        0.00	        6.00	        1.00
  3.48	        0.00	        2.00	   595676.00	        0.00	        6.00	        1.00
  3.49	        0.00	        2.00	   595657.00	        0.00	        6.00	        1.00
  3.50	        0.00	        2.00	   595641.00	        0.00	        6.00	        1.00
  3.51	        0.00	        2.00	   595631.00	        0.00	        6.00	        1.00
  3.52	        0.00	        2.00	   595618.00	        0.00	        6.00	        1.00
  3.53	        0.00	        2.00	   595607.00	        0.00	        6.00	        1.00
  3.54	        0.00	        2.00	   595589.00	        0.00	        6.00	        1.00
  3.55	        0.00	        2.00	   595575.00	        0.00	        6.00	        1.00
  3.56	        0.00	        2.00	   595549.00	        0.00	        6.00	        1.00
  3.57	        0.00	        2.00	   595536.00	        0.00	        6.00	        1.00
  3.58	        0.00	        2.00	   595510.00	        0.00	        6.00	        1.00
  3.59	        0.00	        2.00	   595498.00	        0.00	        6.00	        1.00
  3.60	        0.00	        2.00	   595483.00	        0.00	        6.00	        1.00
  3.61	        0.00	        2.00	   595468.00	        0.00	        6.00	        1.00
  3.62	        0.00	        2.00	   595449.00	        0.00	        6.00	        1.00
  3.63	        0.00	        2.00	   595434.00	        0.00	        6.00	        1.00
  3.64	        0.00	        2.00	   595415.00	        0.00	        6.00	        1.00
  3.65	        0.00	        2.00	   595400.00	        0.00	        6.00	        1.00
  3.66	        0.00	        2.00	   595383.00	        0.00	        6.00	        1.00
  3.67	        0.00	        2.00	   595368.00	        0.00	        6.00	        1.00
  3.68	        0.00	        2.00	   595346.00	        0.00	        6.00	        1.00
  3.69	        0.00	        2.00	   595319.00	        0.00	        6.00	        1.00
  3.70	        0.00	        2.00	   595303.00	        0.00	        6.00	        1.00
  3.71	        0.00	        2.00	   595284.00	        0.00	        6.00	        1.00
  3.72	        0.00	        2.00	   595260.00	        0.00	        6.00	        1.00
  3.73	        0.00	        2.00	   595238.00	        0.00	        6.00	        1.00
  3.74	        0.00	        2.00	   595225.00	        0.00	        6.00	        1.00
  3.75	        0.00	        2.00	   595206.00	        0.00	        6.00	        1.00
  3.76	        0.00	        2.00	   595181.00	        0.00	        6.00	        1.00
  3.77	        0.00	        2.00	   595158.00	        0.00	        6.00	        1.00
  3.78	        0.00	        2.00	   595136.00	        0.00	        6.00	        1.00
  3.79	        0.00	        2.00	   595115.00	        0.00	        6.00	        1.00
  3.80	        0.00	        2.00	   595104.00	        0.00	        6.00	        1.00
  3.81	        0.00	        2.00	   595085.00	        0.00	        6.00	        1.00
  3.82	        0.00	        2.00	   595066.00	        0.00	        6.00	        1.00
  3.83	        0.00	        2.00	   595040.00	        0.00	        6.00	        1.00
  3.84	        0.00	        2.00	   595028.00	        0.00	        6.00	        1.00
  3.85	        0.00	        2.00	   595011.00	        0.00	        6.00	        1.00
  3.86	        0.00	        2.00	   594994.00	        0.00	        6.00	        1.00
  3.87	        0.00	        2.00	   594981.00	        0.00	        6.00	        1.00
  3.88	        0.00	        1.00	   595365.00	        0.00	        6.00	        1.00
  3.89	        0.00	        1.00	   595350.00	        0.00	        6.00	        1.00
  3.90	        0.00	        0.00	   595730.00	        0.00	        6.00	        0.00
