Datatype: PopulationSize
  0.00	        1.00	        0.00	        0.00	        1.00	        0.00	        1.00
  0.01	        1.00	        0.00	        0.00	        1.00	        0.00	        1.00
  0.02	        1.00	        0.00	        0.00	        1.00	        0.00	        1.00
  0.03	        1.00	        0.00	        0.00	        1.00	        0.00	        1.00
  0.04	        1.00	        0.00	        0.00	        1.00	        0.00	        1.00
  0.05	        1.00	        0.00	        0.00	        1.00	        0.00	        1.00
  0.06	        1.00	        0.00	        0.00	        1.00	        0.00	        1.00
  0.07	        1.00	        0.00	        0.00	        1.00	        0.00	        1.00
  0.08	        1.00	        0.00	        0.00	        1.00	        0.00	        1.00
  0.09	        1.00	        0.00	        0.00	        1.00	        0.00	        1.00
  0.10	        1.00	        0.00	        0.00	        1.00	        0.00	        1.00
  0.11	        1.00	        0.00	        0.00	        1.00	        0.00	        1.00
  0.12	        1.00	        0.00	        0.00	        1.00	        0.00	        1.00
  0.13	        1.00	        0.00	        0.00	        1.00	        0.00	        1.00
  0.14	        1.00	        0.00	        0.00	        1.00	        0.00	        1.00
  0.15	        1.00	        0.00	        0.00	        1.00	        0.00	        1.00
  0.16	        1.00	        0.00	        0.00	        1.00	        0.00	        1.00
  0.17	        1.00	        0.00	        0.00	        1.00	        0.00	        1.00
  0.18	        1.00	        0.00	        0.00	        1.00	        0.00	        1.00
  0.19	        1.00	        0.00	        0.00	        1.00	        0.00	        1.00
  0.20	        1.00	        0.00	        0.00	        1.00	        0.00	        1.00
  0.21	        1.00	        0.00	        0.00	        1.00	        0.00	        1.00
  0.22	        1.00	        0.00	        0.00	        1.00	        0.00	        1.00
  0.23	        1.00	        0.00	        0.00	        1.00	        0.00	        1.00
  0.24	        1.00	        0.00	        0.00	        1.00	        0.00	        1.00
  0.25	        1.00	        0.00	        0.00	        1.00	        0.00	        1.00
  0.26	        1.00	        0.00	        0.00	        1.00	        0.00	        1.00
  0.27	        1.00	        0.00	        0.00	        1.00	        0.00	        1.00
  0.28	        1.00	        0.00	        0.00	        1.00	        0.00	        1.00
  0.29	        1.00	        0.00	        0.00	        1.00	        0.00	        1.00
  0.30	        1.00	        0.00	        0.00	        1.00	        0.00	        1.00
  0.31	        1.00	        0.00	        0.00	        1.00	        0.00	        1.00
  0.32	        1.00	        0.00	        0.00	        1.00	        0.00	        1.00
  0.33	        1.00	        0.00	        0.00	        1.00	        0.00	        1.00
  0.34	        1.00	        0.00	        0.00	        1.00	        0.00	        1.00
  0.35	        1.00	        0.00	        0.00	        1.00	        0.00	        1.00
  0.36	        1.00	        0.00	        0.00	        1.00	        0.00	        1.00
  0.37	        2.00	        0.00	        0.00	        1.00	        1.00	        1.00
  0.38	        2.00	        0.00	        0.00	        1.00	        1.00	        1.00
  0.39	        2.00	        0.00	        0.00	        1.00	        1.00	        1.00
  0.40	        2.00	        0.00	        0.00	        1.00	        1.00	        1.00
  0.41	        2.00	        0.00	        0.00	        1.00	        1.00	        1.00
  0.42	        2.00	        0.00	        0.00	        1.00	        1.00	        1.00
  0.43	        2.00	        0.00	        0.00	        1.00	        1.00	        1.00
  0.44	        2.00	        0.00	        0.00	        1.00	        1.00	        1.00
  0.45	        2.00	        0.00	        0.00	        1.00	        1.00	        1.00
  0.46	        2.00	        0.00	        0.00	        1.00	        1.00	        1.00
  0.47	        2.00	        0.00	        0.00	        1.00	        1.00	        1.00
  0.48	        2.00	        0.00	        0.00	        1.00	        1.00	        1.00
  0.49	        2.00	        0.00	        0.00	        1.00	        1.00	        1.00
  0.50	        2.00	        0.00	        0.00	        1.00	        1.00	        1.00
  0.51	        2.00	        0.00	        0.00	        1.00	        1.00	        1.00
  0.52	        2.00	        0.00	        0.00	        1.00	        1.00	        1.00
  0.53	        2.00	        0.00	        0.00	        1.00	        1.00	        1.00
  0.54	        2.00	        0.00	        0.00	        1.00	        1.00	        1.00
  0.55	        2.00	        0.00	        0.00	        1.00	        1.00	        1.00
  0.56	        2.00	        0.00	        0.00	        1.00	        1.00	        1.00
  0.57	        2.00	        0.00	        0.00	        1.00	        1.00	        1.00
  0.58	        2.00	        0.00	        0.00	        1.00	        1.00	        1.00
  0.59	        2.00	        0.00	        0.00	        1.00	        1.00	        1.00
  0.60	        2.00	        0.00	        0.00	        1.00	        1.00	        1.00
  0.61	        2.00	        0.00	        0.00	        1.00	        1.00	        1.00
  0.62	        2.00	        0.00	        0.00	        1.00	        1.00	        1.00
  0.63	        2.00	        0.00	        0.00	        1.00	        1.00	        1.00
  0.64	        2.00	        0.00	        0.00	        1.00	        1.00	        1.00
  0.65	        2.00	        0.00	        0.00	        1.00	        1.00	        1.00
  0.66	        2.00	        0.00	        0.00	        1.00	        1.00	        1.00
  0.67	        2.00	        0.00	        0.00	        1.00	        1.00	        1.00
  0.68	        2.00	        0.00	        0.00	        1.00	        1.00	        1.00
  0.69	        2.00	        0.00	        0.00	        1.00	        1.00	        1.00
  0.70	        2.00	        0.00	        0.00	        1.00	        1.00	        1.00
  0.71	        2.00	        0.00	        0.00	        1.00	        1.00	        1.00
  0.72	        2.00	        0.00	        0.00	        1.00	        1.00	        1.00
  0.73	        2.00	        0.00	        0.00	        1.00	        1.00	        1.00
  0.74	        2.00	        0.00	        0.00	        1.00	        1.00	        1.00
  0.75	        2.00	        0.00	        0.00	        1.00	        1.00	        1.00
  0.76	        2.00	        0.00	        0.00	        1.00	        1.00	        1.00
  0.77	        2.00	        0.00	        0.00	        1.00	        1.00	        1.00
  0.78	        2.00	        0.00	        0.00	        1.00	        1.00	        1.00
  0.79	        2.00	        0.00	        0.00	        1.00	        1.00	        1.00
  0.80	        2.00	        0.00	        0.00	        1.00	        1.00	        1.00
  0.81	        2.00	        0.00	        0.00	        1.00	        1.00	        1.00
  0.82	        2.00	        0.00	        0.00	        1.00	        1.00	        1.00
  0.83	        2.00	        0.00	        0.00	        1.00	        1.00	        1.00
  0.84	        2.00	        0.00	        0.00	        1.00	        1.00	        1.00
  0.85	        2.00	        0.00	        0.00	        1.00	        1.00	        1.00
  0.86	        2.00	        0.00	        0.00	        1.00	        1.00	        1.00
  0.87	        2.00	        0.00	        0.00	        1.00	        1.00	        1.00
  0.88	        2.00	        0.00	        0.00	        1.00	        1.00	        1.00
  0.89	        2.00	        0.00	        0.00	        1.00	        1.00	        1.00
  0.90	        2.00	        0.00	        0.00	        1.00	        1.00	        1.00
  0.91	        2.00	        0.00	        0.00	        1.00	        1.00	        1.00
  0.92	        2.00	        0.00	        0.00	        1.00	        1.00	        1.00
  0.93	        2.00	        0.00	        0.00	        1.00	        1.00	        1.00
  0.94	        2.00	        0.00	        0.00	        1.00	        1.00	        1.00
  0.95	        2.00	        0.00	        0.00	        1.00	        1.00	        1.00
  0.96	        2.00	        0.00	        0.00	        1.00	        1.00	        1.00
  0.97	        2.00	        0.00	        0.00	        1.00	        1.00	        1.00
  0.98	        2.00	        0.00	        0.00	        1.00	        1.00	        1.00
  0.99	        2.00	        0.00	        0.00	        1.00	        1.00	        1.00
  1.00	        2.00	        0.00	        0.00	        1.00	        1.00	        1.00
  1.01	        3.00	        0.00	        0.00	        1.00	        2.00	        1.00
  1.02	        3.00	        0.00	        0.00	        1.00	        2.00	        1.00
  1.03	        3.00	        0.00	        0.00	        1.00	        2.00	        1.00
  1.04	        3.00	        0.00	        0.00	        1.00	        2.00	        1.00
  1.05	        3.00	        0.00	        0.00	        1.00	        2.00	        1.00
  1.06	        3.00	        0.00	        0.00	        1.00	        2.00	        1.00
  1.07	        3.00	        0.00	        0.00	        1.00	        2.00	        1.00
  1.08	        3.00	        0.00	        0.00	        1.00	        2.00	        1.00
  1.09	        3.00	        0.00	        0.00	        1.00	        2.00	        1.00
  1.10	        3.00	        0.00	        0.00	        1.00	        2.00	        1.00
  1.11	        3.00	        0.00	        0.00	        1.00	        2.00	        1.00
  1.12	        3.00	        0.00	        0.00	        1.00	        2.00	        1.00
  1.13	        3.00	        0.00	        0.00	        1.00	        2.00	        1.00
  1.14	        3.00	        0.00	        0.00	        1.00	        2.00	        1.00
  1.15	        3.00	        0.00	        0.00	        1.00	        2.00	        1.00
  1.16	        3.00	        0.00	        0.00	        1.00	        2.00	        1.00
  1.17	        3.00	        0.00	        0.00	        1.00	        2.00	        1.00
  1.18	        3.00	        0.00	        0.00	        1.00	        2.00	        1.00
  1.19	        3.00	        0.00	        0.00	        1.00	        2.00	        1.00
  1.20	        3.00	        0.00	        0.00	        1.00	        2.00	        1.00
  1.21	        3.00	        0.00	        0.00	        1.00	        2.00	        1.00
  1.22	        3.00	        0.00	        0.00	        1.00	        2.00	        1.00
  1.23	        3.00	        0.00	        0.00	        1.00	        2.00	        1.00
  1.24	        3.00	        0.00	        0.00	        1.00	        2.00	        1.00
  1.25	        3.00	        0.00	        0.00	        1.00	        2.00	        1.00
  1.26	        3.00	        0.00	        0.00	        1.00	        2.00	        1.00
  1.27	        3.00	        0.00	        0.00	        1.00	        2.00	        1.00
  1.28	        3.00	        0.00	        0.00	        1.00	        2.00	        1.00
  1.29	        3.00	        0.00	        0.00	        1.00	        2.00	        1.00
  1.30	        3.00	        0.00	        0.00	        1.00	        2.00	        1.00
  1.31	        3.00	        0.00	        0.00	        1.00	        2.00	        1.00
  1.32	        3.00	        0.00	        0.00	        1.00	        2.00	        1.00
  1.33	        3.00	        0.00	        0.00	        1.00	        2.00	        1.00
  1.34	        3.00	        0.00	        0.00	        1.00	        2.00	        1.00
  1.35	        3.00	        0.00	        0.00	        1.00	        2.00	        1.00
  1.36	        3.00	        0.00	        0.00	        1.00	        2.00	        1.00
  1.37	        3.00	        0.00	        0.00	        1.00	        2.00	        1.00
  1.38	        3.00	        0.00	        0.00	        1.00	        2.00	        1.00
  1.39	        3.00	        0.00	        0.00	        1.00	        2.00	        1.00
  1.40	        3.00	        0.00	        0.00	        1.00	        2.00	        1.00
  1.41	        3.00	        0.00	        0.00	        1.00	        2.00	        1.00
  1.42	        3.00	        0.00	        0.00	        1.00	        2.00	        1.00
  1.43	        3.00	        0.00	        0.00	        1.00	        2.00	        1.00
  1.44	        3.00	        0.00	        0.00	        1.00	        2.00	        1.00
  1.45	        3.00	        0.00	        0.00	        1.00	        2.00	        1.00
  1.46	        3.00	        0.00	        0.00	        1.00	        2.00	        1.00
  1.47	        3.00	        0.00	        0.00	        1.00	        2.00	        1.00
  1.48	        3.00	        0.00	        0.00	        1.00	        2.00	        1.00
  1.49	        3.00	        0.00	        0.00	        1.00	        2.00	        1.00
  1.50	        3.00	        0.00	        0.00	        1.00	        2.00	        1.00
  1.51	        3.00	        0.00	        0.00	        1.00	        2.00	        1.00
  1.52	        3.00	        0.00	        0.00	        1.00	        2.00	        1.00
  1.53	        3.00	        0.00	        0.00	        1.00	        2.00	        1.00
  1.54	        3.00	        0.00	        0.00	        1.00	        2.00	        1.00
  1.55	        3.00	        0.00	        0.00	        1.00	        2.00	        1.00
  1.56	        3.00	        0.00	        0.00	        1.00	        2.00	        1.00
  1.57	        3.00	        0.00	        0.00	        1.00	        2.00	        1.00
  1.58	        3.00	        0.00	        0.00	        1.00	        2.00	        1.00
  1.59	        3.00	        0.00	        0.00	        1.00	        2.00	        1.00
  1.60	        3.00	        0.00	        0.00	        1.00	        2.00	        1.00
  1.61	        3.00	        0.00	        0.00	        1.00	        2.00	        1.00
  1.62	        3.00	        0.00	        0.00	        1.00	        2.00	        1.00
  1.63	        3.00	        0.00	        0.00	        1.00	        2.00	        1.00
  1.64	        3.00	        0.00	        0.00	        1.00	        2.00	        1.00
  1.65	        3.00	        0.00	        0.00	        1.00	        2.00	        1.00
  1.66	        3.00	        0.00	        0.00	        1.00	        2.00	        1.00
  1.67	        3.00	        0.00	        0.00	        1.00	        2.00	        1.00
  1.68	        3.00	        0.00	        0.00	        1.00	        2.00	        1.00
  1.69	        3.00	        0.00	        0.00	        1.00	        2.00	        1.00
  1.70	        3.00	        0.00	        0.00	        1.00	        2.00	        1.00
  1.71	        3.00	        0.00	        0.00	        1.00	        2.00	        1.00
  1.72	        3.00	        0.00	        0.00	        1.00	        2.00	        1.00
  1.73	        3.00	        0.00	        0.00	        1.00	        2.00	        1.00
  1.74	        3.00	        0.00	        0.00	        1.00	        2.00	        1.00
  1.75	        4.00	        0.00	        0.00	        1.00	        3.00	        1.00
  1.76	        4.00	        0.00	        0.00	        1.00	        3.00	        1.00
  1.77	        4.00	        0.00	        0.00	        1.00	        3.00	        1.00
  1.78	        4.00	        0.00	        0.00	        1.00	        3.00	        1.00
  1.79	        4.00	        0.00	        0.00	        1.00	        3.00	        1.00
  1.80	        4.00	        0.00	        0.00	        1.00	        3.00	        1.00
  1.81	        4.00	        0.00	        0.00	        1.00	        3.00	        1.00
  1.82	        4.00	        0.00	        0.00	        1.00	        3.00	        1.00
  1.83	        5.00	        0.00	        0.00	        1.00	        4.00	        1.00
  1.84	        5.00	        0.00	        0.00	        1.00	        4.00	        1.00
  1.85	        5.00	        0.00	        0.00	        1.00	        4.00	        1.00
  1.86	        5.00	        0.00	        0.00	        1.00	        4.00	        1.00
  1.87	        5.00	        0.00	        0.00	        1.00	        4.00	        1.00
  1.88	        6.00	        0.00	        0.00	        1.00	        5.00	        1.00
  1.89	        6.00	        0.00	        0.00	        1.00	        5.00	        1.00
  1.90	        6.00	        0.00	        0.00	        1.00	        5.00	        1.00
  1.91	        6.00	        0.00	        0.00	        1.00	        5.00	        1.00
  1.92	        6.00	        0.00	        0.00	        1.00	        5.00	        1.00
  1.93	        6.00	        0.00	        0.00	        1.00	        5.00	        1.00
  1.94	        6.00	        0.00	        0.00	        1.00	        5.00	        1.00
  1.95	        6.00	        0.00	        0.00	        1.00	        5.00	        1.00
  1.96	        6.00	        0.00	        0.00	        1.00	        5.00	        1.00
  1.97	        6.00	        0.00	        0.00	        1.00	        5.00	        1.00
  1.98	        6.00	        0.00	        0.00	        1.00	        5.00	        1.00
  1.99	        6.00	        0.00	        0.00	        1.00	        5.00	        1.00
  2.00	        6.00	        0.00	        0.00	        1.00	        5.00	        1.00
  2.01	        6.00	        0.00	        0.00	        1.00	        5.00	        1.00
  2.02	        7.00	        0.00	        0.00	        1.00	        6.00	        1.00
  2.03	        7.00	        0.00	        0.00	        1.00	        6.00	        1.00
  2.04	        7.00	        0.00	        0.00	        1.00	        6.00	        1.00
  2.05	        7.00	        0.00	        0.00	        1.00	        6.00	        1.00
  2.06	        7.00	        0.00	        0.00	        1.00	        6.00	        1.00
  2.07	        7.00	        0.00	        0.00	        1.00	        6.00	        1.00
  2.08	        7.00	        0.00	        0.00	        1.00	        6.00	        1.00
  2.09	        7.00	        0.00	        0.00	        1.00	        6.00	        1.00
  2.10	        7.00	        0.00	        0.00	        1.00	        6.00	        1.00
  2.11	        7.00	        0.00	        0.00	        1.00	        6.00	        1.00
  2.12	        7.00	        0.00	        0.00	        1.00	        6.00	        1.00
  2.13	        7.00	        0.00	        0.00	        1.00	        6.00	        1.00
  2.14	        7.00	        0.00	        0.00	        1.00	        6.00	        1.00
  2.15	        7.00	        0.00	        0.00	        1.00	        6.00	        1.00
  2.16	        7.00	        0.00	        0.00	        1.00	        6.00	        1.00
  2.17	        7.00	        0.00	        0.00	        1.00	        6.00	        1.00
  2.18	        7.00	        0.00	        0.00	        1.00	        6.00	        1.00
  2.19	        7.00	        0.00	        0.00	        1.00	        6.00	        1.00
  2.20	        7.00	        0.00	        0.00	        1.00	        6.00	        1.00
  2.21	        8.00	        0.00	        0.00	        1.00	        7.00	        1.00
  2.22	       10.00	        0.00	        0.00	        1.00	        9.00	        1.00
  2.23	       10.00	        0.00	        0.00	        1.00	        9.00	        1.00
  2.24	       10.00	        0.00	        0.00	        1.00	        9.00	        1.00
  2.25	       10.00	        0.00	        0.00	        1.00	        9.00	        1.00
  2.26	       10.00	        0.00	        0.00	        1.00	        9.00	        1.00
  2.27	       10.00	        0.00	        0.00	        1.00	        9.00	        1.00
  2.28	       10.00	        0.00	        0.00	        1.00	        9.00	        1.00
  2.29	       12.00	        0.00	        0.00	        1.00	       11.00	        1.00
  2.30	       12.00	        0.00	        0.00	        1.00	       11.00	        1.00
  2.31	       12.00	        0.00	        0.00	        1.00	       11.00	        1.00
  2.32	       13.00	        0.00	        0.00	        1.00	       12.00	        1.00
  2.33	       14.00	        0.00	        0.00	        1.00	       13.00	        1.00
  2.34	       14.00	        0.00	        0.00	        1.00	       13.00	        1.00
  2.35	       14.00	        0.00	        0.00	        1.00	       13.00	        1.00
  2.36	       15.00	        0.00	        0.00	        1.00	       14.00	        1.00
  2.37	       16.00	        0.00	        0.00	        1.00	       15.00	        1.00
  2.38	       16.00	        0.00	        0.00	        1.00	       15.00	        1.00
  2.39	       16.00	        0.00	        0.00	        1.00	       15.00	        1.00
  2.40	       16.00	        0.00	        0.00	        1.00	       15.00	        1.00
  2.41	       16.00	        0.00	        0.00	        1.00	       15.00	        1.00
  2.42	       17.00	        0.00	        0.00	        1.00	       16.00	        1.00
  2.43	       18.00	        0.00	        0.00	        1.00	       17.00	        1.00
  2.44	       19.00	        0.00	        0.00	        1.00	       18.00	        1.00
  2.45	       19.00	        0.00	        0.00	        1.00	       18.00	        1.00
  2.46	       19.00	        0.00	        0.00	        1.00	       18.00	        1.00
  2.47	       19.00	        0.00	        0.00	        1.00	       18.00	        1.00
  2.48	       19.00	        0.00	        0.00	        1.00	       18.00	        1.00
  2.49	       20.00	        0.00	        0.00	        1.00	       19.00	        1.00
  2.50	       20.00	        0.00	        0.00	        1.00	       19.00	        1.00
  2.51	       20.00	        0.00	        0.00	        1.00	       19.00	        1.00
  2.52	       20.00	        0.00	        0.00	        1.00	       19.00	        1.00
  2.53	       20.00	        0.00	        0.00	        1.00	       19.00	        1.00
  2.54	       20.00	        0.00	        0.00	        1.00	       19.00	        1.00
  2.55	       20.00	        0.00	        0.00	        1.00	       19.00	        1.00
  2.56	       22.00	        0.00	        0.00	        1.00	       21.00	        1.00
  2.57	       23.00	        0.00	        0.00	        1.00	       22.00	        1.00
  2.58	       24.00	        0.00	        0.00	        1.00	       23.00	        1.00
  2.59	       24.00	        0.00	        0.00	        1.00	       23.00	        1.00
  2.60	       25.00	        0.00	        0.00	        1.00	       24.00	        1.00
  2.61	       26.00	        0.00	        0.00	        1.00	       25.00	        1.00
  2.62	       27.00	        0.00	        0.00	        1.00	       26.00	        1.00
  2.63	       27.00	        0.00	        0.00	        1.00	       26.00	        1.00
  2.64	       27.00	        0.00	        0.00	        1.00	       26.00	        1.00
  2.65	       27.00	        0.00	        0.00	        1.00	       26.00	        1.00
  2.66	       27.00	        0.00	        0.00	        1.00	       26.00	        1.00
  2.67	       27.00	        0.00	        0.00	        1.00	       26.00	        1.00
  2.68	       27.00	        0.00	        0.00	        1.00	       26.00	        1.00
  2.69	       27.00	        0.00	        0.00	        1.00	       26.00	        1.00
  2.70	       28.00	        0.00	        0.00	        1.00	       27.00	        1.00
  2.71	       28.00	        0.00	        0.00	        1.00	       27.00	        1.00
  2.72	       28.00	        0.00	        0.00	        1.00	       27.00	        1.00
  2.73	       28.00	        0.00	        0.00	        1.00	       27.00	        1.00
  2.74	       29.00	        0.00	        0.00	        1.00	       28.00	        1.00
  2.75	       29.00	        0.00	        0.00	        1.00	       28.00	        1.00
  2.76	       29.00	        0.00	        0.00	        1.00	       28.00	        1.00
  2.77	       30.00	        0.00	        0.00	        1.00	       29.00	        1.00
  2.78	       31.00	        0.00	        0.00	        1.00	       30.00	        1.00
  2.79	       32.00	        0.00	        0.00	        1.00	       31.00	        1.00
  2.80	       33.00	        0.00	        0.00	        1.00	       32.00	        1.00
  2.81	       33.00	        0.00	        0.00	        1.00	       32.00	        1.00
  2.82	       33.00	        0.00	        0.00	        1.00	       32.00	        1.00
  2.83	       33.00	        0.00	        0.00	        1.00	       32.00	        1.00
  2.84	       34.00	        0.00	        0.00	        1.00	       33.00	        1.00
  2.85	       35.00	        0.00	        0.00	        1.00	       34.00	        1.00
  2.86	       35.00	        0.00	        0.00	        1.00	       34.00	        1.00
  2.87	       35.00	        0.00	        0.00	        1.00	       34.00	        1.00
  2.88	       35.00	        0.00	        0.00	        1.00	       34.00	        1.00
  2.89	       35.00	        0.00	        0.00	        1.00	       34.00	        1.00
  2.90	       36.00	        0.00	        0.00	        1.00	       35.00	        1.00
  2.91	       36.00	        0.00	        0.00	        1.00	       35.00	        1.00
  2.92	       36.00	        0.00	        0.00	        1.00	       35.00	        1.00
  2.93	       37.00	        0.00	        0.00	        1.00	       36.00	        1.00
  2.94	       39.00	        0.00	        0.00	        1.00	       38.00	        1.00
  2.95	       39.00	        0.00	        0.00	        1.00	       38.00	        1.00
  2.96	       39.00	        0.00	        0.00	        1.00	       38.00	        1.00
  2.97	       39.00	        0.00	        0.00	        1.00	       38.00	        1.00
  2.98	       41.00	        0.00	        0.00	        1.00	       40.00	        1.00
  2.99	       42.00	        0.00	        0.00	        1.00	       41.00	        1.00
  3.00	       42.00	        0.00	        0.00	        1.00	       41.00	        1.00
  3.01	       43.00	        0.00	        0.00	        1.00	       42.00	        1.00
  3.02	       44.00	        0.00	        0.00	        1.00	       43.00	        1.00
  3.03	       44.00	        0.00	        0.00	        1.00	       43.00	        1.00
  3.04	       45.00	        0.00	        0.00	        1.00	       44.00	        1.00
  3.05	       46.00	        0.00	        0.00	        1.00	       45.00	        1.00
  3.06	       46.00	        0.00	        0.00	        1.00	       45.00	        1.00
  3.07	       46.00	        0.00	        0.00	        1.00	       45.00	        1.00
  3.08	       47.00	        0.00	        0.00	        1.00	       46.00	        1.00
  3.09	       48.00	        0.00	        0.00	        1.00	       47.00	        1.00
  3.10	       48.00	        0.00	        0.00	        1.00	       47.00	        1.00
  3.11	       50.00	        0.00	        0.00	        1.00	       49.00	        1.00
  3.12	       51.00	        0.00	        0.00	        1.00	       50.00	        1.00
  3.13	       51.00	        0.00	        0.00	        1.00	       50.00	        1.00
  3.14	       52.00	        0.00	        0.00	        1.00	       51.00	        1.00
  3.15	       52.00	        0.00	        0.00	        1.00	       51.00	        1.00
  3.16	       52.00	        0.00	        0.00	        1.00	       51.00	        1.00
  3.17	       52.00	        0.00	        0.00	        1.00	       51.00	        1.00
  3.18	       52.00	        0.00	        0.00	        1.00	       51.00	        1.00
  3.19	       53.00	        0.00	        0.00	        1.00	       52.00	        1.00
  3.20	       54.00	        0.00	        0.00	        1.00	       53.00	        1.00
  3.21	       58.00	        0.00	        0.00	        1.00	       57.00	        1.00
  3.22	       60.00	        0.00	        0.00	        1.00	       59.00	        1.00
  3.23	       64.00	        0.00	        0.00	        1.00	       63.00	        1.00
  3.24	       66.00	        0.00	        0.00	        1.00	       65.00	        1.00
  3.25	       68.00	        0.00	        0.00	        1.00	       67.00	        1.00
  3.26	       69.00	        0.00	        0.00	        1.00	       68.00	        1.00
  3.27	       70.00	        0.00	        0.00	        1.00	       69.00	        1.00
  3.28	       70.00	        0.00	        0.00	        1.00	       69.00	        1.00
  3.29	       70.00	        0.00	        0.00	        1.00	       69.00	        1.00
  3.30	       70.00	        0.00	        0.00	        1.00	       69.00	        1.00
  3.31	       70.00	        0.00	        0.00	        1.00	       69.00	        1.00
  3.32	       73.00	        0.00	        0.00	        1.00	       72.00	        1.00
  3.33	       73.00	        0.00	        0.00	        1.00	       72.00	        1.00
  3.34	       74.00	        0.00	        0.00	        1.00	       73.00	        1.00
  3.35	       74.00	        0.00	        0.00	        1.00	       73.00	        1.00
  3.36	       77.00	        0.00	        0.00	        1.00	       76.00	        1.00
  3.37	       78.00	        0.00	        0.00	        1.00	       77.00	        1.00
  3.38	       78.00	        0.00	        0.00	        1.00	       77.00	        1.00
  3.39	       81.00	        0.00	        0.00	        1.00	       80.00	        1.00
  3.40	       82.00	        0.00	        0.00	        1.00	       81.00	        1.00
  3.41	       83.00	        0.00	        0.00	        1.00	       82.00	        1.00
  3.42	       85.00	        0.00	        0.00	        1.00	       84.00	        1.00
  3.43	       87.00	        0.00	        0.00	        1.00	       86.00	        1.00
  3.44	       87.00	        0.00	        0.00	        1.00	       86.00	        1.00
  3.45	       88.00	        0.00	        0.00	        1.00	       87.00	        1.00
  3.46	       90.00	        0.00	        0.00	        1.00	       89.00	        1.00
  3.47	       90.00	        0.00	        0.00	        1.00	       89.00	        1.00
  3.48	       91.00	        0.00	        0.00	        1.00	       90.00	        1.00
  3.49	       93.00	        0.00	        0.00	        1.00	       92.00	        1.00
  3.50	       96.00	        0.00	        0.00	        1.00	       95.00	        1.00
  3.51	       98.00	        0.00	        0.00	        1.00	       97.00	        1.00
  3.52	      102.00	        0.00	        0.00	        1.00	      101.00	        1.00
  3.53	      102.00	        0.00	        0.00	        1.00	      101.00	        1.00
  3.54	      102.00	        0.00	        0.00	        1.00	      101.00	        1.00
  3.55	      102.00	        0.00	        0.00	        1.00	      101.00	        1.00
  3.56	      105.00	        0.00	        0.00	        1.00	      104.00	        1.00
  3.57	      108.00	        0.00	        0.00	        1.00	      107.00	        1.00
  3.58	      109.00	        0.00	        0.00	        1.00	      108.00	        1.00
  3.59	      112.00	        0.00	        0.00	        1.00	      111.00	        1.00
  3.60	      115.00	        0.00	        0.00	        1.00	      114.00	        1.00
  3.61	      115.00	        0.00	        0.00	        1.00	      114.00	        1.00
  3.62	      118.00	        0.00	        0.00	        1.00	      117.00	        1.00
  3.63	      119.00	        0.00	        0.00	        1.00	      118.00	        1.00
  3.64	      120.00	        0.00	        0.00	        1.00	      119.00	        1.00
  3.65	      123.00	        0.00	        0.00	        1.00	      122.00	        1.00
  3.66	      126.00	        0.00	        0.00	        1.00	      125.00	        1.00
  3.67	      127.00	        0.00	        0.00	        1.00	      126.00	        1.00
  3.68	      128.00	        0.00	        0.00	        1.00	      127.00	        1.00
  3.69	      129.00	        0.00	        0.00	        1.00	      128.00	        1.00
  3.70	      133.00	        0.00	        0.00	        1.00	      132.00	        1.00
  3.71	      136.00	        0.00	        0.00	        1.00	      135.00	        1.00
  3.72	      138.00	        0.00	        0.00	        1.00	      137.00	        1.00
  3.73	      139.00	        0.00	        0.00	        1.00	      138.00	        1.00
  3.74	      141.00	        0.00	        0.00	        1.00	      140.00	        1.00
  3.75	      141.00	        0.00	        0.00	        1.00	      140.00	        1.00
  3.76	      145.00	        0.00	        0.00	        1.00	      144.00	        1.00
  3.77	      147.00	        0.00	        0.00	        1.00	      146.00	        1.00
  3.78	      150.00	        0.00	        0.00	        1.00	      149.00	        1.00
  3.79	      152.00	        0.00	        0.00	        1.00	      151.00	        1.00
  3.80	      154.00	        0.00	        0.00	        1.00	      153.00	        1.00
  3.81	      157.00	        0.00	        0.00	        1.00	      156.00	        1.00
  3.82	      161.00	        0.00	        0.00	        1.00	      160.00	        1.00
  3.83	      163.00	        0.00	        0.00	        1.00	      162.00	        1.00
  3.84	      164.00	        0.00	        0.00	        1.00	      163.00	        1.00
  3.85	      166.00	        0.00	        0.00	        1.00	      165.00	        1.00
  3.86	      172.00	        0.00	        0.00	        1.00	      171.00	        1.00
  3.87	      175.00	        0.00	        0.00	        1.00	      174.00	        1.00
  3.88	      178.00	        0.00	        0.00	        1.00	      177.00	        1.00
  3.89	      178.00	        0.00	        0.00	        1.00	      177.00	        1.00
  3.90	      181.00	        0.00	        0.00	        1.00	      180.00	        1.00
  3.91	      186.00	        0.00	        0.00	        1.00	      185.00	        1.00
  3.92	      190.00	        0.00	        0.00	        1.00	      189.00	        1.00
  3.93	      195.00	        0.00	        0.00	        1.00	      194.00	        1.00
  3.94	      197.00	        0.00	        0.00	        1.00	      196.00	        1.00
  3.95	      199.00	        0.00	        0.00	        1.00	      198.00	        1.00
  3.96	      201.00	        0.00	        0.00	        1.00	      200.00	        1.00
  3.97	      202.00	        0.00	        0.00	        1.00	      201.00	        1.00
  3.98	      203.00	        0.00	        0.00	        1.00	      202.00	        1.00
  3.99	      206.00	        0.00	        0.00	        1.00	      205.00	        1.00
  4.00	      208.00	        0.00	        0.00	        1.00	      207.00	        1.00
  4.01	      211.00	        0.00	        0.00	        1.00	      210.00	        1.00
  4.02	      213.00	        0.00	        0.00	        1.00	      212.00	        1.00
  4.03	      218.00	        0.00	        0.00	        1.00	      217.00	        1.00
  4.04	      221.00	        0.00	        0.00	        1.00	      220.00	        1.00
  4.05	      226.00	        0.00	        0.00	        1.00	      225.00	        1.00
  4.06	      228.00	        0.00	        0.00	        1.00	      227.00	        1.00
  4.07	      228.00	        0.00	        0.00	        1.00	      227.00	        1.00
  4.08	      229.00	        0.00	        0.00	        1.00	      228.00	        1.00
  4.09	      232.00	        0.00	        0.00	        1.00	      231.00	        1.00
  4.10	      236.00	        0.00	        0.00	        1.00	      235.00	        1.00
  4.11	      241.00	        0.00	        0.00	        1.00	      240.00	        1.00
  4.12	      241.00	        0.00	        0.00	        1.00	      240.00	        1.00
  4.13	      246.00	        0.00	        0.00	        1.00	      245.00	        1.00
  4.14	      251.00	        0.00	        0.00	        1.00	      250.00	        1.00
  4.15	      253.00	        0.00	        0.00	        1.00	      252.00	        1.00
  4.16	      257.00	        0.00	        0.00	        1.00	      256.00	        1.00
  4.17	      263.00	        0.00	        0.00	        1.00	      262.00	        1.00
  4.18	      265.00	        0.00	        0.00	        1.00	      264.00	        1.00
  4.19	      267.00	        0.00	        0.00	        1.00	      266.00	        1.00
  4.20	      268.00	        0.00	        0.00	        1.00	      267.00	        1.00
  4.21	      270.00	        0.00	        0.00	        1.00	      269.00	        1.00
  4.22	      273.00	        0.00	        0.00	        1.00	      272.00	        1.00
  4.23	      275.00	        0.00	        0.00	        1.00	      274.00	        1.00
  4.24	      280.00	        0.00	        0.00	        1.00	      279.00	        1.00
  4.25	      285.00	        0.00	        0.00	        1.00	      284.00	        1.00
  4.26	      292.00	        0.00	        0.00	        1.00	      291.00	        1.00
  4.27	      297.00	        0.00	        0.00	        1.00	      296.00	        1.00
  4.28	      303.00	        0.00	        0.00	        1.00	      302.00	        1.00
  4.29	      307.00	        0.00	        0.00	        1.00	      306.00	        1.00
  4.30	      308.00	        0.00	        0.00	        1.00	      307.00	        1.00
  4.31	      313.00	        0.00	        0.00	        1.00	      312.00	        1.00
  4.32	      316.00	        0.00	        0.00	        1.00	      315.00	        1.00
  4.33	      324.00	        0.00	        0.00	        1.00	      323.00	        1.00
  4.34	      333.00	        0.00	        0.00	        1.00	      332.00	        1.00
  4.35	      341.00	        0.00	        0.00	        1.00	      340.00	        1.00
  4.36	      345.00	        0.00	        0.00	        1.00	      344.00	        1.00
  4.37	      348.00	        0.00	        0.00	        1.00	      347.00	        1.00
  4.38	      354.00	        0.00	        0.00	        1.00	      353.00	        1.00
  4.39	      360.00	        0.00	        0.00	        1.00	      359.00	        1.00
  4.40	      364.00	        0.00	        0.00	        1.00	      363.00	        1.00
  4.41	      370.00	        0.00	        0.00	        1.00	      369.00	        1.00
  4.42	      377.00	        0.00	        0.00	        1.00	      376.00	        1.00
  4.43	      381.00	        0.00	        0.00	        1.00	      380.00	        1.00
  4.44	      385.00	        0.00	        0.00	        1.00	      384.00	        1.00
  4.45	      391.00	        0.00	        0.00	        1.00	      390.00	        1.00
  4.46	      397.00	        0.00	        0.00	        1.00	      396.00	        1.00
  4.47	      404.00	        0.00	        0.00	        1.00	      403.00	        1.00
  4.48	      413.00	        0.00	        0.00	        1.00	      412.00	        1.00
  4.49	      423.00	        0.00	        0.00	        1.00	      422.00	        1.00
  4.50	      428.00	        0.00	        0.00	        1.00	      427.00	        1.00
  4.51	      433.00	        0.00	        0.00	        1.00	      432.00	        1.00
  4.52	      445.00	        0.00	        0.00	        1.00	      444.00	        1.00
  4.53	      453.00	        0.00	        0.00	        1.00	      452.00	        1.00
  4.54	      458.00	        0.00	        0.00	        1.00	      457.00	        1.00
  4.55	      463.00	        0.00	        0.00	        1.00	      462.00	        1.00
  4.56	      473.00	        0.00	        0.00	        1.00	      472.00	        1.00
  4.57	      482.00	        0.00	        0.00	        1.00	      481.00	        1.00
  4.58	      492.00	        0.00	        0.00	        1.00	      491.00	        1.00
  4.59	      498.00	        0.00	        0.00	        1.00	      497.00	        1.00
  4.60	      504.00	        0.00	        0.00	        1.00	      503.00	        1.00
  4.61	      512.00	        0.00	        0.00	        1.00	      511.00	        1.00
  4.62	      518.00	        0.00	        0.00	        1.00	      517.00	        1.00
  4.63	      522.00	        0.00	        0.00	        1.00	      521.00	        1.00
  4.64	      534.00	        0.00	        0.00	        1.00	      533.00	        1.00
  4.65	      539.00	        0.00	        0.00	        1.00	      538.00	        1.00
  4.66	      552.00	        0.00	        0.00	        1.00	      551.00	        1.00
  4.67	      559.00	        0.00	        0.00	        1.00	      558.00	        1.00
  4.68	      571.00	        0.00	        0.00	        1.00	      570.00	        1.00
  4.69	      576.00	        0.00	        0.00	        1.00	      575.00	        1.00
  4.70	      582.00	        0.00	        0.00	        1.00	      581.00	        1.00
  4.71	      593.00	        0.00	        0.00	        1.00	      592.00	        1.00
  4.72	      604.00	        0.00	        0.00	        1.00	      603.00	        1.00
  4.73	      616.00	        0.00	        0.00	        1.00	      615.00	        1.00
  4.74	      628.00	        0.00	        0.00	        1.00	      627.00	        1.00
  4.75	      643.00	        0.00	        0.00	        1.00	      642.00	        1.00
  4.76	      652.00	        0.00	        0.00	        1.00	      651.00	        1.00
  4.77	      663.00	        0.00	        0.00	        1.00	      662.00	        1.00
  4.78	      675.00	        0.00	        0.00	        1.00	      674.00	        1.00
  4.79	      682.00	        0.00	        0.00	        1.00	      681.00	        1.00
  4.80	      697.00	        0.00	        0.00	        1.00	      696.00	        1.00
  4.81	      712.00	        0.00	        0.00	        1.00	      711.00	        1.00
  4.82	      720.00	        0.00	        0.00	        1.00	      719.00	        1.00
  4.83	      729.00	        0.00	        0.00	        1.00	      728.00	        1.00
  4.84	      747.00	        0.00	        0.00	        1.00	      746.00	        1.00
  4.85	      758.00	        0.00	        0.00	        1.00	      757.00	        1.00
  4.86	      767.00	        0.00	        0.00	        1.00	      766.00	        1.00
  4.87	      776.00	        0.00	        0.00	        1.00	      775.00	        1.00
  4.88	      791.00	        0.00	        0.00	        1.00	      790.00	        1.00
  4.89	      804.00	        0.00	        0.00	        1.00	      803.00	        1.00
  4.90	      811.00	        0.00	        0.00	        1.00	      810.00	        1.00
  4.91	      822.00	        0.00	        0.00	        1.00	      821.00	        1.00
  4.92	      838.00	        0.00	        0.00	        1.00	      837.00	        1.00
  4.93	      849.00	        0.00	        0.00	        1.00	      848.00	        1.00
  4.94	      859.00	        0.00	        0.00	        1.00	      858.00	        1.00
  4.95	      876.00	        0.00	        0.00	        1.00	      875.00	        1.00
  4.96	      884.00	        0.00	        0.00	        1.00	      883.00	        1.00
  4.97	      902.00	        0.00	        0.00	        1.00	      901.00	        1.00
  4.98	      912.00	        0.00	        0.00	        1.00	      911.00	        1.00
  4.99	      924.00	        0.00	        0.00	        1.00	      923.00	        1.00
  5.00	      937.00	        0.00	   600000.00	        1.00	      936.00	        1.00
  5.01	      953.00	        0.00	   599978.00	        1.00	      952.00	        1.00
  5.02	      978.00	        0.00	   599960.00	        1.00	      977.00	        1.00
  5.03	     1000.00	        0.00	   599941.00	        1.00	      999.00	        1.00
  5.04	     1016.00	        0.00	   599927.00	        1.00	     1015.00	        1.00
  5.05	     1029.00	        0.00	   599910.00	        1.00	     1028.00	        1.00
  5.06	     1056.00	        0.00	   599895.00	        1.00	     1055.00	        1.00
  5.07	     1078.00	        0.00	   599879.00	        1.00	     1077.00	        1.00
  5.08	     1092.00	        0.00	   599861.00	        1.00	     1091.00	        1.00
  5.09	     1111.00	        0.00	   599846.00	        1.00	     1110.00	        1.00
  5.10	     1127.00	        0.00	   599819.00	        1.00	     1126.00	        1.00
  5.11	     1152.00	        0.00	   599796.00	        1.00	     1151.00	        1.00
  5.12	     1172.00	        0.00	   599776.00	        1.00	     1171.00	        1.00
  5.13	     1188.00	        0.00	   599756.00	        1.00	     1187.00	        1.00
  5.14	     1202.00	        0.00	   599739.00	        1.00	     1201.00	        1.00
  5.15	     1221.00	        0.00	   599719.00	        1.00	     1220.00	        1.00
  5.16	     1243.00	        0.00	   599708.00	        1.00	     1242.00	        1.00
  5.17	     1257.00	        0.00	   599690.00	        1.00	     1256.00	        1.00
  5.18	     1276.00	        0.00	   599674.00	        1.00	     1275.00	        1.00
  5.19	     1296.00	        0.00	   599652.00	        1.00	     1295.00	        1.00
  5.20	     1313.00	        0.00	   599630.00	        1.00	     1312.00	        1.00
  5.21	     1331.00	        0.00	   599610.00	        1.00	     1330.00	        1.00
  5.22	     1355.00	        0.00	   599595.00	        1.00	     1354.00	        1.00
  5.23	     1375.00	        0.00	   599578.00	        1.00	     1374.00	        1.00
  5.24	     1406.00	        0.00	   599558.00	        1.00	     1405.00	        1.00
  5.25	     1432.00	        0.00	   599541.00	        1.00	     1431.00	        1.00
  5.26	     1454.00	        0.00	   599519.00	        1.00	     1453.00	        1.00
  5.27	     1476.00	        0.00	   599506.00	        1.00	     1475.00	        1.00
  5.28	     1505.00	        0.00	   599492.00	        1.00	     1504.00	        1.00
  5.29	     1538.00	        0.00	   599469.00	        1.00	     1537.00	        1.00
  5.30	     1562.00	        0.00	   599454.00	        1.00	     1561.00	        1.00
  5.31	     1583.00	        0.00	   599433.00	        1.00	     1582.00	        1.00
  5.32	     1603.00	        0.00	   599412.00	        1.00	     1602.00	        1.00
  5.33	     1630.00	        0.00	   599399.00	        1.00	     1629.00	        1.00
  5.34	     1665.00	        0.00	   599386.00	        1.00	     1664.00	        1.00
  5.35	     1694.00	        0.00	   599376.00	        1.00	     1693.00	        1.00
  5.36	     1721.00	        0.00	   599362.00	        1.00	     1720.00	        1.00
  5.37	     1742.00	        0.00	   599348.00	        1.00	     1741.00	        1.00
  5.38	     1774.00	        0.00	   599330.00	        1.00	     1773.00	        1.00
  5.39	     1816.00	        0.00	   599317.00	        1.00	     1815.00	        1.00
  5.40	     1838.00	        0.00	   599300.00	        1.00	     1837.00	        1.00
  5.41	     1866.00	        0.00	   599281.00	        1.00	     1865.00	        1.00
  5.42	     1901.00	        0.00	   599263.00	        1.00	     1900.00	        1.00
  5.43	     1933.00	        0.00	   599246.00	        1.00	     1932.00	        1.00
  5.44	     1968.00	        0.00	   599230.00	        1.00	     1967.00	        1.00
  5.45	     1997.00	        0.00	   599212.00	        1.00	     1996.00	        1.00
  5.46	     2036.00	        0.00	   599195.00	        1.00	     2035.00	        1.00
  5.47	     2075.00	        0.00	   599174.00	        1.00	     2074.00	        1.00
  5.48	     2102.00	        0.00	   599157.00	        1.00	     2101.00	        1.00
  5.49	     2139.00	        0.00	   599135.00	        1.00	     2138.00	        1.00
  5.50	     2168.00	        0.00	   599116.00	        1.00	     2167.00	        1.00
  5.51	     2214.00	        0.00	   599102.00	        1.00	     2213.00	        1.00
  5.52	     2260.00	        0.00	   599082.00	        1.00	     2259.00	        1.00
  5.53	     2290.00	        0.00	   599059.00	        1.00	     2289.00	        1.00
  5.54	     2330.00	        0.00	   599039.00	        1.00	     2329.00	        1.00
  5.55	     2362.00	        0.00	   599027.00	        1.00	     2361.00	        1.00
  5.56	     2396.00	        0.00	   599014.00	        1.00	     2395.00	        1.00
  5.57	     2431.00	        0.00	   598988.00	        1.00	     2430.00	        1.00
  5.58	     2468.00	        0.00	   598978.00	        1.00	     2467.00	        1.00
  5.59	     2507.00	        0.00	   598957.00	        1.00	     2506.00	        1.00
  5.60	     2557.00	        0.00	   598936.00	        1.00	     2556.00	        1.00
  5.61	     2606.00	        0.00	   598918.00	        1.00	     2605.00	        1.00
  5.62	     2644.00	        0.00	   598900.00	        1.00	     2643.00	        1.00
  5.63	     2683.00	        0.00	   598879.00	        1.00	     2682.00	        1.00
  5.64	     2730.00	        0.00	   598858.00	        1.00	     2729.00	        1.00
  5.65	     2769.00	        0.00	   598839.00	        1.00	     2768.00	        1.00
  5.66	     2800.00	        0.00	   598825.00	        1.00	     2799.00	        1.00
  5.67	     2842.00	        0.00	   598807.00	        1.00	     2841.00	        1.00
  5.68	     2892.00	        0.00	   598784.00	        1.00	     2891.00	        1.00
  5.69	     2941.00	        0.00	   598772.00	        1.00	     2940.00	        1.00
  5.70	     2996.00	        0.00	   598755.00	        1.00	     2995.00	        1.00
  5.71	     3035.00	        0.00	   598730.00	        1.00	     3034.00	        1.00
  5.72	     3087.00	        0.00	   598716.00	        1.00	     3086.00	        1.00
  5.73	     3136.00	        0.00	   598702.00	        1.00	     3135.00	        1.00
  5.74	     3186.00	        0.00	   598691.00	        1.00	     3185.00	        1.00
  5.75	     3238.00	        0.00	   598675.00	        1.00	     3237.00	        1.00
  5.76	     3285.00	        1.00	   598660.00	        1.00	     3285.00	        1.00
  5.77	     3338.00	        1.00	   598637.00	        1.00	     3338.00	        1.00
  5.78	     3395.00	        1.00	   598612.00	        1.00	     3395.00	        1.00
  5.79	     3454.00	        1.00	   598584.00	        1.00	     3454.00	        1.00
  5.80	     3500.00	        1.00	   598568.00	        1.00	     3500.00	        1.00
  5.81	     3563.00	        1.00	   598548.00	        1.00	     3563.00	        1.00
  5.82	     3616.00	        1.00	   598522.00	        1.00	     3616.00	        1.00
  5.83	     3678.00	        1.00	   598502.00	        1.00	     3678.00	        1.00
  5.84	     3744.00	        1.00	   598484.00	        1.00	     3744.00	        1.00
  5.85	     3807.00	        1.00	   598462.00	        1.00	     3807.00	        1.00
  5.86	     3870.00	        1.00	   598444.00	        1.00	     3870.00	        1.00
  5.87	     3939.00	        1.00	   598428.00	        1.00	     3939.00	        1.00
  5.88	     4001.00	        1.00	   598410.00	        1.00	     4001.00	        1.00
  5.89	     4068.00	        1.00	   598387.00	        1.00	     4068.00	        1.00
  5.90	     4136.00	        1.00	   598364.00	        1.00	     4136.00	        1.00
  5.91	     4203.00	        1.00	   598339.00	        1.00	     4203.00	        1.00
  5.92	     4274.00	        1.00	   598320.00	        1.00	     4274.00	        1.00
  5.93	     4354.00	        1.00	   598300.00	        1.00	     4354.00	        1.00
  5.94	     4419.00	        1.00	   598289.00	        1.00	     4419.00	        1.00
  5.95	     4470.00	        1.00	   598265.00	        1.00	     4470.00	        1.00
  5.96	     4536.00	        1.00	   598250.00	        1.00	     4536.00	        1.00
  5.97	     4599.00	        1.00	   598234.00	        1.00	     4599.00	        1.00
  5.98	     4683.00	        1.00	   598213.00	        1.00	     4683.00	        1.00
  5.99	     4746.00	        1.00	   598194.00	        1.00	     4746.00	        1.00
  6.00	     4823.00	        1.00	   598176.00	        1.00	     4823.00	        1.00
  6.01	     4899.00	        1.00	   598162.00	        1.00	     4899.00	        1.00
  6.02	     4971.00	        1.00	   598144.00	        1.00	     4971.00	        1.00
  6.03	     5034.00	        1.00	   598126.00	        1.00	     5034.00	        1.00
  6.04	     5114.00	        1.00	   598103.00	        1.00	     5114.00	        1.00
  6.05	     5200.00	        1.00	   598081.00	        1.00	     5200.00	        1.00
  6.06	     5278.00	        1.00	   598062.00	        1.00	     5278.00	        1.00
  6.07	     5370.00	        1.00	   598038.00	        1.00	     5370.00	        1.00
  6.08	     5460.00	        1.00	   598017.00	        1.00	     5460.00	        1.00
  6.09	     5533.00	        1.00	   598003.00	        1.00	     5533.00	        1.00
  6.10	     5616.00	        1.00	   597986.00	        1.00	     5616.00	        1.00
  6.11	     5694.00	        1.00	   597968.00	        1.00	     5694.00	        1.00
  6.12	     5796.00	        1.00	   597960.00	        1.00	     5796.00	        1.00
  6.13	     5911.00	        1.00	   597942.00	        1.00	     5911.00	        1.00
  6.14	     6013.00	        1.00	   597925.00	        1.00	     6013.00	        1.00
  6.15	     6114.00	        2.00	   597914.00	        1.00	     6115.00	        1.00
  6.16	     6202.00	        2.00	   597896.00	        1.00	     6203.00	        1.00
  6.17	     6299.00	        2.00	   597885.00	        1.00	     6300.00	        1.00
  6.18	     6393.00	        2.00	   597870.00	        1.00	     6394.00	        1.00
  6.19	     6498.00	        2.00	   597860.00	        1.00	     6499.00	        1.00
  6.20	     6621.00	        2.00	   597842.00	        1.00	     6622.00	        1.00
  6.21	     6728.00	        2.00	   597830.00	        1.00	     6729.00	        1.00
  6.22	     6834.00	        2.00	   597810.00	        1.00	     6835.00	        1.00
  6.23	     6949.00	        2.00	   597798.00	        1.00	     6950.00	        1.00
  6.24	     7065.00	        3.00	   597771.00	        1.00	     7067.00	        1.00
  6.25	     7178.00	        3.00	   597755.00	        1.00	     7180.00	        1.00
  6.26	     7271.00	        4.00	   597740.00	        1.00	     7274.00	        1.00
  6.27	     7398.00	        4.00	   597714.00	        1.00	     7401.00	        1.00
  6.28	     7522.00	        4.00	   597697.00	        1.00	     7525.00	        1.00
  6.29	     7638.00	        4.00	   597679.00	        1.00	     7641.00	        1.00
  6.30	     7758.00	        5.00	   597662.00	        1.00	     7762.00	        1.00
  6.31	     7877.00	        5.00	   597648.00	        1.00	     7881.00	        1.00
  6.32	     7997.00	        6.00	   597630.00	        1.00	     8002.00	        1.00
  6.33	     8145.00	        6.00	   597614.00	        1.00	     8150.00	        1.00
  6.34	     8276.00	        6.00	   597600.00	        1.00	     8281.00	        1.00
  6.35	     8408.00	        6.00	   597589.00	        1.00	     8413.00	        1.00
  6.36	     8548.00	        6.00	   597572.00	        1.00	     8553.00	        1.00
  6.37	     8684.00	        6.00	   597550.00	        1.00	     8689.00	        1.00
  6.38	     8834.00	        6.00	   597532.00	        1.00	     8839.00	        1.00
  6.39	     8965.00	        6.00	   597517.00	        1.00	     8970.00	        1.00
  6.40	     9105.00	        6.00	   597498.00	        1.00	     9110.00	        1.00
  6.41	     9251.00	        6.00	   597486.00	        1.00	     9256.00	        1.00
  6.42	     9392.00	        6.00	   597469.00	        1.00	     9397.00	        1.00
  6.43	     9551.00	        6.00	   597451.00	        1.00	     9556.00	        1.00
  6.44	     9698.00	        9.00	   597428.00	        1.00	     9706.00	        1.00
  6.45	     9865.00	       10.00	   597408.00	        1.00	     9874.00	        1.00
  6.46	    10008.00	       11.00	   597388.00	        1.00	    10018.00	        1.00
  6.47	    10166.00	       11.00	   597371.00	        1.00	    10176.00	        1.00
  6.48	    10326.00	       12.00	   597349.00	        1.00	    10337.00	        1.00
  6.49	    10507.00	       12.00	   597333.00	        1.00	    10518.00	        1.00
  6.50	    10649.00	       12.00	   597318.00	        1.00	    10660.00	        1.00
  6.51	    10818.00	       13.00	   597304.00	        1.00	    10830.00	        1.00
  6.52	    11013.00	       13.00	   597294.00	        1.00	    11025.00	        1.00
  6.53	    11181.00	       13.00	   597283.00	        1.00	    11193.00	        1.00
  6.54	    11328.00	       13.00	   597259.00	        1.00	    11340.00	        1.00
  6.55	    11508.00	       14.00	   597237.00	        1.00	    11521.00	        1.00
  6.56	    11725.00	       14.00	   597218.00	        1.00	    11738.00	        1.00
  6.57	    11929.00	       14.00	   597195.00	        1.00	    11942.00	        1.00
  6.58	    12116.00	       14.00	   597171.00	        1.00	    12129.00	        1.00
  6.59	    12330.00	       15.00	   597153.00	        1.00	    12344.00	        1.00
  6.60	    12525.00	       15.00	   597133.00	        1.00	    12539.00	        1.00
  6.61	    12727.00	       17.00	   597113.00	        1.00	    12743.00	        1.00
  6.62	    12902.00	       17.00	   597095.00	        1.00	    12918.00	        1.00
  6.63	    13110.00	       17.00	   597078.00	        1.00	    13126.00	        1.00
  6.64	    13300.00	       19.00	   597054.00	        1.00	    13318.00	        1.00
  6.65	    13504.00	       20.00	   597034.00	        1.00	    13523.00	        1.00
  6.66	    13688.00	       22.00	   597012.00	        1.00	    13709.00	        1.00
  6.67	    13935.00	       23.00	   596994.00	        1.00	    13957.00	        1.00
  6.68	    14169.00	       23.00	   596972.00	        1.00	    14191.00	        1.00
  6.69	    14396.00	       23.00	   596951.00	        1.00	    14418.00	        1.00
  6.70	    14430.00	      220.00	   597131.00	        1.00	    14650.00	        1.00
  6.71	    14653.00	      220.00	   597108.00	        1.00	    14873.00	        1.00
  6.72	    14882.00	      222.00	   597083.00	        1.00	    15104.00	        1.00
  6.73	    15140.00	      223.00	   597063.00	        1.00	    15363.00	        1.00
  6.74	    15365.00	      225.00	   597048.00	        1.00	    15590.00	        1.00
  6.75	    15613.00	      225.00	   597031.00	        1.00	    15838.00	        1.00
  6.76	    15853.00	      225.00	   597015.00	        1.00	    16078.00	        1.00
  6.77	    16113.00	      227.00	   596996.00	        1.00	    16340.00	        1.00
  6.78	    16372.00	      227.00	   596982.00	        1.00	    16599.00	        1.00
  6.79	    16640.00	      228.00	   596968.00	        1.00	    16868.00	        1.00
  6.80	    16922.00	      228.00	   596946.00	        1.00	    17150.00	        1.00
  6.81	    17018.00	      424.00	   597124.00	        1.00	    17443.00	        1.00
  6.82	    17292.00	      425.00	   597102.00	        1.00	    17718.00	        1.00
  6.83	    17591.00	      430.00	   597082.00	        1.00	    18022.00	        1.00
  6.84	    17850.00	      431.00	   597067.00	        1.00	    18282.00	        1.00
  6.85	    18135.00	      431.00	   597051.00	        1.00	    18567.00	        1.00
  6.86	    18432.00	      431.00	   597036.00	        1.00	    18864.00	        1.00
  6.87	    18697.00	      431.00	   597022.00	        1.00	    19129.00	        1.00
  6.88	    18979.00	      433.00	   597005.00	        1.00	    19413.00	        1.00
  6.89	    19310.00	      433.00	   596989.00	        1.00	    19744.00	        1.00
  6.90	    19636.00	      434.00	   596970.00	        1.00	    20071.00	        1.00
  6.91	    19970.00	      436.00	   596949.00	        1.00	    20407.00	        1.00
  6.92	    20291.00	      439.00	   596925.00	        1.00	    20731.00	        1.00
  6.93	    20620.00	      440.00	   596904.00	        1.00	    21061.00	        1.00
  6.94	    20955.00	      441.00	   596883.00	        1.00	    21397.00	        1.00
  6.95	    21283.00	      441.00	   596864.00	        1.00	    21725.00	        1.00
  6.96	    21617.00	      441.00	   596847.00	        1.00	    22059.00	        1.00
  6.97	    21951.00	      443.00	   596828.00	        1.00	    22395.00	        1.00
  6.98	    22294.00	      444.00	   596811.00	        1.00	    22739.00	        1.00
  6.99	    22458.00	      639.00	   596994.00	        1.00	    23099.00	        1.00
  7.00	    22825.00	      639.00	   596980.00	        1.00	    23466.00	        1.00
  7.01	    23167.00	      639.00	   596962.00	        1.00	    23808.00	        1.00
  7.02	    23574.00	      641.00	   596942.00	        1.00	    24217.00	        1.00
  7.03	    23969.00	      643.00	   596925.00	        1.00	    24614.00	        1.00
  7.04	    24342.00	      643.00	   596914.00	        1.00	    24987.00	        1.00
  7.05	    24739.00	      644.00	   596891.00	        1.00	    25385.00	        1.00
  7.06	    25171.00	      647.00	   596875.00	        1.00	    25820.00	        1.00
  7.07	    25528.00	      652.00	   596852.00	        1.00	    26182.00	        1.00
  7.08	    25968.00	      652.00	   596828.00	        1.00	    26622.00	        1.00
  7.09	    26392.00	      653.00	   596803.00	        1.00	    27047.00	        1.00
  7.10	    26785.00	      654.00	   596787.00	        1.00	    27441.00	        1.00
  7.11	    27208.00	      654.00	   596764.00	        1.00	    27864.00	        1.00
  7.12	    27669.00	      654.00	   596753.00	        1.00	    28325.00	        1.00
  7.13	    28100.00	      656.00	   596737.00	        1.00	    28758.00	        1.00
  7.14	    28335.00	      845.00	   596910.00	        1.00	    29183.00	        1.00
  7.15	    28785.00	      846.00	   596892.00	        1.00	    29634.00	        1.00
  7.16	    29219.00	      849.00	   596875.00	        1.00	    30071.00	        1.00
  7.17	    29654.00	      851.00	   596860.00	        1.00	    30508.00	        1.00
  7.18	    29747.00	     1231.00	   597238.00	        1.00	    30983.00	        1.00
  7.19	    30015.00	     1423.00	   597418.00	        1.00	    31444.00	        1.00
  7.20	    30139.00	     1792.00	   597794.00	        1.00	    31939.00	        1.00
  7.21	    30626.00	     1794.00	   597779.00	        1.00	    32428.00	        1.00
  7.22	    31160.00	     1800.00	   597759.00	        1.00	    32968.00	        1.00
  7.23	    31672.00	     1801.00	   597730.00	        1.00	    33481.00	        1.00
  7.24	    32044.00	     1985.00	   597907.00	        1.00	    34038.00	        1.00
  7.25	    32640.00	     1988.00	   597884.00	        1.00	    34637.00	        1.00
  7.26	    32796.00	     2349.00	   598260.00	        1.00	    35156.00	        1.00
  7.27	    33114.00	     2536.00	   598437.00	        1.00	    35662.00	        1.00
  7.28	    33623.00	     2540.00	   598414.00	        1.00	    36175.00	        1.00
  7.29	    33676.00	     3060.00	   598988.00	        1.00	    36751.00	        1.00
  7.30	    34161.00	     3071.00	   598955.00	        1.00	    37247.00	        1.00
  7.31	    34717.00	     3079.00	   598928.00	        1.00	    37811.00	        1.00
  7.32	    34647.00	     3743.00	   599698.00	        1.00	    38409.00	        1.00
  7.33	    35057.00	     3908.00	   599875.00	        1.00	    38985.00	        1.00
  7.34	    35663.00	     3914.00	   599852.00	        1.00	    39597.00	        1.00
  7.35	    36067.00	     4077.00	   600025.00	        1.00	    40165.00	        1.00
  7.36	    36490.00	     4231.00	   600204.00	        1.00	    40743.00	        1.00
  7.37	    36897.00	     4383.00	   600384.00	        1.00	    41303.00	        1.00
  7.38	    37324.00	     4541.00	   600557.00	        1.00	    41889.00	        1.00
  7.39	    37571.00	     4859.00	   600926.00	        1.00	    42456.00	        1.00
  7.40	    37533.00	     5471.00	   601682.00	        1.00	    43034.00	        1.00
  7.41	    37851.00	     5759.00	   602049.00	        1.00	    43642.00	        1.00
  7.42	    38110.00	     6060.00	   602415.00	        1.00	    44204.00	        1.00
  7.43	    38428.00	     6353.00	   602777.00	        1.00	    44817.00	        1.00
  7.44	    38933.00	     6511.00	   602935.00	        1.00	    45481.00	        1.00
  7.45	    39092.00	     6922.00	   603499.00	        1.00	    46054.00	        1.00
  7.46	    39266.00	     7334.00	   604064.00	        1.00	    46643.00	        1.00
  7.47	    39333.00	     7867.00	   604826.00	        1.00	    47247.00	        1.00
  7.48	    39831.00	     8001.00	   604980.00	        1.00	    47880.00	        1.00
  7.49	    39773.00	     8651.00	   605944.00	        1.00	    48477.00	        1.00
  7.50	    40024.00	     9019.00	   606508.00	        1.00	    49099.00	        1.00
  7.51	    40409.00	     9263.00	   606862.00	        1.00	    49730.00	        1.00
  7.52	    40493.00	     9770.00	   607619.00	        1.00	    50325.00	        1.00
  7.53	    41021.00	     9915.00	   607765.00	        1.00	    50999.00	        1.00
  7.54	    41398.00	    10157.00	   608118.00	        1.00	    51620.00	        1.00
  7.55	    41541.00	    10648.00	   608870.00	        1.00	    52258.00	        1.00
  7.56	    41237.00	    11596.00	   610409.00	        1.00	    52910.00	        1.00
  7.57	    41416.00	    12071.00	   611147.00	        1.00	    53568.00	        1.00
  7.58	    41626.00	    12515.00	   611880.00	        1.00	    54226.00	        1.00
  7.59	    41762.00	    13067.00	   612815.00	        1.00	    54919.00	        1.00
  7.60	    41623.00	    13872.00	   614332.00	        1.00	    55593.00	        1.00
  7.61	    41390.00	    14756.00	   616060.00	        1.00	    56253.00	        1.00
  7.62	    41749.00	    15068.00	   616580.00	        1.00	    56927.00	        1.00
  7.63	    41820.00	    15614.00	   617703.00	        1.00	    57550.00	        1.00
  7.64	    41863.00	    16213.00	   618816.00	        1.00	    58198.00	        1.00
  7.65	    42015.00	    16756.00	   619930.00	        1.00	    58899.00	        1.00
  7.66	    41976.00	    17478.00	   621414.00	        1.00	    59590.00	        1.00
  7.67	    42119.00	    18036.00	   622509.00	        1.00	    60297.00	        1.00
  7.68	    42231.00	    18636.00	   623822.00	        1.00	    61016.00	        1.00
  7.69	    42193.00	    19293.00	   625342.00	        1.00	    61643.00	        1.00
  7.70	    42136.00	    19959.00	   626848.00	        1.00	    62260.00	        1.00
  7.71	    42254.00	    20538.00	   628330.00	        1.00	    62965.00	        1.00
  7.72	    42490.00	    20988.00	   629427.00	        1.00	    63657.00	        1.00
  7.73	    42866.00	    21302.00	   630103.00	        1.00	    64351.00	        1.00
  7.74	    42794.00	    22032.00	   631959.00	        1.00	    65019.00	        1.00
  7.75	    42782.00	    22779.00	   633842.00	        1.00	    65764.00	        1.00
  7.76	    42681.00	    23542.00	   635925.00	        1.00	    66437.00	        1.00
  7.77	    42652.00	    24208.00	   637780.00	        1.00	    67084.00	        1.00
  7.78	    42055.00	    25460.00	   641428.00	        1.00	    67758.00	        1.00
  7.79	    41204.00	    26918.00	   646066.00	        1.00	    68389.00	        1.00
  7.80	    41237.00	    27545.00	   648096.00	        1.00	    69060.00	        1.00
  7.81	    40904.00	    28459.00	   651101.00	        1.00	    69657.00	        1.00
  7.82	    40639.00	    29372.00	   654304.00	        1.00	    70322.00	        1.00
  7.83	    40340.00	    30315.00	   657706.00	        1.00	    70984.00	        1.00
  7.84	    40275.00	    31015.00	   660307.00	        1.00	    71633.00	        1.00
  7.85	    39942.00	    31997.00	   664293.00	        1.00	    72303.00	        1.00
  7.86	    39561.00	    32985.00	   668437.00	        1.00	    72932.00	        1.00
  7.87	    39224.00	    33903.00	   672593.00	        1.00	    73535.00	        1.00
  7.88	    39037.00	    34670.00	   675921.00	        1.00	    74133.00	        1.00
  7.89	    38635.00	    35695.00	   681033.00	        1.00	    74783.00	        1.00
  7.90	    38588.00	    36339.00	   683951.00	        1.00	    75396.00	        1.00
  7.91	    38419.00	    37095.00	   687663.00	        1.00	    76003.00	        1.00
  7.92	    38086.00	    38000.00	   692546.00	        1.00	    76601.00	        1.00
  7.93	    37576.00	    39056.00	   698418.00	        1.00	    77178.00	        1.00
  7.94	    37197.00	    39976.00	   703685.00	        1.00	    77747.00	        1.00
  7.95	    36729.00	    41016.00	   709537.00	        1.00	    78350.00	        1.00
  7.96	    36057.00	    42266.00	   717526.00	        1.00	    78970.00	        1.00
  7.97	    35694.00	    43166.00	   723292.00	        1.00	    79538.00	        1.00
  7.98	    35119.00	    44246.00	   730843.00	        1.00	    80083.00	        1.00
  7.99	    34660.00	    45235.00	   738569.00	        1.00	    80654.00	        1.00
  8.00	    34082.00	    46350.00	   747259.00	        1.00	    81237.00	        1.00
  8.01	    33359.00	    47553.00	   757374.00	        1.00	    81770.00	        1.00
  8.02	    32823.00	    48587.00	   766612.00	        1.00	    82317.00	        1.00
  8.03	    32461.00	    49415.00	   773811.00	        1.00	    82822.00	        1.00
  8.04	    31920.00	    50426.00	   783787.00	        1.00	    83345.00	        1.00
  8.05	    31429.00	    51351.00	   793157.00	        1.00	    83829.00	        1.00
  8.06	    30782.00	    52397.00	   803876.00	        1.00	    84285.00	        1.00
  8.07	    30251.00	    53361.00	   814742.00	        1.00	    84776.00	        1.00
  8.08	    29639.00	    54372.00	   827589.00	        1.00	    85243.00	        1.00
  8.09	    29041.00	    55386.00	   840624.00	        1.00	    85728.00	        1.00
  8.10	    28659.00	    56161.00	   851058.00	        1.00	    86177.00	        1.00
  8.11	    28014.00	    57179.00	   865998.00	        1.00	    86629.00	        1.00
  8.12	    27304.00	    58236.00	   881681.00	        1.00	    87059.00	        1.00
  8.13	    26792.00	    59109.00	   895527.00	        1.00	    87494.00	        1.00
  8.14	    26189.00	    60060.00	   912342.00	        1.00	    87931.00	        1.00
  8.15	    25481.00	    61075.00	   930916.00	        1.00	    88336.00	        1.00
  8.16	    24989.00	    61896.00	   946414.00	        1.00	    88748.00	        1.00
  8.17	    24376.00	    62785.00	   965060.00	        1.00	    89123.00	        1.00
  8.18	    23831.00	    63632.00	   982251.00	        1.00	    89517.00	        1.00
  8.19	    23293.00	    64430.00	  1001957.00	        1.00	    89882.00	        1.00
  8.20	    22835.00	    65182.00	  1019638.00	        1.00	    90271.00	        1.00
  8.21	    22330.00	    65945.00	  1038813.00	        1.00	    90632.00	        1.00
  8.22	    21719.00	    66764.00	  1060534.00	        1.00	    90956.00	        1.00
  8.23	    21161.00	    67536.00	  1082309.00	        1.00	    91286.00	        1.00
  8.24	    20569.00	    68324.00	  1107335.00	        1.00	    91615.00	        1.00
  8.25	    19971.00	    69099.00	  1132761.00	        1.00	    91927.00	        1.00
  8.26	    19349.00	    69891.00	  1159614.00	        1.00	    92240.00	        1.00
  8.27	    18816.00	    70589.00	  1185973.00	        1.00	    92546.00	        1.00
  8.28	    18249.00	    71285.00	  1213965.00	        1.00	    92824.00	        1.00
  8.29	    17708.00	    71927.00	  1243762.00	        1.00	    93084.00	        1.00
  8.30	    17273.00	    72511.00	  1269802.00	        1.00	    93373.00	        1.00
  8.31	    16678.00	    73180.00	  1302433.00	        1.00	    93621.00	        1.00
  8.32	    16242.00	    73715.00	  1333614.00	        1.00	    93887.00	        1.00
  8.33	    15685.00	    74346.00	  1367963.00	        1.00	    94144.00	        1.00
  8.34	    15303.00	    74826.00	  1396134.00	        1.00	    94395.00	        1.00
  8.35	    14840.00	    75351.00	  1427171.00	        1.00	    94625.00	        1.00
  8.36	    14388.00	    75840.00	  1463625.00	        1.00	    94857.00	        1.00
  8.37	    13827.00	    76394.00	  1503631.00	        1.00	    95064.00	        1.00
  8.38	    13282.00	    76909.00	  1546415.00	        1.00	    95262.00	        1.00
  8.39	    12860.00	    77303.00	  1587413.00	        1.00	    95454.00	        1.00
  8.40	    12480.00	    77680.00	  1625755.00	        1.00	    95658.00	        1.00
  8.41	    12087.00	    78061.00	  1664809.00	        1.00	    95857.00	        1.00
  8.42	    11651.00	    78453.00	  1707578.00	        1.00	    96043.00	        1.00
  8.43	    11239.00	    78791.00	  1750438.00	        1.00	    96200.00	        1.00
  8.44	    10862.00	    79108.00	  1796616.00	        1.00	    96388.00	        1.00
  8.45	    10499.00	    79397.00	  1842879.00	        1.00	    96564.00	        1.00
  8.46	    10096.00	    79695.00	  1891508.00	        1.00	    96721.00	        1.00
  8.47	     9680.00	    79981.00	  1947586.00	        1.00	    96891.00	        1.00
  8.48	     9290.00	    80233.00	  2002201.00	        1.00	    97046.00	        1.00
  8.49	     8869.00	    80487.00	  2059844.00	        1.00	    97188.00	        1.00
  8.50	     8504.00	    80716.00	  2109153.00	        1.00	    97320.00	        1.00
  8.51	     8152.00	    80900.00	  2163979.00	        1.00	    97448.00	        1.00
  8.52	     7792.00	    81060.00	  2226423.00	        1.00	    97583.00	        1.00
  8.53	     7438.00	    81217.00	  2285184.00	        1.00	    97703.00	        1.00
  8.54	     7034.00	    81376.00	  2350982.00	        1.00	    97812.00	        1.00
  8.55	     6674.00	    81513.00	  2412375.00	        1.00	    97921.00	        1.00
  8.56	     6351.00	    81605.00	  2478818.00	        1.00	    98048.00	        1.00
  8.57	     6097.00	    81627.00	  2542274.00	        1.00	    98160.00	        1.00
  8.58	     5788.00	    81643.00	  2614902.00	        1.00	    98258.00	        1.00
  8.59	     5478.00	    81663.00	  2683707.00	        1.00	    98341.00	        1.00
  8.60	     5232.00	    81643.00	  2749830.00	        1.00	    98435.00	        1.00
  8.61	     4974.00	    81598.00	  2823942.00	        1.00	    98533.00	        1.00
  8.62	     4638.00	    81558.00	  2909514.00	        1.00	    98616.00	        1.00
  8.63	     4379.00	    81503.00	  2979063.00	        1.00	    98682.00	        1.00
  8.64	     4079.00	    81421.00	  3060779.00	        1.00	    98741.00	        1.00
  8.65	     3799.00	    81306.00	  3145585.00	        1.00	    98804.00	        1.00
  8.66	     3536.00	    81177.00	  3229122.00	        1.00	    98864.00	        1.00
  8.67	     3278.00	    81011.00	  3317379.00	        1.00	    98917.00	        1.00
  8.68	     3049.00	    80810.00	  3407964.00	        1.00	    98977.00	        1.00
  8.69	     2790.00	    80632.00	  3497886.00	        1.00	    99027.00	        1.00
  8.70	     2555.00	    80386.00	  3595034.00	        1.00	    99070.00	        1.00
  8.71	     2344.00	    80148.00	  3683058.00	        1.00	    99101.00	        1.00
  8.72	     2123.00	    79879.00	  3778380.00	        1.00	    99128.00	        1.00
  8.73	     1938.00	    79617.00	  3864553.00	        1.00	    99153.00	        1.00
  8.74	     1726.00	    79300.00	  3967109.00	        1.00	    99178.00	        1.00
  8.75	     1550.00	    78949.00	  4068937.00	        1.00	    99203.00	        1.00
  8.76	     1375.00	    78595.00	  4170706.00	        1.00	    99226.00	        1.00
  8.77	     1179.00	    78238.00	  4275592.00	        1.00	    99243.00	        1.00
  8.78	     1025.00	    77833.00	  4381699.00	        1.00	    99260.00	        1.00
  8.79	      872.00	    77475.00	  4476882.00	        1.00	    99271.00	        1.00
  8.80	      737.00	    77061.00	  4580614.00	        1.00	    99288.00	        1.00
  8.81	      617.00	    76602.00	  4689127.00	        1.00	    99301.00	        1.00
  8.82	      472.00	    76149.00	  4800494.00	        1.00	    99309.00	        1.00
  8.83	      377.00	    75678.00	  4906089.00	        1.00	    99321.00	        1.00
  8.84	      278.00	    75180.00	  5016307.00	        1.00	    99325.00	        1.00
  8.85	      197.00	    74671.00	  5124730.00	        1.00	    99329.00	        1.00
  8.86	       99.00	    74168.00	  5234486.00	        1.00	    99329.00	        1.00
  8.87	       29.00	    73597.00	  5351904.00	        1.00	    99329.00	        1.00
  8.88	        5.00	    73010.00	  5463338.00	        1.00	    99329.00	        1.00
  8.89	        1.00	    72376.00	  5580034.00	        1.00	    99329.00	        1.00
  8.90	        0.00	    71726.00	  5699118.00	        0.00	    99329.00	        1.00
  8.91	        0.00	    71111.00	  5810963.00	        0.00	    99329.00	        1.00
  8.92	        0.00	    70474.00	  5926958.00	        0.00	    99329.00	        1.00
  8.93	        0.00	    69801.00	  6049973.00	        0.00	    99329.00	        1.00
  8.94	        0.00	    69124.00	  6173722.00	        0.00	    99329.00	        1.00
  8.95	        0.00	    68429.00	  6300871.00	        0.00	    99329.00	        1.00
  8.96	        0.00	    67740.00	  6426725.00	        0.00	    99329.00	        1.00
  8.97	        0.00	    67065.00	  6549474.00	        0.00	    99329.00	        1.00
  8.98	        0.00	    66386.00	  6673002.00	        0.00	    99329.00	        1.00
  8.99	        0.00	    65720.00	  6793994.00	        0.00	    99329.00	        1.00
  9.00	        0.00	    65049.00	  6915871.00	        0.00	    99329.00	        1.00
  9.01	        0.00	    64351.00	  7042979.00	        0.00	    99329.00	        1.00
  9.02	        0.00	    63603.00	  7179729.00	        0.00	    99329.00	        1.00
  9.03	        0.00	    62928.00	  7301900.00	        0.00	    99329.00	        1.00
  9.04	        0.00	    62134.00	  7447662.00	        0.00	    99329.00	        1.00
  9.05	        0.00	    61399.00	  7581449.00	        0.00	    99329.00	        1.00
  9.06	        0.00	    60642.00	  7719495.00	        0.00	    99329.00	        1.00
  9.07	        0.00	    59914.00	  7851793.00	        0.00	    99329.00	        1.00
  9.08	        0.00	    59254.00	  7970342.00	        0.00	    99329.00	        1.00
  9.09	        0.00	    58522.00	  8103335.00	        0.00	    99329.00	        1.00
  9.10	        0.00	    57771.00	  8240080.00	        0.00	    99329.00	        1.00
  9.11	        0.00	    56995.00	  8381714.00	        0.00	    99329.00	        1.00
  9.12	        0.00	    56260.00	  8515112.00	        0.00	    99329.00	        1.00
  9.13	        0.00	    55507.00	  8651863.00	        0.00	    99329.00	        1.00
  9.14	        0.00	    54765.00	  8786218.00	        0.00	    99329.00	        1.00
  9.15	        0.00	    53986.00	  8928072.00	        0.00	    99329.00	        1.00
  9.16	        0.00	    53231.00	  9064995.00	        0.00	    99329.00	        1.00
  9.17	        0.00	    52487.00	  9199481.00	        0.00	    99329.00	        1.00
  9.18	        0.00	    51749.00	  9333179.00	        0.00	    99329.00	        1.00
  9.19	        0.00	    51009.00	  9467004.00	        0.00	    99329.00	        1.00
  9.20	        0.00	    50207.00	  9613225.00	        0.00	    99329.00	        1.00
  9.21	        0.00	    49454.00	  9749677.00	        0.00	    99329.00	        1.00
  9.22	        0.00	    48673.00	  9891689.00	        0.00	    99329.00	        1.00
  9.23	        0.00	    47945.00	 10022916.00	        0.00	    99329.00	        1.00
  9.24	        0.00	    47221.00	 10153569.00	        0.00	    99329.00	        1.00
  9.25	        0.00	    46460.00	 10291377.00	        0.00	    99329.00	        1.00
  9.26	        0.00	    45686.00	 10431836.00	        0.00	    99329.00	        1.00
  9.27	        0.00	    44987.00	 10557277.00	        0.00	    99329.00	        1.00
  9.28	        0.00	    44263.00	 10687613.00	        0.00	    99329.00	        1.00
  9.29	        0.00	    43556.00	 10814699.00	        0.00	    99329.00	        1.00
  9.30	        0.00	    42823.00	 10947099.00	        0.00	    99329.00	        1.00
  9.31	        0.00	    42081.00	 11081413.00	        0.00	    99329.00	        1.00
  9.32	        0.00	    41425.00	 11198239.00	        0.00	    99329.00	        1.00
  9.33	        0.00	    40651.00	 11338948.00	        0.00	    99329.00	        1.00
  9.34	        0.00	    39906.00	 11473912.00	        0.00	    99329.00	        1.00
  9.35	        0.00	    39244.00	 11592163.00	        0.00	    99329.00	        1.00
  9.36	        0.00	    38527.00	 11721594.00	        0.00	    99329.00	        1.00
  9.37	        0.00	    37833.00	 11846402.00	        0.00	    99329.00	        1.00
  9.38	        0.00	    37125.00	 11973990.00	        0.00	    99329.00	        1.00
  9.39	        0.00	    36416.00	 12101702.00	        0.00	    99329.00	        1.00
  9.40	        0.00	    35717.00	 12227605.00	        0.00	    99329.00	        1.00
  9.41	        0.00	    34992.00	 12358857.00	        0.00	    99329.00	        1.00
  9.42	        0.00	    34292.00	 12485159.00	        0.00	    99329.00	        1.00
  9.43	        0.00	    33617.00	 12606454.00	        0.00	    99329.00	        1.00
  9.44	        0.00	    32961.00	 12724018.00	        0.00	    99329.00	        1.00
  9.45	        0.00	    32316.00	 12839362.00	        0.00	    99329.00	        1.00
  9.46	        0.00	    31653.00	 12958561.00	        0.00	    99329.00	        1.00
  9.47	        0.00	    30970.00	 13081768.00	        0.00	    99329.00	        1.00
  9.48	        0.00	    30291.00	 13204408.00	        0.00	    99329.00	        1.00
  9.49	        0.00	    29687.00	 13312251.00	        0.00	    99329.00	        1.00
  9.50	        0.00	    29101.00	 13416645.00	        0.00	    99329.00	        1.00
  9.51	        0.00	    28469.00	 13530146.00	        0.00	    99329.00	        1.00
  9.52	        0.00	    27845.00	 13642311.00	        0.00	    99329.00	        1.00
  9.53	        0.00	    27272.00	 13744321.00	        0.00	    99329.00	        1.00
  9.54	        0.00	    26617.00	 13862964.00	        0.00	    99329.00	        1.00
  9.55	        0.00	    26007.00	 13972692.00	        0.00	    99329.00	        1.00
  9.56	        0.00	    25429.00	 14076207.00	        0.00	    99329.00	        1.00
  9.57	        0.00	    24821.00	 14185766.00	        0.00	    99329.00	        1.00
  9.58	        0.00	    24249.00	 14288253.00	        0.00	    99329.00	        1.00
  9.59	        0.00	    23662.00	 14393684.00	        0.00	    99329.00	        1.00
  9.60	        0.00	    23131.00	 14488165.00	        0.00	    99329.00	        1.00
  9.61	        0.00	    22579.00	 14586899.00	        0.00	    99329.00	        1.00
  9.62	        0.00	    22054.00	 14680435.00	        0.00	    99329.00	        1.00
  9.63	        0.00	    21505.00	 14778896.00	        0.00	    99329.00	        1.00
  9.64	        0.00	    20948.00	 14879064.00	        0.00	    99329.00	        1.00
  9.65	        0.00	    20477.00	 14962255.00	        0.00	    99329.00	        1.00
  9.66	        0.00	    19982.00	 15050446.00	        0.00	    99329.00	        1.00
  9.67	        0.00	    19498.00	 15136533.00	        0.00	    99329.00	        1.00
  9.68	        0.00	    19040.00	 15217514.00	        0.00	    99329.00	        1.00
  9.69	        0.00	    18586.00	 15298054.00	        0.00	    99329.00	        1.00
  9.70	        0.00	    18143.00	 15376322.00	        0.00	    99329.00	        1.00
  9.71	        0.00	    17651.00	 15464622.00	        0.00	    99329.00	        1.00
  9.72	        0.00	    17140.00	 15556702.00	        0.00	    99329.00	        1.00
  9.73	        0.00	    16713.00	 15632226.00	        0.00	    99329.00	        1.00
  9.74	        0.00	    16281.00	 15708995.00	        0.00	    99329.00	        1.00
  9.75	        0.00	    15825.00	 15790509.00	        0.00	    99329.00	        1.00
  9.76	        0.00	    15384.00	 15869347.00	        0.00	    99329.00	        1.00
  9.77	        0.00	    14968.00	 15943184.00	        0.00	    99329.00	        1.00
  9.78	        0.00	    14544.00	 16018858.00	        0.00	    99329.00	        1.00
  9.79	        0.00	    14139.00	 16090995.00	        0.00	    99329.00	        1.00
  9.80	        0.00	    13755.00	 16158848.00	        0.00	    99329.00	        1.00
  9.81	        0.00	    13404.00	 16220388.00	        0.00	    99329.00	        1.00
  9.82	        0.00	    13013.00	 16289994.00	        0.00	    99329.00	        1.00
  9.83	        0.00	    12649.00	 16354436.00	        0.00	    99329.00	        1.00
  9.84	        0.00	    12266.00	 16422850.00	        0.00	    99329.00	        1.00
  9.85	        0.00	    11922.00	 16483794.00	        0.00	    99329.00	        1.00
  9.86	        0.00	    11580.00	 16544332.00	        0.00	    99329.00	        1.00
  9.87	        0.00	    11245.00	 16603495.00	        0.00	    99329.00	        1.00
  9.88	        0.00	    10888.00	 16667146.00	        0.00	    99329.00	        1.00
  9.89	        0.00	    10564.00	 16724511.00	        0.00	    99329.00	        1.00
  9.90	        0.00	    10254.00	 16779266.00	        0.00	    99329.00	        1.00
  9.91	        0.00	     9937.00	 16835359.00	        0.00	    99329.00	        1.00
  9.92	        0.00	     9645.00	 16886511.00	        0.00	    99329.00	        1.00
  9.93	        0.00	     9367.00	 16935233.00	        0.00	    99329.00	        1.00
  9.94	        0.00	     9097.00	 16982433.00	        0.00	    99329.00	        1.00
  9.95	        0.00	     8797.00	 17035742.00	        0.00	    99329.00	        1.00
  9.96	        0.00	     8536.00	 17081375.00	        0.00	    99329.00	        1.00
  9.97	        0.00	     8250.00	 17132185.00	        0.00	    99329.00	        1.00
  9.98	        0.00	     7988.00	 17178157.00	        0.00	    99329.00	        1.00
  9.99	        0.00	     7758.00	 17218009.00	        0.00	    99329.00	        1.00
 10.00	        0.00	     7502.00	 17263127.00	        0.00	    99329.00	        1.00
 10.01	        0.00	     7245.00	 17308687.00	        0.00	    99329.00	        1.00
 10.02	        0.00	     7017.00	 17348407.00	        0.00	    99329.00	        1.00
 10.03	        0.00	     6788.00	 17388485.00	        0.00	    99329.00	        1.00
 10.04	        0.00	     6566.00	 17427333.00	        0.00	    99329.00	        1.00
 10.05	        0.00	     6346.00	 17465901.00	        0.00	    99329.00	        1.00
 10.06	        0.00	     6122.00	 17505291.00	        0.00	    99329.00	        1.00
 10.07	        0.00	     5898.00	 17544878.00	        0.00	    99329.00	        1.00
 10.08	        0.00	     5691.00	 17581172.00	        0.00	    99329.00	        1.00
 10.09	        0.00	     5492.00	 17616030.00	        0.00	    99329.00	        1.00
 10.10	        0.00	     5298.00	 17650035.00	        0.00	    99329.00	        1.00
 10.11	        0.00	     5136.00	 17677698.00	        0.00	    99329.00	        1.00
 10.12	        0.00	     4967.00	 17706871.00	        0.00	    99329.00	        1.00
 10.13	        0.00	     4755.00	 17744710.00	        0.00	    99329.00	        1.00
 10.14	        0.00	     4586.00	 17774045.00	        0.00	    99329.00	        1.00
 10.15	        0.00	     4427.00	 17801529.00	        0.00	    99329.00	        1.00
 10.16	        0.00	     4285.00	 17825720.00	        0.00	    99329.00	        1.00
 10.17	        0.00	     4119.00	 17854775.00	        0.00	    99329.00	        1.00
 10.18	        0.00	     3963.00	 17881912.00	        0.00	    99329.00	        1.00
 10.19	        0.00	     3816.00	 17907407.00	        0.00	    99329.00	        1.00
 10.20	        0.00	     3674.00	 17931976.00	        0.00	    99329.00	        1.00
 10.21	        0.00	     3544.00	 17954185.00	        0.00	    99329.00	        1.00
 10.22	        0.00	     3407.00	 17977860.00	        0.00	    99329.00	        1.00
 10.23	        0.00	     3262.00	 18003203.00	        0.00	    99329.00	        1.00
 10.24	        0.00	     3151.00	 18021843.00	        0.00	    99329.00	        1.00
 10.25	        0.00	     3031.00	 18042394.00	        0.00	    99329.00	        1.00
 10.26	        0.00	     2894.00	 18066363.00	        0.00	    99329.00	        1.00
 10.27	        0.00	     2775.00	 18086891.00	        0.00	    99329.00	        1.00
 10.28	        0.00	     2690.00	 18100765.00	        0.00	    99329.00	        1.00
 10.29	        0.00	     2585.00	 18118689.00	        0.00	    99329.00	        1.00
 10.30	        0.00	     2479.00	 18136864.00	        0.00	    99329.00	        1.00
 10.31	        0.00	     2394.00	 18150906.00	        0.00	    99329.00	        1.00
 10.32	        0.00	     2279.00	 18170919.00	        0.00	    99329.00	        1.00
 10.33	        0.00	     2186.00	 18186669.00	        0.00	    99329.00	        1.00
 10.34	        0.00	     2102.00	 18200671.00	        0.00	    99329.00	        1.00
 10.35	        0.00	     2017.00	 18215071.00	        0.00	    99329.00	        1.00
 10.36	        0.00	     1924.00	 18230867.00	        0.00	    99329.00	        1.00
 10.37	        0.00	     1849.00	 18243253.00	        0.00	    99329.00	        1.00
 10.38	        0.00	     1769.00	 18256698.00	        0.00	    99329.00	        1.00
 10.39	        0.00	     1698.00	 18268406.00	        0.00	    99329.00	        1.00
 10.40	        0.00	     1633.00	 18278986.00	        0.00	    99329.00	        1.00
 10.41	        0.00	     1581.00	 18287006.00	        0.00	    99329.00	        1.00
 10.42	        0.00	     1513.00	 18298310.00	        0.00	    99329.00	        1.00
 10.43	        0.00	     1444.00	 18309762.00	        0.00	    99329.00	        1.00
 10.44	        0.00	     1395.00	 18317375.00	        0.00	    99329.00	        1.00
 10.45	        0.00	     1340.00	 18326179.00	        0.00	    99329.00	        1.00
 10.46	        0.00	     1287.00	 18334649.00	        0.00	    99329.00	        1.00
 10.47	        0.00	     1228.00	 18344364.00	        0.00	    99329.00	        1.00
 10.48	        0.00	     1167.00	 18354528.00	        0.00	    99329.00	        1.00
 10.49	        0.00	     1122.00	 18361499.00	        0.00	    99329.00	        1.00
 10.50	        0.00	     1067.00	 18370656.00	        0.00	    99329.00	        1.00
 10.51	        0.00	     1034.00	 18375359.00	        0.00	    99329.00	        1.00
 10.52	        0.00	      984.00	 18383507.00	        0.00	    99329.00	        1.00
 10.53	        0.00	      933.00	 18391848.00	        0.00	    99329.00	        1.00
 10.54	        0.00	      895.00	 18397668.00	        0.00	    99329.00	        1.00
 10.55	        0.00	      855.00	 18403968.00	        0.00	    99329.00	        1.00
 10.56	        0.00	      810.00	 18411228.00	        0.00	    99329.00	        1.00
 10.57	        0.00	      767.00	 18418166.00	        0.00	    99329.00	        1.00
 10.58	        0.00	      733.00	 18423417.00	        0.00	    99329.00	        1.00
 10.59	        0.00	      701.00	 18428232.00	        0.00	    99329.00	        1.00
 10.60	        0.00	      673.00	 18432262.00	        0.00	    99329.00	        1.00
 10.61	        0.00	      643.00	 18436732.00	        0.00	    99329.00	        1.00
 10.62	        0.00	      618.00	 18440305.00	        0.00	    99329.00	        1.00
 10.63	        0.00	      588.00	 18444809.00	        0.00	    99329.00	        1.00
 10.64	        0.00	      570.00	 18446911.00	        0.00	    99329.00	        1.00
 10.65	        0.00	      552.00	 18449055.00	        0.00	    99329.00	        1.00
 10.66	        0.00	      515.00	 18455064.00	        0.00	    99329.00	        1.00
 10.67	        0.00	      492.00	 18458318.00	        0.00	    99329.00	        1.00
 10.68	        0.00	      474.00	 18460591.00	        0.00	    99329.00	        1.00
 10.69	        0.00	      451.00	 18463816.00	        0.00	    99329.00	        1.00
 10.70	        0.00	      434.00	 18465931.00	        0.00	    99329.00	        1.00
 10.71	        0.00	      410.00	 18469460.00	        0.00	    99329.00	        1.00
 10.72	        0.00	      395.00	 18471187.00	        0.00	    99329.00	        1.00
 10.73	        0.00	      377.00	 18473590.00	        0.00	    99329.00	        1.00
 10.74	        0.00	      357.00	 18476383.00	        0.00	    99329.00	        1.00
 10.75	        0.00	      345.00	 18477617.00	        0.00	    99329.00	        1.00
 10.76	        0.00	      332.00	 18479087.00	        0.00	    99329.00	        1.00
 10.77	        0.00	      316.00	 18481169.00	        0.00	    99329.00	        1.00
 10.78	        0.00	      304.00	 18482407.00	        0.00	    99329.00	        1.00
 10.79	        0.00	      295.00	 18483080.00	        0.00	    99329.00	        1.00
 10.80	        0.00	      281.00	 18484712.00	        0.00	    99329.00	        1.00
 10.81	        0.00	      259.00	 18487997.00	        0.00	    99329.00	        1.00
 10.82	        0.00	      247.00	 18489293.00	        0.00	    99329.00	        1.00
 10.83	        0.00	      236.00	 18490383.00	        0.00	    99329.00	        1.00
 10.84	        0.00	      220.00	 18492505.00	        0.00	    99329.00	        1.00
 10.85	        0.00	      210.00	 18493479.00	        0.00	    99329.00	        1.00
 10.86	        0.00	      196.00	 18495277.00	        0.00	    99329.00	        1.00
 10.87	        0.00	      192.00	 18495105.00	        0.00	    99329.00	        1.00
 10.88	        0.00	      177.00	 18497087.00	        0.00	    99329.00	        1.00
 10.89	        0.00	      168.00	 18497951.00	        0.00	    99329.00	        1.00
 10.90	        0.00	      159.00	 18498761.00	        0.00	    99329.00	        1.00
 10.91	        0.00	      149.00	 18499855.00	        0.00	    99329.00	        1.00
 10.92	        0.00	      140.00	 18500779.00	        0.00	    99329.00	        1.00
 10.93	        0.00	      134.00	 18501052.00	        0.00	    99329.00	        1.00
 10.94	        0.00	      124.00	 18502131.00	        0.00	    99329.00	        1.00
 10.95	        0.00	      114.00	 18503187.00	        0.00	    99329.00	        1.00
 10.96	        0.00	      107.00	 18503673.00	        0.00	    99329.00	        1.00
 10.97	        0.00	      101.00	 18504070.00	        0.00	    99329.00	        1.00
 10.98	        0.00	       95.00	 18504399.00	        0.00	    99329.00	        1.00
 10.99	        0.00	       90.00	 18504561.00	        0.00	    99329.00	        1.00
 11.00	        0.00	       83.00	 18505094.00	        0.00	    99329.00	        1.00
 11.01	        0.00	       78.00	 18505283.00	        0.00	    99329.00	        1.00
 11.02	        0.00	       74.00	 18505262.00	        0.00	    99329.00	        1.00
 11.03	        0.00	       73.00	 18504638.00	        0.00	    99329.00	        1.00
 11.04	        0.00	       71.00	 18504187.00	        0.00	    99329.00	        1.00
 11.05	        0.00	       70.00	 18503557.00	        0.00	    99329.00	        1.00
 11.06	        0.00	       67.00	 18503362.00	        0.00	    99329.00	        1.00
 11.07	        0.00	       60.00	 18503911.00	        0.00	    99329.00	        1.00
 11.08	        0.00	       57.00	 18503730.00	        0.00	    99329.00	        1.00
 11.09	        0.00	       56.00	 18503128.00	        0.00	    99329.00	        1.00
 11.10	        0.00	       53.00	 18502934.00	        0.00	    99329.00	        1.00
 11.11	        0.00	       48.00	 18503196.00	        0.00	    99329.00	        1.00
 11.12	        0.00	       46.00	 18502836.00	        0.00	    99329.00	        1.00
 11.13	        0.00	       42.00	 18502878.00	        0.00	    99329.00	        1.00
 11.14	        0.00	       40.00	 18502537.00	        0.00	    99329.00	        1.00
 11.15	        0.00	       37.00	 18502407.00	        0.00	    99329.00	        1.00
 11.16	        0.00	       37.00	 18501631.00	        0.00	    99329.00	        1.00
 11.17	        0.00	       36.00	 18501091.00	        0.00	    99329.00	        1.00
 11.18	        0.00	       35.00	 18500583.00	        0.00	    99329.00	        1.00
 11.19	        0.00	       32.00	 18500503.00	        0.00	    99329.00	        1.00
 11.20	        0.00	       31.00	 18500032.00	        0.00	    99329.00	        1.00
 11.21	        0.00	       27.00	 18500164.00	        0.00	    99329.00	        1.00
 11.22	        0.00	       26.00	 18499652.00	        0.00	    99329.00	        1.00
 11.23	        0.00	       22.00	 18499799.00	        0.00	    99329.00	        1.00
 11.24	        0.00	       22.00	 18499115.00	        0.00	    99329.00	        1.00
 11.25	        0.00	       20.00	 18498812.00	        0.00	    99329.00	        1.00
 11.26	        0.00	       18.00	 18498516.00	        0.00	    99329.00	        1.00
 11.27	        0.00	       18.00	 18497871.00	        0.00	    99329.00	        1.00
 11.28	        0.00	       16.00	 18497574.00	        0.00	    99329.00	        1.00
 11.29	        0.00	       16.00	 18496908.00	        0.00	    99329.00	        1.00
 11.30	        0.00	       14.00	 18496612.00	        0.00	    99329.00	        1.00
 11.31	        0.00	       13.00	 18496136.00	        0.00	    99329.00	        1.00
 11.32	        0.00	       13.00	 18495512.00	        0.00	    99329.00	        1.00
 11.33	        0.00	       13.00	 18494864.00	        0.00	    99329.00	        1.00
 11.34	        0.00	       13.00	 18494221.00	        0.00	    99329.00	        1.00
 11.35	        0.00	       12.00	 18493701.00	        0.00	    99329.00	        1.00
 11.36	        0.00	       11.00	 18493243.00	        0.00	    99329.00	        1.00
 11.37	        0.00	        9.00	 18493008.00	        0.00	    99329.00	        1.00
 11.38	        0.00	        8.00	 18492600.00	        0.00	    99329.00	        1.00
 11.39	        0.00	        8.00	 18491969.00	        0.00	    99329.00	        1.00
 11.40	        0.00	        8.00	 18491342.00	        0.00	    99329.00	        1.00
 11.41	        0.00	        6.00	 18491089.00	        0.00	    99329.00	        1.00
 11.42	        0.00	        5.00	 18490673.00	        0.00	    99329.00	        1.00
 11.43	        0.00	        3.00	 18490472.00	        0.00	    99329.00	        1.00
 11.44	        0.00	        2.00	 18490104.00	        0.00	    99329.00	        1.00
 11.45	        0.00	        1.00	 18489734.00	        0.00	    99329.00	        1.00
 11.46	        0.00	        1.00	 18489149.00	        0.00	    99329.00	        1.00
 11.47	        0.00	        1.00	 18488536.00	        0.00	    99329.00	        1.00
 11.48	        0.00	        1.00	 18487964.00	        0.00	    99329.00	        1.00
 11.49	        0.00	        1.00	 18487390.00	        0.00	    99329.00	        1.00
 11.50	        0.00	        1.00	 18486816.00	        0.00	    99329.00	        1.00
 11.51	        0.00	        0.00	 18486446.00	        0.00	    99329.00	        0.00
