Datatype: PopulationSize
  0.00	        1.00	        0.00	        0.00	        1.00	        0.00	        1.00
  0.01	        1.00	        0.00	        0.00	        1.00	        0.00	        1.00
  0.02	        1.00	        0.00	        0.00	        1.00	        0.00	        1.00
  0.03	        1.00	        0.00	        0.00	        1.00	        0.00	        1.00
  0.04	        1.00	        0.00	        0.00	        1.00	        0.00	        1.00
  0.05	        1.00	        0.00	        0.00	        1.00	        0.00	        1.00
  0.06	        1.00	        0.00	        0.00	        1.00	        0.00	        1.00
  0.07	        1.00	        0.00	        0.00	        1.00	        0.00	        1.00
  0.08	        1.00	        0.00	        0.00	        1.00	        0.00	        1.00
  0.09	        1.00	        0.00	        0.00	        1.00	        0.00	        1.00
  0.10	        1.00	        0.00	        0.00	        1.00	        0.00	        1.00
  0.11	        1.00	        0.00	        0.00	        1.00	        0.00	        1.00
  0.12	        1.00	        0.00	        0.00	        1.00	        0.00	        1.00
  0.13	        1.00	        0.00	        0.00	        1.00	        0.00	        1.00
  0.14	        1.00	        0.00	        0.00	        1.00	        0.00	        1.00
  0.15	        1.00	        0.00	        0.00	        1.00	        0.00	        1.00
  0.16	        1.00	        0.00	        0.00	        1.00	        0.00	        1.00
  0.17	        1.00	        0.00	        0.00	        1.00	        0.00	        1.00
  0.18	        1.00	        0.00	        0.00	        1.00	        0.00	        1.00
  0.19	        1.00	        0.00	        0.00	        1.00	        0.00	        1.00
  0.20	        1.00	        0.00	        0.00	        1.00	        0.00	        1.00
  0.21	        1.00	        0.00	        0.00	        1.00	        0.00	        1.00
  0.22	        1.00	        0.00	        0.00	        1.00	        0.00	        1.00
  0.23	        1.00	        0.00	        0.00	        1.00	        0.00	        1.00
  0.24	        1.00	        0.00	        0.00	        1.00	        0.00	        1.00
  0.25	        1.00	        0.00	        0.00	        1.00	        0.00	        1.00
  0.26	        1.00	        0.00	        0.00	        1.00	        0.00	        1.00
  0.27	        1.00	        0.00	        0.00	        1.00	        0.00	        1.00
  0.28	        1.00	        0.00	        0.00	        1.00	        0.00	        1.00
  0.29	        1.00	        0.00	        0.00	        1.00	        0.00	        1.00
  0.30	        1.00	        0.00	        0.00	        1.00	        0.00	        1.00
  0.31	        1.00	        0.00	        0.00	        1.00	        0.00	        1.00
  0.32	        1.00	        0.00	        0.00	        1.00	        0.00	        1.00
  0.33	        1.00	        0.00	        0.00	        1.00	        0.00	        1.00
  0.34	        1.00	        0.00	        0.00	        1.00	        0.00	        1.00
  0.35	        1.00	        0.00	        0.00	        1.00	        0.00	        1.00
  0.36	        1.00	        0.00	        0.00	        1.00	        0.00	        1.00
  0.37	        1.00	        0.00	        0.00	        1.00	        0.00	        1.00
  0.38	        1.00	        0.00	        0.00	        1.00	        0.00	        1.00
  0.39	        1.00	        0.00	        0.00	        1.00	        0.00	        1.00
  0.40	        1.00	        0.00	        0.00	        1.00	        0.00	        1.00
  0.41	        1.00	        0.00	        0.00	        1.00	        0.00	        1.00
  0.42	        1.00	        0.00	        0.00	        1.00	        0.00	        1.00
  0.43	        1.00	        0.00	        0.00	        1.00	        0.00	        1.00
  0.44	        1.00	        0.00	        0.00	        1.00	        0.00	        1.00
  0.45	        1.00	        0.00	        0.00	        1.00	        0.00	        1.00
  0.46	        1.00	        0.00	        0.00	        1.00	        0.00	        1.00
  0.47	        1.00	        0.00	        0.00	        1.00	        0.00	        1.00
  0.48	        1.00	        0.00	        0.00	        1.00	        0.00	        1.00
  0.49	        1.00	        0.00	        0.00	        1.00	        0.00	        1.00
  0.50	        1.00	        0.00	        0.00	        1.00	        0.00	        1.00
  0.51	        1.00	        0.00	        0.00	        1.00	        0.00	        1.00
  0.52	        1.00	        0.00	        0.00	        1.00	        0.00	        1.00
  0.53	        1.00	        0.00	        0.00	        1.00	        0.00	        1.00
  0.54	        1.00	        0.00	        0.00	        1.00	        0.00	        1.00
  0.55	        1.00	        0.00	        0.00	        1.00	        0.00	        1.00
  0.56	        1.00	        0.00	        0.00	        1.00	        0.00	        1.00
  0.57	        1.00	        0.00	        0.00	        1.00	        0.00	        1.00
  0.58	        1.00	        0.00	        0.00	        1.00	        0.00	        1.00
  0.59	        1.00	        0.00	        0.00	        1.00	        0.00	        1.00
  0.60	        1.00	        0.00	        0.00	        1.00	        0.00	        1.00
  0.61	        1.00	        0.00	        0.00	        1.00	        0.00	        1.00
  0.62	        1.00	        0.00	        0.00	        1.00	        0.00	        1.00
  0.63	        1.00	        0.00	        0.00	        1.00	        0.00	        1.00
  0.64	        1.00	        0.00	        0.00	        1.00	        0.00	        1.00
  0.65	        1.00	        0.00	        0.00	        1.00	        0.00	        1.00
  0.66	        1.00	        0.00	        0.00	        1.00	        0.00	        1.00
  0.67	        1.00	        0.00	        0.00	        1.00	        0.00	        1.00
  0.68	        1.00	        0.00	        0.00	        1.00	        0.00	        1.00
  0.69	        1.00	        0.00	        0.00	        1.00	        0.00	        1.00
  0.70	        1.00	        0.00	        0.00	        1.00	        0.00	        1.00
  0.71	        1.00	        0.00	        0.00	        1.00	        0.00	        1.00
  0.72	        1.00	        0.00	        0.00	        1.00	        0.00	        1.00
  0.73	        1.00	        0.00	        0.00	        1.00	        0.00	        1.00
  0.74	        1.00	        0.00	        0.00	        1.00	        0.00	        1.00
  0.75	        1.00	        0.00	        0.00	        1.00	        0.00	        1.00
  0.76	        1.00	        0.00	        0.00	        1.00	        0.00	        1.00
  0.77	        1.00	        0.00	        0.00	        1.00	        0.00	        1.00
  0.78	        2.00	        0.00	        0.00	        1.00	        1.00	        1.00
  0.79	        2.00	        0.00	        0.00	        1.00	        1.00	        1.00
  0.80	        2.00	        0.00	        0.00	        1.00	        1.00	        1.00
  0.81	        2.00	        0.00	        0.00	        1.00	        1.00	        1.00
  0.82	        2.00	        0.00	        0.00	        1.00	        1.00	        1.00
  0.83	        2.00	        0.00	        0.00	        1.00	        1.00	        1.00
  0.84	        2.00	        0.00	        0.00	        1.00	        1.00	        1.00
  0.85	        2.00	        0.00	        0.00	        1.00	        1.00	        1.00
  0.86	        2.00	        0.00	        0.00	        1.00	        1.00	        1.00
  0.87	        2.00	        0.00	        0.00	        1.00	        1.00	        1.00
  0.88	        2.00	        0.00	        0.00	        1.00	        1.00	        1.00
  0.89	        2.00	        0.00	        0.00	        1.00	        1.00	        1.00
  0.90	        2.00	        0.00	        0.00	        1.00	        1.00	        1.00
  0.91	        2.00	        0.00	        0.00	        1.00	        1.00	        1.00
  0.92	        3.00	        0.00	        0.00	        1.00	        2.00	        1.00
  0.93	        3.00	        0.00	        0.00	        1.00	        2.00	        1.00
  0.94	        3.00	        0.00	        0.00	        1.00	        2.00	        1.00
  0.95	        3.00	        0.00	        0.00	        1.00	        2.00	        1.00
  0.96	        3.00	        0.00	        0.00	        1.00	        2.00	        1.00
  0.97	        3.00	        0.00	        0.00	        1.00	        2.00	        1.00
  0.98	        3.00	        0.00	        0.00	        1.00	        2.00	        1.00
  0.99	        3.00	        0.00	        0.00	        1.00	        2.00	        1.00
  1.00	        4.00	        0.00	        0.00	        1.00	        3.00	        1.00
  1.01	        4.00	        0.00	        0.00	        1.00	        3.00	        1.00
  1.02	        5.00	        0.00	        0.00	        1.00	        4.00	        1.00
  1.03	        5.00	        0.00	        0.00	        1.00	        4.00	        1.00
  1.04	        5.00	        0.00	        0.00	        1.00	        4.00	        1.00
  1.05	        5.00	        0.00	        0.00	        1.00	        4.00	        1.00
  1.06	        5.00	        0.00	        0.00	        1.00	        4.00	        1.00
  1.07	        5.00	        0.00	        0.00	        1.00	        4.00	        1.00
  1.08	        5.00	        0.00	        0.00	        1.00	        4.00	        1.00
  1.09	        5.00	        0.00	        0.00	        1.00	        4.00	        1.00
  1.10	        5.00	        0.00	        0.00	        1.00	        4.00	        1.00
  1.11	        5.00	        0.00	        0.00	        1.00	        4.00	        1.00
  1.12	        5.00	        0.00	        0.00	        1.00	        4.00	        1.00
  1.13	        5.00	        0.00	        0.00	        1.00	        4.00	        1.00
  1.14	        5.00	        0.00	        0.00	        1.00	        4.00	        1.00
  1.15	        5.00	        0.00	        0.00	        1.00	        4.00	        1.00
  1.16	        5.00	        0.00	        0.00	        1.00	        4.00	        1.00
  1.17	        5.00	        0.00	        0.00	        1.00	        4.00	        1.00
  1.18	        5.00	        0.00	        0.00	        1.00	        4.00	        1.00
  1.19	        5.00	        0.00	        0.00	        1.00	        4.00	        1.00
  1.20	        5.00	        0.00	        0.00	        1.00	        4.00	        1.00
  1.21	        5.00	        0.00	        0.00	        1.00	        4.00	        1.00
  1.22	        5.00	        0.00	        0.00	        1.00	        4.00	        1.00
  1.23	        6.00	        0.00	        0.00	        1.00	        5.00	        1.00
  1.24	        6.00	        0.00	        0.00	        1.00	        5.00	        1.00
  1.25	        7.00	        0.00	        0.00	        1.00	        6.00	        1.00
  1.26	        7.00	        0.00	        0.00	        1.00	        6.00	        1.00
  1.27	        7.00	        0.00	        0.00	        1.00	        6.00	        1.00
  1.28	        7.00	        0.00	        0.00	        1.00	        6.00	        1.00
  1.29	        7.00	        0.00	        0.00	        1.00	        6.00	        1.00
  1.30	        7.00	        0.00	        0.00	        1.00	        6.00	        1.00
  1.31	        7.00	        0.00	        0.00	        1.00	        6.00	        1.00
  1.32	        7.00	        0.00	        0.00	        1.00	        6.00	        1.00
  1.33	        7.00	        0.00	        0.00	        1.00	        6.00	        1.00
  1.34	        7.00	        0.00	        0.00	        1.00	        6.00	        1.00
  1.35	        8.00	        0.00	        0.00	        1.00	        7.00	        1.00
  1.36	        8.00	        0.00	        0.00	        1.00	        7.00	        1.00
  1.37	        8.00	        0.00	        0.00	        1.00	        7.00	        1.00
  1.38	        8.00	        0.00	        0.00	        1.00	        7.00	        1.00
  1.39	        9.00	        0.00	        0.00	        1.00	        8.00	        1.00
  1.40	        9.00	        0.00	        0.00	        1.00	        8.00	        1.00
  1.41	        9.00	        0.00	        0.00	        1.00	        8.00	        1.00
  1.42	        9.00	        0.00	        0.00	        1.00	        8.00	        1.00
  1.43	        9.00	        0.00	        0.00	        1.00	        8.00	        1.00
  1.44	        9.00	        0.00	        0.00	        1.00	        8.00	        1.00
  1.45	        9.00	        0.00	        0.00	        1.00	        8.00	        1.00
  1.46	        9.00	        0.00	        0.00	        1.00	        8.00	        1.00
  1.47	        9.00	        0.00	        0.00	        1.00	        8.00	        1.00
  1.48	        9.00	        0.00	        0.00	        1.00	        8.00	        1.00
  1.49	        9.00	        0.00	        0.00	        1.00	        8.00	        1.00
  1.50	        9.00	        0.00	        0.00	        1.00	        8.00	        1.00
  1.51	        9.00	        0.00	        0.00	        1.00	        8.00	        1.00
  1.52	        9.00	        0.00	        0.00	        1.00	        8.00	        1.00
  1.53	        9.00	        0.00	        0.00	        1.00	        8.00	        1.00
  1.54	        9.00	        0.00	        0.00	        1.00	        8.00	        1.00
  1.55	        9.00	        0.00	        0.00	        1.00	        8.00	        1.00
  1.56	        9.00	        0.00	        0.00	        1.00	        8.00	        1.00
  1.57	       10.00	        0.00	        0.00	        1.00	        9.00	        1.00
  1.58	       10.00	        0.00	        0.00	        1.00	        9.00	        1.00
  1.59	       10.00	        0.00	        0.00	        1.00	        9.00	        1.00
  1.60	       10.00	        0.00	        0.00	        1.00	        9.00	        1.00
  1.61	       10.00	        0.00	        0.00	        1.00	        9.00	        1.00
  1.62	       10.00	        0.00	        0.00	        1.00	        9.00	        1.00
  1.63	       10.00	        0.00	        0.00	        1.00	        9.00	        1.00
  1.64	       10.00	        0.00	        0.00	        1.00	        9.00	        1.00
  1.65	       10.00	        0.00	        0.00	        1.00	        9.00	        1.00
  1.66	       10.00	        0.00	        0.00	        1.00	        9.00	        1.00
  1.67	       10.00	        0.00	        0.00	        1.00	        9.00	        1.00
  1.68	       10.00	        0.00	        0.00	        1.00	        9.00	        1.00
  1.69	       10.00	        0.00	        0.00	        1.00	        9.00	        1.00
  1.70	       10.00	        0.00	        0.00	        1.00	        9.00	        1.00
  1.71	       10.00	        0.00	        0.00	        1.00	        9.00	        1.00
  1.72	       10.00	        0.00	        0.00	        1.00	        9.00	        1.00
  1.73	       10.00	        0.00	        0.00	        1.00	        9.00	        1.00
  1.74	       10.00	        0.00	        0.00	        1.00	        9.00	        1.00
  1.75	       10.00	        0.00	        0.00	        1.00	        9.00	        1.00
  1.76	       10.00	        0.00	        0.00	        1.00	        9.00	        1.00
  1.77	       10.00	        0.00	        0.00	        1.00	        9.00	        1.00
  1.78	       10.00	        0.00	        0.00	        1.00	        9.00	        1.00
  1.79	       10.00	        0.00	        0.00	        1.00	        9.00	        1.00
  1.80	       10.00	        0.00	        0.00	        1.00	        9.00	        1.00
  1.81	       11.00	        0.00	        0.00	        1.00	       10.00	        1.00
  1.82	       11.00	        0.00	        0.00	        1.00	       10.00	        1.00
  1.83	       13.00	        0.00	        0.00	        1.00	       12.00	        1.00
  1.84	       14.00	        0.00	        0.00	        1.00	       13.00	        1.00
  1.85	       14.00	        0.00	        0.00	        1.00	       13.00	        1.00
  1.86	       14.00	        0.00	        0.00	        1.00	       13.00	        1.00
  1.87	       14.00	        0.00	        0.00	        1.00	       13.00	        1.00
  1.88	       15.00	        0.00	        0.00	        1.00	       14.00	        1.00
  1.89	       15.00	        0.00	        0.00	        1.00	       14.00	        1.00
  1.90	       17.00	        0.00	        0.00	        1.00	       16.00	        1.00
  1.91	       17.00	        0.00	        0.00	        1.00	       16.00	        1.00
  1.92	       17.00	        0.00	        0.00	        1.00	       16.00	        1.00
  1.93	       20.00	        0.00	        0.00	        1.00	       19.00	        1.00
  1.94	       20.00	        0.00	        0.00	        1.00	       19.00	        1.00
  1.95	       20.00	        0.00	        0.00	        1.00	       19.00	        1.00
  1.96	       20.00	        0.00	        0.00	        1.00	       19.00	        1.00
  1.97	       20.00	        0.00	        0.00	        1.00	       19.00	        1.00
  1.98	       20.00	        0.00	        0.00	        1.00	       19.00	        1.00
  1.99	       20.00	        0.00	        0.00	        1.00	       19.00	        1.00
  2.00	       20.00	        0.00	        0.00	        1.00	       19.00	        1.00
  2.01	       20.00	        0.00	        0.00	        1.00	       19.00	        1.00
  2.02	       20.00	        0.00	        0.00	        1.00	       19.00	        1.00
  2.03	       21.00	        0.00	        0.00	        1.00	       20.00	        1.00
  2.04	       22.00	        0.00	        0.00	        1.00	       21.00	        1.00
  2.05	       22.00	        0.00	        0.00	        1.00	       21.00	        1.00
  2.06	       22.00	        0.00	        0.00	        1.00	       21.00	        1.00
  2.07	       22.00	        0.00	        0.00	        1.00	       21.00	        1.00
  2.08	       22.00	        0.00	        0.00	        1.00	       21.00	        1.00
  2.09	       22.00	        0.00	        0.00	        1.00	       21.00	        1.00
  2.10	       22.00	        0.00	        0.00	        1.00	       21.00	        1.00
  2.11	       22.00	        0.00	        0.00	        1.00	       21.00	        1.00
  2.12	       22.00	        0.00	        0.00	        1.00	       21.00	        1.00
  2.13	       22.00	        0.00	        0.00	        1.00	       21.00	        1.00
  2.14	       22.00	        0.00	        0.00	        1.00	       21.00	        1.00
  2.15	       22.00	        0.00	        0.00	        1.00	       21.00	        1.00
  2.16	       22.00	        0.00	        0.00	        1.00	       21.00	        1.00
  2.17	       22.00	        0.00	        0.00	        1.00	       21.00	        1.00
  2.18	       22.00	        0.00	        0.00	        1.00	       21.00	        1.00
  2.19	       24.00	        0.00	        0.00	        1.00	       23.00	        1.00
  2.20	       24.00	        0.00	        0.00	        1.00	       23.00	        1.00
  2.21	       25.00	        0.00	        0.00	        1.00	       24.00	        1.00
  2.22	       26.00	        0.00	        0.00	        1.00	       25.00	        1.00
  2.23	       28.00	        0.00	        0.00	        1.00	       27.00	        1.00
  2.24	       29.00	        0.00	        0.00	        1.00	       28.00	        1.00
  2.25	       29.00	        0.00	        0.00	        1.00	       28.00	        1.00
  2.26	       29.00	        0.00	        0.00	        1.00	       28.00	        1.00
  2.27	       29.00	        0.00	        0.00	        1.00	       28.00	        1.00
  2.28	       32.00	        0.00	        0.00	        1.00	       31.00	        1.00
  2.29	       33.00	        0.00	        0.00	        1.00	       32.00	        1.00
  2.30	       33.00	        0.00	        0.00	        1.00	       32.00	        1.00
  2.31	       34.00	        0.00	        0.00	        1.00	       33.00	        1.00
  2.32	       35.00	        0.00	        0.00	        1.00	       34.00	        1.00
  2.33	       35.00	        0.00	        0.00	        1.00	       34.00	        1.00
  2.34	       36.00	        0.00	        0.00	        1.00	       35.00	        1.00
  2.35	       36.00	        0.00	        0.00	        1.00	       35.00	        1.00
  2.36	       37.00	        0.00	        0.00	        1.00	       36.00	        1.00
  2.37	       38.00	        0.00	        0.00	        1.00	       37.00	        1.00
  2.38	       38.00	        0.00	        0.00	        1.00	       37.00	        1.00
  2.39	       41.00	        0.00	        0.00	        1.00	       40.00	        1.00
  2.40	       41.00	        0.00	        0.00	        1.00	       40.00	        1.00
  2.41	       41.00	        0.00	        0.00	        1.00	       40.00	        1.00
  2.42	       41.00	        0.00	        0.00	        1.00	       40.00	        1.00
  2.43	       41.00	        0.00	        0.00	        1.00	       40.00	        1.00
  2.44	       41.00	        0.00	        0.00	        1.00	       40.00	        1.00
  2.45	       42.00	        0.00	        0.00	        1.00	       41.00	        1.00
  2.46	       42.00	        0.00	        0.00	        1.00	       41.00	        1.00
  2.47	       43.00	        0.00	        0.00	        1.00	       42.00	        1.00
  2.48	       44.00	        0.00	        0.00	        1.00	       43.00	        1.00
  2.49	       44.00	        0.00	        0.00	        1.00	       43.00	        1.00
  2.50	       45.00	        0.00	        0.00	        1.00	       44.00	        1.00
  2.51	       45.00	        0.00	        0.00	        1.00	       44.00	        1.00
  2.52	       46.00	        0.00	        0.00	        1.00	       45.00	        1.00
  2.53	       47.00	        0.00	        0.00	        1.00	       46.00	        1.00
  2.54	       47.00	        0.00	        0.00	        1.00	       46.00	        1.00
  2.55	       47.00	        0.00	        0.00	        1.00	       46.00	        1.00
  2.56	       53.00	        0.00	        0.00	        1.00	       52.00	        1.00
  2.57	       54.00	        0.00	        0.00	        1.00	       53.00	        1.00
  2.58	       57.00	        0.00	        0.00	        1.00	       56.00	        1.00
  2.59	       57.00	        0.00	        0.00	        1.00	       56.00	        1.00
  2.60	       57.00	        0.00	        0.00	        1.00	       56.00	        1.00
  2.61	       58.00	        0.00	        0.00	        1.00	       57.00	        1.00
  2.62	       58.00	        0.00	        0.00	        1.00	       57.00	        1.00
  2.63	       58.00	        0.00	        0.00	        1.00	       57.00	        1.00
  2.64	       58.00	        0.00	        0.00	        1.00	       57.00	        1.00
  2.65	       59.00	        0.00	        0.00	        1.00	       58.00	        1.00
  2.66	       60.00	        0.00	        0.00	        1.00	       59.00	        1.00
  2.67	       60.00	        0.00	        0.00	        1.00	       59.00	        1.00
  2.68	       61.00	        0.00	        0.00	        1.00	       60.00	        1.00
  2.69	       62.00	        0.00	        0.00	        1.00	       61.00	        1.00
  2.70	       64.00	        0.00	        0.00	        1.00	       63.00	        1.00
  2.71	       65.00	        0.00	        0.00	        1.00	       64.00	        1.00
  2.72	       66.00	        0.00	        0.00	        1.00	       65.00	        1.00
  2.73	       66.00	        0.00	        0.00	        1.00	       65.00	        1.00
  2.74	       68.00	        0.00	        0.00	        1.00	       67.00	        1.00
  2.75	       68.00	        0.00	        0.00	        1.00	       67.00	        1.00
  2.76	       70.00	        0.00	        0.00	        1.00	       69.00	        1.00
  2.77	       72.00	        0.00	        0.00	        1.00	       71.00	        1.00
  2.78	       74.00	        0.00	        0.00	        1.00	       73.00	        1.00
  2.79	       74.00	        0.00	        0.00	        1.00	       73.00	        1.00
  2.80	       75.00	        0.00	        0.00	        1.00	       74.00	        1.00
  2.81	       76.00	        0.00	        0.00	        1.00	       75.00	        1.00
  2.82	       77.00	        0.00	        0.00	        1.00	       76.00	        1.00
  2.83	       78.00	        0.00	        0.00	        1.00	       77.00	        1.00
  2.84	       80.00	        0.00	        0.00	        1.00	       79.00	        1.00
  2.85	       83.00	        0.00	        0.00	        1.00	       82.00	        1.00
  2.86	       83.00	        0.00	        0.00	        1.00	       82.00	        1.00
  2.87	       84.00	        0.00	        0.00	        1.00	       83.00	        1.00
  2.88	       86.00	        0.00	        0.00	        1.00	       85.00	        1.00
  2.89	       88.00	        0.00	        0.00	        1.00	       87.00	        1.00
  2.90	       88.00	        0.00	        0.00	        1.00	       87.00	        1.00
  2.91	       88.00	        0.00	        0.00	        1.00	       87.00	        1.00
  2.92	       90.00	        0.00	        0.00	        1.00	       89.00	        1.00
  2.93	       92.00	        0.00	        0.00	        1.00	       91.00	        1.00
  2.94	       94.00	        0.00	        0.00	        1.00	       93.00	        1.00
  2.95	       95.00	        0.00	        0.00	        1.00	       94.00	        1.00
  2.96	       96.00	        0.00	        0.00	        1.00	       95.00	        1.00
  2.97	       97.00	        0.00	        0.00	        1.00	       96.00	        1.00
  2.98	       99.00	        0.00	        0.00	        1.00	       98.00	        1.00
  2.99	      100.00	        0.00	        0.00	        1.00	       99.00	        1.00
  3.00	      101.00	        0.00	        0.00	        1.00	      100.00	        1.00
  3.01	      102.00	        0.00	        0.00	        1.00	      101.00	        1.00
  3.02	      108.00	        0.00	        0.00	        1.00	      107.00	        1.00
  3.03	      109.00	        0.00	        0.00	        1.00	      108.00	        1.00
  3.04	      114.00	        0.00	        0.00	        1.00	      113.00	        1.00
  3.05	      114.00	        0.00	        0.00	        1.00	      113.00	        1.00
  3.06	      115.00	        0.00	        0.00	        1.00	      114.00	        1.00
  3.07	      115.00	        0.00	        0.00	        1.00	      114.00	        1.00
  3.08	      119.00	        0.00	        0.00	        1.00	      118.00	        1.00
  3.09	      122.00	        0.00	        0.00	        1.00	      121.00	        1.00
  3.10	      125.00	        0.00	        0.00	        1.00	      124.00	        1.00
  3.11	      127.00	        0.00	        0.00	        1.00	      126.00	        1.00
  3.12	      128.00	        0.00	        0.00	        1.00	      127.00	        1.00
  3.13	      129.00	        0.00	        0.00	        1.00	      128.00	        1.00
  3.14	      131.00	        0.00	        0.00	        1.00	      130.00	        1.00
  3.15	      133.00	        0.00	        0.00	        1.00	      132.00	        1.00
  3.16	      137.00	        0.00	        0.00	        1.00	      136.00	        1.00
  3.17	      142.00	        0.00	        0.00	        1.00	      141.00	        1.00
  3.18	      147.00	        0.00	        0.00	        1.00	      146.00	        1.00
  3.19	      147.00	        0.00	        0.00	        1.00	      146.00	        1.00
  3.20	      150.00	        0.00	        0.00	        1.00	      149.00	        1.00
  3.21	      151.00	        0.00	        0.00	        1.00	      150.00	        1.00
  3.22	      151.00	        0.00	        0.00	        1.00	      150.00	        1.00
  3.23	      153.00	        0.00	        0.00	        1.00	      152.00	        1.00
  3.24	      158.00	        0.00	        0.00	        1.00	      157.00	        1.00
  3.25	      160.00	        0.00	        0.00	        1.00	      159.00	        1.00
  3.26	      163.00	        0.00	        0.00	        1.00	      162.00	        1.00
  3.27	      167.00	        0.00	        0.00	        1.00	      166.00	        1.00
  3.28	      169.00	        0.00	        0.00	        1.00	      168.00	        1.00
  3.29	      173.00	        0.00	        0.00	        1.00	      172.00	        1.00
  3.30	      174.00	        0.00	        0.00	        1.00	      173.00	        1.00
  3.31	      176.00	        0.00	        0.00	        1.00	      175.00	        1.00
  3.32	      181.00	        0.00	        0.00	        1.00	      180.00	        1.00
  3.33	      185.00	        0.00	        0.00	        1.00	      184.00	        1.00
  3.34	      187.00	        0.00	        0.00	        1.00	      186.00	        1.00
  3.35	      187.00	        0.00	        0.00	        1.00	      186.00	        1.00
  3.36	      191.00	        0.00	        0.00	        1.00	      190.00	        1.00
  3.37	      197.00	        0.00	        0.00	        1.00	      196.00	        1.00
  3.38	      202.00	        0.00	        0.00	        1.00	      201.00	        1.00
  3.39	      207.00	        0.00	        0.00	        1.00	      206.00	        1.00
  3.40	      211.00	        0.00	        0.00	        1.00	      210.00	        1.00
  3.41	      215.00	        0.00	        0.00	        1.00	      214.00	        1.00
  3.42	      219.00	        0.00	        0.00	        1.00	      218.00	        1.00
  3.43	      222.00	        0.00	        0.00	        1.00	      221.00	        1.00
  3.44	      224.00	        0.00	        0.00	        1.00	      223.00	        1.00
  3.45	      228.00	        0.00	        0.00	        1.00	      227.00	        1.00
  3.46	      232.00	        0.00	        0.00	        1.00	      231.00	        1.00
  3.47	      237.00	        0.00	        0.00	        1.00	      236.00	        1.00
  3.48	      242.00	        0.00	        0.00	        1.00	      241.00	        1.00
  3.49	      245.00	        0.00	        0.00	        1.00	      244.00	        1.00
  3.50	      249.00	        0.00	        0.00	        1.00	      248.00	        1.00
  3.51	      252.00	        0.00	        0.00	        1.00	      251.00	        1.00
  3.52	      254.00	        0.00	        0.00	        1.00	      253.00	        1.00
  3.53	      257.00	        0.00	        0.00	        1.00	      256.00	        1.00
  3.54	      261.00	        0.00	        0.00	        1.00	      260.00	        1.00
  3.55	      266.00	        0.00	        0.00	        1.00	      265.00	        1.00
  3.56	      272.00	        0.00	        0.00	        1.00	      271.00	        1.00
  3.57	      278.00	        0.00	        0.00	        1.00	      277.00	        1.00
  3.58	      283.00	        0.00	        0.00	        1.00	      282.00	        1.00
  3.59	      290.00	        0.00	        0.00	        1.00	      289.00	        1.00
  3.60	      294.00	        0.00	        0.00	        1.00	      293.00	        1.00
  3.61	      301.00	        0.00	        0.00	        1.00	      300.00	        1.00
  3.62	      306.00	        0.00	        0.00	        1.00	      305.00	        1.00
  3.63	      309.00	        0.00	        0.00	        1.00	      308.00	        1.00
  3.64	      315.00	        0.00	        0.00	        1.00	      314.00	        1.00
  3.65	      320.00	        0.00	        0.00	        1.00	      319.00	        1.00
  3.66	      325.00	        0.00	        0.00	        1.00	      324.00	        1.00
  3.67	      334.00	        0.00	        0.00	        1.00	      333.00	        1.00
  3.68	      337.00	        0.00	        0.00	        1.00	      336.00	        1.00
  3.69	      345.00	        0.00	        0.00	        1.00	      344.00	        1.00
  3.70	      347.00	        0.00	        0.00	        1.00	      346.00	        1.00
  3.71	      349.00	        0.00	        0.00	        1.00	      348.00	        1.00
  3.72	      355.00	        0.00	        0.00	        1.00	      354.00	        1.00
  3.73	      366.00	        0.00	        0.00	        1.00	      365.00	        1.00
  3.74	      373.00	        0.00	        0.00	        1.00	      372.00	        1.00
  3.75	      377.00	        0.00	        0.00	        1.00	      376.00	        1.00
  3.76	      388.00	        0.00	        0.00	        1.00	      387.00	        1.00
  3.77	      393.00	        0.00	        0.00	        1.00	      392.00	        1.00
  3.78	      399.00	        0.00	        0.00	        1.00	      398.00	        1.00
  3.79	      402.00	        0.00	        0.00	        1.00	      401.00	        1.00
  3.80	      409.00	        0.00	        0.00	        1.00	      408.00	        1.00
  3.81	      412.00	        0.00	        0.00	        1.00	      411.00	        1.00
  3.82	      424.00	        0.00	        0.00	        1.00	      423.00	        1.00
  3.83	      430.00	        0.00	        0.00	        1.00	      429.00	        1.00
  3.84	      440.00	        0.00	        0.00	        1.00	      439.00	        1.00
  3.85	      453.00	        0.00	        0.00	        1.00	      452.00	        1.00
  3.86	      462.00	        0.00	        0.00	        1.00	      461.00	        1.00
  3.87	      467.00	        0.00	        0.00	        1.00	      466.00	        1.00
  3.88	      472.00	        0.00	        0.00	        1.00	      471.00	        1.00
  3.89	      479.00	        0.00	        0.00	        1.00	      478.00	        1.00
  3.90	      488.00	        0.00	        0.00	        1.00	      487.00	        1.00
  3.91	      494.00	        0.00	        0.00	        1.00	      493.00	        1.00
  3.92	      500.00	        0.00	        0.00	        1.00	      499.00	        1.00
  3.93	      513.00	        0.00	        0.00	        1.00	      512.00	        1.00
  3.94	      521.00	        0.00	        0.00	        1.00	      520.00	        1.00
  3.95	      541.00	        0.00	        0.00	        1.00	      540.00	        1.00
  3.96	      554.00	        0.00	        0.00	        1.00	      553.00	        1.00
  3.97	      562.00	        0.00	        0.00	        1.00	      561.00	        1.00
  3.98	      565.00	        0.00	        0.00	        1.00	      564.00	        1.00
  3.99	      579.00	        0.00	        0.00	        1.00	      578.00	        1.00
  4.00	      586.00	        0.00	        0.00	        1.00	      585.00	        1.00
  4.01	      594.00	        0.00	        0.00	        1.00	      593.00	        1.00
  4.02	      599.00	        0.00	        0.00	        1.00	      598.00	        1.00
  4.03	      613.00	        0.00	        0.00	        1.00	      612.00	        1.00
  4.04	      626.00	        0.00	        0.00	        1.00	      625.00	        1.00
  4.05	      632.00	        0.00	        0.00	        1.00	      631.00	        1.00
  4.06	      644.00	        0.00	        0.00	        1.00	      643.00	        1.00
  4.07	      657.00	        0.00	        0.00	        1.00	      656.00	        1.00
  4.08	      671.00	        0.00	        0.00	        1.00	      670.00	        1.00
  4.09	      678.00	        0.00	        0.00	        1.00	      677.00	        1.00
  4.10	      700.00	        0.00	        0.00	        1.00	      699.00	        1.00
  4.11	      712.00	        0.00	        0.00	        1.00	      711.00	        1.00
  4.12	      730.00	        0.00	        0.00	        1.00	      729.00	        1.00
  4.13	      743.00	        0.00	        0.00	        1.00	      742.00	        1.00
  4.14	      762.00	        0.00	        0.00	        1.00	      761.00	        1.00
  4.15	      771.00	        0.00	        0.00	        1.00	      770.00	        1.00
  4.16	      780.00	        0.00	        0.00	        1.00	      779.00	        1.00
  4.17	      793.00	        0.00	        0.00	        1.00	      792.00	        1.00
  4.18	      810.00	        0.00	        0.00	        1.00	      809.00	        1.00
  4.19	      827.00	        0.00	        0.00	        1.00	      826.00	        1.00
  4.20	      845.00	        0.00	        0.00	        1.00	      844.00	        1.00
  4.21	      866.00	        0.00	        0.00	        1.00	      865.00	        1.00
  4.22	      882.00	        0.00	        0.00	        1.00	      881.00	        1.00
  4.23	      903.00	        0.00	        0.00	        1.00	      902.00	        1.00
  4.24	      915.00	        0.00	        0.00	        1.00	      914.00	        1.00
  4.25	      926.00	        0.00	        0.00	        1.00	      925.00	        1.00
  4.26	      939.00	        0.00	        0.00	        1.00	      938.00	        1.00
  4.27	      950.00	        0.00	        0.00	        1.00	      949.00	        1.00
  4.28	      968.00	        0.00	        0.00	        1.00	      967.00	        1.00
  4.29	      988.00	        0.00	        0.00	        1.00	      987.00	        1.00
  4.30	     1006.00	        0.00	        0.00	        1.00	     1005.00	        1.00
  4.31	     1020.00	        0.00	        0.00	        1.00	     1019.00	        1.00
  4.32	     1034.00	        0.00	        0.00	        1.00	     1033.00	        1.00
  4.33	     1044.00	        0.00	        0.00	        1.00	     1043.00	        1.00
  4.34	     1058.00	        0.00	        0.00	        1.00	     1057.00	        1.00
  4.35	     1078.00	        0.00	        0.00	        1.00	     1077.00	        1.00
  4.36	     1102.00	        0.00	        0.00	        1.00	     1101.00	        1.00
  4.37	     1125.00	        0.00	        0.00	        1.00	     1124.00	        1.00
  4.38	     1146.00	        0.00	        0.00	        1.00	     1145.00	        1.00
  4.39	     1173.00	        0.00	        0.00	        1.00	     1172.00	        1.00
  4.40	     1188.00	        0.00	        0.00	        1.00	     1187.00	        1.00
  4.41	     1206.00	        0.00	        0.00	        1.00	     1205.00	        1.00
  4.42	     1217.00	        0.00	        0.00	        1.00	     1216.00	        1.00
  4.43	     1234.00	        0.00	        0.00	        1.00	     1233.00	        1.00
  4.44	     1254.00	        0.00	        0.00	        1.00	     1253.00	        1.00
  4.45	     1267.00	        0.00	        0.00	        1.00	     1266.00	        1.00
  4.46	     1285.00	        0.00	        0.00	        1.00	     1284.00	        1.00
  4.47	     1302.00	        0.00	        0.00	        1.00	     1301.00	        1.00
  4.48	     1327.00	        0.00	        0.00	        1.00	     1326.00	        1.00
  4.49	     1350.00	        0.00	        0.00	        1.00	     1349.00	        1.00
  4.50	     1365.00	        0.00	        0.00	        1.00	     1364.00	        1.00
  4.51	     1382.00	        0.00	        0.00	        1.00	     1381.00	        1.00
  4.52	     1397.00	        0.00	        0.00	        1.00	     1396.00	        1.00
  4.53	     1415.00	        0.00	        0.00	        1.00	     1414.00	        1.00
  4.54	     1442.00	        0.00	        0.00	        1.00	     1441.00	        1.00
  4.55	     1466.00	        0.00	        0.00	        1.00	     1465.00	        1.00
  4.56	     1489.00	        0.00	        0.00	        1.00	     1488.00	        1.00
  4.57	     1515.00	        0.00	        0.00	        1.00	     1514.00	        1.00
  4.58	     1532.00	        0.00	        0.00	        1.00	     1531.00	        1.00
  4.59	     1561.00	        0.00	        0.00	        1.00	     1560.00	        1.00
  4.60	     1590.00	        0.00	        0.00	        1.00	     1589.00	        1.00
  4.61	     1622.00	        0.00	        0.00	        1.00	     1621.00	        1.00
  4.62	     1644.00	        0.00	        0.00	        1.00	     1643.00	        1.00
  4.63	     1662.00	        0.00	        0.00	        1.00	     1661.00	        1.00
  4.64	     1694.00	        0.00	        0.00	        1.00	     1693.00	        1.00
  4.65	     1718.00	        0.00	        0.00	        1.00	     1717.00	        1.00
  4.66	     1747.00	        0.00	        0.00	        1.00	     1746.00	        1.00
  4.67	     1777.00	        0.00	        0.00	        1.00	     1776.00	        1.00
  4.68	     1795.00	        0.00	        0.00	        1.00	     1794.00	        1.00
  4.69	     1826.00	        0.00	        0.00	        1.00	     1825.00	        1.00
  4.70	     1860.00	        0.00	        0.00	        1.00	     1859.00	        1.00
  4.71	     1890.00	        0.00	        0.00	        1.00	     1889.00	        1.00
  4.72	     1923.00	        0.00	        0.00	        1.00	     1922.00	        1.00
  4.73	     1947.00	        0.00	        0.00	        1.00	     1946.00	        1.00
  4.74	     1980.00	        0.00	        0.00	        1.00	     1979.00	        1.00
  4.75	     2008.00	        0.00	        0.00	        1.00	     2007.00	        1.00
  4.76	     2040.00	        0.00	        0.00	        1.00	     2039.00	        1.00
  4.77	     2066.00	        0.00	        0.00	        1.00	     2065.00	        1.00
  4.78	     2110.00	        0.00	        0.00	        1.00	     2109.00	        1.00
  4.79	     2134.00	        0.00	        0.00	        1.00	     2133.00	        1.00
  4.80	     2177.00	        0.00	        0.00	        1.00	     2176.00	        1.00
  4.81	     2207.00	        0.00	        0.00	        1.00	     2206.00	        1.00
  4.82	     2237.00	        0.00	        0.00	        1.00	     2236.00	        1.00
  4.83	     2264.00	        0.00	        0.00	        1.00	     2263.00	        1.00
  4.84	     2301.00	        0.00	        0.00	        1.00	     2300.00	        1.00
  4.85	     2344.00	        0.00	        0.00	        1.00	     2343.00	        1.00
  4.86	     2381.00	        0.00	        0.00	        1.00	     2380.00	        1.00
  4.87	     2434.00	        0.00	        0.00	        1.00	     2433.00	        1.00
  4.88	     2477.00	        0.00	        0.00	        1.00	     2476.00	        1.00
  4.89	     2518.00	        0.00	        0.00	        1.00	     2517.00	        1.00
  4.90	     2558.00	        0.00	        0.00	        1.00	     2557.00	        1.00
  4.91	     2606.00	        0.00	        0.00	        1.00	     2605.00	        1.00
  4.92	     2657.00	        0.00	        0.00	        1.00	     2656.00	        1.00
  4.93	     2699.00	        0.00	        0.00	        1.00	     2698.00	        1.00
  4.94	     2759.00	        0.00	        0.00	        1.00	     2758.00	        1.00
  4.95	     2800.00	        0.00	        0.00	        1.00	     2799.00	        1.00
  4.96	     2850.00	        0.00	        0.00	        1.00	     2849.00	        1.00
  4.97	     2892.00	        0.00	        0.00	        1.00	     2891.00	        1.00
  4.98	     2941.00	        0.00	        0.00	        1.00	     2940.00	        1.00
  4.99	     2988.00	        0.00	        0.00	        1.00	     2987.00	        1.00
  5.00	     3040.00	        0.00	        0.00	        1.00	     3039.00	        1.00
  5.01	     3089.00	        0.00	        0.00	        1.00	     3088.00	        1.00
  5.02	     3134.00	        0.00	        0.00	        1.00	     3133.00	        1.00
  5.03	     3178.00	        0.00	        0.00	        1.00	     3177.00	        1.00
  5.04	     3238.00	        0.00	        0.00	        1.00	     3237.00	        1.00
  5.05	     3301.00	        0.00	        0.00	        1.00	     3300.00	        1.00
  5.06	     3349.00	        0.00	        0.00	        1.00	     3348.00	        1.00
  5.07	     3402.00	        0.00	        0.00	        1.00	     3401.00	        1.00
  5.08	     3466.00	        0.00	        0.00	        1.00	     3465.00	        1.00
  5.09	     3515.00	        0.00	        0.00	        1.00	     3514.00	        1.00
  5.10	     3562.00	        0.00	        0.00	        1.00	     3561.00	        1.00
  5.11	     3626.00	        0.00	        0.00	        1.00	     3625.00	        1.00
  5.12	     3682.00	        0.00	        0.00	        1.00	     3681.00	        1.00
  5.13	     3734.00	        0.00	        0.00	        1.00	     3733.00	        1.00
  5.14	     3788.00	        0.00	        0.00	        1.00	     3787.00	        1.00
  5.15	     3846.00	        0.00	        0.00	        1.00	     3845.00	        1.00
  5.16	     3906.00	        0.00	        0.00	        1.00	     3905.00	        1.00
  5.17	     3976.00	        0.00	        0.00	        1.00	     3975.00	        1.00
  5.18	     4047.00	        0.00	        0.00	        1.00	     4046.00	        1.00
  5.19	     4097.00	        0.00	        0.00	        1.00	     4096.00	        1.00
  5.20	     4166.00	        0.00	        0.00	        1.00	     4165.00	        1.00
  5.21	     4244.00	        0.00	        0.00	        1.00	     4243.00	        1.00
  5.22	     4303.00	        0.00	        0.00	        1.00	     4302.00	        1.00
  5.23	     4372.00	        0.00	        0.00	        1.00	     4371.00	        1.00
  5.24	     4451.00	        0.00	        0.00	        1.00	     4450.00	        1.00
  5.25	     4527.00	        0.00	        0.00	        1.00	     4526.00	        1.00
  5.26	     4606.00	        0.00	        0.00	        1.00	     4605.00	        1.00
  5.27	     4677.00	        0.00	        0.00	        1.00	     4676.00	        1.00
  5.28	     4763.00	        0.00	        0.00	        1.00	     4762.00	        1.00
  5.29	     4839.00	        0.00	        0.00	        1.00	     4838.00	        1.00
  5.30	     4902.00	        0.00	        0.00	        1.00	     4901.00	        1.00
  5.31	     4975.00	        0.00	        0.00	        1.00	     4974.00	        1.00
  5.32	     5052.00	        0.00	        0.00	        1.00	     5051.00	        1.00
  5.33	     5141.00	        0.00	        0.00	        1.00	     5140.00	        1.00
  5.34	     5225.00	        0.00	        0.00	        1.00	     5224.00	        1.00
  5.35	     5323.00	        0.00	        0.00	        1.00	     5322.00	        1.00
  5.36	     5409.00	        0.00	        0.00	        1.00	     5408.00	        1.00
  5.37	     5490.00	        0.00	        0.00	        1.00	     5489.00	        1.00
  5.38	     5563.00	        0.00	        0.00	        1.00	     5562.00	        1.00
  5.39	     5655.00	        0.00	        0.00	        1.00	     5654.00	        1.00
  5.40	     5737.00	        0.00	        0.00	        1.00	     5736.00	        1.00
  5.41	     5839.00	        0.00	        0.00	        1.00	     5838.00	        1.00
  5.42	     5925.00	        0.00	        0.00	        1.00	     5924.00	        1.00
  5.43	     6020.00	        0.00	        0.00	        1.00	     6019.00	        1.00
  5.44	     6118.00	        0.00	        0.00	        1.00	     6117.00	        1.00
  5.45	     6216.00	        0.00	        0.00	        1.00	     6215.00	        1.00
  5.46	     6313.00	        0.00	        0.00	        1.00	     6312.00	        1.00
  5.47	     6414.00	        0.00	        0.00	        1.00	     6413.00	        1.00
  5.48	     6513.00	        0.00	        0.00	        1.00	     6512.00	        1.00
  5.49	     6630.00	        0.00	        0.00	        1.00	     6629.00	        1.00
  5.50	     6735.00	        0.00	        0.00	        1.00	     6734.00	        1.00
  5.51	     6847.00	        0.00	        0.00	        1.00	     6846.00	        1.00
  5.52	     6964.00	        0.00	        0.00	        1.00	     6963.00	        1.00
  5.53	     7081.00	        0.00	        0.00	        1.00	     7080.00	        1.00
  5.54	     7180.00	        0.00	        0.00	        1.00	     7179.00	        1.00
  5.55	     7299.00	        0.00	        0.00	        1.00	     7298.00	        1.00
  5.56	     7421.00	        0.00	        0.00	        1.00	     7420.00	        1.00
  5.57	     7559.00	        0.00	        0.00	        1.00	     7558.00	        1.00
  5.58	     7689.00	        0.00	        0.00	        1.00	     7688.00	        1.00
  5.59	     7789.00	        0.00	        0.00	        1.00	     7788.00	        1.00
  5.60	     7908.00	        0.00	        0.00	        1.00	     7907.00	        1.00
  5.61	     8025.00	        0.00	        0.00	        1.00	     8024.00	        1.00
  5.62	     8149.00	        0.00	        0.00	        1.00	     8148.00	        1.00
  5.63	     8267.00	        0.00	        0.00	        1.00	     8266.00	        1.00
  5.64	     8415.00	        0.00	        0.00	        1.00	     8414.00	        1.00
  5.65	     8541.00	        0.00	        0.00	        1.00	     8540.00	        1.00
  5.66	     8689.00	        0.00	        0.00	        1.00	     8688.00	        1.00
  5.67	     8839.00	        0.00	        0.00	        1.00	     8838.00	        1.00
  5.68	     8976.00	        0.00	        0.00	        1.00	     8975.00	        1.00
  5.69	     9120.00	        0.00	        0.00	        1.00	     9119.00	        1.00
  5.70	     9279.00	        0.00	        0.00	        1.00	     9278.00	        1.00
  5.71	     9411.00	        0.00	        0.00	        1.00	     9410.00	        1.00
  5.72	     9569.00	        0.00	        0.00	        1.00	     9568.00	        1.00
  5.73	     9731.00	        0.00	        0.00	        1.00	     9730.00	        1.00
  5.74	     9891.00	        0.00	        0.00	        1.00	     9890.00	        1.00
  5.75	    10040.00	        0.00	        0.00	        1.00	    10039.00	        1.00
  5.76	    10204.00	        0.00	        0.00	        1.00	    10203.00	        1.00
  5.77	    10358.00	        0.00	        0.00	        1.00	    10357.00	        1.00
  5.78	    10539.00	        0.00	        0.00	        1.00	    10538.00	        1.00
  5.79	    10713.00	        0.00	        0.00	        1.00	    10712.00	        1.00
  5.80	    10899.00	        0.00	        0.00	        1.00	    10898.00	        1.00
  5.81	    11048.00	        0.00	        0.00	        1.00	    11047.00	        1.00
  5.82	    11228.00	        0.00	        0.00	        1.00	    11227.00	        1.00
  5.83	    11410.00	        0.00	        0.00	        1.00	    11409.00	        1.00
  5.84	    11572.00	        0.00	        0.00	        1.00	    11571.00	        1.00
  5.85	    11763.00	        0.00	        0.00	        1.00	    11762.00	        1.00
  5.86	    11966.00	        0.00	        0.00	        1.00	    11965.00	        1.00
  5.87	    12171.00	        0.00	        0.00	        1.00	    12170.00	        1.00
  5.88	    12373.00	        0.00	        0.00	        1.00	    12372.00	        1.00
  5.89	    12558.00	        0.00	        0.00	        1.00	    12557.00	        1.00
  5.90	    12775.00	        0.00	        0.00	        1.00	    12774.00	        1.00
  5.91	    12986.00	        0.00	        0.00	        1.00	    12985.00	        1.00
  5.92	    13183.00	        0.00	        0.00	        1.00	    13182.00	        1.00
  5.93	    13411.00	        0.00	        0.00	        1.00	    13410.00	        1.00
  5.94	    13630.00	        0.00	        0.00	        1.00	    13629.00	        1.00
  5.95	    13843.00	        0.00	        0.00	        1.00	    13842.00	        1.00
  5.96	    14039.00	        0.00	        0.00	        1.00	    14038.00	        1.00
  5.97	    14288.00	        0.00	        0.00	        1.00	    14287.00	        1.00
  5.98	    14528.00	        0.00	        0.00	        1.00	    14527.00	        1.00
  5.99	    14753.00	        0.00	        0.00	        1.00	    14752.00	        1.00
  6.00	    14995.00	        0.00	   600000.00	        1.00	    14994.00	        1.00
  6.01	    15229.00	        0.00	   599982.00	        1.00	    15228.00	        1.00
  6.02	    15489.00	        0.00	   599963.00	        1.00	    15488.00	        1.00
  6.03	    15729.00	        1.00	   599940.00	        1.00	    15729.00	        1.00
  6.04	    15992.00	        1.00	   599924.00	        1.00	    15992.00	        1.00
  6.05	    16276.00	        1.00	   599904.00	        1.00	    16276.00	        1.00
  6.06	    16543.00	        3.00	   599883.00	        1.00	    16545.00	        1.00
  6.07	    16785.00	        3.00	   599862.00	        1.00	    16787.00	        1.00
  6.08	    17071.00	        3.00	   599840.00	        1.00	    17073.00	        1.00
  6.09	    17357.00	        5.00	   599821.00	        1.00	    17361.00	        1.00
  6.10	    17639.00	        6.00	   599804.00	        1.00	    17644.00	        1.00
  6.11	    17950.00	        7.00	   599783.00	        1.00	    17956.00	        1.00
  6.12	    18265.00	        7.00	   599765.00	        1.00	    18271.00	        1.00
  6.13	    18555.00	        7.00	   599752.00	        1.00	    18561.00	        1.00
  6.14	    18863.00	        7.00	   599732.00	        1.00	    18869.00	        1.00
  6.15	    19135.00	       11.00	   599712.00	        1.00	    19145.00	        1.00
  6.16	    19451.00	       11.00	   599699.00	        1.00	    19461.00	        1.00
  6.17	    19772.00	       11.00	   599682.00	        1.00	    19782.00	        1.00
  6.18	    20087.00	       11.00	   599669.00	        1.00	    20097.00	        1.00
  6.19	    20390.00	       13.00	   599657.00	        1.00	    20402.00	        1.00
  6.20	    20734.00	       13.00	   599640.00	        1.00	    20746.00	        1.00
  6.21	    21054.00	       13.00	   599619.00	        1.00	    21066.00	        1.00
  6.22	    21394.00	       14.00	   599603.00	        1.00	    21407.00	        1.00
  6.23	    21747.00	       14.00	   599582.00	        1.00	    21760.00	        1.00
  6.24	    22106.00	       15.00	   599564.00	        1.00	    22120.00	        1.00
  6.25	    22453.00	       15.00	   599549.00	        1.00	    22467.00	        1.00
  6.26	    22799.00	       16.00	   599527.00	        1.00	    22814.00	        1.00
  6.27	    23115.00	       16.00	   599509.00	        1.00	    23130.00	        1.00
  6.28	    23500.00	       16.00	   599495.00	        1.00	    23515.00	        1.00
  6.29	    23865.00	       16.00	   599474.00	        1.00	    23880.00	        1.00
  6.30	    24244.00	       16.00	   599461.00	        1.00	    24259.00	        1.00
  6.31	    24636.00	       16.00	   599440.00	        1.00	    24651.00	        1.00
  6.32	    25030.00	       16.00	   599420.00	        1.00	    25045.00	        1.00
  6.33	    25415.00	       18.00	   599402.00	        1.00	    25432.00	        1.00
  6.34	    25819.00	       22.00	   599379.00	        1.00	    25840.00	        1.00
  6.35	    26254.00	       22.00	   599357.00	        1.00	    26275.00	        1.00
  6.36	    26645.00	       22.00	   599335.00	        1.00	    26666.00	        1.00
  6.37	    27116.00	       23.00	   599317.00	        1.00	    27138.00	        1.00
  6.38	    27555.00	       23.00	   599300.00	        1.00	    27577.00	        1.00
  6.39	    28014.00	       24.00	   599284.00	        1.00	    28037.00	        1.00
  6.40	    28454.00	       24.00	   599263.00	        1.00	    28477.00	        1.00
  6.41	    28944.00	       24.00	   599247.00	        1.00	    28967.00	        1.00
  6.42	    29386.00	       24.00	   599227.00	        1.00	    29409.00	        1.00
  6.43	    29830.00	       24.00	   599210.00	        1.00	    29853.00	        1.00
  6.44	    30361.00	       24.00	   599198.00	        1.00	    30384.00	        1.00
  6.45	    30780.00	       25.00	   599180.00	        1.00	    30804.00	        1.00
  6.46	    31284.00	       25.00	   599166.00	        1.00	    31308.00	        1.00
  6.47	    31785.00	       26.00	   599152.00	        1.00	    31810.00	        1.00
  6.48	    32278.00	       27.00	   599136.00	        1.00	    32304.00	        1.00
  6.49	    32822.00	       27.00	   599117.00	        1.00	    32848.00	        1.00
  6.50	    33327.00	       29.00	   599100.00	        1.00	    33355.00	        1.00
  6.51	    33843.00	       29.00	   599084.00	        1.00	    33871.00	        1.00
  6.52	    34364.00	       29.00	   599069.00	        1.00	    34392.00	        1.00
  6.53	    34904.00	       33.00	   599049.00	        1.00	    34936.00	        1.00
  6.54	    35474.00	       33.00	   599034.00	        1.00	    35506.00	        1.00
  6.55	    36048.00	       34.00	   599020.00	        1.00	    36081.00	        1.00
  6.56	    36630.00	       34.00	   599004.00	        1.00	    36663.00	        1.00
  6.57	    37211.00	       34.00	   598982.00	        1.00	    37244.00	        1.00
  6.58	    37835.00	       35.00	   598958.00	        1.00	    37869.00	        1.00
  6.59	    38453.00	       35.00	   598936.00	        1.00	    38487.00	        1.00
  6.60	    39055.00	       35.00	   598913.00	        1.00	    39089.00	        1.00
  6.61	    39711.00	       36.00	   598893.00	        1.00	    39746.00	        1.00
  6.62	    40308.00	       36.00	   598875.00	        1.00	    40343.00	        1.00
  6.63	    40887.00	      117.00	   599167.00	        1.00	    41004.00	        1.00
  6.64	    41346.00	      387.00	   598840.00	        1.00	    41733.00	        1.00
  6.65	    42004.00	      387.00	   598818.00	        1.00	    42391.00	        1.00
  6.66	    42694.00	      387.00	   598795.00	        1.00	    43081.00	        1.00
  6.67	    43364.00	      388.00	   598771.00	        1.00	    43752.00	        1.00
  6.68	    44095.00	      391.00	   598748.00	        1.00	    44486.00	        1.00
  6.69	    44815.00	      391.00	   598723.00	        1.00	    45206.00	        1.00
  6.70	    45501.00	      391.00	   598695.00	        1.00	    45892.00	        1.00
  6.71	    45800.00	      788.00	   598674.00	        1.00	    46589.00	        1.00
  6.72	    46466.00	      791.00	   598666.00	        1.00	    47258.00	        1.00
  6.73	    47287.00	      792.00	   598646.00	        1.00	    48080.00	        1.00
  6.74	    48042.00	      792.00	   598625.00	        1.00	    48835.00	        1.00
  6.75	    48781.00	      792.00	   598607.00	        1.00	    49574.00	        1.00
  6.76	    49578.00	      796.00	   598581.00	        1.00	    50375.00	        1.00
  6.77	    50347.00	      796.00	   598563.00	        1.00	    51144.00	        1.00
  6.78	    51183.00	      796.00	   598540.00	        1.00	    51980.00	        1.00
  6.79	    52020.00	      796.00	   598520.00	        1.00	    52817.00	        1.00
  6.80	    52879.00	      798.00	   598499.00	        1.00	    53678.00	        1.00
  6.81	    53751.00	      798.00	   598482.00	        1.00	    54550.00	        1.00
  6.82	    54603.00	      803.00	   598454.00	        1.00	    55407.00	        1.00
  6.83	    55495.00	      803.00	   598434.00	        1.00	    56299.00	        1.00
  6.84	    56345.00	      803.00	   598413.00	        1.00	    57149.00	        1.00
  6.85	    57205.00	      803.00	   598383.00	        1.00	    58009.00	        1.00
  6.86	    58147.00	      804.00	   598360.00	        1.00	    58952.00	        1.00
  6.87	    59095.00	      805.00	   598341.00	        1.00	    59901.00	        1.00
  6.88	    60086.00	      806.00	   598326.00	        1.00	    60893.00	        1.00
  6.89	    61039.00	      807.00	   598313.00	        1.00	    61847.00	        1.00
  6.90	    62046.00	      807.00	   598297.00	        1.00	    62854.00	        1.00
  6.91	    63065.00	      807.00	   598276.00	        1.00	    63873.00	        1.00
  6.92	    64022.00	      807.00	   598253.00	        1.00	    64830.00	        1.00
  6.93	    64642.00	     1196.00	   598235.00	        1.00	    65840.00	        1.00
  6.94	    65641.00	     1196.00	   598224.00	        1.00	    66839.00	        1.00
  6.95	    66741.00	     1196.00	   598206.00	        1.00	    67939.00	        1.00
  6.96	    67872.00	     1196.00	   598585.00	        1.00	    69071.00	        1.00
  6.97	    68310.00	     1894.00	   598263.00	        1.00	    70208.00	        1.00
  6.98	    69260.00	     1995.00	   598150.00	        1.00	    71259.00	        1.00
  6.99	    70023.00	     2342.00	   598162.00	        1.00	    72370.00	        1.00
  7.00	    71121.00	     2373.00	   598116.00	        1.00	    73499.00	        1.00
  7.01	    72239.00	     2373.00	   598093.00	        1.00	    74617.00	        1.00
  7.02	    73399.00	     2380.00	   598074.00	        1.00	    75784.00	        1.00
  7.03	    74554.00	     2380.00	   598063.00	        1.00	    76939.00	        1.00
  7.04	    75720.00	     2381.00	   598046.00	        1.00	    78106.00	        1.00
  7.05	    76559.00	     2750.00	   598036.00	        1.00	    79315.00	        1.00
  7.06	    76987.00	     3506.00	   598036.00	        1.00	    80501.00	        1.00
  7.07	    78227.00	     3533.00	   597996.00	        1.00	    81768.00	        1.00
  7.08	    79507.00	     3535.00	   597975.00	        1.00	    83050.00	        1.00
  7.09	    80379.00	     3929.00	   597965.00	        1.00	    84317.00	        1.00
  7.10	    80895.00	     4719.00	   597950.00	        1.00	    85625.00	        1.00
  7.11	    82125.00	     4719.00	   597937.00	        1.00	    86855.00	        1.00
  7.12	    83380.00	     4719.00	   597922.00	        1.00	    88110.00	        1.00
  7.13	    84762.00	     4719.00	   597912.00	        1.00	    89492.00	        1.00
  7.14	    85671.00	     5123.00	   597890.00	        1.00	    90806.00	        1.00
  7.15	    86648.00	     5472.00	   597886.00	        1.00	    92133.00	        1.00
  7.16	    87632.00	     5860.00	   597855.00	        1.00	    93506.00	        1.00
  7.17	    88678.00	     6245.00	   597840.00	        1.00	    94938.00	        1.00
  7.18	    89328.00	     6984.00	   597843.00	        1.00	    96329.00	        1.00
  7.19	    90374.00	     7370.00	   597817.00	        1.00	    97762.00	        1.00
  7.20	    90702.00	     8490.00	   598203.00	        1.00	    99214.00	        1.00
  7.21	    91211.00	     9402.00	   597979.00	        1.00	   100637.00	        1.00
  7.22	    91752.00	    10343.00	   597762.00	        1.00	   102121.00	        1.00
  7.23	    92184.00	    11425.00	   597750.00	        1.00	   103638.00	        1.00
  7.24	    93305.00	    11780.00	   597727.00	        1.00	   105115.00	        1.00
  7.25	    94549.00	    12055.00	   597795.00	        1.00	   106635.00	        1.00
  7.26	    95927.00	    12154.00	   597699.00	        1.00	   108112.00	        1.00
  7.27	    96362.00	    13228.00	   597686.00	        1.00	   109624.00	        1.00
  7.28	    96899.00	    14232.00	   597684.00	        1.00	   111168.00	        1.00
  7.29	    97512.00	    15182.00	   597836.00	        1.00	   112734.00	        1.00
  7.30	    97987.00	    16280.00	   598615.00	        1.00	   114312.00	        1.00
  7.31	    96540.00	    19317.00	   597820.00	        1.00	   115909.00	        1.00
  7.32	    97202.00	    20154.00	   597596.00	        1.00	   117410.00	        1.00
  7.33	    97381.00	    21545.00	   597576.00	        1.00	   118984.00	        1.00
  7.34	    97078.00	    23322.00	   597652.00	        1.00	   120464.00	        1.00
  7.35	    97384.00	    24534.00	   597737.00	        1.00	   121986.00	        1.00
  7.36	    97949.00	    25558.00	   597634.00	        1.00	   123578.00	        1.00
  7.37	    98817.00	    26290.00	   597920.00	        1.00	   125181.00	        1.00
  7.38	    97724.00	    28883.00	   597532.00	        1.00	   126688.00	        1.00
  7.39	    97776.00	    30335.00	   597596.00	        1.00	   128197.00	        1.00
  7.40	    96564.00	    33034.00	   597553.00	        1.00	   129693.00	        1.00
  7.41	    96587.00	    34463.00	   598013.00	        1.00	   131151.00	        1.00
  7.42	    96742.00	    35855.00	   597634.00	        1.00	   132702.00	        1.00
  7.43	    97596.00	    36537.00	   597457.00	        1.00	   134240.00	        1.00
  7.44	    96331.00	    39356.00	   598425.00	        1.00	   135806.00	        1.00
  7.45	    94425.00	    42804.00	   597536.00	        1.00	   137358.00	        1.00
  7.46	    92684.00	    45988.00	   597707.00	        1.00	   138813.00	        1.00
  7.47	    92347.00	    47746.00	   597803.00	        1.00	   140241.00	        1.00
  7.48	    90089.00	    51387.00	   598308.00	        1.00	   141639.00	        1.00
  7.49	    87433.00	    55468.00	   597638.00	        1.00	   143079.00	        1.00
  7.50	    86923.00	    57285.00	   597374.00	        1.00	   144393.00	        1.00
  7.51	    86155.00	    59438.00	   597399.00	        1.00	   145787.00	        1.00
  7.52	    85328.00	    61648.00	   597528.00	        1.00	   147180.00	        1.00
  7.53	    82280.00	    65910.00	   597804.00	        1.00	   148414.00	        1.00
  7.54	    79891.00	    69552.00	   597875.00	        1.00	   149684.00	        1.00
  7.55	    78091.00	    72565.00	   597755.00	        1.00	   150911.00	        1.00
  7.56	    77419.00	    74452.00	   597696.00	        1.00	   152135.00	        1.00
  7.57	    74838.00	    78203.00	   597356.00	        1.00	   153323.00	        1.00
  7.58	    72731.00	    81522.00	   598187.00	        1.00	   154554.00	        1.00
  7.59	    70265.00	    85125.00	   598004.00	        1.00	   155711.00	        1.00
  7.60	    67765.00	    88786.00	   597821.00	        1.00	   156892.00	        1.00
  7.61	    65701.00	    91910.00	   598207.00	        1.00	   157972.00	        1.00
  7.62	    62105.00	    96507.00	   597532.00	        1.00	   159000.00	        1.00
  7.63	    59935.00	    99638.00	   597867.00	        1.00	   159982.00	        1.00
  7.64	    55097.00	   105326.00	   598138.00	        1.00	   160872.00	        1.00
  7.65	    52896.00	   108343.00	   598061.00	        1.00	   161711.00	        1.00
  7.66	    49944.00	   112108.00	   598506.00	        1.00	   162554.00	        1.00
  7.67	    45973.00	   116832.00	   598264.00	        1.00	   163346.00	        1.00
  7.68	    42027.00	   121383.00	   598983.00	        1.00	   163995.00	        1.00
  7.69	    38766.00	   125244.00	   597545.00	        1.00	   164631.00	        1.00
  7.70	    35809.00	   128750.00	   598765.00	        1.00	   165222.00	        1.00
  7.71	    32928.00	   132155.00	   598833.00	        1.00	   165787.00	        1.00
  7.72	    29922.00	   135642.00	   598034.00	        1.00	   166312.00	        1.00
  7.73	    27432.00	   138532.00	   598643.00	        1.00	   166755.00	        1.00
  7.74	    24389.00	   141963.00	   599702.00	        1.00	   167201.00	        1.00
  7.75	    21629.00	   145018.00	   599339.00	        1.00	   167552.00	        1.00
  7.76	    19125.00	   147825.00	   598558.00	        1.00	   167912.00	        1.00
  7.77	    17421.00	   149784.00	   598741.00	        1.00	   168213.00	        1.00
  7.78	    15632.00	   151780.00	   599842.00	        1.00	   168473.00	        1.00
  7.79	    13435.00	   154129.00	   599151.00	        1.00	   168693.00	        1.00
  7.80	    11510.00	   156196.00	   599229.00	        1.00	   168902.00	        1.00
  7.81	     9713.00	   158089.00	   599520.00	        1.00	   169078.00	        1.00
  7.82	     7887.00	   159968.00	   601171.00	        1.00	   169228.00	        1.00
  7.83	     6422.00	   161460.00	   599213.00	        1.00	   169346.00	        1.00
  7.84	     5401.00	   162490.00	   600809.00	        1.00	   169439.00	        1.00
  7.85	     4262.00	   163601.00	   599474.00	        1.00	   169514.00	        1.00
  7.86	     3343.00	   164466.00	   600766.00	        1.00	   169570.00	        1.00
  7.87	     2680.00	   165077.00	   599988.00	        1.00	   169620.00	        1.00
  7.88	     2015.00	   165641.00	   601516.00	        1.00	   169657.00	        1.00
  7.89	     1441.00	   166101.00	   602890.00	        1.00	   169686.00	        1.00
  7.90	     1071.00	   166359.00	   601941.00	        1.00	   169707.00	        1.00
  7.91	      746.00	   166533.00	   602118.00	        1.00	   169721.00	        1.00
  7.92	      503.00	   166623.00	   601607.00	        1.00	   169733.00	        1.00
  7.93	      337.00	   166636.00	   602097.00	        1.00	   169741.00	        1.00
  7.94	      230.00	   166568.00	   601200.00	        1.00	   169745.00	        1.00
  7.95	      172.00	   166457.00	   603902.00	        1.00	   169746.00	        1.00
  7.96	       87.00	   166330.00	   604415.00	        1.00	   169747.00	        1.00
  7.97	       54.00	   166148.00	   605313.00	        1.00	   169748.00	        1.00
  7.98	       31.00	   165947.00	   603948.00	        1.00	   169748.00	        1.00
  7.99	       20.00	   165724.00	   605573.00	        1.00	   169749.00	        1.00
  8.00	       11.00	   165474.00	   606104.00	        1.00	   169751.00	        1.00
  8.01	        5.00	   165153.00	   607824.00	        1.00	   169751.00	        1.00
  8.02	        0.00	   164860.00	   605974.00	        0.00	   169751.00	        1.00
  8.03	        0.00	   164547.00	   608656.00	        0.00	   169751.00	        1.00
  8.04	        0.00	   164229.00	   609464.00	        0.00	   169751.00	        1.00
  8.05	        0.00	   163921.00	   609326.00	        0.00	   169751.00	        1.00
  8.06	        0.00	   163529.00	   608931.00	        0.00	   169751.00	        1.00
  8.07	        0.00	   163186.00	   610887.00	        0.00	   169751.00	        1.00
  8.08	        0.00	   162770.00	   615237.00	        0.00	   169751.00	        1.00
  8.09	        0.00	   162366.00	   610137.00	        0.00	   169751.00	        1.00
  8.10	        0.00	   161913.00	   609078.00	        0.00	   169751.00	        1.00
  8.11	        0.00	   161483.00	   610187.00	        0.00	   169751.00	        1.00
  8.12	        0.00	   161057.00	   610941.00	        0.00	   169751.00	        1.00
  8.13	        0.00	   160569.00	   617222.00	        0.00	   169751.00	        1.00
  8.14	        0.00	   160053.00	   619036.00	        0.00	   169751.00	        1.00
  8.15	        0.00	   159535.00	   612146.00	        0.00	   169751.00	        1.00
  8.16	        0.00	   158943.00	   617083.00	        0.00	   169751.00	        1.00
  8.17	        0.00	   158349.00	   617430.00	        0.00	   169751.00	        1.00
  8.18	        0.00	   157708.00	   622874.00	        0.00	   169751.00	        1.00
  8.19	        0.00	   157072.00	   619750.00	        0.00	   169751.00	        1.00
  8.20	        0.00	   156434.00	   619618.00	        0.00	   169751.00	        1.00
  8.21	        0.00	   155752.00	   624603.00	        0.00	   169751.00	        1.00
  8.22	        0.00	   155018.00	   628614.00	        0.00	   169751.00	        1.00
  8.23	        0.00	   154260.00	   625708.00	        0.00	   169751.00	        1.00
  8.24	        0.00	   153446.00	   623166.00	        0.00	   169751.00	        1.00
  8.25	        0.00	   152669.00	   626952.00	        0.00	   169751.00	        1.00
  8.26	        0.00	   151811.00	   631161.00	        0.00	   169751.00	        1.00
  8.27	        0.00	   150913.00	   629536.00	        0.00	   169751.00	        1.00
  8.28	        0.00	   149995.00	   630636.00	        0.00	   169751.00	        1.00
  8.29	        0.00	   149131.00	   627526.00	        0.00	   169751.00	        1.00
  8.30	        0.00	   148152.00	   635904.00	        0.00	   169751.00	        1.00
  8.31	        0.00	   147178.00	   632734.00	        0.00	   169751.00	        1.00
  8.32	        0.00	   146110.00	   639968.00	        0.00	   169751.00	        1.00
  8.33	        0.00	   145023.00	   650352.00	        0.00	   169751.00	        1.00
  8.34	        0.00	   143933.00	   640015.00	        0.00	   169751.00	        1.00
  8.35	        0.00	   142889.00	   638272.00	        0.00	   169751.00	        1.00
  8.36	        0.00	   141679.00	   650066.00	        0.00	   169751.00	        1.00
  8.37	        0.00	   140472.00	   648488.00	        0.00	   169751.00	        1.00
  8.38	        0.00	   139271.00	   638151.00	        0.00	   169751.00	        1.00
  8.39	        0.00	   138023.00	   647620.00	        0.00	   169751.00	        1.00
  8.40	        0.00	   136820.00	   648653.00	        0.00	   169751.00	        1.00
  8.41	        0.00	   135580.00	   653879.00	        0.00	   169751.00	        1.00
  8.42	        0.00	   134239.00	   649863.00	        0.00	   169751.00	        1.00
  8.43	        0.00	   132925.00	   653070.00	        0.00	   169751.00	        1.00
  8.44	        0.00	   131601.00	   655335.00	        0.00	   169751.00	        1.00
  8.45	        0.00	   130260.00	   650723.00	        0.00	   169751.00	        1.00
  8.46	        0.00	   128913.00	   659441.00	        0.00	   169751.00	        1.00
  8.47	        0.00	   127471.00	   657605.00	        0.00	   169751.00	        1.00
  8.48	        0.00	   125983.00	   658460.00	        0.00	   169751.00	        1.00
  8.49	        0.00	   124496.00	   667072.00	        0.00	   169751.00	        1.00
  8.50	        0.00	   123003.00	   665362.00	        0.00	   169751.00	        1.00
  8.51	        0.00	   121483.00	   666754.00	        0.00	   169751.00	        1.00
  8.52	        0.00	   120028.00	   665240.00	        0.00	   169751.00	        1.00
  8.53	        0.00	   118526.00	   668955.00	        0.00	   169751.00	        1.00
  8.54	        0.00	   116966.00	   672158.00	        0.00	   169751.00	        1.00
  8.55	        0.00	   115388.00	   670638.00	        0.00	   169751.00	        1.00
  8.56	        0.00	   113883.00	   663985.00	        0.00	   169751.00	        1.00
  8.57	        0.00	   112266.00	   674600.00	        0.00	   169751.00	        1.00
  8.58	        0.00	   110735.00	   665050.00	        0.00	   169751.00	        1.00
  8.59	        0.00	   109136.00	   675168.00	        0.00	   169751.00	        1.00
  8.60	        0.00	   107570.00	   674879.00	        0.00	   169751.00	        1.00
  8.61	        0.00	   105957.00	   680211.00	        0.00	   169751.00	        1.00
  8.62	        0.00	   104368.00	   681575.00	        0.00	   169751.00	        1.00
  8.63	        0.00	   102792.00	   676252.00	        0.00	   169751.00	        1.00
  8.64	        0.00	   101132.00	   685140.00	        0.00	   169751.00	        1.00
  8.65	        0.00	    99463.00	   685992.00	        0.00	   169751.00	        1.00
  8.66	        0.00	    97751.00	   684046.00	        0.00	   169751.00	        1.00
  8.67	        0.00	    96022.00	   686839.00	        0.00	   169751.00	        1.00
  8.68	        0.00	    94293.00	   698965.00	        0.00	   169751.00	        1.00
  8.69	        0.00	    92618.00	   691094.00	        0.00	   169751.00	        1.00
  8.70	        0.00	    90931.00	   689616.00	        0.00	   169751.00	        1.00
  8.71	        0.00	    89196.00	   696712.00	        0.00	   169751.00	        1.00
  8.72	        0.00	    87532.00	   697289.00	        0.00	   169751.00	        1.00
  8.73	        0.00	    85845.00	   694877.00	        0.00	   169751.00	        1.00
  8.74	        0.00	    84196.00	   701522.00	        0.00	   169751.00	        1.00
  8.75	        0.00	    82623.00	   693688.00	        0.00	   169751.00	        1.00
  8.76	        0.00	    81020.00	   702958.00	        0.00	   169751.00	        1.00
  8.77	        0.00	    79401.00	   703270.00	        0.00	   169751.00	        1.00
  8.78	        0.00	    77773.00	   705310.00	        0.00	   169751.00	        1.00
  8.79	        0.00	    76151.00	   699609.00	        0.00	   169751.00	        1.00
  8.80	        0.00	    74600.00	   700584.00	        0.00	   169751.00	        1.00
  8.81	        0.00	    72998.00	   708459.00	        0.00	   169751.00	        1.00
  8.82	        0.00	    71373.00	   718808.00	        0.00	   169751.00	        1.00
  8.83	        0.00	    69829.00	   707364.00	        0.00	   169751.00	        1.00
  8.84	        0.00	    68351.00	   713418.00	        0.00	   169751.00	        1.00
  8.85	        0.00	    66794.00	   719573.00	        0.00	   169751.00	        1.00
  8.86	        0.00	    65271.00	   725699.00	        0.00	   169751.00	        1.00
  8.87	        0.00	    63748.00	   712656.00	        0.00	   169751.00	        1.00
  8.88	        0.00	    62271.00	   715591.00	        0.00	   169751.00	        1.00
  8.89	        0.00	    60779.00	   723979.00	        0.00	   169751.00	        1.00
  8.90	        0.00	    59264.00	   728554.00	        0.00	   169751.00	        1.00
  8.91	        0.00	    57924.00	   719767.00	        0.00	   169751.00	        1.00
  8.92	        0.00	    56533.00	   735233.00	        0.00	   169751.00	        1.00
  8.93	        0.00	    55142.00	   727394.00	        0.00	   169751.00	        1.00
  8.94	        0.00	    53780.00	   725294.00	        0.00	   169751.00	        1.00
  8.95	        0.00	    52412.00	   726132.00	        0.00	   169751.00	        1.00
  8.96	        0.00	    51033.00	   734386.00	        0.00	   169751.00	        1.00
  8.97	        0.00	    49755.00	   732631.00	        0.00	   169751.00	        1.00
  8.98	        0.00	    48470.00	   734436.00	        0.00	   169751.00	        1.00
  8.99	        0.00	    47223.00	   727956.00	        0.00	   169751.00	        1.00
  9.00	        0.00	    45935.00	   744875.00	        0.00	   169751.00	        1.00
  9.01	        0.00	    44640.00	   740317.00	        0.00	   169751.00	        1.00
  9.02	        0.00	    43421.00	   739763.00	        0.00	   169751.00	        1.00
  9.03	        0.00	    42234.00	   748845.00	        0.00	   169751.00	        1.00
  9.04	        0.00	    41052.00	   739042.00	        0.00	   169751.00	        1.00
  9.05	        0.00	    39877.00	   753950.00	        0.00	   169751.00	        1.00
  9.06	        0.00	    38697.00	   755074.00	        0.00	   169751.00	        1.00
  9.07	        0.00	    37539.00	   756636.00	        0.00	   169751.00	        1.00
  9.08	        0.00	    36438.00	   749398.00	        0.00	   169751.00	        1.00
  9.09	        0.00	    35394.00	   753268.00	        0.00	   169751.00	        1.00
  9.10	        0.00	    34364.00	   760811.00	        0.00	   169751.00	        1.00
  9.11	        0.00	    33337.00	   763211.00	        0.00	   169751.00	        1.00
  9.12	        0.00	    32394.00	   749034.00	        0.00	   169751.00	        1.00
  9.13	        0.00	    31484.00	   760521.00	        0.00	   169751.00	        1.00
  9.14	        0.00	    30519.00	   765106.00	        0.00	   169751.00	        1.00
  9.15	        0.00	    29590.00	   766505.00	        0.00	   169751.00	        1.00
  9.16	        0.00	    28722.00	   761482.00	        0.00	   169751.00	        1.00
  9.17	        0.00	    27812.00	   774623.00	        0.00	   169751.00	        1.00
  9.18	        0.00	    26936.00	   768399.00	        0.00	   169751.00	        1.00
  9.19	        0.00	    26076.00	   769901.00	        0.00	   169751.00	        1.00
  9.20	        0.00	    25220.00	   779608.00	        0.00	   169751.00	        1.00
  9.21	        0.00	    24435.00	   774165.00	        0.00	   169751.00	        1.00
  9.22	        0.00	    23627.00	   786119.00	        0.00	   169751.00	        1.00
  9.23	        0.00	    22847.00	   783052.00	        0.00	   169751.00	        1.00
  9.24	        0.00	    22059.00	   789475.00	        0.00	   169751.00	        1.00
  9.25	        0.00	    21325.00	   788597.00	        0.00	   169751.00	        1.00
  9.26	        0.00	    20618.00	   790173.00	        0.00	   169751.00	        1.00
  9.27	        0.00	    19926.00	   792979.00	        0.00	   169751.00	        1.00
  9.28	        0.00	    19219.00	   802381.00	        0.00	   169751.00	        1.00
  9.29	        0.00	    18571.00	   796111.00	        0.00	   169751.00	        1.00
  9.30	        0.00	    17980.00	   791918.00	        0.00	   169751.00	        1.00
  9.31	        0.00	    17352.00	   798441.00	        0.00	   169751.00	        1.00
  9.32	        0.00	    16788.00	   790192.00	        0.00	   169751.00	        1.00
  9.33	        0.00	    16216.00	   798304.00	        0.00	   169751.00	        1.00
  9.34	        0.00	    15694.00	   794615.00	        0.00	   169751.00	        1.00
  9.35	        0.00	    15153.00	   802176.00	        0.00	   169751.00	        1.00
  9.36	        0.00	    14612.00	   807119.00	        0.00	   169751.00	        1.00
  9.37	        0.00	    14083.00	   807523.00	        0.00	   169751.00	        1.00
  9.38	        0.00	    13586.00	   812060.00	        0.00	   169751.00	        1.00
  9.39	        0.00	    13060.00	   821286.00	        0.00	   169751.00	        1.00
  9.40	        0.00	    12618.00	   807655.00	        0.00	   169751.00	        1.00
  9.41	        0.00	    12149.00	   817971.00	        0.00	   169751.00	        1.00
  9.42	        0.00	    11689.00	   820727.00	        0.00	   169751.00	        1.00
  9.43	        0.00	    11263.00	   821562.00	        0.00	   169751.00	        1.00
  9.44	        0.00	    10782.00	   838299.00	        0.00	   169751.00	        1.00
  9.45	        0.00	    10382.00	   830158.00	        0.00	   169751.00	        1.00
  9.46	        0.00	    10001.00	   825792.00	        0.00	   169751.00	        1.00
  9.47	        0.00	     9635.00	   826281.00	        0.00	   169751.00	        1.00
  9.48	        0.00	     9243.00	   835640.00	        0.00	   169751.00	        1.00
  9.49	        0.00	     8889.00	   838310.00	        0.00	   169751.00	        1.00
  9.50	        0.00	     8554.00	   837458.00	        0.00	   169751.00	        1.00
  9.51	        0.00	     8200.00	   846962.00	        0.00	   169751.00	        1.00
  9.52	        0.00	     7888.00	   845064.00	        0.00	   169751.00	        1.00
  9.53	        0.00	     7573.00	   846651.00	        0.00	   169751.00	        1.00
  9.54	        0.00	     7296.00	   840561.00	        0.00	   169751.00	        1.00
  9.55	        0.00	     7030.00	   840521.00	        0.00	   169751.00	        1.00
  9.56	        0.00	     6735.00	   851229.00	        0.00	   169751.00	        1.00
  9.57	        0.00	     6477.00	   849769.00	        0.00	   169751.00	        1.00
  9.58	        0.00	     6209.00	   855288.00	        0.00	   169751.00	        1.00
  9.59	        0.00	     5970.00	   853167.00	        0.00	   169751.00	        1.00
  9.60	        0.00	     5748.00	   852169.00	        0.00	   169751.00	        1.00
  9.61	        0.00	     5525.00	   856152.00	        0.00	   169751.00	        1.00
  9.62	        0.00	     5320.00	   853396.00	        0.00	   169751.00	        1.00
  9.63	        0.00	     5085.00	   866364.00	        0.00	   169751.00	        1.00
  9.64	        0.00	     4855.00	   873262.00	        0.00	   169751.00	        1.00
  9.65	        0.00	     4642.00	   876200.00	        0.00	   169751.00	        1.00
  9.66	        0.00	     4455.00	   873633.00	        0.00	   169751.00	        1.00
  9.67	        0.00	     4280.00	   870468.00	        0.00	   169751.00	        1.00
  9.68	        0.00	     4105.00	   872327.00	        0.00	   169751.00	        1.00
  9.69	        0.00	     3917.00	   880916.00	        0.00	   169751.00	        1.00
  9.70	        0.00	     3739.00	   886186.00	        0.00	   169751.00	        1.00
  9.71	        0.00	     3601.00	   879192.00	        0.00	   169751.00	        1.00
  9.72	        0.00	     3440.00	   885324.00	        0.00	   169751.00	        1.00
  9.73	        0.00	     3273.00	   893429.00	        0.00	   169751.00	        1.00
  9.74	        0.00	     3136.00	   892125.00	        0.00	   169751.00	        1.00
  9.75	        0.00	     2991.00	   896590.00	        0.00	   169751.00	        1.00
  9.76	        0.00	     2874.00	   892965.00	        0.00	   169751.00	        1.00
  9.77	        0.00	     2767.00	   888853.00	        0.00	   169751.00	        1.00
  9.78	        0.00	     2639.00	   894664.00	        0.00	   169751.00	        1.00
  9.79	        0.00	     2530.00	   895628.00	        0.00	   169751.00	        1.00
  9.80	        0.00	     2448.00	   888562.00	        0.00	   169751.00	        1.00
  9.81	        0.00	     2336.00	   895809.00	        0.00	   169751.00	        1.00
  9.82	        0.00	     2215.00	   906280.00	        0.00	   169751.00	        1.00
  9.83	        0.00	     2124.00	   905575.00	        0.00	   169751.00	        1.00
  9.84	        0.00	     2025.00	   909391.00	        0.00	   169751.00	        1.00
  9.85	        0.00	     1943.00	   908288.00	        0.00	   169751.00	        1.00
  9.86	        0.00	     1865.00	   907724.00	        0.00	   169751.00	        1.00
  9.87	        0.00	     1773.00	   913904.00	        0.00	   169751.00	        1.00
  9.88	        0.00	     1696.00	   915046.00	        0.00	   169751.00	        1.00
  9.89	        0.00	     1648.00	   906677.00	        0.00	   169751.00	        1.00
  9.90	        0.00	     1577.00	   909547.00	        0.00	   169751.00	        1.00
  9.91	        0.00	     1518.00	   908666.00	        0.00	   169751.00	        1.00
  9.92	        0.00	     1451.00	   912280.00	        0.00	   169751.00	        1.00
  9.93	        0.00	     1377.00	   919074.00	        0.00	   169751.00	        1.00
  9.94	        0.00	     1307.00	   924494.00	        0.00	   169751.00	        1.00
  9.95	        0.00	     1244.00	   927982.00	        0.00	   169751.00	        1.00
  9.96	        0.00	     1192.00	   928060.00	        0.00	   169751.00	        1.00
  9.97	        0.00	     1139.00	   929671.00	        0.00	   169751.00	        1.00
  9.98	        0.00	     1080.00	   934047.00	        0.00	   169751.00	        1.00
  9.99	        0.00	     1028.00	   936466.00	        0.00	   169751.00	        1.00
 10.00	        0.00	      977.00	   939380.00	        0.00	   169751.00	        1.00
 10.01	        0.00	      923.00	   943974.00	        0.00	   169751.00	        1.00
 10.02	        0.00	      886.00	   942773.00	        0.00	   169751.00	        1.00
 10.03	        0.00	      832.00	   949092.00	        0.00	   169751.00	        1.00
 10.04	        0.00	      787.00	   952517.00	        0.00	   169751.00	        1.00
 10.05	        0.00	      757.00	   950362.00	        0.00	   169751.00	        1.00
 10.06	        0.00	      722.00	   951279.00	        0.00	   169751.00	        1.00
 10.07	        0.00	      692.00	   950945.00	        0.00	   169751.00	        1.00
 10.08	        0.00	      658.00	   952724.00	        0.00	   169751.00	        1.00
 10.09	        0.00	      627.00	   954152.00	        0.00	   169751.00	        1.00
 10.10	        0.00	      601.00	   953962.00	        0.00	   169751.00	        1.00
 10.11	        0.00	      569.00	   956695.00	        0.00	   169751.00	        1.00
 10.12	        0.00	      531.00	   962401.00	        0.00	   169751.00	        1.00
 10.13	        0.00	      515.00	   959677.00	        0.00	   169751.00	        1.00
 10.14	        0.00	      493.00	   959884.00	        0.00	   169751.00	        1.00
 10.15	        0.00	      468.00	   961783.00	        0.00	   169751.00	        1.00
 10.16	        0.00	      449.00	   961775.00	        0.00	   169751.00	        1.00
 10.17	        0.00	      427.00	   963404.00	        0.00	   169751.00	        1.00
 10.18	        0.00	      404.00	   965749.00	        0.00	   169751.00	        1.00
 10.19	        0.00	      397.00	   962018.00	        0.00	   169751.00	        1.00
 10.20	        0.00	      378.00	   963329.00	        0.00	   169751.00	        1.00
 10.21	        0.00	      361.00	   964216.00	        0.00	   169751.00	        1.00
 10.22	        0.00	      341.00	   966648.00	        0.00	   169751.00	        1.00
 10.23	        0.00	      326.00	   967392.00	        0.00	   169751.00	        1.00
 10.24	        0.00	      313.00	   967449.00	        0.00	   169751.00	        1.00
 10.25	        0.00	      296.00	   969427.00	        0.00	   169751.00	        1.00
 10.26	        0.00	      283.00	   970033.00	        0.00	   169751.00	        1.00
 10.27	        0.00	      268.00	   971756.00	        0.00	   169751.00	        1.00
 10.28	        0.00	      257.00	   972041.00	        0.00	   169751.00	        1.00
 10.29	        0.00	      245.00	   972959.00	        0.00	   169751.00	        1.00
 10.30	        0.00	      235.00	   973318.00	        0.00	   169751.00	        1.00
 10.31	        0.00	      226.00	   973439.00	        0.00	   169751.00	        1.00
 10.32	        0.00	      215.00	   974636.00	        0.00	   169751.00	        1.00
 10.33	        0.00	      210.00	   973550.00	        0.00	   169751.00	        1.00
 10.34	        0.00	      199.00	   974946.00	        0.00	   169751.00	        1.00
 10.35	        0.00	      185.00	   977724.00	        0.00	   169751.00	        1.00
 10.36	        0.00	      175.00	   979090.00	        0.00	   169751.00	        1.00
 10.37	        0.00	      164.00	   980901.00	        0.00	   169751.00	        1.00
 10.38	        0.00	      156.00	   981665.00	        0.00	   169751.00	        1.00
 10.39	        0.00	      149.00	   982228.00	        0.00	   169751.00	        1.00
 10.40	        0.00	      141.00	   983259.00	        0.00	   169751.00	        1.00
 10.41	        0.00	      137.00	   982795.00	        0.00	   169751.00	        1.00
 10.42	        0.00	      130.00	   983685.00	        0.00	   169751.00	        1.00
 10.43	        0.00	      118.00	   986745.00	        0.00	   169751.00	        1.00
 10.44	        0.00	      114.00	   986661.00	        0.00	   169751.00	        1.00
 10.45	        0.00	      108.00	   987479.00	        0.00	   169751.00	        1.00
 10.46	        0.00	      103.00	   987970.00	        0.00	   169751.00	        1.00
 10.47	        0.00	       96.00	   989314.00	        0.00	   169751.00	        1.00
 10.48	        0.00	       95.00	   988315.00	        0.00	   169751.00	        1.00
 10.49	        0.00	       92.00	   988224.00	        0.00	   169751.00	        1.00
 10.50	        0.00	       90.00	   987749.00	        0.00	   169751.00	        1.00
 10.51	        0.00	       86.00	   988124.00	        0.00	   169751.00	        1.00
 10.52	        0.00	       79.00	   989789.00	        0.00	   169751.00	        1.00
 10.53	        0.00	       75.00	   990322.00	        0.00	   169751.00	        1.00
 10.54	        0.00	       70.00	   991342.00	        0.00	   169751.00	        1.00
 10.55	        0.00	       64.00	   992850.00	        0.00	   169751.00	        1.00
 10.56	        0.00	       59.00	   993985.00	        0.00	   169751.00	        1.00
 10.57	        0.00	       57.00	   994006.00	        0.00	   169751.00	        1.00
 10.58	        0.00	       55.00	   994027.00	        0.00	   169751.00	        1.00
 10.59	        0.00	       50.00	   995371.00	        0.00	   169751.00	        1.00
 10.60	        0.00	       49.00	   995083.00	        0.00	   169751.00	        1.00
 10.61	        0.00	       47.00	   995216.00	        0.00	   169751.00	        1.00
 10.62	        0.00	       44.00	   995855.00	        0.00	   169751.00	        1.00
 10.63	        0.00	       44.00	   995233.00	        0.00	   169751.00	        1.00
 10.64	        0.00	       44.00	   994699.00	        0.00	   169751.00	        1.00
 10.65	        0.00	       43.00	   994591.00	        0.00	   169751.00	        1.00
 10.66	        0.00	       42.00	   994438.00	        0.00	   169751.00	        1.00
 10.67	        0.00	       37.00	   995923.00	        0.00	   169751.00	        1.00
 10.68	        0.00	       35.00	   996230.00	        0.00	   169751.00	        1.00
 10.69	        0.00	       33.00	   996622.00	        0.00	   169751.00	        1.00
 10.70	        0.00	       33.00	   996208.00	        0.00	   169751.00	        1.00
 10.71	        0.00	       33.00	   995796.00	        0.00	   169751.00	        1.00
 10.72	        0.00	       32.00	   995824.00	        0.00	   169751.00	        1.00
 10.73	        0.00	       30.00	   996256.00	        0.00	   169751.00	        1.00
 10.74	        0.00	       30.00	   995883.00	        0.00	   169751.00	        1.00
 10.75	        0.00	       29.00	   995919.00	        0.00	   169751.00	        1.00
 10.76	        0.00	       29.00	   995587.00	        0.00	   169751.00	        1.00
 10.77	        0.00	       26.00	   996463.00	        0.00	   169751.00	        1.00
 10.78	        0.00	       26.00	   996177.00	        0.00	   169751.00	        1.00
 10.79	        0.00	       25.00	   996313.00	        0.00	   169751.00	        1.00
 10.80	        0.00	       21.00	   997652.00	        0.00	   169751.00	        1.00
 10.81	        0.00	       21.00	   997413.00	        0.00	   169751.00	        1.00
 10.82	        0.00	       19.00	   997977.00	        0.00	   169751.00	        1.00
 10.83	        0.00	       18.00	   998139.00	        0.00	   169751.00	        1.00
 10.84	        0.00	       18.00	   997932.00	        0.00	   169751.00	        1.00
 10.85	        0.00	       18.00	   997702.00	        0.00	   169751.00	        1.00
 10.86	        0.00	       17.00	   997900.00	        0.00	   169751.00	        1.00
 10.87	        0.00	       17.00	   997717.00	        0.00	   169751.00	        1.00
 10.88	        0.00	       15.00	   998374.00	        0.00	   169751.00	        1.00
 10.89	        0.00	       14.00	   998614.00	        0.00	   169751.00	        1.00
 10.90	        0.00	       14.00	   998457.00	        0.00	   169751.00	        1.00
 10.91	        0.00	       13.00	   998719.00	        0.00	   169751.00	        1.00
 10.92	        0.00	       11.00	   999381.00	        0.00	   169751.00	        1.00
 10.93	        0.00	       11.00	   999262.00	        0.00	   169751.00	        1.00
 10.94	        0.00	       11.00	   999108.00	        0.00	   169751.00	        1.00
 10.95	        0.00	       11.00	   998977.00	        0.00	   169751.00	        1.00
 10.96	        0.00	       10.00	   999265.00	        0.00	   169751.00	        1.00
 10.97	        0.00	       10.00	   999165.00	        0.00	   169751.00	        1.00
 10.98	        0.00	       10.00	   999057.00	        0.00	   169751.00	        1.00
 10.99	        0.00	        8.00	   999751.00	        0.00	   169751.00	        1.00
 11.00	        0.00	        8.00	   999678.00	        0.00	   169751.00	        1.00
 11.01	        0.00	        7.00	  1000000.00	        0.00	   169751.00	        1.00
 11.02	        0.00	        6.00	  1000328.00	        0.00	   169751.00	        1.00
 11.03	        0.00	        6.00	  1000244.00	        0.00	   169751.00	        1.00
 11.04	        0.00	        6.00	  1000168.00	        0.00	   169751.00	        1.00
 11.05	        0.00	        6.00	  1000084.00	        0.00	   169751.00	        1.00
 11.06	        0.00	        6.00	  1000004.00	        0.00	   169751.00	        1.00
 11.07	        0.00	        6.00	   999926.00	        0.00	   169751.00	        1.00
 11.08	        0.00	        6.00	   999842.00	        0.00	   169751.00	        1.00
 11.09	        0.00	        6.00	   999748.00	        0.00	   169751.00	        1.00
 11.10	        0.00	        6.00	   999673.00	        0.00	   169751.00	        1.00
 11.11	        0.00	        6.00	   999616.00	        0.00	   169751.00	        1.00
 11.12	        0.00	        6.00	   999543.00	        0.00	   169751.00	        1.00
 11.13	        0.00	        5.00	   999875.00	        0.00	   169751.00	        1.00
 11.14	        0.00	        5.00	   999805.00	        0.00	   169751.00	        1.00
 11.15	        0.00	        5.00	   999741.00	        0.00	   169751.00	        1.00
 11.16	        0.00	        5.00	   999673.00	        0.00	   169751.00	        1.00
 11.17	        0.00	        5.00	   999624.00	        0.00	   169751.00	        1.00
 11.18	        0.00	        5.00	   999556.00	        0.00	   169751.00	        1.00
 11.19	        0.00	        5.00	   999493.00	        0.00	   169751.00	        1.00
 11.20	        0.00	        5.00	   999445.00	        0.00	   169751.00	        1.00
 11.21	        0.00	        4.00	   999785.00	        0.00	   169751.00	        1.00
 11.22	        0.00	        4.00	   999716.00	        0.00	   169751.00	        1.00
 11.23	        0.00	        4.00	   999659.00	        0.00	   169751.00	        1.00
 11.24	        0.00	        3.00	  1000005.00	        0.00	   169751.00	        1.00
 11.25	        0.00	        3.00	   999949.00	        0.00	   169751.00	        1.00
 11.26	        0.00	        3.00	   999886.00	        0.00	   169751.00	        1.00
 11.27	        0.00	        3.00	   999848.00	        0.00	   169751.00	        1.00
 11.28	        0.00	        3.00	   999795.00	        0.00	   169751.00	        1.00
 11.29	        0.00	        3.00	   999741.00	        0.00	   169751.00	        1.00
 11.30	        0.00	        3.00	   999682.00	        0.00	   169751.00	        1.00
 11.31	        0.00	        3.00	   999642.00	        0.00	   169751.00	        1.00
 11.32	        0.00	        3.00	   999595.00	        0.00	   169751.00	        1.00
 11.33	        0.00	        3.00	   999540.00	        0.00	   169751.00	        1.00
 11.34	        0.00	        3.00	   999501.00	        0.00	   169751.00	        1.00
 11.35	        0.00	        3.00	   999447.00	        0.00	   169751.00	        1.00
 11.36	        0.00	        3.00	   999392.00	        0.00	   169751.00	        1.00
 11.37	        0.00	        3.00	   999345.00	        0.00	   169751.00	        1.00
 11.38	        0.00	        3.00	   999302.00	        0.00	   169751.00	        1.00
 11.39	        0.00	        3.00	   999253.00	        0.00	   169751.00	        1.00
 11.40	        0.00	        3.00	   999207.00	        0.00	   169751.00	        1.00
 11.41	        0.00	        3.00	   999153.00	        0.00	   169751.00	        1.00
 11.42	        0.00	        2.00	   999498.00	        0.00	   169751.00	        1.00
 11.43	        0.00	        2.00	   999456.00	        0.00	   169751.00	        1.00
 11.44	        0.00	        2.00	   999416.00	        0.00	   169751.00	        1.00
 11.45	        0.00	        2.00	   999368.00	        0.00	   169751.00	        1.00
 11.46	        0.00	        2.00	   999322.00	        0.00	   169751.00	        1.00
 11.47	        0.00	        2.00	   999280.00	        0.00	   169751.00	        1.00
 11.48	        0.00	        2.00	   999251.00	        0.00	   169751.00	        1.00
 11.49	        0.00	        2.00	   999199.00	        0.00	   169751.00	        1.00
 11.50	        0.00	        1.00	   999562.00	        0.00	   169751.00	        1.00
 11.51	        0.00	        1.00	   999531.00	        0.00	   169751.00	        1.00
 11.52	        0.00	        1.00	   999501.00	        0.00	   169751.00	        1.00
 11.53	        0.00	        1.00	   999463.00	        0.00	   169751.00	        1.00
 11.54	        0.00	        1.00	   999428.00	        0.00	   169751.00	        1.00
 11.55	        0.00	        1.00	   999398.00	        0.00	   169751.00	        1.00
 11.56	        0.00	        1.00	   999358.00	        0.00	   169751.00	        1.00
 11.57	        0.00	        1.00	   999330.00	        0.00	   169751.00	        1.00
 11.58	        0.00	        0.00	   999701.00	        0.00	   169751.00	        0.00
