Datatype: PopulationSize
  0.00	   316228.00	        0.00	 10000000.00	        1.00	        0.00	   316228.00
  0.01	   321244.00	      316.00	  9989593.00	        1.00	     5332.00	   316228.00
  0.02	   326320.00	      617.00	  9979230.00	        1.00	    10709.00	   316228.00
  0.03	   331379.00	      950.00	  9968899.00	        1.00	    16101.00	   316228.00
  0.04	   336606.00	     1244.00	  9958739.00	        1.00	    21622.00	   316228.00
  0.05	   341999.00	     1528.00	  9948497.00	        1.00	    27297.00	   316228.00
  0.06	   347181.00	     1872.00	  9938285.00	        1.00	    32823.00	   316228.00
  0.07	   352590.00	     2222.00	  9927840.00	        1.00	    38582.00	   316228.00
  0.08	   358209.00	     2549.00	  9917530.00	        1.00	    44528.00	   316228.00
  0.09	   363704.00	     2891.00	  9907194.00	        1.00	    50363.00	   316228.00
  0.10	   369529.00	     3222.00	  9897102.00	        1.00	    56519.00	   316228.00
  0.11	   375442.00	     3567.00	  9886927.00	        1.00	    62776.00	   316228.00
  0.12	   381573.00	     3876.00	  9876675.00	        1.00	    69215.00	   316228.00
  0.13	   387679.00	     4202.00	  9866387.00	        1.00	    75647.00	   316228.00
  0.14	   393997.00	     4521.00	  9856223.00	        1.00	    82283.00	   316228.00
  0.15	   400351.00	     4906.00	  9845966.00	        1.00	    89022.00	   316228.00
  0.16	   406620.00	     5213.00	  9836100.00	        1.00	    95598.00	   316228.00
  0.17	   413013.00	     5566.00	  9825912.00	        1.00	   102343.00	   316228.00
  0.18	   419383.00	     5957.00	  9815835.00	        1.00	   109105.00	   316228.00
  0.19	   426105.00	     6285.00	  9805638.00	        1.00	   116155.00	   316228.00
  0.20	   432979.00	     6630.00	  9795473.00	        1.00	   123374.00	   316228.00
  0.21	   439885.00	     7022.00	  9785334.00	        1.00	   130673.00	   316228.00
  0.22	   446865.00	     7405.00	  9775209.00	        1.00	   138036.00	   316228.00
  0.23	   453831.00	     7859.00	  9765278.00	        1.00	   145459.00	   316228.00
  0.24	   461141.00	     8266.00	  9755412.00	        1.00	   153175.00	   316228.00
  0.25	   468636.00	     8693.00	  9745373.00	        1.00	   161098.00	   316228.00
  0.26	   476001.00	     9171.00	  9735483.00	        1.00	   168943.00	   316228.00
  0.27	   483393.00	     9786.00	  9725732.00	        1.00	   176956.00	   316228.00
  0.28	   491018.00	    10363.00	  9715877.00	        1.00	   185163.00	   316228.00
  0.29	   498481.00	    11029.00	  9706176.00	        1.00	   193297.00	   316228.00
  0.30	   506066.00	    11800.00	  9696520.00	        1.00	   201662.00	   316228.00
  0.31	   513920.00	    12486.00	  9686871.00	        1.00	   210209.00	   316228.00
  0.32	   521853.00	    13114.00	  9677063.00	        1.00	   218774.00	   316228.00
  0.33	   529831.00	    13838.00	  9667315.00	        1.00	   227482.00	   316228.00
  0.34	   537510.00	    14963.00	  9658206.00	        1.00	   236302.00	   316228.00
  0.35	   545187.00	    16211.00	  9648945.00	        1.00	   245246.00	   316228.00
  0.36	   552846.00	    17566.00	  9639975.00	        1.00	   254281.00	   316228.00
  0.37	   561110.00	    18678.00	  9630933.00	        1.00	   263673.00	   316228.00
  0.38	   568639.00	    20761.00	  9622738.00	        1.00	   273322.00	   316228.00
  0.39	   576193.00	    22646.00	  9614469.00	        1.00	   282793.00	   316228.00
  0.40	   583409.00	    24968.00	  9606581.00	        1.00	   292375.00	   316228.00
  0.41	   590655.00	    27433.00	  9598855.00	        1.00	   302132.00	   316228.00
  0.42	   597933.00	    29838.00	  9591182.00	        1.00	   311861.00	   316228.00
  0.43	   605332.00	    32400.00	  9583612.00	        1.00	   321870.00	   316228.00
  0.44	   611382.00	    36368.00	  9577454.00	        1.00	   331966.00	   316228.00
  0.45	   618254.00	    39735.00	  9571005.00	        1.00	   342272.00	   316228.00
  0.46	   624995.00	    43276.00	  9564383.00	        1.00	   352625.00	   316228.00
  0.47	   631063.00	    47500.00	  9558958.00	        1.00	   363005.00	   316228.00
  0.48	   636897.00	    52027.00	  9553712.00	        1.00	   373460.00	   316228.00
  0.49	   643032.00	    56448.00	  9548412.00	        1.00	   384110.00	   316228.00
  0.50	   648978.00	    61091.00	  9543567.00	        1.00	   394799.00	   316228.00
  0.51	   653954.00	    66716.00	  9539704.00	        1.00	   405522.00	   316228.00
  0.52	   659169.00	    72354.00	  9536151.00	        1.00	   416500.00	   316228.00
  0.53	   663923.00	    78584.00	  9533208.00	        1.00	   427622.00	   316228.00
  0.54	   668685.00	    84831.00	  9530252.00	        1.00	   438773.00	   316228.00
  0.55	   672135.00	    92358.00	  9528940.00	        1.00	   449921.00	   316228.00
  0.56	   676562.00	    98914.00	  9526604.00	        1.00	   461054.00	   316228.00
  0.57	   680011.00	   106664.00	  9525883.00	        1.00	   472435.00	   316228.00
  0.58	   682697.00	   115004.00	  9525957.00	        1.00	   483658.00	   316228.00
  0.59	   686516.00	   122544.00	  9525211.00	        1.00	   495201.00	   316228.00
  0.60	   687698.00	   132467.00	  9527570.00	        1.00	   506551.00	   316228.00
  0.61	   689043.00	   142349.00	  9530107.00	        1.00	   518024.00	   316228.00
  0.62	   690392.00	   152414.00	  9533206.00	        1.00	   529700.00	   316228.00
  0.63	   690768.00	   163301.00	  9537389.00	        1.00	   541246.00	   316228.00
  0.64	   691450.00	   173760.00	  9540936.00	        1.00	   552660.00	   316228.00
  0.65	   691867.00	   184670.00	  9545820.00	        1.00	   564284.00	   316228.00
  0.66	   691871.00	   195703.00	  9551209.00	        1.00	   575631.00	   316228.00
  0.67	   689556.00	   208862.00	  9559869.00	        1.00	   586851.00	   316228.00
  0.68	   686495.00	   223072.00	  9570901.00	        1.00	   598419.00	   316228.00
  0.69	   683511.00	   237038.00	  9582266.00	        1.00	   609826.00	   316228.00
  0.70	   679960.00	   251358.00	  9594445.00	        1.00	   621038.00	   316228.00
  0.71	   675483.00	   266443.00	  9608182.00	        1.00	   632119.00	   316228.00
  0.72	   671256.00	   281479.00	  9622538.00	        1.00	   643418.00	   316228.00
  0.73	   665488.00	   297657.00	  9639734.00	        1.00	   654372.00	   316228.00
  0.74	   658144.00	   315329.00	  9660834.00	        1.00	   665324.00	   316228.00
  0.75	   650037.00	   333655.00	  9683905.00	        1.00	   676207.00	   316228.00
  0.76	   640719.00	   352987.00	  9709959.00	        1.00	   686946.00	   316228.00
  0.77	   631127.00	   372321.00	  9737033.00	        1.00	   697435.00	   316228.00
  0.78	   619255.00	   393850.00	  9770508.00	        1.00	   707964.00	   316228.00
  0.79	   606714.00	   415592.00	  9806244.00	        1.00	   718084.00	   316228.00
  0.80	   592767.00	   438508.00	  9846012.00	        1.00	   728052.00	   316228.00
  0.81	   577142.00	   462608.00	  9892558.00	        1.00	   737664.00	   316228.00
  0.82	   558732.00	   489226.00	  9947124.00	        1.00	   747170.00	   316228.00
  0.83	   541976.00	   513929.00	 10000779.00	        1.00	   756398.00	   316228.00
  0.84	   524561.00	   538809.00	 10059545.00	        1.00	   765248.00	   316228.00
  0.85	   505205.00	   565292.00	 10124260.00	        1.00	   773884.00	   316228.00
  0.86	   486177.00	   590856.00	 10194550.00	        1.00	   782037.00	   316228.00
  0.87	   466396.00	   616971.00	 10269938.00	        1.00	   790095.00	   316228.00
  0.88	   445936.00	   643085.00	 10355579.00	        1.00	   797675.00	   316228.00
  0.89	   423852.00	   670501.00	 10448071.00	        1.00	   805076.00	   316228.00
  0.90	   403176.00	   695878.00	 10542056.00	        1.00	   811879.00	   316228.00
  0.91	   382007.00	   721329.00	 10644780.00	        1.00	   818438.00	   316228.00
  0.92	   360553.00	   746333.00	 10754887.00	        1.00	   824414.00	   316228.00
  0.93	   338102.00	   771876.00	 10879494.00	        1.00	   830225.00	   316228.00
  0.94	   316566.00	   796123.00	 11006732.00	        0.99	   835706.00	   316228.00
  0.95	   296446.00	   818379.00	 11145921.00	        0.99	   840857.00	   316228.00
  0.96	   275038.00	   841208.00	 11300984.00	        0.99	   845612.00	   316228.00
  0.97	   255683.00	   861714.00	 11457596.00	        0.98	   850133.00	   316228.00
  0.98	   235325.00	   882384.00	 11631151.00	        0.97	   854157.00	   316228.00
  0.99	   216183.00	   901441.00	 11814527.00	        0.97	   857986.00	   316228.00
  1.00	   197306.00	   919500.00	 12014328.00	        0.96	   861413.00	   316228.00
  1.01	   178805.00	   936572.00	 12224968.00	        0.95	   864449.00	   316228.00
  1.02	   162459.00	   951091.00	 12447337.00	        0.94	   867329.00	   316228.00
  1.03	   146098.00	   964837.00	 12692419.00	        0.92	   869878.00	   316228.00
  1.04	   131626.00	   976265.00	 12947418.00	        0.91	   872201.00	   316228.00
  1.05	   118031.00	   986318.00	 13214629.00	        0.89	   874280.00	   316228.00
  1.06	   104543.00	   995523.00	 13505923.00	        0.86	   876102.00	   316228.00
  1.07	    92592.00	  1002954.00	 13802773.00	        0.84	   877803.00	   316228.00
  1.08	    81369.00	  1008843.00	 14125269.00	        0.81	   879211.00	   316228.00
  1.09	    70895.00	  1013579.00	 14461310.00	        0.79	   880495.00	   316228.00
  1.10	    61684.00	  1016506.00	 14816572.00	        0.76	   881623.00	   316228.00
  1.11	    53662.00	  1017796.00	 15185884.00	        0.72	   882591.00	   316228.00
  1.12	    46271.00	  1017867.00	 15575519.00	        0.69	   883386.00	   316228.00
  1.13	    39837.00	  1016280.00	 15996961.00	        0.65	   884127.00	   316228.00
  1.14	    33936.00	  1013827.00	 16427835.00	        0.62	   884728.00	   316228.00
  1.15	    28389.00	  1010501.00	 16881978.00	        0.57	   885288.00	   316228.00
  1.16	    24265.00	  1005161.00	 17360018.00	        0.53	   885746.00	   316228.00
  1.17	    20292.00	   999032.00	 17864880.00	        0.48	   886108.00	   316228.00
  1.18	    17349.00	   991349.00	 18392894.00	        0.44	   886423.00	   316228.00
  1.19	    14685.00	   983097.00	 18930830.00	        0.40	   886655.00	   316228.00
  1.20	    12335.00	   974117.00	 19488610.00	        0.36	   886881.00	   316228.00
  1.21	    10294.00	   964191.00	 20074998.00	        0.32	   887060.00	   316228.00
  1.22	     8649.00	   953304.00	 20687437.00	        0.28	   887202.00	   316228.00
  1.23	     7228.00	   941950.00	 21311080.00	        0.25	   887337.00	   316228.00
  1.24	     6021.00	   929761.00	 21963414.00	        0.23	   887442.00	   316219.00
  1.25	     5080.00	   916731.00	 22642807.00	        0.20	   887526.00	   316203.00
  1.26	     4178.00	   903295.00	 23338692.00	        0.17	   887581.00	   316176.00
  1.27	     3505.00	   889137.00	 24057689.00	        0.14	   887626.00	   316147.00
  1.28	     3052.00	   874312.00	 24798669.00	        0.12	   887681.00	   316095.00
  1.29	     2515.00	   859082.00	 25563403.00	        0.10	   887735.00	   316030.00
  1.30	     2076.00	   843546.00	 26336904.00	        0.08	   887774.00	   315940.00
  1.31	     1727.00	   827487.00	 27130996.00	        0.07	   887808.00	   315828.00
  1.32	     1423.00	   811069.00	 27940253.00	        0.06	   887840.00	   315652.00
  1.33	     1204.00	   794263.00	 28762970.00	        0.04	   887860.00	   315463.00
  1.34	      985.00	   777366.00	 29589329.00	        0.03	   887877.00	   315209.00
  1.35	      761.00	   760007.00	 30437964.00	        0.03	   887890.00	   314882.00
  1.36	      615.00	   742297.00	 31299427.00	        0.02	   887899.00	   314486.00
  1.37	      454.00	   723980.00	 32191032.00	        0.02	   887911.00	   313928.00
  1.38	      351.00	   705661.00	 33078890.00	        0.01	   887918.00	   313233.00
  1.39	      271.00	   686868.00	 33987883.00	        0.01	   887920.00	   312330.00
  1.40	      205.00	   668132.00	 34892476.00	        0.01	   887924.00	   311266.00
  1.41	      145.00	   649538.00	 35788417.00	        0.01	   887927.00	   310067.00
  1.42	       98.00	   630807.00	 36689791.00	        0.01	   887928.00	   308731.00
  1.43	       76.00	   612187.00	 37583335.00	        0.00	   887929.00	   307241.00
  1.44	       55.00	   593271.00	 38490365.00	        0.00	   887930.00	   305495.00
  1.45	       37.00	   574504.00	 39389752.00	        0.00	   887931.00	   303560.00
  1.46	       27.00	   555769.00	 40285635.00	        0.00	   887931.00	   301467.00
  1.47	       17.00	   537107.00	 41176883.00	        0.00	   887932.00	   299135.00
  1.48	       12.00	   518391.00	 42070061.00	        0.00	   887932.00	   296440.00
  1.49	        8.00	   499860.00	 42952599.00	        0.00	   887932.00	   293337.00
  1.50	        5.00	   481489.00	 43826822.00	        0.00	   887932.00	   289952.00
  1.51	        4.00	   463524.00	 44679271.00	        0.00	   887932.00	   286538.00
  1.52	        2.00	   445732.00	 45522675.00	        0.00	   887932.00	   282667.00
  1.53	        1.00	   428199.00	 46352148.00	        0.00	   887932.00	   278553.00
  1.54	        1.00	   411164.00	 47155839.00	        0.00	   887932.00	   274094.00
  1.55	        0.00	   394032.00	 47963091.00	        0.00	   887932.00	   269138.00
  1.56	        0.00	   377438.00	 48742788.00	        0.00	   887932.00	   263904.00
  1.57	        0.00	   361264.00	 49500503.00	        0.00	   887932.00	   258307.00
  1.58	        0.00	   345230.00	 50250591.00	        0.00	   887932.00	   252467.00
  1.59	        0.00	   329749.00	 50972381.00	        0.00	   887932.00	   246340.00
  1.60	        0.00	   314615.00	 51676210.00	        0.00	   887932.00	   239876.00
  1.61	        0.00	   299593.00	 52374240.00	        0.00	   887932.00	   232994.00
  1.62	        0.00	   285104.00	 53044906.00	        0.00	   887932.00	   226072.00
  1.63	        0.00	   271272.00	 53681600.00	        0.00	   887932.00	   218929.00
  1.64	        0.00	   257932.00	 54293504.00	        0.00	   887932.00	   211625.00
  1.65	        0.00	   244916.00	 54888947.00	        0.00	   887932.00	   204240.00
  1.66	        0.00	   232362.00	 55460800.00	        0.00	   887932.00	   196812.00
  1.67	        0.00	   220166.00	 56013367.00	        0.00	   887932.00	   189347.00
  1.68	        0.00	   208571.00	 56535610.00	        0.00	   887932.00	   181955.00
  1.69	        0.00	   197280.00	 57042348.00	        0.00	   887932.00	   174235.00
  1.70	        0.00	   186374.00	 57529673.00	        0.00	   887932.00	   166512.00
  1.71	        0.00	   176049.00	 57987380.00	        0.00	   887932.00	   158910.00
  1.72	        0.00	   166053.00	 58428092.00	        0.00	   887932.00	   151276.00
  1.73	        0.00	   156577.00	 58842429.00	        0.00	   887932.00	   143864.00
  1.74	        0.00	   147502.00	 59236447.00	        0.00	   887932.00	   136657.00
  1.75	        0.00	   138898.00	 59606509.00	        0.00	   887932.00	   129590.00
  1.76	        0.00	   130438.00	 59968980.00	        0.00	   887932.00	   122604.00
  1.77	        0.00	   122492.00	 60305581.00	        0.00	   887932.00	   115776.00
  1.78	        0.00	   114984.00	 60619799.00	        0.00	   887932.00	   109238.00
  1.79	        0.00	   107851.00	 60914918.00	        0.00	   887932.00	   102916.00
  1.80	        0.00	   100990.00	 61196284.00	        0.00	   887932.00	    96831.00
  1.81	        0.00	    94580.00	 61454732.00	        0.00	   887932.00	    91033.00
  1.82	        0.00	    88505.00	 61696125.00	        0.00	   887932.00	    85527.00
  1.83	        0.00	    82675.00	 61925343.00	        0.00	   887932.00	    80160.00
  1.84	        0.00	    77157.00	 62138958.00	        0.00	   887932.00	    75015.00
  1.85	        0.00	    72010.00	 62333683.00	        0.00	   887932.00	    70160.00
  1.86	        0.00	    67058.00	 62518255.00	        0.00	   887932.00	    65442.00
  1.87	        0.00	    62621.00	 62677189.00	        0.00	   887932.00	    61203.00
  1.88	        0.00	    58303.00	 62829725.00	        0.00	   887932.00	    57027.00
  1.89	        0.00	    54300.00	 62966513.00	        0.00	   887932.00	    53149.00
  1.90	        0.00	    50550.00	 63090442.00	        0.00	   887932.00	    49532.00
  1.91	        0.00	    46860.00	 63211654.00	        0.00	   887932.00	    45981.00
  1.92	        0.00	    43476.00	 63317103.00	        0.00	   887932.00	    42711.00
  1.93	        0.00	    40337.00	 63410595.00	        0.00	   887932.00	    39638.00
  1.94	        0.00	    37407.00	 63493264.00	        0.00	   887932.00	    36808.00
  1.95	        0.00	    34508.00	 63574587.00	        0.00	   887932.00	    33997.00
  1.96	        0.00	    31965.00	 63638009.00	        0.00	   887932.00	    31528.00
  1.97	        0.00	    29530.00	 63695677.00	        0.00	   887932.00	    29178.00
  1.98	        0.00	    27336.00	 63741265.00	        0.00	   887932.00	    27047.00
  1.99	        0.00	    25285.00	 63779753.00	        0.00	   887932.00	    25055.00
  2.00	        0.00	    23331.00	 63813779.00	        0.00	   887932.00	    23169.00
  2.01	        0.00	    21580.00	 63837231.00	        0.00	   887932.00	    21464.00
  2.02	        0.00	    19922.00	 63856108.00	        0.00	   887932.00	    19848.00
  2.03	        0.00	    18386.00	 63868788.00	        0.00	   887932.00	    18346.00
  2.04	        0.00	    16918.00	 63877992.00	        0.00	   887932.00	    16897.00
  2.05	        0.00	    15552.00	 63882167.00	        0.00	   887932.00	    15552.00
  2.06	        0.00	    14317.00	 63880094.00	        0.00	   887932.00	    14317.00
  2.07	        0.00	    13141.00	 63874766.00	        0.00	   887932.00	    13141.00
  2.08	        0.00	    12059.00	 63865227.00	        0.00	   887932.00	    12059.00
  2.09	        0.00	    11125.00	 63848235.00	        0.00	   887932.00	    11124.00
  2.10	        0.00	    10253.00	 63828035.00	        0.00	   887932.00	    10252.00
  2.11	        0.00	     9380.00	 63808017.00	        0.00	   887932.00	     9380.00
  2.12	        0.00	     8602.00	 63783139.00	        0.00	   887932.00	     8602.00
  2.13	        0.00	     7906.00	 63754153.00	        0.00	   887932.00	     7906.00
  2.14	        0.00	     7203.00	 63725242.00	        0.00	   887932.00	     7203.00
  2.15	        0.00	     6551.00	 63694230.00	        0.00	   887932.00	     6551.00
  2.16	        0.00	     5986.00	 63659173.00	        0.00	   887932.00	     5985.00
  2.17	        0.00	     5485.00	 63620746.00	        0.00	   887932.00	     5485.00
  2.18	        0.00	     5031.00	 63579957.00	        0.00	   887932.00	     5031.00
  2.19	        0.00	     4573.00	 63539367.00	        0.00	   887932.00	     4573.00
  2.20	        0.00	     4155.00	 63496839.00	        0.00	   887932.00	     4155.00
  2.21	        0.00	     3799.00	 63451326.00	        0.00	   887932.00	     3799.00
  2.22	        0.00	     3469.00	 63403951.00	        0.00	   887932.00	     3469.00
  2.23	        0.00	     3196.00	 63353997.00	        0.00	   887932.00	     3196.00
  2.24	        0.00	     2899.00	 63305792.00	        0.00	   887932.00	     2899.00
  2.25	        0.00	     2634.00	 63255562.00	        0.00	   887932.00	     2633.00
  2.26	        0.00	     2412.00	 63203783.00	        0.00	   887932.00	     2411.00
  2.27	        0.00	     2200.00	 63150746.00	        0.00	   887932.00	     2199.00
  2.28	        0.00	     2012.00	 63097206.00	        0.00	   887932.00	     2011.00
  2.29	        0.00	     1838.00	 63042668.00	        0.00	   887932.00	     1837.00
  2.30	        0.00	     1659.00	 62989084.00	        0.00	   887932.00	     1658.00
  2.31	        0.00	     1505.00	 62933600.00	        0.00	   887932.00	     1505.00
  2.32	        0.00	     1357.00	 62877837.00	        0.00	   887932.00	     1357.00
  2.33	        0.00	     1235.00	 62820735.00	        0.00	   887932.00	     1235.00
  2.34	        0.00	     1112.00	 62764161.00	        0.00	   887932.00	     1112.00
  2.35	        0.00	     1004.00	 62706844.00	        0.00	   887932.00	     1004.00
  2.36	        0.00	      902.00	 62649348.00	        0.00	   887932.00	      902.00
  2.37	        0.00	      811.00	 62591168.00	        0.00	   887932.00	      811.00
  2.38	        0.00	      727.00	 62532670.00	        0.00	   887932.00	      727.00
  2.39	        0.00	      661.00	 62473352.00	        0.00	   887932.00	      661.00
  2.40	        0.00	      597.00	 62414462.00	        0.00	   887932.00	      597.00
  2.41	        0.00	      530.00	 62355430.00	        0.00	   887932.00	      530.00
  2.42	        0.00	      479.00	 62295435.00	        0.00	   887932.00	      479.00
  2.43	        0.00	      425.00	 62235580.00	        0.00	   887932.00	      425.00
  2.44	        0.00	      387.00	 62175354.00	        0.00	   887932.00	      387.00
  2.45	        0.00	      345.00	 62114970.00	        0.00	   887932.00	      345.00
  2.46	        0.00	      315.00	 62054254.00	        0.00	   887932.00	      315.00
  2.47	        0.00	      288.00	 61993627.00	        0.00	   887932.00	      288.00
  2.48	        0.00	      260.00	 61933436.00	        0.00	   887932.00	      260.00
  2.49	        0.00	      240.00	 61872364.00	        0.00	   887932.00	      240.00
  2.50	        0.00	      218.00	 61811653.00	        0.00	   887932.00	      218.00
  2.51	        0.00	      196.00	 61750417.00	        0.00	   887932.00	      196.00
  2.52	        0.00	      179.00	 61689360.00	        0.00	   887932.00	      179.00
  2.53	        0.00	      156.00	 61628628.00	        0.00	   887932.00	      156.00
  2.54	        0.00	      143.00	 61567813.00	        0.00	   887932.00	      143.00
  2.55	        0.00	      122.00	 61507302.00	        0.00	   887932.00	      122.00
  2.56	        0.00	      113.00	 61446104.00	        0.00	   887932.00	      113.00
  2.57	        0.00	      103.00	 61384772.00	        0.00	   887932.00	      103.00
  2.58	        0.00	       93.00	 61324200.00	        0.00	   887932.00	       93.00
  2.59	        0.00	       89.00	 61262834.00	        0.00	   887932.00	       89.00
  2.60	        0.00	       76.00	 61202101.00	        0.00	   887932.00	       76.00
  2.61	        0.00	       69.00	 61141889.00	        0.00	   887932.00	       69.00
  2.62	        0.00	       59.00	 61081632.00	        0.00	   887932.00	       59.00
  2.63	        0.00	       57.00	 61020546.00	        0.00	   887932.00	       57.00
  2.64	        0.00	       49.00	 60960378.00	        0.00	   887932.00	       49.00
  2.65	        0.00	       42.00	 60899533.00	        0.00	   887932.00	       42.00
  2.66	        0.00	       38.00	 60838714.00	        0.00	   887932.00	       38.00
  2.67	        0.00	       35.00	 60778516.00	        0.00	   887932.00	       35.00
  2.68	        0.00	       32.00	 60718097.00	        0.00	   887932.00	       32.00
  2.69	        0.00	       27.00	 60657578.00	        0.00	   887932.00	       27.00
  2.70	        0.00	       24.00	 60597068.00	        0.00	   887932.00	       24.00
  2.71	        0.00	       21.00	 60536927.00	        0.00	   887932.00	       21.00
  2.72	        0.00	       18.00	 60476547.00	        0.00	   887932.00	       18.00
  2.73	        0.00	       16.00	 60416589.00	        0.00	   887932.00	       16.00
  2.74	        0.00	       14.00	 60356326.00	        0.00	   887932.00	       14.00
  2.75	        0.00	       13.00	 60296397.00	        0.00	   887932.00	       13.00
  2.76	        0.00	       13.00	 60236316.00	        0.00	   887932.00	       13.00
  2.77	        0.00	       12.00	 60176417.00	        0.00	   887932.00	       12.00
  2.78	        0.00	        8.00	 60116704.00	        0.00	   887932.00	        8.00
  2.79	        0.00	        5.00	 60056401.00	        0.00	   887932.00	        5.00
  2.80	        0.00	        5.00	 59996328.00	        0.00	   887932.00	        5.00
  2.81	        0.00	        3.00	 59936846.00	        0.00	   887932.00	        3.00
  2.82	        0.00	        3.00	 59877200.00	        0.00	   887932.00	        3.00
  2.83	        0.00	        3.00	 59816855.00	        0.00	   887932.00	        3.00
  2.84	        0.00	        3.00	 59757136.00	        0.00	   887932.00	        3.00
  2.85	        0.00	        2.00	 59697737.00	        0.00	   887932.00	        2.00
  2.86	        0.00	        2.00	 59637732.00	        0.00	   887932.00	        2.00
  2.87	        0.00	        2.00	 59578328.00	        0.00	   887932.00	        2.00
  2.88	        0.00	        2.00	 59518640.00	        0.00	   887932.00	        2.00
  2.89	        0.00	        2.00	 59459180.00	        0.00	   887932.00	        2.00
  2.90	        0.00	        2.00	 59399624.00	        0.00	   887932.00	        2.00
  2.91	        0.00	        2.00	 59340214.00	        0.00	   887932.00	        2.00
  2.92	        0.00	        2.00	 59280857.00	        0.00	   887932.00	        2.00
  2.93	        0.00	        1.00	 59221935.00	        0.00	   887932.00	        1.00
  2.94	        0.00	        1.00	 59162600.00	        0.00	   887932.00	        1.00
  2.95	        0.00	        0.00	 59103135.00	        0.00	   887932.00	        0.00
