Datatype: PopulationSize
  0.00	        1.00	        0.00	        0.00	        1.00	        0.00	        1.00
  0.01	        1.00	        0.00	        0.00	        1.00	        0.00	        1.00
  0.02	        1.00	        0.00	        0.00	        1.00	        0.00	        1.00
  0.03	        1.00	        0.00	        0.00	        1.00	        0.00	        1.00
  0.04	        1.00	        0.00	        0.00	        1.00	        0.00	        1.00
  0.05	        1.00	        0.00	        0.00	        1.00	        0.00	        1.00
  0.06	        1.00	        0.00	        0.00	        1.00	        0.00	        1.00
  0.07	        1.00	        0.00	        0.00	        1.00	        0.00	        1.00
  0.08	        1.00	        0.00	        0.00	        1.00	        0.00	        1.00
  0.09	        1.00	        0.00	        0.00	        1.00	        0.00	        1.00
  0.10	        1.00	        0.00	        0.00	        1.00	        0.00	        1.00
  0.11	        2.00	        0.00	        0.00	        1.00	        1.00	        1.00
  0.12	        2.00	        0.00	        0.00	        1.00	        1.00	        1.00
  0.13	        2.00	        0.00	        0.00	        1.00	        1.00	        1.00
  0.14	        2.00	        0.00	        0.00	        1.00	        1.00	        1.00
  0.15	        2.00	        0.00	        0.00	        1.00	        1.00	        1.00
  0.16	        2.00	        0.00	        0.00	        1.00	        1.00	        1.00
  0.17	        2.00	        0.00	        0.00	        1.00	        1.00	        1.00
  0.18	        2.00	        0.00	        0.00	        1.00	        1.00	        1.00
  0.19	        2.00	        0.00	        0.00	        1.00	        1.00	        1.00
  0.20	        2.00	        0.00	        0.00	        1.00	        1.00	        1.00
  0.21	        2.00	        0.00	        0.00	        1.00	        1.00	        1.00
  0.22	        2.00	        0.00	        0.00	        1.00	        1.00	        1.00
  0.23	        2.00	        0.00	        0.00	        1.00	        1.00	        1.00
  0.24	        2.00	        0.00	        0.00	        1.00	        1.00	        1.00
  0.25	        2.00	        0.00	        0.00	        1.00	        1.00	        1.00
  0.26	        2.00	        0.00	        0.00	        1.00	        1.00	        1.00
  0.27	        2.00	        0.00	        0.00	        1.00	        1.00	        1.00
  0.28	        2.00	        0.00	        0.00	        1.00	        1.00	        1.00
  0.29	        2.00	        0.00	        0.00	        1.00	        1.00	        1.00
  0.30	        2.00	        0.00	        0.00	        1.00	        1.00	        1.00
  0.31	        2.00	        0.00	        0.00	        1.00	        1.00	        1.00
  0.32	        2.00	        0.00	        0.00	        1.00	        1.00	        1.00
  0.33	        2.00	        0.00	        0.00	        1.00	        1.00	        1.00
  0.34	        2.00	        0.00	        0.00	        1.00	        1.00	        1.00
  0.35	        2.00	        0.00	        0.00	        1.00	        1.00	        1.00
  0.36	        2.00	        0.00	        0.00	        1.00	        1.00	        1.00
  0.37	        2.00	        0.00	        0.00	        1.00	        1.00	        1.00
  0.38	        2.00	        0.00	        0.00	        1.00	        1.00	        1.00
  0.39	        2.00	        0.00	        0.00	        1.00	        1.00	        1.00
  0.40	        2.00	        0.00	        0.00	        1.00	        1.00	        1.00
  0.41	        3.00	        0.00	        0.00	        1.00	        2.00	        1.00
  0.42	        3.00	        0.00	        0.00	        1.00	        2.00	        1.00
  0.43	        3.00	        0.00	        0.00	        1.00	        2.00	        1.00
  0.44	        3.00	        0.00	        0.00	        1.00	        2.00	        1.00
  0.45	        3.00	        0.00	        0.00	        1.00	        2.00	        1.00
  0.46	        3.00	        0.00	        0.00	        1.00	        2.00	        1.00
  0.47	        3.00	        0.00	        0.00	        1.00	        2.00	        1.00
  0.48	        3.00	        0.00	        0.00	        1.00	        2.00	        1.00
  0.49	        3.00	        0.00	        0.00	        1.00	        2.00	        1.00
  0.50	        3.00	        0.00	        0.00	        1.00	        2.00	        1.00
  0.51	        3.00	        0.00	        0.00	        1.00	        2.00	        1.00
  0.52	        3.00	        0.00	        0.00	        1.00	        2.00	        1.00
  0.53	        3.00	        0.00	        0.00	        1.00	        2.00	        1.00
  0.54	        3.00	        0.00	        0.00	        1.00	        2.00	        1.00
  0.55	        3.00	        0.00	        0.00	        1.00	        2.00	        1.00
  0.56	        3.00	        0.00	        0.00	        1.00	        2.00	        1.00
  0.57	        3.00	        0.00	        0.00	        1.00	        2.00	        1.00
  0.58	        3.00	        0.00	        0.00	        1.00	        2.00	        1.00
  0.59	        3.00	        0.00	        0.00	        1.00	        2.00	        1.00
  0.60	        3.00	        0.00	        0.00	        1.00	        2.00	        1.00
  0.61	        3.00	        0.00	        0.00	        1.00	        2.00	        1.00
  0.62	        3.00	        0.00	        0.00	        1.00	        2.00	        1.00
  0.63	        3.00	        0.00	        0.00	        1.00	        2.00	        1.00
  0.64	        3.00	        0.00	        0.00	        1.00	        2.00	        1.00
  0.65	        3.00	        0.00	        0.00	        1.00	        2.00	        1.00
  0.66	        3.00	        0.00	        0.00	        1.00	        2.00	        1.00
  0.67	        3.00	        0.00	        0.00	        1.00	        2.00	        1.00
  0.68	        3.00	        0.00	        0.00	        1.00	        2.00	        1.00
  0.69	        3.00	        0.00	        0.00	        1.00	        2.00	        1.00
  0.70	        3.00	        0.00	        0.00	        1.00	        2.00	        1.00
  0.71	        3.00	        0.00	        0.00	        1.00	        2.00	        1.00
  0.72	        3.00	        0.00	        0.00	        1.00	        2.00	        1.00
  0.73	        3.00	        0.00	        0.00	        1.00	        2.00	        1.00
  0.74	        3.00	        0.00	        0.00	        1.00	        2.00	        1.00
  0.75	        3.00	        0.00	        0.00	        1.00	        2.00	        1.00
  0.76	        3.00	        0.00	        0.00	        1.00	        2.00	        1.00
  0.77	        3.00	        0.00	        0.00	        1.00	        2.00	        1.00
  0.78	        3.00	        0.00	        0.00	        1.00	        2.00	        1.00
  0.79	        3.00	        0.00	        0.00	        1.00	        2.00	        1.00
  0.80	        4.00	        0.00	        0.00	        1.00	        3.00	        1.00
  0.81	        4.00	        0.00	        0.00	        1.00	        3.00	        1.00
  0.82	        4.00	        0.00	        0.00	        1.00	        3.00	        1.00
  0.83	        4.00	        0.00	        0.00	        1.00	        3.00	        1.00
  0.84	        4.00	        0.00	        0.00	        1.00	        3.00	        1.00
  0.85	        4.00	        0.00	        0.00	        1.00	        3.00	        1.00
  0.86	        5.00	        0.00	        0.00	        1.00	        4.00	        1.00
  0.87	        5.00	        0.00	        0.00	        1.00	        4.00	        1.00
  0.88	        5.00	        0.00	        0.00	        1.00	        4.00	        1.00
  0.89	        5.00	        0.00	        0.00	        1.00	        4.00	        1.00
  0.90	        5.00	        0.00	        0.00	        1.00	        4.00	        1.00
  0.91	        5.00	        0.00	        0.00	        1.00	        4.00	        1.00
  0.92	        5.00	        0.00	        0.00	        1.00	        4.00	        1.00
  0.93	        5.00	        0.00	        0.00	        1.00	        4.00	        1.00
  0.94	        5.00	        0.00	        0.00	        1.00	        4.00	        1.00
  0.95	        5.00	        0.00	        0.00	        1.00	        4.00	        1.00
  0.96	        5.00	        0.00	        0.00	        1.00	        4.00	        1.00
  0.97	        6.00	        0.00	        0.00	        1.00	        5.00	        1.00
  0.98	        6.00	        0.00	        0.00	        1.00	        5.00	        1.00
  0.99	        6.00	        0.00	        0.00	        1.00	        5.00	        1.00
  1.00	        6.00	        0.00	        0.00	        1.00	        5.00	        1.00
  1.01	        6.00	        0.00	        0.00	        1.00	        5.00	        1.00
  1.02	        6.00	        0.00	        0.00	        1.00	        5.00	        1.00
  1.03	        6.00	        0.00	        0.00	        1.00	        5.00	        1.00
  1.04	        6.00	        0.00	        0.00	        1.00	        5.00	        1.00
  1.05	        6.00	        0.00	        0.00	        1.00	        5.00	        1.00
  1.06	        6.00	        0.00	        0.00	        1.00	        5.00	        1.00
  1.07	        6.00	        0.00	        0.00	        1.00	        5.00	        1.00
  1.08	        6.00	        0.00	        0.00	        1.00	        5.00	        1.00
  1.09	        6.00	        0.00	        0.00	        1.00	        5.00	        1.00
  1.10	        6.00	        0.00	        0.00	        1.00	        5.00	        1.00
  1.11	        6.00	        0.00	        0.00	        1.00	        5.00	        1.00
  1.12	        6.00	        0.00	        0.00	        1.00	        5.00	        1.00
  1.13	        6.00	        0.00	        0.00	        1.00	        5.00	        1.00
  1.14	        6.00	        0.00	        0.00	        1.00	        5.00	        1.00
  1.15	        6.00	        0.00	        0.00	        1.00	        5.00	        1.00
  1.16	        6.00	        0.00	        0.00	        1.00	        5.00	        1.00
  1.17	        6.00	        0.00	        0.00	        1.00	        5.00	        1.00
  1.18	        6.00	        0.00	        0.00	        1.00	        5.00	        1.00
  1.19	        6.00	        0.00	        0.00	        1.00	        5.00	        1.00
  1.20	        6.00	        0.00	        0.00	        1.00	        5.00	        1.00
  1.21	        6.00	        0.00	        0.00	        1.00	        5.00	        1.00
  1.22	        6.00	        0.00	        0.00	        1.00	        5.00	        1.00
  1.23	        6.00	        0.00	        0.00	        1.00	        5.00	        1.00
  1.24	        6.00	        0.00	        0.00	        1.00	        5.00	        1.00
  1.25	        6.00	        0.00	        0.00	        1.00	        5.00	        1.00
  1.26	        6.00	        0.00	        0.00	        1.00	        5.00	        1.00
  1.27	        6.00	        0.00	        0.00	        1.00	        5.00	        1.00
  1.28	        6.00	        0.00	        0.00	        1.00	        5.00	        1.00
  1.29	        6.00	        0.00	        0.00	        1.00	        5.00	        1.00
  1.30	        6.00	        0.00	        0.00	        1.00	        5.00	        1.00
  1.31	        6.00	        0.00	        0.00	        1.00	        5.00	        1.00
  1.32	        6.00	        0.00	        0.00	        1.00	        5.00	        1.00
  1.33	        6.00	        0.00	        0.00	        1.00	        5.00	        1.00
  1.34	        6.00	        0.00	        0.00	        1.00	        5.00	        1.00
  1.35	        6.00	        0.00	        0.00	        1.00	        5.00	        1.00
  1.36	        6.00	        0.00	        0.00	        1.00	        5.00	        1.00
  1.37	        6.00	        0.00	        0.00	        1.00	        5.00	        1.00
  1.38	        6.00	        0.00	        0.00	        1.00	        5.00	        1.00
  1.39	        6.00	        0.00	        0.00	        1.00	        5.00	        1.00
  1.40	        6.00	        0.00	        0.00	        1.00	        5.00	        1.00
  1.41	        7.00	        0.00	        0.00	        1.00	        6.00	        1.00
  1.42	        7.00	        0.00	        0.00	        1.00	        6.00	        1.00
  1.43	        8.00	        0.00	        0.00	        1.00	        7.00	        1.00
  1.44	        8.00	        0.00	        0.00	        1.00	        7.00	        1.00
  1.45	        9.00	        0.00	        0.00	        1.00	        8.00	        1.00
  1.46	        9.00	        0.00	        0.00	        1.00	        8.00	        1.00
  1.47	        9.00	        0.00	        0.00	        1.00	        8.00	        1.00
  1.48	        9.00	        0.00	        0.00	        1.00	        8.00	        1.00
  1.49	        9.00	        0.00	        0.00	        1.00	        8.00	        1.00
  1.50	        9.00	        0.00	        0.00	        1.00	        8.00	        1.00
  1.51	       10.00	        0.00	        0.00	        1.00	        9.00	        1.00
  1.52	       10.00	        0.00	        0.00	        1.00	        9.00	        1.00
  1.53	       10.00	        0.00	        0.00	        1.00	        9.00	        1.00
  1.54	       11.00	        0.00	        0.00	        1.00	       10.00	        1.00
  1.55	       11.00	        0.00	        0.00	        1.00	       10.00	        1.00
  1.56	       11.00	        0.00	        0.00	        1.00	       10.00	        1.00
  1.57	       11.00	        0.00	        0.00	        1.00	       10.00	        1.00
  1.58	       11.00	        0.00	        0.00	        1.00	       10.00	        1.00
  1.59	       11.00	        0.00	        0.00	        1.00	       10.00	        1.00
  1.60	       11.00	        0.00	        0.00	        1.00	       10.00	        1.00
  1.61	       11.00	        0.00	        0.00	        1.00	       10.00	        1.00
  1.62	       11.00	        0.00	        0.00	        1.00	       10.00	        1.00
  1.63	       11.00	        0.00	        0.00	        1.00	       10.00	        1.00
  1.64	       11.00	        0.00	        0.00	        1.00	       10.00	        1.00
  1.65	       11.00	        0.00	        0.00	        1.00	       10.00	        1.00
  1.66	       11.00	        0.00	        0.00	        1.00	       10.00	        1.00
  1.67	       11.00	        0.00	        0.00	        1.00	       10.00	        1.00
  1.68	       12.00	        0.00	        0.00	        1.00	       11.00	        1.00
  1.69	       12.00	        0.00	        0.00	        1.00	       11.00	        1.00
  1.70	       12.00	        0.00	        0.00	        1.00	       11.00	        1.00
  1.71	       12.00	        0.00	        0.00	        1.00	       11.00	        1.00
  1.72	       12.00	        0.00	        0.00	        1.00	       11.00	        1.00
  1.73	       13.00	        0.00	        0.00	        1.00	       12.00	        1.00
  1.74	       13.00	        0.00	        0.00	        1.00	       12.00	        1.00
  1.75	       13.00	        0.00	        0.00	        1.00	       12.00	        1.00
  1.76	       14.00	        0.00	        0.00	        1.00	       13.00	        1.00
  1.77	       16.00	        0.00	        0.00	        1.00	       15.00	        1.00
  1.78	       17.00	        0.00	        0.00	        1.00	       16.00	        1.00
  1.79	       17.00	        0.00	        0.00	        1.00	       16.00	        1.00
  1.80	       17.00	        0.00	        0.00	        1.00	       16.00	        1.00
  1.81	       18.00	        0.00	        0.00	        1.00	       17.00	        1.00
  1.82	       18.00	        0.00	        0.00	        1.00	       17.00	        1.00
  1.83	       19.00	        0.00	        0.00	        1.00	       18.00	        1.00
  1.84	       19.00	        0.00	        0.00	        1.00	       18.00	        1.00
  1.85	       19.00	        0.00	        0.00	        1.00	       18.00	        1.00
  1.86	       19.00	        0.00	        0.00	        1.00	       18.00	        1.00
  1.87	       21.00	        0.00	        0.00	        1.00	       20.00	        1.00
  1.88	       21.00	        0.00	        0.00	        1.00	       20.00	        1.00
  1.89	       21.00	        0.00	        0.00	        1.00	       20.00	        1.00
  1.90	       21.00	        0.00	        0.00	        1.00	       20.00	        1.00
  1.91	       22.00	        0.00	        0.00	        1.00	       21.00	        1.00
  1.92	       23.00	        0.00	        0.00	        1.00	       22.00	        1.00
  1.93	       23.00	        0.00	        0.00	        1.00	       22.00	        1.00
  1.94	       25.00	        0.00	        0.00	        1.00	       24.00	        1.00
  1.95	       27.00	        0.00	        0.00	        1.00	       26.00	        1.00
  1.96	       27.00	        0.00	        0.00	        1.00	       26.00	        1.00
  1.97	       28.00	        0.00	        0.00	        1.00	       27.00	        1.00
  1.98	       28.00	        0.00	        0.00	        1.00	       27.00	        1.00
  1.99	       28.00	        0.00	        0.00	        1.00	       27.00	        1.00
  2.00	       29.00	        0.00	        0.00	        1.00	       28.00	        1.00
  2.01	       29.00	        0.00	        0.00	        1.00	       28.00	        1.00
  2.02	       29.00	        0.00	        0.00	        1.00	       28.00	        1.00
  2.03	       30.00	        0.00	        0.00	        1.00	       29.00	        1.00
  2.04	       30.00	        0.00	        0.00	        1.00	       29.00	        1.00
  2.05	       30.00	        0.00	        0.00	        1.00	       29.00	        1.00
  2.06	       31.00	        0.00	        0.00	        1.00	       30.00	        1.00
  2.07	       31.00	        0.00	        0.00	        1.00	       30.00	        1.00
  2.08	       31.00	        0.00	        0.00	        1.00	       30.00	        1.00
  2.09	       31.00	        0.00	        0.00	        1.00	       30.00	        1.00
  2.10	       31.00	        0.00	        0.00	        1.00	       30.00	        1.00
  2.11	       31.00	        0.00	        0.00	        1.00	       30.00	        1.00
  2.12	       31.00	        0.00	        0.00	        1.00	       30.00	        1.00
  2.13	       31.00	        0.00	        0.00	        1.00	       30.00	        1.00
  2.14	       31.00	        0.00	        0.00	        1.00	       30.00	        1.00
  2.15	       33.00	        0.00	        0.00	        1.00	       32.00	        1.00
  2.16	       33.00	        0.00	        0.00	        1.00	       32.00	        1.00
  2.17	       35.00	        0.00	        0.00	        1.00	       34.00	        1.00
  2.18	       35.00	        0.00	        0.00	        1.00	       34.00	        1.00
  2.19	       35.00	        0.00	        0.00	        1.00	       34.00	        1.00
  2.20	       35.00	        0.00	        0.00	        1.00	       34.00	        1.00
  2.21	       35.00	        0.00	        0.00	        1.00	       34.00	        1.00
  2.22	       35.00	        0.00	        0.00	        1.00	       34.00	        1.00
  2.23	       35.00	        0.00	        0.00	        1.00	       34.00	        1.00
  2.24	       35.00	        0.00	        0.00	        1.00	       34.00	        1.00
  2.25	       37.00	        0.00	        0.00	        1.00	       36.00	        1.00
  2.26	       37.00	        0.00	        0.00	        1.00	       36.00	        1.00
  2.27	       37.00	        0.00	        0.00	        1.00	       36.00	        1.00
  2.28	       38.00	        0.00	        0.00	        1.00	       37.00	        1.00
  2.29	       39.00	        0.00	        0.00	        1.00	       38.00	        1.00
  2.30	       39.00	        0.00	        0.00	        1.00	       38.00	        1.00
  2.31	       40.00	        0.00	        0.00	        1.00	       39.00	        1.00
  2.32	       40.00	        0.00	        0.00	        1.00	       39.00	        1.00
  2.33	       40.00	        0.00	        0.00	        1.00	       39.00	        1.00
  2.34	       40.00	        0.00	        0.00	        1.00	       39.00	        1.00
  2.35	       40.00	        0.00	        0.00	        1.00	       39.00	        1.00
  2.36	       40.00	        0.00	        0.00	        1.00	       39.00	        1.00
  2.37	       41.00	        0.00	        0.00	        1.00	       40.00	        1.00
  2.38	       41.00	        0.00	        0.00	        1.00	       40.00	        1.00
  2.39	       42.00	        0.00	        0.00	        1.00	       41.00	        1.00
  2.40	       45.00	        0.00	        0.00	        1.00	       44.00	        1.00
  2.41	       45.00	        0.00	        0.00	        1.00	       44.00	        1.00
  2.42	       45.00	        0.00	        0.00	        1.00	       44.00	        1.00
  2.43	       46.00	        0.00	        0.00	        1.00	       45.00	        1.00
  2.44	       48.00	        0.00	        0.00	        1.00	       47.00	        1.00
  2.45	       49.00	        0.00	        0.00	        1.00	       48.00	        1.00
  2.46	       49.00	        0.00	        0.00	        1.00	       48.00	        1.00
  2.47	       49.00	        0.00	        0.00	        1.00	       48.00	        1.00
  2.48	       51.00	        0.00	        0.00	        1.00	       50.00	        1.00
  2.49	       51.00	        0.00	        0.00	        1.00	       50.00	        1.00
  2.50	       51.00	        0.00	        0.00	        1.00	       50.00	        1.00
  2.51	       52.00	        0.00	        0.00	        1.00	       51.00	        1.00
  2.52	       54.00	        0.00	        0.00	        1.00	       53.00	        1.00
  2.53	       55.00	        0.00	        0.00	        1.00	       54.00	        1.00
  2.54	       55.00	        0.00	        0.00	        1.00	       54.00	        1.00
  2.55	       55.00	        0.00	        0.00	        1.00	       54.00	        1.00
  2.56	       55.00	        0.00	        0.00	        1.00	       54.00	        1.00
  2.57	       55.00	        0.00	        0.00	        1.00	       54.00	        1.00
  2.58	       55.00	        0.00	        0.00	        1.00	       54.00	        1.00
  2.59	       55.00	        0.00	        0.00	        1.00	       54.00	        1.00
  2.60	       56.00	        0.00	        0.00	        1.00	       55.00	        1.00
  2.61	       56.00	        0.00	        0.00	        1.00	       55.00	        1.00
  2.62	       58.00	        0.00	        0.00	        1.00	       57.00	        1.00
  2.63	       60.00	        0.00	        0.00	        1.00	       59.00	        1.00
  2.64	       63.00	        0.00	        0.00	        1.00	       62.00	        1.00
  2.65	       64.00	        0.00	        0.00	        1.00	       63.00	        1.00
  2.66	       66.00	        0.00	        0.00	        1.00	       65.00	        1.00
  2.67	       66.00	        0.00	        0.00	        1.00	       65.00	        1.00
  2.68	       67.00	        0.00	        0.00	        1.00	       66.00	        1.00
  2.69	       68.00	        0.00	        0.00	        1.00	       67.00	        1.00
  2.70	       68.00	        0.00	        0.00	        1.00	       67.00	        1.00
  2.71	       70.00	        0.00	        0.00	        1.00	       69.00	        1.00
  2.72	       71.00	        0.00	        0.00	        1.00	       70.00	        1.00
  2.73	       71.00	        0.00	        0.00	        1.00	       70.00	        1.00
  2.74	       72.00	        0.00	        0.00	        1.00	       71.00	        1.00
  2.75	       74.00	        0.00	        0.00	        1.00	       73.00	        1.00
  2.76	       75.00	        0.00	        0.00	        1.00	       74.00	        1.00
  2.77	       75.00	        0.00	        0.00	        1.00	       74.00	        1.00
  2.78	       75.00	        0.00	        0.00	        1.00	       74.00	        1.00
  2.79	       77.00	        0.00	        0.00	        1.00	       76.00	        1.00
  2.80	       78.00	        0.00	        0.00	        1.00	       77.00	        1.00
  2.81	       79.00	        0.00	        0.00	        1.00	       78.00	        1.00
  2.82	       80.00	        0.00	        0.00	        1.00	       79.00	        1.00
  2.83	       81.00	        0.00	        0.00	        1.00	       80.00	        1.00
  2.84	       82.00	        0.00	        0.00	        1.00	       81.00	        1.00
  2.85	       84.00	        0.00	        0.00	        1.00	       83.00	        1.00
  2.86	       84.00	        0.00	        0.00	        1.00	       83.00	        1.00
  2.87	       88.00	        0.00	        0.00	        1.00	       87.00	        1.00
  2.88	       90.00	        0.00	        0.00	        1.00	       89.00	        1.00
  2.89	       90.00	        0.00	        0.00	        1.00	       89.00	        1.00
  2.90	       92.00	        0.00	        0.00	        1.00	       91.00	        1.00
  2.91	       95.00	        0.00	        0.00	        1.00	       94.00	        1.00
  2.92	       98.00	        0.00	        0.00	        1.00	       97.00	        1.00
  2.93	      102.00	        0.00	        0.00	        1.00	      101.00	        1.00
  2.94	      103.00	        0.00	        0.00	        1.00	      102.00	        1.00
  2.95	      105.00	        0.00	        0.00	        1.00	      104.00	        1.00
  2.96	      107.00	        0.00	        0.00	        1.00	      106.00	        1.00
  2.97	      108.00	        0.00	        0.00	        1.00	      107.00	        1.00
  2.98	      111.00	        0.00	        0.00	        1.00	      110.00	        1.00
  2.99	      112.00	        0.00	        0.00	        1.00	      111.00	        1.00
  3.00	      115.00	        0.00	   599999.00	        1.00	      114.00	        1.00
  3.01	      115.00	        0.00	   599981.00	        1.00	      114.00	        1.00
  3.02	      119.00	        0.00	   599966.00	        1.00	      118.00	        1.00
  3.03	      123.00	        0.00	   599952.00	        1.00	      122.00	        1.00
  3.04	      129.00	        0.00	   599924.00	        1.00	      128.00	        1.00
  3.05	      132.00	        0.00	   599909.00	        1.00	      131.00	        1.00
  3.06	      136.00	        0.00	   599898.00	        1.00	      135.00	        1.00
  3.07	      138.00	        0.00	   599885.00	        1.00	      137.00	        1.00
  3.08	      141.00	        0.00	   599872.00	        1.00	      140.00	        1.00
  3.09	      142.00	        0.00	   599853.00	        1.00	      141.00	        1.00
  3.10	      144.00	        0.00	   599837.00	        1.00	      143.00	        1.00
  3.11	      145.00	        0.00	   599822.00	        1.00	      144.00	        1.00
  3.12	      147.00	        0.00	   599797.00	        1.00	      146.00	        1.00
  3.13	      149.00	        0.00	   599773.00	        1.00	      148.00	        1.00
  3.14	      154.00	        0.00	   599759.00	        1.00	      153.00	        1.00
  3.15	      157.00	        0.00	   599730.00	        1.00	      156.00	        1.00
  3.16	      159.00	        0.00	   599705.00	        1.00	      158.00	        1.00
  3.17	      160.00	        0.00	   599692.00	        1.00	      159.00	        1.00
  3.18	      161.00	        0.00	   599676.00	        1.00	      160.00	        1.00
  3.19	      165.00	        0.00	   599657.00	        1.00	      164.00	        1.00
  3.20	      167.00	        0.00	   599639.00	        1.00	      166.00	        1.00
  3.21	      169.00	        0.00	   599619.00	        1.00	      168.00	        1.00
  3.22	      170.00	        0.00	   599597.00	        1.00	      169.00	        1.00
  3.23	      173.00	        0.00	   599582.00	        1.00	      172.00	        1.00
  3.24	      176.00	        0.00	   599562.00	        1.00	      175.00	        1.00
  3.25	      176.00	        0.00	   599542.00	        1.00	      175.00	        1.00
  3.26	      182.00	        0.00	   599528.00	        1.00	      181.00	        1.00
  3.27	      185.00	        0.00	   599504.00	        1.00	      184.00	        1.00
  3.28	      191.00	        0.00	   599485.00	        1.00	      190.00	        1.00
  3.29	      193.00	        0.00	   599465.00	        1.00	      192.00	        1.00
  3.30	      197.00	        0.00	   599446.00	        1.00	      196.00	        1.00
  3.31	      201.00	        0.00	   599439.00	        1.00	      200.00	        1.00
  3.32	      207.00	        0.00	   599419.00	        1.00	      206.00	        1.00
  3.33	      210.00	        1.00	   599399.00	        1.00	      210.00	        1.00
  3.34	      215.00	        1.00	   599388.00	        1.00	      215.00	        1.00
  3.35	      217.00	        2.00	   599370.00	        1.00	      218.00	        1.00
  3.36	      221.00	        2.00	   599355.00	        1.00	      222.00	        1.00
  3.37	      228.00	        2.00	   599335.00	        1.00	      229.00	        1.00
  3.38	      233.00	        2.00	   599313.00	        1.00	      234.00	        1.00
  3.39	      236.00	        2.00	   599293.00	        1.00	      237.00	        1.00
  3.40	      245.00	        2.00	   599264.00	        1.00	      246.00	        1.00
  3.41	      251.00	        2.00	   599241.00	        1.00	      252.00	        1.00
  3.42	      256.00	        2.00	   599224.00	        1.00	      257.00	        1.00
  3.43	      259.00	        2.00	   599206.00	        1.00	      260.00	        1.00
  3.44	      264.00	        2.00	   599188.00	        1.00	      265.00	        1.00
  3.45	      272.00	        2.00	   599166.00	        1.00	      273.00	        1.00
  3.46	      275.00	        2.00	   599144.00	        1.00	      276.00	        1.00
  3.47	      280.00	        2.00	   599130.00	        1.00	      281.00	        1.00
  3.48	      284.00	        2.00	   599118.00	        1.00	      285.00	        1.00
  3.49	      293.00	        2.00	   599098.00	        1.00	      294.00	        1.00
  3.50	      296.00	        3.00	   599083.00	        1.00	      298.00	        1.00
  3.51	      299.00	        3.00	   599069.00	        1.00	      301.00	        1.00
  3.52	      306.00	        3.00	   599044.00	        1.00	      308.00	        1.00
  3.53	      311.00	        3.00	   599018.00	        1.00	      313.00	        1.00
  3.54	      316.00	        3.00	   598999.00	        1.00	      318.00	        1.00
  3.55	      322.00	        3.00	   598983.00	        1.00	      324.00	        1.00
  3.56	      326.00	        3.00	   598961.00	        1.00	      328.00	        1.00
  3.57	      329.00	        3.00	   598944.00	        1.00	      331.00	        1.00
  3.58	      331.00	        3.00	   598929.00	        1.00	      333.00	        1.00
  3.59	      333.00	        3.00	   598909.00	        1.00	      335.00	        1.00
  3.60	      336.00	        3.00	   598889.00	        1.00	      338.00	        1.00
  3.61	      345.00	        4.00	   598866.00	        1.00	      348.00	        1.00
  3.62	      348.00	        8.00	   598846.00	        1.00	      355.00	        1.00
  3.63	      357.00	        8.00	   598825.00	        1.00	      364.00	        1.00
  3.64	      358.00	       11.00	   598800.00	        1.00	      368.00	        1.00
  3.65	      366.00	       11.00	   598779.00	        1.00	      376.00	        1.00
  3.66	      371.00	       11.00	   598758.00	        1.00	      381.00	        1.00
  3.67	      384.00	       11.00	   598735.00	        1.00	      394.00	        1.00
  3.68	      389.00	       12.00	   598711.00	        1.00	      400.00	        1.00
  3.69	      393.00	       12.00	   598689.00	        1.00	      404.00	        1.00
  3.70	      394.00	       13.00	   598666.00	        1.00	      406.00	        1.00
  3.71	      401.00	       13.00	   598649.00	        1.00	      413.00	        1.00
  3.72	      410.00	       13.00	   598631.00	        1.00	      422.00	        1.00
  3.73	      419.00	       13.00	   598617.00	        1.00	      431.00	        1.00
  3.74	      420.00	       15.00	   598600.00	        1.00	      434.00	        1.00
  3.75	      423.00	       19.00	   598582.00	        1.00	      441.00	        1.00
  3.76	      427.00	       19.00	   598562.00	        1.00	      445.00	        1.00
  3.77	      432.00	       19.00	   598537.00	        1.00	      450.00	        1.00
  3.78	      438.00	       23.00	   598519.00	        1.00	      460.00	        1.00
  3.79	      443.00	       23.00	   598505.00	        1.00	      465.00	        1.00
  3.80	      450.00	       23.00	   598478.00	        1.00	      472.00	        1.00
  3.81	      459.00	       23.00	   598460.00	        1.00	      481.00	        1.00
  3.82	      461.00	       25.00	   598443.00	        1.00	      485.00	        1.00
  3.83	      465.00	       27.00	   598429.00	        1.00	      491.00	        1.00
  3.84	      473.00	       27.00	   598400.00	        1.00	      499.00	        1.00
  3.85	      484.00	       27.00	   598388.00	        1.00	      510.00	        1.00
  3.86	      482.00	       31.00	   598366.00	        1.00	      512.00	        1.00
  3.87	      495.00	       32.00	   598350.00	        1.00	      526.00	        1.00
  3.88	      499.00	       35.00	   598331.00	        1.00	      533.00	        1.00
  3.89	      503.00	       37.00	   598316.00	        1.00	      539.00	        1.00
  3.90	      513.00	       38.00	   598305.00	        1.00	      550.00	        1.00
  3.91	      517.00	       40.00	   598279.00	        1.00	      556.00	        1.00
  3.92	      528.00	       44.00	   598254.00	        1.00	      571.00	        1.00
  3.93	      517.00	       59.00	   598615.00	        1.00	      576.00	        1.00
  3.94	      507.00	       81.00	   598571.00	        1.00	      588.00	        1.00
  3.95	      507.00	       89.00	   598542.00	        1.00	      596.00	        1.00
  3.96	      501.00	      107.00	   598507.00	        1.00	      608.00	        1.00
  3.97	      489.00	      122.00	   598470.00	        1.00	      611.00	        1.00
  3.98	      480.00	      137.00	   598436.00	        1.00	      617.00	        1.00
  3.99	      478.00	      147.00	   598412.00	        1.00	      625.00	        1.00
  4.00	      476.00	      152.00	   598382.00	        1.00	      628.00	        1.00
  4.01	      478.00	      162.00	   598345.00	        1.00	      640.00	        1.00
  4.02	      481.00	      171.00	   598314.00	        1.00	      652.00	        1.00
  4.03	      477.00	      180.00	   598283.00	        1.00	      657.00	        1.00
  4.04	      478.00	      184.00	   598256.00	        1.00	      662.00	        1.00
  4.05	      479.00	      191.00	   598226.00	        1.00	      670.00	        1.00
  4.06	      483.00	      194.00	   598200.00	        1.00	      677.00	        1.00
  4.07	      491.00	      196.00	   598175.00	        1.00	      687.00	        1.00
  4.08	      483.00	      209.00	   598132.00	        1.00	      692.00	        1.00
  4.09	      490.00	      211.00	   598103.00	        1.00	      701.00	        1.00
  4.10	      499.00	      215.00	   598083.00	        1.00	      714.00	        1.00
  4.11	      505.00	      218.00	   598065.00	        1.00	      723.00	        1.00
  4.12	      507.00	      226.00	   598040.00	        1.00	      733.00	        1.00
  4.13	      514.00	      229.00	   598001.00	        1.00	      743.00	        1.00
  4.14	      513.00	      236.00	   597976.00	        1.00	      749.00	        1.00
  4.15	      510.00	      243.00	   597956.00	        1.00	      753.00	        1.00
  4.16	      518.00	      245.00	   597934.00	        1.00	      763.00	        1.00
  4.17	      520.00	      249.00	   597906.00	        1.00	      769.00	        1.00
  4.18	      523.00	      252.00	   597875.00	        1.00	      775.00	        1.00
  4.19	      515.00	      265.00	   598236.00	        1.00	      781.00	        1.00
  4.20	      505.00	      282.00	   598195.00	        1.00	      788.00	        1.00
  4.21	      464.00	      327.00	   598506.00	        1.00	      793.00	        1.00
  4.22	      447.00	      349.00	   598430.00	        1.00	      798.00	        1.00
  4.23	      426.00	      374.00	   598364.00	        1.00	      802.00	        1.00
  4.24	      409.00	      395.00	   598307.00	        1.00	      806.00	        1.00
  4.25	      402.00	      412.00	   598251.00	        1.00	      816.00	        1.00
  4.26	      395.00	      425.00	   598207.00	        1.00	      822.00	        1.00
  4.27	      386.00	      436.00	   598170.00	        1.00	      824.00	        1.00
  4.28	      373.00	      452.00	   598124.00	        1.00	      827.00	        1.00
  4.29	      353.00	      477.00	   598458.00	        1.00	      833.00	        1.00
  4.30	      335.00	      501.00	   598388.00	        1.00	      839.00	        1.00
  4.31	      321.00	      520.00	   598312.00	        1.00	      844.00	        1.00
  4.32	      316.00	      528.00	   598262.00	        1.00	      847.00	        1.00
  4.33	      310.00	      536.00	   598217.00	        1.00	      849.00	        1.00
  4.34	      301.00	      547.00	   598567.00	        1.00	      852.00	        1.00
  4.35	      282.00	      571.00	   598878.00	        1.00	      858.00	        1.00
  4.36	      248.00	      607.00	   598752.00	        1.00	      860.00	        1.00
  4.37	      225.00	      634.00	   598650.00	        1.00	      864.00	        1.00
  4.38	      213.00	      648.00	   598568.00	        1.00	      866.00	        1.00
  4.39	      209.00	      658.00	   598504.00	        1.00	      872.00	        1.00
  4.40	      195.00	      675.00	   598427.00	        1.00	      875.00	        1.00
  4.41	      177.00	      694.00	   598730.00	        1.00	      877.00	        1.00
  4.42	      170.00	      704.00	   598640.00	        1.00	      880.00	        1.00
  4.43	      167.00	      710.00	   598567.00	        1.00	      883.00	        1.00
  4.44	      159.00	      719.00	   598899.00	        1.00	      885.00	        1.00
  4.45	      148.00	      734.00	   599185.00	        1.00	      890.00	        1.00
  4.46	      130.00	      754.00	   599046.00	        1.00	      892.00	        1.00
  4.47	      122.00	      765.00	   599314.00	        1.00	      896.00	        1.00
  4.48	      111.00	      777.00	   599949.00	        1.00	      899.00	        1.00
  4.49	       97.00	      792.00	   599742.00	        1.00	      900.00	        1.00
  4.50	       80.00	      809.00	   599559.00	        1.00	      900.00	        1.00
  4.51	       69.00	      820.00	   599419.00	        1.00	      900.00	        1.00
  4.52	       56.00	      834.00	   599660.00	        1.00	      902.00	        1.00
  4.53	       52.00	      838.00	   599518.00	        1.00	      902.00	        1.00
  4.54	       50.00	      839.00	   599774.00	        1.00	      902.00	        1.00
  4.55	       45.00	      845.00	   599643.00	        1.00	      903.00	        1.00
  4.56	       47.00	      846.00	   599510.00	        1.00	      906.00	        1.00
  4.57	       41.00	      852.00	   599409.00	        1.00	      906.00	        1.00
  4.58	       38.00	      854.00	   600084.00	        1.00	      907.00	        1.00
  4.59	       31.00	      861.00	   599921.00	        1.00	      907.00	        1.00
  4.60	       29.00	      864.00	   599784.00	        1.00	      908.00	        1.00
  4.61	       27.00	      867.00	   599671.00	        1.00	      909.00	        1.00
  4.62	       22.00	      871.00	   600312.00	        1.00	      910.00	        1.00
  4.63	       20.00	      874.00	   600151.00	        1.00	      911.00	        1.00
  4.64	       16.00	      875.00	   601143.00	        1.00	      911.00	        1.00
  4.65	       14.00	      875.00	   602050.00	        1.00	      912.00	        1.00
  4.66	       12.00	      877.00	   602111.00	        1.00	      913.00	        1.00
  4.67	        8.00	      882.00	   601800.00	        1.00	      914.00	        1.00
  4.68	        8.00	      881.00	   602338.00	        1.00	      915.00	        1.00
  4.69	        7.00	      880.00	   603193.00	        1.00	      916.00	        1.00
  4.70	        4.00	      881.00	   603590.00	        1.00	      916.00	        1.00
  4.71	        3.00	      880.00	   603966.00	        1.00	      916.00	        1.00
  4.72	        2.00	      881.00	   603584.00	        1.00	      916.00	        1.00
  4.73	        2.00	      880.00	   603656.00	        1.00	      916.00	        1.00
  4.74	        1.00	      879.00	   604108.00	        1.00	      916.00	        1.00
  4.75	        0.00	      879.00	   604144.00	        0.00	      916.00	        1.00
  4.76	        0.00	      875.00	   605330.00	        0.00	      916.00	        1.00
  4.77	        0.00	      872.00	   606050.00	        0.00	      916.00	        1.00
  4.78	        0.00	      867.00	   607500.00	        0.00	      916.00	        1.00
  4.79	        0.00	      866.00	   607337.00	        0.00	      916.00	        1.00
  4.80	        0.00	      863.00	   607934.00	        0.00	      916.00	        1.00
  4.81	        0.00	      862.00	   607698.00	        0.00	      916.00	        1.00
  4.82	        0.00	      861.00	   607587.00	        0.00	      916.00	        1.00
  4.83	        0.00	      858.00	   608253.00	        0.00	      916.00	        1.00
  4.84	        0.00	      858.00	   607784.00	        0.00	      916.00	        1.00
  4.85	        0.00	      853.00	   609246.00	        0.00	      916.00	        1.00
  4.86	        0.00	      851.00	   609503.00	        0.00	      916.00	        1.00
  4.87	        0.00	      848.00	   610113.00	        0.00	      916.00	        1.00
  4.88	        0.00	      843.00	   611439.00	        0.00	      916.00	        1.00
  4.89	        0.00	      840.00	   611915.00	        0.00	      916.00	        1.00
  4.90	        0.00	      839.00	   611576.00	        0.00	      916.00	        1.00
  4.91	        0.00	      835.00	   612381.00	        0.00	      916.00	        1.00
  4.92	        0.00	      825.00	   615497.00	        0.00	      916.00	        1.00
  4.93	        0.00	      822.00	   615702.00	        0.00	      916.00	        1.00
  4.94	        0.00	      821.00	   615084.00	        0.00	      916.00	        1.00
  4.95	        0.00	      818.00	   615314.00	        0.00	      916.00	        1.00
  4.96	        0.00	      813.00	   616357.00	        0.00	      916.00	        1.00
  4.97	        0.00	      809.00	   616932.00	        0.00	      916.00	        1.00
  4.98	        0.00	      808.00	   616311.00	        0.00	      916.00	        1.00
  4.99	        0.00	      803.00	   617348.00	        0.00	      916.00	        1.00
  5.00	        0.00	      801.00	   617219.00	        0.00	      916.00	        1.00
  5.01	        0.00	      795.00	   618645.00	        0.00	      916.00	        1.00
  5.02	        0.00	      787.00	   620712.00	        0.00	      916.00	        1.00
  5.03	        0.00	      779.00	   622625.00	        0.00	      916.00	        1.00
  5.04	        0.00	      770.00	   624801.00	        0.00	      916.00	        1.00
  5.05	        0.00	      763.00	   626088.00	        0.00	      916.00	        1.00
  5.06	        0.00	      754.00	   628079.00	        0.00	      916.00	        1.00
  5.07	        0.00	      748.00	   628838.00	        0.00	      916.00	        1.00
  5.08	        0.00	      742.00	   629559.00	        0.00	      916.00	        1.00
  5.09	        0.00	      738.00	   629497.00	        0.00	      916.00	        1.00
  5.10	        0.00	      731.00	   630582.00	        0.00	      916.00	        1.00
  5.11	        0.00	      722.00	   632461.00	        0.00	      916.00	        1.00
  5.12	        0.00	      710.00	   635531.00	        0.00	      916.00	        1.00
  5.13	        0.00	      699.00	   637972.00	        0.00	      916.00	        1.00
  5.14	        0.00	      694.00	   638022.00	        0.00	      916.00	        1.00
  5.15	        0.00	      690.00	   637719.00	        0.00	      916.00	        1.00
  5.16	        0.00	      683.00	   638654.00	        0.00	      916.00	        1.00
  5.17	        0.00	      677.00	   639241.00	        0.00	      916.00	        1.00
  5.18	        0.00	      672.00	   639471.00	        0.00	      916.00	        1.00
  5.19	        0.00	      667.00	   639782.00	        0.00	      916.00	        1.00
  5.20	        0.00	      652.00	   643868.00	        0.00	      916.00	        1.00
  5.21	        0.00	      639.00	   647016.00	        0.00	      916.00	        1.00
  5.22	        0.00	      626.00	   650032.00	        0.00	      916.00	        1.00
  5.23	        0.00	      615.00	   652258.00	        0.00	      916.00	        1.00
  5.24	        0.00	      610.00	   652014.00	        0.00	      916.00	        1.00
  5.25	        0.00	      603.00	   652725.00	        0.00	      916.00	        1.00
  5.26	        0.00	      595.00	   653849.00	        0.00	      916.00	        1.00
  5.27	        0.00	      589.00	   654276.00	        0.00	      916.00	        1.00
  5.28	        0.00	      582.00	   655069.00	        0.00	      916.00	        1.00
  5.29	        0.00	      577.00	   655143.00	        0.00	      916.00	        1.00
  5.30	        0.00	      570.00	   656169.00	        0.00	      916.00	        1.00
  5.31	        0.00	      560.00	   658293.00	        0.00	      916.00	        1.00
  5.32	        0.00	      555.00	   658455.00	        0.00	      916.00	        1.00
  5.33	        0.00	      543.00	   661283.00	        0.00	      916.00	        1.00
  5.34	        0.00	      537.00	   661771.00	        0.00	      916.00	        1.00
  5.35	        0.00	      527.00	   663845.00	        0.00	      916.00	        1.00
  5.36	        0.00	      519.00	   665116.00	        0.00	      916.00	        1.00
  5.37	        0.00	      512.00	   666007.00	        0.00	      916.00	        1.00
  5.38	        0.00	      503.00	   667695.00	        0.00	      916.00	        1.00
  5.39	        0.00	      488.00	   671770.00	        0.00	      916.00	        1.00
  5.40	        0.00	      479.00	   673351.00	        0.00	      916.00	        1.00
  5.41	        0.00	      470.00	   674940.00	        0.00	      916.00	        1.00
  5.42	        0.00	      459.00	   677383.00	        0.00	      916.00	        1.00
  5.43	        0.00	      448.00	   679720.00	        0.00	      916.00	        1.00
  5.44	        0.00	      435.00	   682838.00	        0.00	      916.00	        1.00
  5.45	        0.00	      430.00	   682900.00	        0.00	      916.00	        1.00
  5.46	        0.00	      418.00	   685785.00	        0.00	      916.00	        1.00
  5.47	        0.00	      413.00	   685856.00	        0.00	      916.00	        1.00
  5.48	        0.00	      401.00	   688662.00	        0.00	      916.00	        1.00
  5.49	        0.00	      392.00	   690257.00	        0.00	      916.00	        1.00
  5.50	        0.00	      385.00	   691214.00	        0.00	      916.00	        1.00
  5.51	        0.00	      379.00	   691776.00	        0.00	      916.00	        1.00
  5.52	        0.00	      369.00	   694030.00	        0.00	      916.00	        1.00
  5.53	        0.00	      362.00	   695081.00	        0.00	      916.00	        1.00
  5.54	        0.00	      355.00	   696144.00	        0.00	      916.00	        1.00
  5.55	        0.00	      354.00	   694911.00	        0.00	      916.00	        1.00
  5.56	        0.00	      343.00	   697761.00	        0.00	      916.00	        1.00
  5.57	        0.00	      335.00	   699359.00	        0.00	      916.00	        1.00
  5.58	        0.00	      327.00	   701007.00	        0.00	      916.00	        1.00
  5.59	        0.00	      323.00	   701081.00	        0.00	      916.00	        1.00
  5.60	        0.00	      315.00	   702826.00	        0.00	      916.00	        1.00
  5.61	        0.00	      312.00	   702561.00	        0.00	      916.00	        1.00
  5.62	        0.00	      306.00	   703529.00	        0.00	      916.00	        1.00
  5.63	        0.00	      299.00	   704927.00	        0.00	      916.00	        1.00
  5.64	        0.00	      294.00	   705549.00	        0.00	      916.00	        1.00
  5.65	        0.00	      286.00	   707397.00	        0.00	      916.00	        1.00
  5.66	        0.00	      280.00	   708500.00	        0.00	      916.00	        1.00
  5.67	        0.00	      273.00	   710072.00	        0.00	      916.00	        1.00
  5.68	        0.00	      265.00	   711993.00	        0.00	      916.00	        1.00
  5.69	        0.00	      254.00	   715147.00	        0.00	      916.00	        1.00
  5.70	        0.00	      245.00	   717506.00	        0.00	      916.00	        1.00
  5.71	        0.00	      237.00	   719493.00	        0.00	      916.00	        1.00
  5.72	        0.00	      232.00	   720339.00	        0.00	      916.00	        1.00
  5.73	        0.00	      227.00	   721219.00	        0.00	      916.00	        1.00
  5.74	        0.00	      218.00	   723699.00	        0.00	      916.00	        1.00
  5.75	        0.00	      211.00	   725382.00	        0.00	      916.00	        1.00
  5.76	        0.00	      207.00	   725905.00	        0.00	      916.00	        1.00
  5.77	        0.00	      205.00	   725690.00	        0.00	      916.00	        1.00
  5.78	        0.00	      200.00	   726748.00	        0.00	      916.00	        1.00
  5.79	        0.00	      194.00	   728215.00	        0.00	      916.00	        1.00
  5.80	        0.00	      187.00	   730150.00	        0.00	      916.00	        1.00
  5.81	        0.00	      176.00	   733627.00	        0.00	      916.00	        1.00
  5.82	        0.00	      172.00	   734289.00	        0.00	      916.00	        1.00
  5.83	        0.00	      169.00	   734627.00	        0.00	      916.00	        1.00
  5.84	        0.00	      162.00	   736595.00	        0.00	      916.00	        1.00
  5.85	        0.00	      159.00	   737012.00	        0.00	      916.00	        1.00
  5.86	        0.00	      155.00	   737849.00	        0.00	      916.00	        1.00
  5.87	        0.00	      148.00	   739956.00	        0.00	      916.00	        1.00
  5.88	        0.00	      139.00	   742816.00	        0.00	      916.00	        1.00
  5.89	        0.00	      136.00	   743299.00	        0.00	      916.00	        1.00
  5.90	        0.00	      130.00	   745004.00	        0.00	      916.00	        1.00
  5.91	        0.00	      130.00	   744388.00	        0.00	      916.00	        1.00
  5.92	        0.00	      126.00	   745355.00	        0.00	      916.00	        1.00
  5.93	        0.00	      123.00	   745968.00	        0.00	      916.00	        1.00
  5.94	        0.00	      120.00	   746645.00	        0.00	      916.00	        1.00
  5.95	        0.00	      119.00	   746463.00	        0.00	      916.00	        1.00
  5.96	        0.00	      116.00	   747136.00	        0.00	      916.00	        1.00
  5.97	        0.00	      111.00	   748634.00	        0.00	      916.00	        1.00
  5.98	        0.00	      103.00	   751347.00	        0.00	      916.00	        1.00
  5.99	        0.00	       98.00	   752883.00	        0.00	      916.00	        1.00
  6.00	        0.00	       97.00	   752831.00	        0.00	      916.00	        1.00
  6.01	        0.00	       94.00	   753579.00	        0.00	      916.00	        1.00
  6.02	        0.00	       90.00	   754736.00	        0.00	      916.00	        1.00
  6.03	        0.00	       87.00	   755568.00	        0.00	      916.00	        1.00
  6.04	        0.00	       87.00	   755180.00	        0.00	      916.00	        1.00
  6.05	        0.00	       83.00	   756401.00	        0.00	      916.00	        1.00
  6.06	        0.00	       80.00	   757238.00	        0.00	      916.00	        1.00
  6.07	        0.00	       80.00	   756892.00	        0.00	      916.00	        1.00
  6.08	        0.00	       79.00	   756947.00	        0.00	      916.00	        1.00
  6.09	        0.00	       78.00	   757020.00	        0.00	      916.00	        1.00
  6.10	        0.00	       74.00	   758297.00	        0.00	      916.00	        1.00
  6.11	        0.00	       72.00	   758807.00	        0.00	      916.00	        1.00
  6.12	        0.00	       70.00	   759307.00	        0.00	      916.00	        1.00
  6.13	        0.00	       67.00	   760225.00	        0.00	      916.00	        1.00
  6.14	        0.00	       67.00	   759955.00	        0.00	      916.00	        1.00
  6.15	        0.00	       65.00	   760514.00	        0.00	      916.00	        1.00
  6.16	        0.00	       62.00	   761487.00	        0.00	      916.00	        1.00
  6.17	        0.00	       60.00	   762054.00	        0.00	      916.00	        1.00
  6.18	        0.00	       57.00	   763024.00	        0.00	      916.00	        1.00
  6.19	        0.00	       54.00	   764028.00	        0.00	      916.00	        1.00
  6.20	        0.00	       51.00	   765048.00	        0.00	      916.00	        1.00
  6.21	        0.00	       50.00	   765237.00	        0.00	      916.00	        1.00
  6.22	        0.00	       48.00	   765864.00	        0.00	      916.00	        1.00
  6.23	        0.00	       45.00	   766892.00	        0.00	      916.00	        1.00
  6.24	        0.00	       42.00	   767923.00	        0.00	      916.00	        1.00
  6.25	        0.00	       40.00	   768578.00	        0.00	      916.00	        1.00
  6.26	        0.00	       38.00	   769210.00	        0.00	      916.00	        1.00
  6.27	        0.00	       38.00	   769065.00	        0.00	      916.00	        1.00
  6.28	        0.00	       38.00	   768919.00	        0.00	      916.00	        1.00
  6.29	        0.00	       36.00	   769560.00	        0.00	      916.00	        1.00
  6.30	        0.00	       35.00	   769818.00	        0.00	      916.00	        1.00
  6.31	        0.00	       35.00	   769694.00	        0.00	      916.00	        1.00
  6.32	        0.00	       32.00	   770778.00	        0.00	      916.00	        1.00
  6.33	        0.00	       31.00	   771062.00	        0.00	      916.00	        1.00
  6.34	        0.00	       30.00	   771329.00	        0.00	      916.00	        1.00
  6.35	        0.00	       26.00	   772813.00	        0.00	      916.00	        1.00
  6.36	        0.00	       24.00	   773516.00	        0.00	      916.00	        1.00
  6.37	        0.00	       23.00	   773828.00	        0.00	      916.00	        1.00
  6.38	        0.00	       22.00	   774137.00	        0.00	      916.00	        1.00
  6.39	        0.00	       21.00	   774454.00	        0.00	      916.00	        1.00
  6.40	        0.00	       20.00	   774769.00	        0.00	      916.00	        1.00
  6.41	        0.00	       19.00	   775097.00	        0.00	      916.00	        1.00
  6.42	        0.00	       19.00	   775025.00	        0.00	      916.00	        1.00
  6.43	        0.00	       17.00	   775743.00	        0.00	      916.00	        1.00
  6.44	        0.00	       17.00	   775681.00	        0.00	      916.00	        1.00
  6.45	        0.00	       15.00	   776420.00	        0.00	      916.00	        1.00
  6.46	        0.00	       14.00	   776762.00	        0.00	      916.00	        1.00
  6.47	        0.00	       14.00	   776702.00	        0.00	      916.00	        1.00
  6.48	        0.00	       13.00	   777036.00	        0.00	      916.00	        1.00
  6.49	        0.00	       10.00	   778176.00	        0.00	      916.00	        1.00
  6.50	        0.00	       10.00	   778127.00	        0.00	      916.00	        1.00
  6.51	        0.00	       10.00	   778086.00	        0.00	      916.00	        1.00
  6.52	        0.00	        9.00	   778447.00	        0.00	      916.00	        1.00
  6.53	        0.00	        9.00	   778410.00	        0.00	      916.00	        1.00
  6.54	        0.00	        9.00	   778366.00	        0.00	      916.00	        1.00
  6.55	        0.00	        9.00	   778317.00	        0.00	      916.00	        1.00
  6.56	        0.00	        9.00	   778269.00	        0.00	      916.00	        1.00
  6.57	        0.00	        8.00	   778621.00	        0.00	      916.00	        1.00
  6.58	        0.00	        8.00	   778571.00	        0.00	      916.00	        1.00
  6.59	        0.00	        8.00	   778531.00	        0.00	      916.00	        1.00
  6.60	        0.00	        8.00	   778490.00	        0.00	      916.00	        1.00
  6.61	        0.00	        6.00	   779244.00	        0.00	      916.00	        1.00
  6.62	        0.00	        6.00	   779201.00	        0.00	      916.00	        1.00
  6.63	        0.00	        6.00	   779162.00	        0.00	      916.00	        1.00
  6.64	        0.00	        6.00	   779135.00	        0.00	      916.00	        1.00
  6.65	        0.00	        6.00	   779101.00	        0.00	      916.00	        1.00
  6.66	        0.00	        6.00	   779071.00	        0.00	      916.00	        1.00
  6.67	        0.00	        6.00	   779031.00	        0.00	      916.00	        1.00
  6.68	        0.00	        6.00	   779000.00	        0.00	      916.00	        1.00
  6.69	        0.00	        6.00	   778960.00	        0.00	      916.00	        1.00
  6.70	        0.00	        6.00	   778925.00	        0.00	      916.00	        1.00
  6.71	        0.00	        5.00	   779291.00	        0.00	      916.00	        1.00
  6.72	        0.00	        5.00	   779263.00	        0.00	      916.00	        1.00
  6.73	        0.00	        5.00	   779224.00	        0.00	      916.00	        1.00
  6.74	        0.00	        5.00	   779189.00	        0.00	      916.00	        1.00
  6.75	        0.00	        5.00	   779157.00	        0.00	      916.00	        1.00
  6.76	        0.00	        4.00	   779522.00	        0.00	      916.00	        1.00
  6.77	        0.00	        4.00	   779494.00	        0.00	      916.00	        1.00
  6.78	        0.00	        3.00	   779866.00	        0.00	      916.00	        1.00
  6.79	        0.00	        3.00	   779841.00	        0.00	      916.00	        1.00
  6.80	        0.00	        3.00	   779818.00	        0.00	      916.00	        1.00
  6.81	        0.00	        3.00	   779802.00	        0.00	      916.00	        1.00
  6.82	        0.00	        3.00	   779776.00	        0.00	      916.00	        1.00
  6.83	        0.00	        3.00	   779746.00	        0.00	      916.00	        1.00
  6.84	        0.00	        3.00	   779716.00	        0.00	      916.00	        1.00
  6.85	        0.00	        3.00	   779689.00	        0.00	      916.00	        1.00
  6.86	        0.00	        2.00	   780059.00	        0.00	      916.00	        1.00
  6.87	        0.00	        2.00	   780028.00	        0.00	      916.00	        1.00
  6.88	        0.00	        2.00	   779996.00	        0.00	      916.00	        1.00
  6.89	        0.00	        2.00	   779964.00	        0.00	      916.00	        1.00
  6.90	        0.00	        2.00	   779942.00	        0.00	      916.00	        1.00
  6.91	        0.00	        2.00	   779910.00	        0.00	      916.00	        1.00
  6.92	        0.00	        2.00	   779890.00	        0.00	      916.00	        1.00
  6.93	        0.00	        2.00	   779874.00	        0.00	      916.00	        1.00
  6.94	        0.00	        2.00	   779848.00	        0.00	      916.00	        1.00
  6.95	        0.00	        2.00	   779825.00	        0.00	      916.00	        1.00
  6.96	        0.00	        2.00	   779795.00	        0.00	      916.00	        1.00
  6.97	        0.00	        2.00	   779777.00	        0.00	      916.00	        1.00
  6.98	        0.00	        2.00	   779752.00	        0.00	      916.00	        1.00
  6.99	        0.00	        2.00	   779722.00	        0.00	      916.00	        1.00
  7.00	        0.00	        2.00	   779701.00	        0.00	      916.00	        1.00
  7.01	        0.00	        2.00	   779667.00	        0.00	      916.00	        1.00
  7.02	        0.00	        1.00	   780044.00	        0.00	      916.00	        1.00
  7.03	        0.00	        1.00	   780032.00	        0.00	      916.00	        1.00
  7.04	        0.00	        1.00	   779998.00	        0.00	      916.00	        1.00
  7.05	        0.00	        1.00	   779960.00	        0.00	      916.00	        1.00
  7.06	        0.00	        1.00	   779939.00	        0.00	      916.00	        1.00
  7.07	        0.00	        1.00	   779916.00	        0.00	      916.00	        1.00
  7.08	        0.00	        1.00	   779890.00	        0.00	      916.00	        1.00
  7.09	        0.00	        1.00	   779860.00	        0.00	      916.00	        1.00
  7.10	        0.00	        1.00	   779844.00	        0.00	      916.00	        1.00
  7.11	        0.00	        0.00	   780225.00	        0.00	      916.00	        0.00
