Datatype: PopulationSize
  0.00	        1.00	        0.00	   600000.00	        1.00	        0.00	        1.00
  0.01	        1.00	        0.00	   599978.00	        1.00	        0.00	        1.00
  0.02	        1.00	        0.00	   599961.00	        1.00	        0.00	        1.00
  0.03	        1.00	        0.00	   599942.00	        1.00	        0.00	        1.00
  0.04	        1.00	        0.00	   599921.00	        1.00	        0.00	        1.00
  0.05	        1.00	        0.00	   599898.00	        1.00	        0.00	        1.00
  0.06	        1.00	        0.00	   599882.00	        1.00	        0.00	        1.00
  0.07	        1.00	        0.00	   599858.00	        1.00	        0.00	        1.00
  0.08	        1.00	        0.00	   599839.00	        1.00	        0.00	        1.00
  0.09	        2.00	        0.00	   599816.00	        1.00	        1.00	        1.00
  0.10	        2.00	        0.00	   599800.00	        1.00	        1.00	        1.00
  0.11	        2.00	        0.00	   599776.00	        1.00	        1.00	        1.00
  0.12	        3.00	        0.00	   599757.00	        1.00	        2.00	        1.00
  0.13	        3.00	        0.00	   599728.00	        1.00	        2.00	        1.00
  0.14	        3.00	        0.00	   599721.00	        1.00	        2.00	        1.00
  0.15	        3.00	        0.00	   599705.00	        1.00	        2.00	        1.00
  0.16	        3.00	        0.00	   599695.00	        1.00	        2.00	        1.00
  0.17	        3.00	        0.00	   599679.00	        1.00	        2.00	        1.00
  0.18	        3.00	        0.00	   599657.00	        1.00	        2.00	        1.00
  0.19	        3.00	        0.00	   599646.00	        1.00	        2.00	        1.00
  0.20	        3.00	        0.00	   599624.00	        1.00	        2.00	        1.00
  0.21	        3.00	        0.00	   599606.00	        1.00	        2.00	        1.00
  0.22	        3.00	        0.00	   599586.00	        1.00	        2.00	        1.00
  0.23	        3.00	        0.00	   599562.00	        1.00	        2.00	        1.00
  0.24	        3.00	        0.00	   599539.00	        1.00	        2.00	        1.00
  0.25	        3.00	        0.00	   599520.00	        1.00	        2.00	        1.00
  0.26	        3.00	        0.00	   599501.00	        1.00	        2.00	        1.00
  0.27	        3.00	        0.00	   599481.00	        1.00	        2.00	        1.00
  0.28	        3.00	        0.00	   599463.00	        1.00	        2.00	        1.00
  0.29	        3.00	        0.00	   599448.00	        1.00	        2.00	        1.00
  0.30	        3.00	        0.00	   599430.00	        1.00	        2.00	        1.00
  0.31	        3.00	        0.00	   599419.00	        1.00	        2.00	        1.00
  0.32	        3.00	        0.00	   599404.00	        1.00	        2.00	        1.00
  0.33	        3.00	        0.00	   599385.00	        1.00	        2.00	        1.00
  0.34	        3.00	        0.00	   599360.00	        1.00	        2.00	        1.00
  0.35	        3.00	        0.00	   599349.00	        1.00	        2.00	        1.00
  0.36	        3.00	        0.00	   599331.00	        1.00	        2.00	        1.00
  0.37	        3.00	        0.00	   599310.00	        1.00	        2.00	        1.00
  0.38	        3.00	        0.00	   599286.00	        1.00	        2.00	        1.00
  0.39	        3.00	        0.00	   599275.00	        1.00	        2.00	        1.00
  0.40	        3.00	        0.00	   599255.00	        1.00	        2.00	        1.00
  0.41	        3.00	        0.00	   599245.00	        1.00	        2.00	        1.00
  0.42	        3.00	        0.00	   599227.00	        1.00	        2.00	        1.00
  0.43	        3.00	        0.00	   599211.00	        1.00	        2.00	        1.00
  0.44	        3.00	        0.00	   599195.00	        1.00	        2.00	        1.00
  0.45	        3.00	        0.00	   599169.00	        1.00	        2.00	        1.00
  0.46	        3.00	        0.00	   599154.00	        1.00	        2.00	        1.00
  0.47	        3.00	        0.00	   599139.00	        1.00	        2.00	        1.00
  0.48	        3.00	        0.00	   599116.00	        1.00	        2.00	        1.00
  0.49	        3.00	        0.00	   599091.00	        1.00	        2.00	        1.00
  0.50	        3.00	        0.00	   599066.00	        1.00	        2.00	        1.00
  0.51	        3.00	        0.00	   599045.00	        1.00	        2.00	        1.00
  0.52	        2.00	        1.00	   599022.00	        1.00	        2.00	        1.00
  0.53	        2.00	        1.00	   599008.00	        1.00	        2.00	        1.00
  0.54	        2.00	        1.00	   598996.00	        1.00	        2.00	        1.00
  0.55	        2.00	        1.00	   598980.00	        1.00	        2.00	        1.00
  0.56	        2.00	        1.00	   598965.00	        1.00	        2.00	        1.00
  0.57	        2.00	        1.00	   598951.00	        1.00	        2.00	        1.00
  0.58	        2.00	        1.00	   598925.00	        1.00	        2.00	        1.00
  0.59	        2.00	        1.00	   598903.00	        1.00	        2.00	        1.00
  0.60	        2.00	        1.00	   598888.00	        1.00	        2.00	        1.00
  0.61	        2.00	        1.00	   598867.00	        1.00	        2.00	        1.00
  0.62	        2.00	        1.00	   598850.00	        1.00	        2.00	        1.00
  0.63	        2.00	        1.00	   598831.00	        1.00	        2.00	        1.00
  0.64	        2.00	        1.00	   598813.00	        1.00	        2.00	        1.00
  0.65	        2.00	        1.00	   598796.00	        1.00	        2.00	        1.00
  0.66	        2.00	        1.00	   598777.00	        1.00	        2.00	        1.00
  0.67	        2.00	        1.00	   598752.00	        1.00	        2.00	        1.00
  0.68	        2.00	        1.00	   598737.00	        1.00	        2.00	        1.00
  0.69	        2.00	        1.00	   598719.00	        1.00	        2.00	        1.00
  0.70	        3.00	        1.00	   598703.00	        1.00	        3.00	        1.00
  0.71	        3.00	        1.00	   598683.00	        1.00	        3.00	        1.00
  0.72	        3.00	        1.00	   598661.00	        1.00	        3.00	        1.00
  0.73	        3.00	        1.00	   598646.00	        1.00	        3.00	        1.00
  0.74	        3.00	        1.00	   598626.00	        1.00	        3.00	        1.00
  0.75	        3.00	        1.00	   598600.00	        1.00	        3.00	        1.00
  0.76	        3.00	        1.00	   598588.00	        1.00	        3.00	        1.00
  0.77	        3.00	        1.00	   598564.00	        1.00	        3.00	        1.00
  0.78	        3.00	        1.00	   598549.00	        1.00	        3.00	        1.00
  0.79	        3.00	        1.00	   598533.00	        1.00	        3.00	        1.00
  0.80	        3.00	        1.00	   598515.00	        1.00	        3.00	        1.00
  0.81	        3.00	        1.00	   598497.00	        1.00	        3.00	        1.00
  0.82	        3.00	        1.00	   598474.00	        1.00	        3.00	        1.00
  0.83	        4.00	        1.00	   598460.00	        1.00	        4.00	        1.00
  0.84	        4.00	        1.00	   598446.00	        1.00	        4.00	        1.00
  0.85	        4.00	        1.00	   598427.00	        1.00	        4.00	        1.00
  0.86	        4.00	        1.00	   598415.00	        1.00	        4.00	        1.00
  0.87	        4.00	        1.00	   598394.00	        1.00	        4.00	        1.00
  0.88	        4.00	        1.00	   598376.00	        1.00	        4.00	        1.00
  0.89	        4.00	        1.00	   598361.00	        1.00	        4.00	        1.00
  0.90	        4.00	        1.00	   598346.00	        1.00	        4.00	        1.00
  0.91	        4.00	        1.00	   598331.00	        1.00	        4.00	        1.00
  0.92	        4.00	        1.00	   598318.00	        1.00	        4.00	        1.00
  0.93	        4.00	        1.00	   598288.00	        1.00	        4.00	        1.00
  0.94	        4.00	        1.00	   598275.00	        1.00	        4.00	        1.00
  0.95	        4.00	        1.00	   598259.00	        1.00	        4.00	        1.00
  0.96	        4.00	        1.00	   598246.00	        1.00	        4.00	        1.00
  0.97	        4.00	        1.00	   598228.00	        1.00	        4.00	        1.00
  0.98	        4.00	        1.00	   598213.00	        1.00	        4.00	        1.00
  0.99	        4.00	        1.00	   598196.00	        1.00	        4.00	        1.00
  1.00	        4.00	        1.00	   598177.00	        1.00	        4.00	        1.00
  1.01	        4.00	        1.00	   598155.00	        1.00	        4.00	        1.00
  1.02	        4.00	        1.00	   598135.00	        1.00	        4.00	        1.00
  1.03	        4.00	        1.00	   598116.00	        1.00	        4.00	        1.00
  1.04	        4.00	        1.00	   598098.00	        1.00	        4.00	        1.00
  1.05	        4.00	        1.00	   598078.00	        1.00	        4.00	        1.00
  1.06	        4.00	        1.00	   598065.00	        1.00	        4.00	        1.00
  1.07	        4.00	        1.00	   598042.00	        1.00	        4.00	        1.00
  1.08	        4.00	        1.00	   598030.00	        1.00	        4.00	        1.00
  1.09	        4.00	        1.00	   598010.00	        1.00	        4.00	        1.00
  1.10	        4.00	        1.00	   598000.00	        1.00	        4.00	        1.00
  1.11	        5.00	        1.00	   597980.00	        1.00	        5.00	        1.00
  1.12	        5.00	        1.00	   597959.00	        1.00	        5.00	        1.00
  1.13	        5.00	        1.00	   597941.00	        1.00	        5.00	        1.00
  1.14	        5.00	        1.00	   597922.00	        1.00	        5.00	        1.00
  1.15	        5.00	        1.00	   597900.00	        1.00	        5.00	        1.00
  1.16	        5.00	        1.00	   597882.00	        1.00	        5.00	        1.00
  1.17	        5.00	        1.00	   597865.00	        1.00	        5.00	        1.00
  1.18	        4.00	        2.00	   597847.00	        1.00	        5.00	        1.00
  1.19	        4.00	        2.00	   597833.00	        1.00	        5.00	        1.00
  1.20	        4.00	        2.00	   597815.00	        1.00	        5.00	        1.00
  1.21	        4.00	        2.00	   597799.00	        1.00	        5.00	        1.00
  1.22	        4.00	        2.00	   597780.00	        1.00	        5.00	        1.00
  1.23	        4.00	        2.00	   597758.00	        1.00	        5.00	        1.00
  1.24	        4.00	        2.00	   597742.00	        1.00	        5.00	        1.00
  1.25	        4.00	        2.00	   597724.00	        1.00	        5.00	        1.00
  1.26	        4.00	        2.00	   597707.00	        1.00	        5.00	        1.00
  1.27	        4.00	        2.00	   597690.00	        1.00	        5.00	        1.00
  1.28	        3.00	        3.00	   597676.00	        1.00	        5.00	        1.00
  1.29	        3.00	        3.00	   597662.00	        1.00	        5.00	        1.00
  1.30	        3.00	        3.00	   597641.00	        1.00	        5.00	        1.00
  1.31	        3.00	        3.00	   597625.00	        1.00	        5.00	        1.00
  1.32	        3.00	        3.00	   597609.00	        1.00	        5.00	        1.00
  1.33	        4.00	        3.00	   597590.00	        1.00	        6.00	        1.00
  1.34	        4.00	        3.00	   597575.00	        1.00	        6.00	        1.00
  1.35	        4.00	        3.00	   597556.00	        1.00	        6.00	        1.00
  1.36	        4.00	        3.00	   597543.00	        1.00	        6.00	        1.00
  1.37	        4.00	        3.00	   597523.00	        1.00	        6.00	        1.00
  1.38	        4.00	        3.00	   597511.00	        1.00	        6.00	        1.00
  1.39	        4.00	        3.00	   597494.00	        1.00	        6.00	        1.00
  1.40	        4.00	        3.00	   597478.00	        1.00	        6.00	        1.00
  1.41	        4.00	        3.00	   597458.00	        1.00	        6.00	        1.00
  1.42	        3.00	        4.00	   597435.00	        1.00	        6.00	        1.00
  1.43	        3.00	        4.00	   597419.00	        1.00	        6.00	        1.00
  1.44	        3.00	        4.00	   597403.00	        1.00	        6.00	        1.00
  1.45	        4.00	        4.00	   597386.00	        1.00	        7.00	        1.00
  1.46	        4.00	        4.00	   597364.00	        1.00	        7.00	        1.00
  1.47	        4.00	        4.00	   597345.00	        1.00	        7.00	        1.00
  1.48	        4.00	        4.00	   597330.00	        1.00	        7.00	        1.00
  1.49	        5.00	        4.00	   597312.00	        1.00	        8.00	        1.00
  1.50	        5.00	        4.00	   597291.00	        1.00	        8.00	        1.00
  1.51	        6.00	        4.00	   597278.00	        1.00	        9.00	        1.00
  1.52	        6.00	        4.00	   597258.00	        1.00	        9.00	        1.00
  1.53	        6.00	        4.00	   597237.00	        1.00	        9.00	        1.00
  1.54	        6.00	        4.00	   597217.00	        1.00	        9.00	        1.00
  1.55	        6.00	        4.00	   597197.00	        1.00	        9.00	        1.00
  1.56	        6.00	        4.00	   597184.00	        1.00	        9.00	        1.00
  1.57	        6.00	        4.00	   597159.00	        1.00	        9.00	        1.00
  1.58	        6.00	        4.00	   597138.00	        1.00	        9.00	        1.00
  1.59	        6.00	        4.00	   597126.00	        1.00	        9.00	        1.00
  1.60	        6.00	        4.00	   597104.00	        1.00	        9.00	        1.00
  1.61	        6.00	        4.00	   597086.00	        1.00	        9.00	        1.00
  1.62	        6.00	        4.00	   597063.00	        1.00	        9.00	        1.00
  1.63	        6.00	        4.00	   597049.00	        1.00	        9.00	        1.00
  1.64	        6.00	        4.00	   597031.00	        1.00	        9.00	        1.00
  1.65	        6.00	        4.00	   597018.00	        1.00	        9.00	        1.00
  1.66	        6.00	        4.00	   597005.00	        1.00	        9.00	        1.00
  1.67	        7.00	        4.00	   596995.00	        1.00	       10.00	        1.00
  1.68	        5.00	        6.00	   596977.00	        1.00	       10.00	        1.00
  1.69	        5.00	        5.00	   597365.00	        1.00	       10.00	        1.00
  1.70	        4.00	        6.00	   597348.00	        1.00	       10.00	        1.00
  1.71	        3.00	        7.00	   597325.00	        1.00	       10.00	        1.00
  1.72	        3.00	        7.00	   597307.00	        1.00	       10.00	        1.00
  1.73	        3.00	        7.00	   597288.00	        1.00	       10.00	        1.00
  1.74	        3.00	        7.00	   597276.00	        1.00	       10.00	        1.00
  1.75	        3.00	        7.00	   597259.00	        1.00	       10.00	        1.00
  1.76	        3.00	        7.00	   597250.00	        1.00	       10.00	        1.00
  1.77	        5.00	        7.00	   597233.00	        1.00	       12.00	        1.00
  1.78	        5.00	        7.00	   597212.00	        1.00	       12.00	        1.00
  1.79	        5.00	        7.00	   597197.00	        1.00	       12.00	        1.00
  1.80	        4.00	        8.00	   597181.00	        1.00	       12.00	        1.00
  1.81	        3.00	        9.00	   597167.00	        1.00	       12.00	        1.00
  1.82	        3.00	        9.00	   597148.00	        1.00	       12.00	        1.00
  1.83	        3.00	        9.00	   597128.00	        1.00	       12.00	        1.00
  1.84	        2.00	       10.00	   597107.00	        1.00	       12.00	        1.00
  1.85	        2.00	       10.00	   597080.00	        1.00	       12.00	        1.00
  1.86	        2.00	       10.00	   597060.00	        1.00	       12.00	        1.00
  1.87	        2.00	       10.00	   597041.00	        1.00	       12.00	        1.00
  1.88	        2.00	       10.00	   597025.00	        1.00	       12.00	        1.00
  1.89	        2.00	       10.00	   597011.00	        1.00	       12.00	        1.00
  1.90	        2.00	       10.00	   596991.00	        1.00	       12.00	        1.00
  1.91	        2.00	       10.00	   596971.00	        1.00	       12.00	        1.00
  1.92	        2.00	       10.00	   596952.00	        1.00	       12.00	        1.00
  1.93	        3.00	       10.00	   596930.00	        1.00	       13.00	        1.00
  1.94	        3.00	       10.00	   596912.00	        1.00	       13.00	        1.00
  1.95	        3.00	       10.00	   596897.00	        1.00	       13.00	        1.00
  1.96	        3.00	       10.00	   596875.00	        1.00	       13.00	        1.00
  1.97	        3.00	       10.00	   596851.00	        1.00	       13.00	        1.00
  1.98	        3.00	       10.00	   596831.00	        1.00	       13.00	        1.00
  1.99	        3.00	       10.00	   596815.00	        1.00	       13.00	        1.00
  2.00	        3.00	       10.00	   596805.00	        1.00	       13.00	        1.00
  2.01	        3.00	       10.00	   596788.00	        1.00	       13.00	        1.00
  2.02	        3.00	       10.00	   596763.00	        1.00	       13.00	        1.00
  2.03	        3.00	       10.00	   596751.00	        1.00	       13.00	        1.00
  2.04	        3.00	       10.00	   596730.00	        1.00	       13.00	        1.00
  2.05	        3.00	       10.00	   596708.00	        1.00	       13.00	        1.00
  2.06	        3.00	        9.00	   597089.00	        1.00	       13.00	        1.00
  2.07	        1.00	       11.00	   597069.00	        1.00	       13.00	        1.00
  2.08	        0.00	       12.00	   597050.00	        0.00	       13.00	        1.00
  2.09	        0.00	       12.00	   597040.00	        0.00	       13.00	        1.00
  2.10	        0.00	       11.00	   597428.00	        0.00	       13.00	        1.00
  2.11	        0.00	       11.00	   597404.00	        0.00	       13.00	        1.00
  2.12	        0.00	       11.00	   597384.00	        0.00	       13.00	        1.00
  2.13	        0.00	       11.00	   597370.00	        0.00	       13.00	        1.00
  2.14	        0.00	       11.00	   597360.00	        0.00	       13.00	        1.00
  2.15	        0.00	       11.00	   597337.00	        0.00	       13.00	        1.00
  2.16	        0.00	       11.00	   597318.00	        0.00	       13.00	        1.00
  2.17	        0.00	       11.00	   597305.00	        0.00	       13.00	        1.00
  2.18	        0.00	       11.00	   597280.00	        0.00	       13.00	        1.00
  2.19	        0.00	       11.00	   597259.00	        0.00	       13.00	        1.00
  2.20	        0.00	       11.00	   597244.00	        0.00	       13.00	        1.00
  2.21	        0.00	       10.00	   597624.00	        0.00	       13.00	        1.00
  2.22	        0.00	       10.00	   597604.00	        0.00	       13.00	        1.00
  2.23	        0.00	       10.00	   597582.00	        0.00	       13.00	        1.00
  2.24	        0.00	       10.00	   597564.00	        0.00	       13.00	        1.00
  2.25	        0.00	       10.00	   597545.00	        0.00	       13.00	        1.00
  2.26	        0.00	       10.00	   597518.00	        0.00	       13.00	        1.00
  2.27	        0.00	       10.00	   597497.00	        0.00	       13.00	        1.00
  2.28	        0.00	       10.00	   597481.00	        0.00	       13.00	        1.00
  2.29	        0.00	       10.00	   597459.00	        0.00	       13.00	        1.00
  2.30	        0.00	       10.00	   597444.00	        0.00	       13.00	        1.00
  2.31	        0.00	       10.00	   597433.00	        0.00	       13.00	        1.00
  2.32	        0.00	       10.00	   597411.00	        0.00	       13.00	        1.00
  2.33	        0.00	       10.00	   597392.00	        0.00	       13.00	        1.00
  2.34	        0.00	        9.00	   597779.00	        0.00	       13.00	        1.00
  2.35	        0.00	        9.00	   597757.00	        0.00	       13.00	        1.00
  2.36	        0.00	        9.00	   597748.00	        0.00	       13.00	        1.00
  2.37	        0.00	        9.00	   597729.00	        0.00	       13.00	        1.00
  2.38	        0.00	        9.00	   597709.00	        0.00	       13.00	        1.00
  2.39	        0.00	        9.00	   597685.00	        0.00	       13.00	        1.00
  2.40	        0.00	        9.00	   597669.00	        0.00	       13.00	        1.00
  2.41	        0.00	        9.00	   597651.00	        0.00	       13.00	        1.00
  2.42	        0.00	        9.00	   597636.00	        0.00	       13.00	        1.00
  2.43	        0.00	        9.00	   597622.00	        0.00	       13.00	        1.00
  2.44	        0.00	        9.00	   597600.00	        0.00	       13.00	        1.00
  2.45	        0.00	        9.00	   597583.00	        0.00	       13.00	        1.00
  2.46	        0.00	        9.00	   597566.00	        0.00	       13.00	        1.00
  2.47	        0.00	        9.00	   597553.00	        0.00	       13.00	        1.00
  2.48	        0.00	        9.00	   597527.00	        0.00	       13.00	        1.00
  2.49	        0.00	        9.00	   597500.00	        0.00	       13.00	        1.00
  2.50	        0.00	        9.00	   597485.00	        0.00	       13.00	        1.00
  2.51	        0.00	        9.00	   597467.00	        0.00	       13.00	        1.00
  2.52	        0.00	        9.00	   597451.00	        0.00	       13.00	        1.00
  2.53	        0.00	        9.00	   597427.00	        0.00	       13.00	        1.00
  2.54	        0.00	        9.00	   597408.00	        0.00	       13.00	        1.00
  2.55	        0.00	        9.00	   597393.00	        0.00	       13.00	        1.00
  2.56	        0.00	        9.00	   597377.00	        0.00	       13.00	        1.00
  2.57	        0.00	        9.00	   597356.00	        0.00	       13.00	        1.00
  2.58	        0.00	        9.00	   597345.00	        0.00	       13.00	        1.00
  2.59	        0.00	        9.00	   597330.00	        0.00	       13.00	        1.00
  2.60	        0.00	        9.00	   597304.00	        0.00	       13.00	        1.00
  2.61	        0.00	        9.00	   597282.00	        0.00	       13.00	        1.00
  2.62	        0.00	        9.00	   597258.00	        0.00	       13.00	        1.00
  2.63	        0.00	        9.00	   597234.00	        0.00	       13.00	        1.00
  2.64	        0.00	        9.00	   597213.00	        0.00	       13.00	        1.00
  2.65	        0.00	        8.00	   597597.00	        0.00	       13.00	        1.00
  2.66	        0.00	        7.00	   597976.00	        0.00	       13.00	        1.00
  2.67	        0.00	        7.00	   597956.00	        0.00	       13.00	        1.00
  2.68	        0.00	        7.00	   597932.00	        0.00	       13.00	        1.00
  2.69	        0.00	        6.00	   598313.00	        0.00	       13.00	        1.00
  2.70	        0.00	        6.00	   598290.00	        0.00	       13.00	        1.00
  2.71	        0.00	        6.00	   598269.00	        0.00	       13.00	        1.00
  2.72	        0.00	        6.00	   598246.00	        0.00	       13.00	        1.00
  2.73	        0.00	        6.00	   598221.00	        0.00	       13.00	        1.00
  2.74	        0.00	        6.00	   598199.00	        0.00	       13.00	        1.00
  2.75	        0.00	        6.00	   598184.00	        0.00	       13.00	        1.00
  2.76	        0.00	        6.00	   598165.00	        0.00	       13.00	        1.00
  2.77	        0.00	        6.00	   598148.00	        0.00	       13.00	        1.00
  2.78	        0.00	        6.00	   598123.00	        0.00	       13.00	        1.00
  2.79	        0.00	        6.00	   598112.00	        0.00	       13.00	        1.00
  2.80	        0.00	        6.00	   598090.00	        0.00	       13.00	        1.00
  2.81	        0.00	        6.00	   598067.00	        0.00	       13.00	        1.00
  2.82	        0.00	        6.00	   598048.00	        0.00	       13.00	        1.00
  2.83	        0.00	        6.00	   598017.00	        0.00	       13.00	        1.00
  2.84	        0.00	        6.00	   598003.00	        0.00	       13.00	        1.00
  2.85	        0.00	        6.00	   597980.00	        0.00	       13.00	        1.00
  2.86	        0.00	        6.00	   597957.00	        0.00	       13.00	        1.00
  2.87	        0.00	        6.00	   597938.00	        0.00	       13.00	        1.00
  2.88	        0.00	        6.00	   597914.00	        0.00	       13.00	        1.00
  2.89	        0.00	        6.00	   597900.00	        0.00	       13.00	        1.00
  2.90	        0.00	        6.00	   597884.00	        0.00	       13.00	        1.00
  2.91	        0.00	        6.00	   597870.00	        0.00	       13.00	        1.00
  2.92	        0.00	        6.00	   597855.00	        0.00	       13.00	        1.00
  2.93	        0.00	        6.00	   597837.00	        0.00	       13.00	        1.00
  2.94	        0.00	        6.00	   597809.00	        0.00	       13.00	        1.00
  2.95	        0.00	        6.00	   597784.00	        0.00	       13.00	        1.00
  2.96	        0.00	        6.00	   597763.00	        0.00	       13.00	        1.00
  2.97	        0.00	        6.00	   597742.00	        0.00	       13.00	        1.00
  2.98	        0.00	        6.00	   597722.00	        0.00	       13.00	        1.00
  2.99	        0.00	        6.00	   597708.00	        0.00	       13.00	        1.00
  3.00	        0.00	        6.00	   597689.00	        0.00	       13.00	        1.00
  3.01	        0.00	        5.00	   598073.00	        0.00	       13.00	        1.00
  3.02	        0.00	        5.00	   598059.00	        0.00	       13.00	        1.00
  3.03	        0.00	        5.00	   598042.00	        0.00	       13.00	        1.00
  3.04	        0.00	        4.00	   598423.00	        0.00	       13.00	        1.00
  3.05	        0.00	        4.00	   598404.00	        0.00	       13.00	        1.00
  3.06	        0.00	        4.00	   598392.00	        0.00	       13.00	        1.00
  3.07	        0.00	        4.00	   598374.00	        0.00	       13.00	        1.00
  3.08	        0.00	        4.00	   598356.00	        0.00	       13.00	        1.00
  3.09	        0.00	        4.00	   598344.00	        0.00	       13.00	        1.00
  3.10	        0.00	        4.00	   598322.00	        0.00	       13.00	        1.00
  3.11	        0.00	        4.00	   598307.00	        0.00	       13.00	        1.00
  3.12	        0.00	        4.00	   598291.00	        0.00	       13.00	        1.00
  3.13	        0.00	        4.00	   598274.00	        0.00	       13.00	        1.00
  3.14	        0.00	        4.00	   598252.00	        0.00	       13.00	        1.00
  3.15	        0.00	        4.00	   598238.00	        0.00	       13.00	        1.00
  3.16	        0.00	        4.00	   598221.00	        0.00	       13.00	        1.00
  3.17	        0.00	        3.00	   598602.00	        0.00	       13.00	        1.00
  3.18	        0.00	        3.00	   598587.00	        0.00	       13.00	        1.00
  3.19	        0.00	        3.00	   598568.00	        0.00	       13.00	        1.00
  3.20	        0.00	        3.00	   598546.00	        0.00	       13.00	        1.00
  3.21	        0.00	        3.00	   598527.00	        0.00	       13.00	        1.00
  3.22	        0.00	        3.00	   598500.00	        0.00	       13.00	        1.00
  3.23	        0.00	        3.00	   598482.00	        0.00	       13.00	        1.00
  3.24	        0.00	        3.00	   598456.00	        0.00	       13.00	        1.00
  3.25	        0.00	        3.00	   598441.00	        0.00	       13.00	        1.00
  3.26	        0.00	        3.00	   598427.00	        0.00	       13.00	        1.00
  3.27	        0.00	        3.00	   598412.00	        0.00	       13.00	        1.00
  3.28	        0.00	        3.00	   598401.00	        0.00	       13.00	        1.00
  3.29	        0.00	        3.00	   598386.00	        0.00	       13.00	        1.00
  3.30	        0.00	        3.00	   598362.00	        0.00	       13.00	        1.00
  3.31	        0.00	        3.00	   598348.00	        0.00	       13.00	        1.00
  3.32	        0.00	        3.00	   598331.00	        0.00	       13.00	        1.00
  3.33	        0.00	        3.00	   598310.00	        0.00	       13.00	        1.00
  3.34	        0.00	        2.00	   598686.00	        0.00	       13.00	        1.00
  3.35	        0.00	        2.00	   598664.00	        0.00	       13.00	        1.00
  3.36	        0.00	        2.00	   598645.00	        0.00	       13.00	        1.00
  3.37	        0.00	        2.00	   598634.00	        0.00	       13.00	        1.00
  3.38	        0.00	        2.00	   598611.00	        0.00	       13.00	        1.00
  3.39	        0.00	        2.00	   598588.00	        0.00	       13.00	        1.00
  3.40	        0.00	        2.00	   598574.00	        0.00	       13.00	        1.00
  3.41	        0.00	        2.00	   598550.00	        0.00	       13.00	        1.00
  3.42	        0.00	        2.00	   598530.00	        0.00	       13.00	        1.00
  3.43	        0.00	        2.00	   598512.00	        0.00	       13.00	        1.00
  3.44	        0.00	        2.00	   598489.00	        0.00	       13.00	        1.00
  3.45	        0.00	        2.00	   598469.00	        0.00	       13.00	        1.00
  3.46	        0.00	        2.00	   598453.00	        0.00	       13.00	        1.00
  3.47	        0.00	        2.00	   598435.00	        0.00	       13.00	        1.00
  3.48	        0.00	        2.00	   598415.00	        0.00	       13.00	        1.00
  3.49	        0.00	        2.00	   598396.00	        0.00	       13.00	        1.00
  3.50	        0.00	        2.00	   598382.00	        0.00	       13.00	        1.00
  3.51	        0.00	        1.00	   598760.00	        0.00	       13.00	        1.00
  3.52	        0.00	        1.00	   598742.00	        0.00	       13.00	        1.00
  3.53	        0.00	        1.00	   598721.00	        0.00	       13.00	        1.00
  3.54	        0.00	        1.00	   598703.00	        0.00	       13.00	        1.00
  3.55	        0.00	        1.00	   598679.00	        0.00	       13.00	        1.00
  3.56	        0.00	        1.00	   598669.00	        0.00	       13.00	        1.00
  3.57	        0.00	        1.00	   598647.00	        0.00	       13.00	        1.00
  3.58	        0.00	        1.00	   598625.00	        0.00	       13.00	        1.00
  3.59	        0.00	        1.00	   598606.00	        0.00	       13.00	        1.00
  3.60	        0.00	        1.00	   598589.00	        0.00	       13.00	        1.00
  3.61	        0.00	        1.00	   598574.00	        0.00	       13.00	        1.00
  3.62	        0.00	        1.00	   598555.00	        0.00	       13.00	        1.00
  3.63	        0.00	        1.00	   598542.00	        0.00	       13.00	        1.00
  3.64	        0.00	        1.00	   598520.00	        0.00	       13.00	        1.00
  3.65	        0.00	        1.00	   598501.00	        0.00	       13.00	        1.00
  3.66	        0.00	        1.00	   598489.00	        0.00	       13.00	        1.00
  3.67	        0.00	        1.00	   598474.00	        0.00	       13.00	        1.00
  3.68	        0.00	        1.00	   598454.00	        0.00	       13.00	        1.00
  3.69	        0.00	        1.00	   598436.00	        0.00	       13.00	        1.00
  3.70	        0.00	        1.00	   598411.00	        0.00	       13.00	        1.00
  3.71	        0.00	        1.00	   598393.00	        0.00	       13.00	        1.00
  3.72	        0.00	        1.00	   598377.00	        0.00	       13.00	        1.00
  3.73	        0.00	        1.00	   598357.00	        0.00	       13.00	        1.00
  3.74	        0.00	        1.00	   598335.00	        0.00	       13.00	        1.00
  3.75	        0.00	        1.00	   598314.00	        0.00	       13.00	        1.00
  3.76	        0.00	        1.00	   598300.00	        0.00	       13.00	        1.00
  3.77	        0.00	        1.00	   598276.00	        0.00	       13.00	        1.00
  3.78	        0.00	        1.00	   598262.00	        0.00	       13.00	        1.00
  3.79	        0.00	        1.00	   598242.00	        0.00	       13.00	        1.00
  3.80	        0.00	        0.00	   598626.00	        0.00	       13.00	        0.00
