Datatype: PopulationSize
  0.00	  1000000.00	        0.00	  3162278.00	        1.00	        0.00	  1000000.00
  0.01	  1016396.00	      326.00	  3158801.00	        1.00	    16722.00	  1000000.00
  0.02	  1032852.00	      646.00	  3155337.00	        1.00	    33498.00	  1000000.00
  0.03	  1049714.00	      955.00	  3151867.00	        1.00	    50669.00	  1000000.00
  0.04	  1066669.00	     1293.00	  3148447.00	        1.00	    67962.00	  1000000.00
  0.05	  1084379.00	     1617.00	  3145017.00	        1.00	    85996.00	  1000000.00
  0.06	  1101990.00	     1954.00	  3141588.00	        1.00	   103944.00	  1000000.00
  0.07	  1120326.00	     2272.00	  3138154.00	        1.00	   122598.00	  1000000.00
  0.08	  1138558.00	     2605.00	  3134697.00	        1.00	   141163.00	  1000000.00
  0.09	  1157425.00	     2908.00	  3131326.00	        1.00	   160333.00	  1000000.00
  0.10	  1176650.00	     3233.00	  3127771.00	        1.00	   179883.00	  1000000.00
  0.11	  1196169.00	     3558.00	  3124219.00	        1.00	   199727.00	  1000000.00
  0.12	  1215849.00	     3916.00	  3120807.00	        1.00	   219765.00	  1000000.00
  0.13	  1235926.00	     4255.00	  3117328.00	        1.00	   240181.00	  1000000.00
  0.14	  1256263.00	     4626.00	  3113809.00	        1.00	   260889.00	  1000000.00
  0.15	  1276971.00	     4960.00	  3110401.00	        1.00	   281931.00	  1000000.00
  0.16	  1297761.00	     5300.00	  3106942.00	        1.00	   303061.00	  1000000.00
  0.17	  1319037.00	     5611.00	  3103474.00	        1.00	   324648.00	  1000000.00
  0.18	  1340649.00	     5922.00	  3100151.00	        1.00	   346571.00	  1000000.00
  0.19	  1362584.00	     6249.00	  3096623.00	        1.00	   368833.00	  1000000.00
  0.20	  1385102.00	     6572.00	  3093183.00	        1.00	   391674.00	  1000000.00
  0.21	  1407859.00	     6912.00	  3089659.00	        1.00	   414771.00	  1000000.00
  0.22	  1431027.00	     7296.00	  3086235.00	        1.00	   438323.00	  1000000.00
  0.23	  1454631.00	     7661.00	  3082841.00	        1.00	   462292.00	  1000000.00
  0.24	  1478564.00	     8043.00	  3079294.00	        1.00	   486607.00	  1000000.00
  0.25	  1502942.00	     8477.00	  3075979.00	        1.00	   511421.00	  1000000.00
  0.26	  1527514.00	     8850.00	  3072622.00	        1.00	   536367.00	  1000000.00
  0.27	  1552479.00	     9338.00	  3069394.00	        1.00	   561823.00	  1000000.00
  0.28	  1577727.00	     9722.00	  3066053.00	        1.00	   587456.00	  1000000.00
  0.29	  1603317.00	    10318.00	  3062865.00	        1.00	   613647.00	  1000000.00
  0.30	  1629698.00	    10715.00	  3059540.00	        1.00	   640426.00	  1000000.00
  0.31	  1655875.00	    11496.00	  3056636.00	        1.00	   667393.00	  1000000.00
  0.32	  1682664.00	    12391.00	  3053714.00	        1.00	   695088.00	  1000000.00
  0.33	  1709774.00	    13441.00	  3050937.00	        1.00	   723262.00	  1000000.00
  0.34	  1737435.00	    14254.00	  3047972.00	        1.00	   751745.00	  1000000.00
  0.35	  1765136.00	    15585.00	  3045577.00	        1.00	   780797.00	  1000000.00
  0.36	  1793109.00	    17201.00	  3043488.00	        1.00	   810412.00	  1000000.00
  0.37	  1822294.00	    17952.00	  3040512.00	        1.00	   840356.00	  1000000.00
  0.38	  1851098.00	    19703.00	  3038555.00	        1.00	   870940.00	  1000000.00
  0.39	  1880001.00	    21396.00	  3036632.00	        1.00	   901564.00	  1000000.00
  0.40	  1908964.00	    23738.00	  3035306.00	        1.00	   932910.00	  1000000.00
  0.41	  1938929.00	    25649.00	  3033463.00	        1.00	   964818.00	  1000000.00
  0.42	  1968626.00	    28149.00	  3032305.00	        1.00	   997059.00	  1000000.00
  0.43	  1998380.00	    31316.00	  3031768.00	        1.00	  1030038.00	  1000000.00
  0.44	  2028112.00	    34559.00	  3031330.00	        1.00	  1063072.00	  1000000.00
  0.45	  2058629.00	    37671.00	  3030768.00	        1.00	  1096758.00	  1000000.00
  0.46	  2089074.00	    41583.00	  3031093.00	        1.00	  1131189.00	  1000000.00
  0.47	  2120198.00	    45251.00	  3031074.00	        1.00	  1166049.00	  1000000.00
  0.48	  2150753.00	    49831.00	  3032044.00	        1.00	  1201272.00	  1000000.00
  0.49	  2181410.00	    54847.00	  3033537.00	        1.00	  1237042.00	  1000000.00
  0.50	  2213088.00	    59359.00	  3034507.00	        1.00	  1273319.00	  1000000.00
  0.51	  2244204.00	    64854.00	  3036417.00	        1.00	  1310037.00	  1000000.00
  0.52	  2274829.00	    71300.00	  3039389.00	        1.00	  1347236.00	  1000000.00
  0.53	  2307078.00	    77092.00	  3041697.00	        1.00	  1385391.00	  1000000.00
  0.54	  2337604.00	    84823.00	  3045976.00	        1.00	  1423803.00	  1000000.00
  0.55	  2370238.00	    91206.00	  3048929.00	        1.00	  1462947.00	  1000000.00
  0.56	  2402655.00	    97980.00	  3052286.00	        1.00	  1502274.00	  1000000.00
  0.57	  2434502.00	   105940.00	  3056998.00	        1.00	  1542243.00	  1000000.00
  0.58	  2467061.00	   113794.00	  3061426.00	        1.00	  1582815.00	  1000000.00
  0.59	  2498574.00	   123440.00	  3067869.00	        1.00	  1624172.00	  1000000.00
  0.60	  2529071.00	   134296.00	  3075709.00	        1.00	  1665750.00	  1000000.00
  0.61	  2561066.00	   144245.00	  3082558.00	        1.00	  1707900.00	  1000000.00
  0.62	  2593860.00	   153747.00	  3088767.00	        1.00	  1750392.00	  1000000.00
  0.63	  2627830.00	   163056.00	  3094835.00	        1.00	  1793863.00	  1000000.00
  0.64	  2660714.00	   173682.00	  3102415.00	        1.00	  1837595.00	  1000000.00
  0.65	  2691984.00	   186326.00	  3112203.00	        1.00	  1881776.00	  1000000.00
  0.66	  2724070.00	   199164.00	  3122273.00	        1.00	  1926973.00	  1000000.00
  0.67	  2754522.00	   214216.00	  3134784.00	        1.00	  1972799.00	  1000000.00
  0.68	  2784694.00	   229605.00	  3147676.00	        1.00	  2018691.00	  1000000.00
  0.69	  2813995.00	   246330.00	  3162281.00	        1.00	  2065080.00	  1000000.00
  0.70	  2843463.00	   263324.00	  3177166.00	        1.00	  2111913.00	  1000000.00
  0.71	  2871563.00	   281903.00	  3193916.00	        1.00	  2158999.00	  1000000.00
  0.72	  2899552.00	   301601.00	  3211990.00	        1.00	  2207120.00	  1000000.00
  0.73	  2927316.00	   321661.00	  3230621.00	        1.00	  2255390.00	  1000000.00
  0.74	  2952476.00	   344936.00	  3253020.00	        1.00	  2304347.00	  1000000.00
  0.75	  2977607.00	   368470.00	  3275837.00	        1.00	  2353542.00	  1000000.00
  0.76	  2999490.00	   395609.00	  3302912.00	        1.00	  2403180.00	  1000000.00
  0.77	  3020719.00	   424068.00	  3331975.00	        1.00	  2453522.00	  1000000.00
  0.78	  3042000.00	   452529.00	  3360974.00	        1.00	  2503921.00	  1000000.00
  0.79	  3060389.00	   484253.00	  3394182.00	        1.00	  2554775.00	  1000000.00
  0.80	  3076353.00	   518706.00	  3430899.00	        1.00	  2606002.00	  1000000.00
  0.81	  3090859.00	   554949.00	  3470077.00	        1.00	  2657614.00	  1000000.00
  0.82	  3100043.00	   596257.00	  3515627.00	        1.00	  2709099.00	  1000000.00
  0.83	  3103945.00	   642911.00	  3568384.00	        1.00	  2760792.00	  1000000.00
  0.84	  3104808.00	   692508.00	  3625262.00	        1.00	  2812475.00	  1000000.00
  0.85	  3102699.00	   744897.00	  3687004.00	        1.00	  2864073.00	  1000000.00
  0.86	  3097486.00	   800585.00	  3753488.00	        1.00	  2915964.00	  1000000.00
  0.87	  3089997.00	   858171.00	  3823789.00	        1.00	  2967554.00	  1000000.00
  0.88	  3075149.00	   923013.00	  3904458.00	        1.00	  3019251.00	  1000000.00
  0.89	  3059055.00	   988446.00	  3987606.00	        1.00	  3070343.00	  1000000.00
  0.90	  3035864.00	  1060101.00	  4080997.00	        1.00	  3120766.00	  1000000.00
  0.91	  3005311.00	  1138805.00	  4186171.00	        1.00	  3171115.00	  1000000.00
  0.92	  2973047.00	  1219044.00	  4295769.00	        1.00	  3221379.00	  1000000.00
  0.93	  2937463.00	  1301867.00	  4412274.00	        1.00	  3271046.00	  1000000.00
  0.94	  2899039.00	  1386917.00	  4534521.00	        1.00	  3320220.00	  1000000.00
  0.95	  2850099.00	  1481304.00	  4674922.00	        1.00	  3368579.00	  1000000.00
  0.96	  2799573.00	  1576413.00	  4820475.00	        1.00	  3416182.00	  1000000.00
  0.97	  2743773.00	  1675530.00	  4977140.00	        1.00	  3462744.00	  1000000.00
  0.98	  2681028.00	  1780347.00	  5148309.00	        1.00	  3508356.00	  1000000.00
  0.99	  2614057.00	  1887712.00	  5330171.00	        1.00	  3552508.00	  1000000.00
  1.00	  2543664.00	  1997720.00	  5523362.00	        1.00	  3596112.00	  1000000.00
  1.01	  2469189.00	  2110618.00	  5729397.00	        1.00	  3638785.00	  1000000.00
  1.02	  2387032.00	  2229371.00	  5956690.00	        1.00	  3680062.00	  1000000.00
  1.03	  2302964.00	  2348338.00	  6194870.00	        1.00	  3719864.00	  1000000.00
  1.04	  2208911.00	  2475448.00	  6463065.00	        1.00	  3758428.00	  1000000.00
  1.05	  2113235.00	  2601897.00	  6742536.00	        1.00	  3794940.00	  1000000.00
  1.06	  2015132.00	  2729035.00	  7040060.00	        1.00	  3830084.00	  1000000.00
  1.07	  1910938.00	  2859931.00	  7365346.00	        1.00	  3863455.00	  1000000.00
  1.08	  1802222.00	  2993185.00	  7718056.00	        1.00	  3895223.00	  1000000.00
  1.09	  1695320.00	  3122387.00	  8085381.00	        1.00	  3925053.00	  1000000.00
  1.10	  1584684.00	  3252694.00	  8484685.00	        1.00	  3952894.00	  1000000.00
  1.11	  1473889.00	  3381423.00	  8910042.00	        1.00	  3979536.00	  1000000.00
  1.12	  1362327.00	  3508061.00	  9368160.00	        1.00	  4003986.00	  1000000.00
  1.13	  1251268.00	  3631697.00	  9856784.00	        1.00	  4026555.00	  1000000.00
  1.14	  1142054.00	  3750959.00	 10376070.00	        1.00	  4047218.00	  1000000.00
  1.15	  1036202.00	  3864635.00	 10925925.00	        1.00	  4066277.00	  1000000.00
  1.16	   931433.00	  3974413.00	 11526443.00	        1.00	  4083552.00	  1000000.00
  1.17	   829531.00	  4078825.00	 12173363.00	        1.00	  4099269.00	  1000000.00
  1.18	   731659.00	  4176530.00	 12861371.00	        1.00	  4113147.00	  1000000.00
  1.19	   639219.00	  4266092.00	 13599574.00	        1.00	  4125335.00	  1000000.00
  1.20	   552668.00	  4347250.00	 14387067.00	        1.00	  4136012.00	  1000000.00
  1.21	   471643.00	  4420110.00	 15235463.00	        1.00	  4145155.00	  1000000.00
  1.22	   398040.00	  4483165.00	 16137824.00	        1.00	  4153007.00	  1000000.00
  1.23	   332427.00	  4536048.00	 17086829.00	        1.00	  4159635.00	  1000000.00
  1.24	   272682.00	  4580204.00	 18116463.00	        1.00	  4165039.00	  1000000.00
  1.25	   221246.00	  4613971.00	 19202378.00	        1.00	  4169515.00	  1000000.00
  1.26	   176129.00	  4639132.00	 20366604.00	        1.00	  4173296.00	  1000000.00
  1.27	   137908.00	  4654897.00	 21613216.00	        1.00	  4176249.00	  1000000.00
  1.28	   106313.00	  4661809.00	 22938300.00	        1.00	  4178576.00	  1000000.00
  1.29	    79954.00	  4661197.00	 24347193.00	        1.00	  4180322.00	  1000000.00
  1.30	    58738.00	  4652853.00	 25861827.00	        1.00	  4181623.00	  1000000.00
  1.31	    42439.00	  4637741.00	 27449346.00	        1.00	  4182561.00	  1000000.00
  1.32	    29908.00	  4616156.00	 29156624.00	        1.00	  4183232.00	  1000000.00
  1.33	    20481.00	  4589744.00	 30940441.00	        1.00	  4183745.00	  1000000.00
  1.34	    13675.00	  4558275.00	 32834842.00	        1.00	  4184077.00	  1000000.00
  1.35	     8897.00	  4522316.00	 34845494.00	        1.00	  4184318.00	  1000000.00
  1.36	     5644.00	  4482645.00	 36959307.00	        1.00	  4184478.00	  1000000.00
  1.37	     3483.00	  4439605.00	 39181140.00	        1.00	  4184574.00	  1000000.00
  1.38	     2145.00	  4393027.00	 41534102.00	        1.00	  4184630.00	  1000000.00
  1.39	     1226.00	  4343899.00	 43989693.00	        1.00	  4184659.00	  1000000.00
  1.40	      706.00	  4292027.00	 46559173.00	        1.00	  4184678.00	  1000000.00
  1.41	      366.00	  4237169.00	 49265712.00	        1.00	  4184692.00	  1000000.00
  1.42	      176.00	  4179712.00	 52090880.00	        1.00	  4184694.00	  1000000.00
  1.43	       87.00	  4120218.00	 55009229.00	        1.00	  4184695.00	  1000000.00
  1.44	       37.00	  4057822.00	 58067976.00	        1.00	  4184697.00	  1000000.00
  1.45	       16.00	  3993200.00	 61233178.00	        1.00	  4184698.00	  1000000.00
  1.46	        6.00	  3925920.00	 64526293.00	        1.00	  4184698.00	  1000000.00
  1.47	        4.00	  3856233.00	 67935792.00	        1.00	  4184698.00	  1000000.00
  1.48	        1.00	  3784332.00	 71451982.00	        1.00	  4184698.00	  1000000.00
  1.49	        0.00	  3710724.00	 75049637.00	        0.00	  4184698.00	  1000000.00
  1.50	        0.00	  3634506.00	 78773689.00	        0.00	  4184698.00	  1000000.00
  1.51	        0.00	  3556202.00	 82597746.00	        0.00	  4184698.00	  1000000.00
  1.52	        0.00	  3476300.00	 86497892.00	        0.00	  4184698.00	  1000000.00
  1.53	        0.00	  3394028.00	 90512090.00	        0.00	  4184698.00	  1000000.00
  1.54	        0.00	  3309331.00	 94643335.00	        0.00	  4184698.00	  1000000.00
  1.55	        0.00	  3224138.00	 98794534.00	        0.00	  4184698.00	  1000000.00
  1.56	        0.00	  3137776.00	102999383.00	        0.00	  4184698.00	  1000000.00
  1.57	        0.00	  3050076.00	107265780.00	        0.00	  4184698.00	  1000000.00
  1.58	        0.00	  2961473.00	111573919.00	        0.00	  4184698.00	  1000000.00
  1.59	        0.00	  2871637.00	115938030.00	        0.00	  4184698.00	  1000000.00
  1.60	        0.00	  2780864.00	120344246.00	        0.00	  4184698.00	  1000000.00
  1.61	        0.00	  2689688.00	124765755.00	        0.00	  4184698.00	  1000000.00
  1.62	        0.00	  2598676.00	129174847.00	        0.00	  4184698.00	  1000000.00
  1.63	        0.00	  2507376.00	133593367.00	        0.00	  4184698.00	  1000000.00
  1.64	        0.00	  2416510.00	137985708.00	        0.00	  4184698.00	  1000000.00
  1.65	        0.00	  2326285.00	142341244.00	        0.00	  4184698.00	  1000000.00
  1.66	        0.00	  2235657.00	146711886.00	        0.00	  4184698.00	  1000000.00
  1.67	        0.00	  2146683.00	150995163.00	        0.00	  4184698.00	  1000000.00
  1.68	        0.00	  2058158.00	155251740.00	        0.00	  4184698.00	  1000000.00
  1.69	        0.00	  1970911.00	159438708.00	        0.00	  4184698.00	  1000000.00
  1.70	        0.00	  1885066.00	163552112.00	        0.00	  4184698.00	  1000000.00
  1.71	        0.00	  1800842.00	167580184.00	        0.00	  4184698.00	  1000000.00
  1.72	        0.00	  1717448.00	171561998.00	        0.00	  4184698.00	  1000000.00
  1.73	        0.00	  1636479.00	175418977.00	        0.00	  4184698.00	  1000000.00
  1.74	        0.00	  1557362.00	179178810.00	        0.00	  4184698.00	  1000000.00
  1.75	        0.00	  1480153.00	182838950.00	        0.00	  4184698.00	  1000000.00
  1.76	        0.00	  1404947.00	186395972.00	        0.00	  4184698.00	  1000000.00
  1.77	        0.00	  1331823.00	189845585.00	        0.00	  4184698.00	  1000000.00
  1.78	        0.00	  1260848.00	193184078.00	        0.00	  4184698.00	  1000000.00
  1.79	        0.00	  1191887.00	196417733.00	        0.00	  4184698.00	  1000000.00
  1.80	        0.00	  1125945.00	199498591.00	        0.00	  4184698.00	  1000000.00
  1.81	        0.00	  1062327.00	202460203.00	        0.00	  4184698.00	  1000000.00
  1.82	        0.00	  1001033.00	205302575.00	        0.00	  4184698.00	  1000000.00
  1.83	        0.00	   942264.00	208016533.00	        0.00	  4184698.00	   942264.00
  1.84	        0.00	   885705.00	210618254.00	        0.00	  4184698.00	   885705.00
  1.85	        0.00	   831301.00	213108797.00	        0.00	  4184698.00	   831301.00
  1.86	        0.00	   779465.00	215469729.00	        0.00	  4184698.00	   779465.00
  1.87	        0.00	   730087.00	217707123.00	        0.00	  4184698.00	   730087.00
  1.88	        0.00	   683403.00	219808643.00	        0.00	  4184698.00	   683403.00
  1.89	        0.00	   639113.00	221788640.00	        0.00	  4184698.00	   639113.00
  1.90	        0.00	   596425.00	223687551.00	        0.00	  4184698.00	   596425.00
  1.91	        0.00	   556208.00	225461592.00	        0.00	  4184698.00	   556208.00
  1.92	        0.00	   518228.00	227123294.00	        0.00	  4184698.00	   518228.00
  1.93	        0.00	   482567.00	228667662.00	        0.00	  4184698.00	   482567.00
  1.94	        0.00	   448746.00	230118917.00	        0.00	  4184698.00	   448746.00
  1.95	        0.00	   416266.00	231502935.00	        0.00	  4184698.00	   416266.00
  1.96	        0.00	   386078.00	232771209.00	        0.00	  4184698.00	   386078.00
  1.97	        0.00	   358066.00	233930005.00	        0.00	  4184698.00	   358066.00
  1.98	        0.00	   331282.00	235026397.00	        0.00	  4184698.00	   331282.00
  1.99	        0.00	   306246.00	236035868.00	        0.00	  4184698.00	   306246.00
  2.00	        0.00	   282923.00	236959052.00	        0.00	  4184698.00	   282923.00
  2.01	        0.00	   261438.00	237789416.00	        0.00	  4184698.00	   261438.00
  2.02	        0.00	   240979.00	238568485.00	        0.00	  4184698.00	   240979.00
  2.03	        0.00	   222124.00	239266918.00	        0.00	  4184698.00	   222124.00
  2.04	        0.00	   204487.00	239904331.00	        0.00	  4184698.00	   204487.00
  2.05	        0.00	   187953.00	240486467.00	        0.00	  4184698.00	   187953.00
  2.06	        0.00	   172688.00	241004342.00	        0.00	  4184698.00	   172688.00
  2.07	        0.00	   158414.00	241473071.00	        0.00	  4184698.00	   158414.00
  2.08	        0.00	   145438.00	241877022.00	        0.00	  4184698.00	   145438.00
  2.09	        0.00	   133378.00	242233956.00	        0.00	  4184698.00	   133378.00
  2.10	        0.00	   122060.00	242554094.00	        0.00	  4184698.00	   122060.00
  2.11	        0.00	   111703.00	242826400.00	        0.00	  4184698.00	   111703.00
  2.12	        0.00	   102095.00	243061639.00	        0.00	  4184698.00	   102095.00
  2.13	        0.00	    93277.00	243257135.00	        0.00	  4184698.00	    93277.00
  2.14	        0.00	    85064.00	243421579.00	        0.00	  4184698.00	    85064.00
  2.15	        0.00	    77549.00	243551770.00	        0.00	  4184698.00	    77549.00
  2.16	        0.00	    70648.00	243652229.00	        0.00	  4184698.00	    70648.00
  2.17	        0.00	    64307.00	243723987.00	        0.00	  4184698.00	    64307.00
  2.18	        0.00	    58487.00	243770169.00	        0.00	  4184698.00	    58487.00
  2.19	        0.00	    53135.00	243792793.00	        0.00	  4184698.00	    53135.00
  2.20	        0.00	    48241.00	243792726.00	        0.00	  4184698.00	    48241.00
  2.21	        0.00	    43813.00	243768842.00	        0.00	  4184698.00	    43813.00
  2.22	        0.00	    39773.00	243726420.00	        0.00	  4184698.00	    39773.00
  2.23	        0.00	    35988.00	243671180.00	        0.00	  4184698.00	    35988.00
  2.24	        0.00	    32536.00	243597899.00	        0.00	  4184698.00	    32536.00
  2.25	        0.00	    29499.00	243505250.00	        0.00	  4184698.00	    29499.00
  2.26	        0.00	    26706.00	243399576.00	        0.00	  4184698.00	    26706.00
  2.27	        0.00	    24151.00	243283684.00	        0.00	  4184698.00	    24151.00
  2.28	        0.00	    21824.00	243156129.00	        0.00	  4184698.00	    21824.00
  2.29	        0.00	    19702.00	243018585.00	        0.00	  4184698.00	    19702.00
  2.30	        0.00	    17836.00	242868233.00	        0.00	  4184698.00	    17836.00
  2.31	        0.00	    16002.00	242716508.00	        0.00	  4184698.00	    16002.00
  2.32	        0.00	    14408.00	242553267.00	        0.00	  4184698.00	    14408.00
  2.33	        0.00	    13053.00	242378420.00	        0.00	  4184698.00	    13053.00
  2.34	        0.00	    11764.00	242200384.00	        0.00	  4184698.00	    11764.00
  2.35	        0.00	    10514.00	242020936.00	        0.00	  4184698.00	    10514.00
  2.36	        0.00	     9468.00	241830586.00	        0.00	  4184698.00	     9468.00
  2.37	        0.00	     8529.00	241635037.00	        0.00	  4184698.00	     8529.00
  2.38	        0.00	     7662.00	241436502.00	        0.00	  4184698.00	     7662.00
  2.39	        0.00	     6865.00	241234265.00	        0.00	  4184698.00	     6865.00
  2.40	        0.00	     6129.00	241028998.00	        0.00	  4184698.00	     6129.00
  2.41	        0.00	     5489.00	240819583.00	        0.00	  4184698.00	     5489.00
  2.42	        0.00	     4893.00	240608890.00	        0.00	  4184698.00	     4893.00
  2.43	        0.00	     4343.00	240396400.00	        0.00	  4184698.00	     4343.00
  2.44	        0.00	     3871.00	240179344.00	        0.00	  4184698.00	     3871.00
  2.45	        0.00	     3467.00	239958508.00	        0.00	  4184698.00	     3467.00
  2.46	        0.00	     3087.00	239736578.00	        0.00	  4184698.00	     3087.00
  2.47	        0.00	     2760.00	239513177.00	        0.00	  4184698.00	     2760.00
  2.48	        0.00	     2466.00	239287901.00	        0.00	  4184698.00	     2466.00
  2.49	        0.00	     2211.00	239060785.00	        0.00	  4184698.00	     2211.00
  2.50	        0.00	     1974.00	238833023.00	        0.00	  4184698.00	     1974.00
  2.51	        0.00	     1755.00	238605634.00	        0.00	  4184698.00	     1755.00
  2.52	        0.00	     1556.00	238377106.00	        0.00	  4184698.00	     1556.00
  2.53	        0.00	     1380.00	238147841.00	        0.00	  4184698.00	     1380.00
  2.54	        0.00	     1241.00	237916808.00	        0.00	  4184698.00	     1241.00
  2.55	        0.00	     1110.00	237685814.00	        0.00	  4184698.00	     1110.00
  2.56	        0.00	      963.00	237455251.00	        0.00	  4184698.00	      963.00
  2.57	        0.00	      852.00	237223866.00	        0.00	  4184698.00	      852.00
  2.58	        0.00	      745.00	236992434.00	        0.00	  4184698.00	      745.00
  2.59	        0.00	      644.00	236761383.00	        0.00	  4184698.00	      644.00
  2.60	        0.00	      574.00	236527721.00	        0.00	  4184698.00	      574.00
  2.61	        0.00	      509.00	236294539.00	        0.00	  4184698.00	      509.00
  2.62	        0.00	      451.00	236061172.00	        0.00	  4184698.00	      451.00
  2.63	        0.00	      406.00	235826552.00	        0.00	  4184698.00	      406.00
  2.64	        0.00	      353.00	235592975.00	        0.00	  4184698.00	      353.00
  2.65	        0.00	      315.00	235359132.00	        0.00	  4184698.00	      315.00
  2.66	        0.00	      274.00	235125290.00	        0.00	  4184698.00	      274.00
  2.67	        0.00	      236.00	234892114.00	        0.00	  4184698.00	      236.00
  2.68	        0.00	      207.00	234658583.00	        0.00	  4184698.00	      207.00
  2.69	        0.00	      182.00	234424514.00	        0.00	  4184698.00	      182.00
  2.70	        0.00	      163.00	234191177.00	        0.00	  4184698.00	      163.00
  2.71	        0.00	      150.00	233957348.00	        0.00	  4184698.00	      150.00
  2.72	        0.00	      133.00	233724409.00	        0.00	  4184698.00	      133.00
  2.73	        0.00	      121.00	233491412.00	        0.00	  4184698.00	      121.00
  2.74	        0.00	      108.00	233259227.00	        0.00	  4184698.00	      108.00
  2.75	        0.00	       93.00	233026321.00	        0.00	  4184698.00	       93.00
  2.76	        0.00	       78.00	232794414.00	        0.00	  4184698.00	       78.00
  2.77	        0.00	       71.00	232561864.00	        0.00	  4184698.00	       71.00
  2.78	        0.00	       62.00	232329715.00	        0.00	  4184698.00	       62.00
  2.79	        0.00	       54.00	232096953.00	        0.00	  4184698.00	       54.00
  2.80	        0.00	       46.00	231865201.00	        0.00	  4184698.00	       46.00
  2.81	        0.00	       43.00	231633417.00	        0.00	  4184698.00	       43.00
  2.82	        0.00	       36.00	231402474.00	        0.00	  4184698.00	       36.00
  2.83	        0.00	       31.00	231170640.00	        0.00	  4184698.00	       31.00
  2.84	        0.00	       29.00	230939210.00	        0.00	  4184698.00	       29.00
  2.85	        0.00	       25.00	230709057.00	        0.00	  4184698.00	       25.00
  2.86	        0.00	       23.00	230478020.00	        0.00	  4184698.00	       23.00
  2.87	        0.00	       23.00	230246962.00	        0.00	  4184698.00	       23.00
  2.88	        0.00	       22.00	230016683.00	        0.00	  4184698.00	       22.00
  2.89	        0.00	       21.00	229786946.00	        0.00	  4184698.00	       21.00
  2.90	        0.00	       17.00	229556818.00	        0.00	  4184698.00	       17.00
  2.91	        0.00	       17.00	229327144.00	        0.00	  4184698.00	       17.00
  2.92	        0.00	       12.00	229098492.00	        0.00	  4184698.00	       12.00
  2.93	        0.00	       11.00	228869674.00	        0.00	  4184698.00	       11.00
  2.94	        0.00	        8.00	228640495.00	        0.00	  4184698.00	        8.00
  2.95	        0.00	        7.00	228412431.00	        0.00	  4184698.00	        7.00
  2.96	        0.00	        4.00	228184904.00	        0.00	  4184698.00	        4.00
  2.97	        0.00	        4.00	227957183.00	        0.00	  4184698.00	        4.00
  2.98	        0.00	        3.00	227729040.00	        0.00	  4184698.00	        3.00
  2.99	        0.00	        3.00	227501672.00	        0.00	  4184698.00	        3.00
  3.00	        0.00	        3.00	227274107.00	        0.00	  4184698.00	        3.00
  3.01	        0.00	        3.00	227047450.00	        0.00	  4184698.00	        3.00
  3.02	        0.00	        1.00	226820594.00	        0.00	  4184698.00	        1.00
  3.03	        0.00	        1.00	226593388.00	        0.00	  4184698.00	        1.00
  3.04	        0.00	        1.00	226367051.00	        0.00	  4184698.00	        1.00
  3.05	        0.00	        1.00	226141248.00	        0.00	  4184698.00	        1.00
  3.06	        0.00	        1.00	225914802.00	        0.00	  4184698.00	        1.00
  3.07	        0.00	        1.00	225689708.00	        0.00	  4184698.00	        1.00
  3.08	        0.00	        1.00	225464240.00	        0.00	  4184698.00	        1.00
  3.09	        0.00	        1.00	225238833.00	        0.00	  4184698.00	        1.00
  3.10	        0.00	        0.00	225013501.00	        0.00	  4184698.00	        0.00
