Datatype: PopulationSize
  0.00	     3162.00	        0.00	  3162278.00	        1.00	        0.00	     3162.00
  0.01	     3206.00	        0.00	  3159134.00	        1.00	       44.00	     3162.00
  0.02	     3266.00	        0.00	  3155922.00	        1.00	      104.00	     3162.00
  0.03	     3327.00	        3.00	  3152613.00	        1.00	      168.00	     3162.00
  0.04	     3379.00	        3.00	  3149419.00	        1.00	      220.00	     3162.00
  0.05	     3437.00	        3.00	  3146320.00	        1.00	      278.00	     3162.00
  0.06	     3497.00	        5.00	  3143141.00	        1.00	      340.00	     3162.00
  0.07	     3552.00	        6.00	  3140031.00	        1.00	      396.00	     3162.00
  0.08	     3591.00	        9.00	  3136954.00	        1.00	      438.00	     3162.00
  0.09	     3651.00	       11.00	  3133821.00	        1.00	      500.00	     3162.00
  0.10	     3713.00	       11.00	  3130712.00	        1.00	      562.00	     3162.00
  0.11	     3768.00	       12.00	  3127642.00	        1.00	      618.00	     3162.00
  0.12	     3832.00	       14.00	  3124526.00	        1.00	      684.00	     3162.00
  0.13	     3890.00	       15.00	  3121362.00	        1.00	      743.00	     3162.00
  0.14	     3958.00	       16.00	  3118293.00	        1.00	      812.00	     3162.00
  0.15	     4016.00	       17.00	  3115150.00	        1.00	      871.00	     3162.00
  0.16	     4089.00	       19.00	  3112112.00	        1.00	      946.00	     3162.00
  0.17	     4156.00	       19.00	  3109046.00	        1.00	     1013.00	     3162.00
  0.18	     4225.00	       19.00	  3105846.00	        1.00	     1082.00	     3162.00
  0.19	     4279.00	       20.00	  3102816.00	        1.00	     1137.00	     3162.00
  0.20	     4354.00	       22.00	  3099684.00	        1.00	     1214.00	     3162.00
  0.21	     4425.00	       24.00	  3096587.00	        1.00	     1287.00	     3162.00
  0.22	     4494.00	       27.00	  3093520.00	        1.00	     1359.00	     3162.00
  0.23	     4570.00	       29.00	  3090427.00	        1.00	     1437.00	     3162.00
  0.24	     4641.00	       29.00	  3087390.00	        1.00	     1508.00	     3162.00
  0.25	     4722.00	       31.00	  3084276.00	        1.00	     1591.00	     3162.00
  0.26	     4785.00	       32.00	  3081171.00	        1.00	     1655.00	     3162.00
  0.27	     4869.00	       32.00	  3078079.00	        1.00	     1739.00	     3162.00
  0.28	     4935.00	       33.00	  3074912.00	        1.00	     1806.00	     3162.00
  0.29	     5021.00	       34.00	  3071929.00	        1.00	     1893.00	     3162.00
  0.30	     5109.00	       38.00	  3068751.00	        1.00	     1985.00	     3162.00
  0.31	     5205.00	       39.00	  3065761.00	        1.00	     2082.00	     3162.00
  0.32	     5287.00	       39.00	  3062853.00	        1.00	     2164.00	     3162.00
  0.33	     5374.00	       38.00	  3059933.00	        1.00	     2251.00	     3162.00
  0.34	     5440.00	       42.00	  3056893.00	        1.00	     2321.00	     3162.00
  0.35	     5523.00	       48.00	  3053809.00	        1.00	     2410.00	     3162.00
  0.36	     5618.00	       49.00	  3050777.00	        1.00	     2506.00	     3162.00
  0.37	     5700.00	       50.00	  3047746.00	        1.00	     2589.00	     3162.00
  0.38	     5790.00	       50.00	  3044735.00	        1.00	     2679.00	     3162.00
  0.39	     5902.00	       51.00	  3041740.00	        1.00	     2792.00	     3162.00
  0.40	     6018.00	       52.00	  3038830.00	        1.00	     2910.00	     3162.00
  0.41	     6100.00	       53.00	  3035821.00	        1.00	     2993.00	     3162.00
  0.42	     6199.00	       56.00	  3032788.00	        1.00	     3095.00	     3162.00
  0.43	     6287.00	       55.00	  3029925.00	        1.00	     3183.00	     3162.00
  0.44	     6380.00	       57.00	  3026858.00	        1.00	     3278.00	     3162.00
  0.45	     6496.00	       58.00	  3023863.00	        1.00	     3395.00	     3162.00
  0.46	     6591.00	       61.00	  3020738.00	        1.00	     3493.00	     3162.00
  0.47	     6706.00	       63.00	  3017776.00	        1.00	     3611.00	     3162.00
  0.48	     6818.00	       66.00	  3014751.00	        1.00	     3726.00	     3162.00
  0.49	     6924.00	       66.00	  3011856.00	        1.00	     3833.00	     3162.00
  0.50	     7030.00	       67.00	  3008872.00	        1.00	     3940.00	     3162.00
  0.51	     7150.00	       68.00	  3006025.00	        1.00	     4063.00	     3162.00
  0.52	     7254.00	       70.00	  3003008.00	        1.00	     4169.00	     3162.00
  0.53	     7370.00	       71.00	  2999963.00	        1.00	     4286.00	     3162.00
  0.54	     7488.00	       70.00	  2997326.00	        1.00	     4406.00	     3162.00
  0.55	     7603.00	       74.00	  2994304.00	        1.00	     4525.00	     3162.00
  0.56	     7721.00	       75.00	  2991306.00	        1.00	     4644.00	     3162.00
  0.57	     7838.00	       76.00	  2988308.00	        1.00	     4762.00	     3162.00
  0.58	     7978.00	       76.00	  2985383.00	        1.00	     4902.00	     3162.00
  0.59	     8106.00	       77.00	  2982497.00	        1.00	     5032.00	     3162.00
  0.60	     8221.00	       77.00	  2979735.00	        1.00	     5149.00	     3162.00
  0.61	     8362.00	       82.00	  2976791.00	        1.00	     5295.00	     3162.00
  0.62	     8502.00	       84.00	  2973844.00	        1.00	     5437.00	     3162.00
  0.63	     8645.00	       90.00	  2970824.00	        1.00	     5586.00	     3162.00
  0.64	     8788.00	       93.00	  2967837.00	        1.00	     5732.00	     3162.00
  0.65	     8925.00	       95.00	  2965055.00	        1.00	     5872.00	     3162.00
  0.66	     9063.00	       98.00	  2962219.00	        1.00	     6014.00	     3162.00
  0.67	     9224.00	      103.00	  2959233.00	        1.00	     6180.00	     3162.00
  0.68	     9366.00	      105.00	  2956285.00	        1.00	     6324.00	     3162.00
  0.69	     9517.00	      107.00	  2953287.00	        1.00	     6477.00	     3162.00
  0.70	     9682.00	      110.00	  2950257.00	        1.00	     6645.00	     3162.00
  0.71	     9856.00	      109.00	  2947391.00	        1.00	     6819.00	     3162.00
  0.72	    10014.00	      116.00	  2944605.00	        1.00	     6985.00	     3162.00
  0.73	    10193.00	      119.00	  2941562.00	        1.00	     7167.00	     3162.00
  0.74	    10362.00	      122.00	  2938647.00	        1.00	     7339.00	     3162.00
  0.75	    10528.00	      122.00	  2935916.00	        1.00	     7508.00	     3162.00
  0.76	    10691.00	      121.00	  2933127.00	        1.00	     7671.00	     3162.00
  0.77	    10853.00	      120.00	  2930463.00	        1.00	     7834.00	     3162.00
  0.78	    11020.00	      123.00	  2927754.00	        1.00	     8006.00	     3162.00
  0.79	    11207.00	      124.00	  2925048.00	        1.00	     8195.00	     3162.00
  0.80	    11382.00	      126.00	  2922275.00	        1.00	     8373.00	     3162.00
  0.81	    11580.00	      124.00	  2919549.00	        1.00	     8571.00	     3162.00
  0.82	    11780.00	      126.00	  2916808.00	        1.00	     8774.00	     3162.00
  0.83	    11979.00	      129.00	  2913878.00	        1.00	     8976.00	     3162.00
  0.84	    12192.00	      130.00	  2911121.00	        1.00	     9192.00	     3162.00
  0.85	    12400.00	      130.00	  2908464.00	        1.00	     9402.00	     3162.00
  0.86	    12617.00	      131.00	  2905795.00	        1.00	     9622.00	     3162.00
  0.87	    12826.00	      133.00	  2903060.00	        1.00	     9835.00	     3162.00
  0.88	    13057.00	      134.00	  2900187.00	        1.00	    10068.00	     3162.00
  0.89	    13273.00	      139.00	  2897463.00	        1.00	    10290.00	     3162.00
  0.90	    13509.00	      141.00	  2894750.00	        1.00	    10530.00	     3162.00
  0.91	    13741.00	      143.00	  2891962.00	        1.00	    10765.00	     3162.00
  0.92	    13957.00	      149.00	  2889109.00	        1.00	    10988.00	     3162.00
  0.93	    14178.00	      151.00	  2886203.00	        1.00	    11211.00	     3162.00
  0.94	    14396.00	      153.00	  2883566.00	        1.00	    11433.00	     3162.00
  0.95	    14618.00	      160.00	  2880625.00	        1.00	    11662.00	     3162.00
  0.96	    14855.00	      160.00	  2877994.00	        1.00	    11902.00	     3162.00
  0.97	    15061.00	      164.00	  2875629.00	        1.00	    12117.00	     3162.00
  0.98	    15327.00	      165.00	  2872888.00	        1.00	    12385.00	     3162.00
  0.99	    15581.00	      167.00	  2870224.00	        1.00	    12643.00	     3162.00
  1.00	    15829.00	      167.00	  2867681.00	        1.00	    12895.00	     3162.00
  1.01	    16083.00	      171.00	  2864890.00	        1.00	    13153.00	     3162.00
  1.02	    16327.00	      173.00	  2862176.00	        1.00	    13401.00	     3162.00
  1.03	    16603.00	      177.00	  2859398.00	        1.00	    13682.00	     3162.00
  1.04	    16861.00	      181.00	  2856924.00	        1.00	    13948.00	     3162.00
  1.05	    17126.00	      184.00	  2854250.00	        1.00	    14219.00	     3162.00
  1.06	    17381.00	      187.00	  2851573.00	        1.00	    14478.00	     3162.00
  1.07	    17670.00	      195.00	  2848826.00	        1.00	    14776.00	     3162.00
  1.08	    17962.00	      198.00	  2846082.00	        1.00	    15073.00	     3162.00
  1.09	    18288.00	      201.00	  2843574.00	        1.00	    15405.00	     3162.00
  1.10	    18578.00	      205.00	  2840755.00	        1.00	    15699.00	     3162.00
  1.11	    18859.00	      206.00	  2838329.00	        1.00	    15985.00	     3162.00
  1.12	    19135.00	      213.00	  2835851.00	        1.00	    16271.00	     3162.00
  1.13	    19452.00	      216.00	  2833322.00	        1.00	    16594.00	     3162.00
  1.14	    19777.00	      220.00	  2830872.00	        1.00	    16925.00	     3162.00
  1.15	    20109.00	      220.00	  2828148.00	        1.00	    17258.00	     3162.00
  1.16	    20440.00	      221.00	  2825910.00	        1.00	    17595.00	     3162.00
  1.17	    20756.00	      227.00	  2823123.00	        1.00	    17917.00	     3162.00
  1.18	    21113.00	      228.00	  2820584.00	        1.00	    18277.00	     3162.00
  1.19	    21470.00	      230.00	  2818195.00	        1.00	    18640.00	     3162.00
  1.20	    21800.00	      233.00	  2815544.00	        1.00	    18975.00	     3162.00
  1.21	    22155.00	      235.00	  2812838.00	        1.00	    19333.00	     3162.00
  1.22	    22493.00	      240.00	  2810227.00	        1.00	    19679.00	     3162.00
  1.23	    22889.00	      247.00	  2807688.00	        1.00	    20085.00	     3162.00
  1.24	    23277.00	      247.00	  2805295.00	        1.00	    20477.00	     3162.00
  1.25	    23636.00	      255.00	  2802608.00	        1.00	    20846.00	     3162.00
  1.26	    24064.00	      257.00	  2800099.00	        1.00	    21279.00	     3162.00
  1.27	    24462.00	      264.00	  2797662.00	        1.00	    21688.00	     3162.00
  1.28	    24873.00	      267.00	  2794976.00	        1.00	    22102.00	     3162.00
  1.29	    25279.00	      271.00	  2792480.00	        1.00	    22515.00	     3162.00
  1.30	    25718.00	      278.00	  2789700.00	        1.00	    22962.00	     3162.00
  1.31	    26115.00	      283.00	  2787293.00	        1.00	    23368.00	     3162.00
  1.32	    26554.00	      287.00	  2784920.00	        1.00	    23815.00	     3162.00
  1.33	    26996.00	      294.00	  2782563.00	        1.00	    24268.00	     3162.00
  1.34	    27420.00	      304.00	  2779961.00	        1.00	    24704.00	     3162.00
  1.35	    27845.00	      309.00	  2777224.00	        1.00	    25134.00	     3162.00
  1.36	    28284.00	      309.00	  2775019.00	        1.00	    25580.00	     3162.00
  1.37	    28777.00	      313.00	  2772508.00	        1.00	    26080.00	     3162.00
  1.38	    29232.00	      317.00	  2770137.00	        1.00	    26543.00	     3162.00
  1.39	    29707.00	      323.00	  2767753.00	        1.00	    27028.00	     3162.00
  1.40	    30214.00	      325.00	  2765292.00	        1.00	    27540.00	     3162.00
  1.41	    30731.00	      332.00	  2762656.00	        1.00	    28065.00	     3162.00
  1.42	    31269.00	      334.00	  2760435.00	        1.00	    28610.00	     3162.00
  1.43	    31816.00	      336.00	  2758200.00	        1.00	    29164.00	     3162.00
  1.44	    32349.00	      338.00	  2755694.00	        1.00	    29701.00	     3162.00
  1.45	    32877.00	      345.00	  2753261.00	        1.00	    30239.00	     3162.00
  1.46	    33419.00	      348.00	  2751261.00	        1.00	    30791.00	     3162.00
  1.47	    33943.00	      351.00	  2749018.00	        1.00	    31324.00	     3162.00
  1.48	    34529.00	      350.00	  2747004.00	        1.00	    31916.00	     3162.00
  1.49	    35098.00	      353.00	  2744675.00	        1.00	    32492.00	     3162.00
  1.50	    35655.00	      361.00	  2742217.00	        1.00	    33060.00	     3162.00
  1.51	    36227.00	      367.00	  2739763.00	        1.00	    33642.00	     3162.00
  1.52	    36834.00	      377.00	  2737584.00	        1.00	    34265.00	     3162.00
  1.53	    37419.00	      386.00	  2735182.00	        1.00	    34863.00	     3162.00
  1.54	    38040.00	      393.00	  2733006.00	        1.00	    35497.00	     3162.00
  1.55	    38683.00	      398.00	  2730520.00	        1.00	    36148.00	     3162.00
  1.56	    39341.00	      399.00	  2728672.00	        1.00	    36816.00	     3162.00
  1.57	    39999.00	      406.00	  2726111.00	        1.00	    37483.00	     3162.00
  1.58	    40669.00	      415.00	  2723642.00	        1.00	    38165.00	     3162.00
  1.59	    41344.00	      426.00	  2721324.00	        1.00	    38856.00	     3162.00
  1.60	    42037.00	      425.00	  2719565.00	        1.00	    39558.00	     3162.00
  1.61	    42762.00	      428.00	  2717096.00	        1.00	    40288.00	     3162.00
  1.62	    43448.00	      432.00	  2714845.00	        1.00	    40983.00	     3162.00
  1.63	    44159.00	      443.00	  2712676.00	        1.00	    41711.00	     3162.00
  1.64	    44923.00	      451.00	  2710302.00	        1.00	    42486.00	     3162.00
  1.65	    45625.00	      461.00	  2707943.00	        1.00	    43202.00	     3162.00
  1.66	    46366.00	      463.00	  2705985.00	        1.00	    43952.00	     3162.00
  1.67	    47074.00	      478.00	  2703599.00	        1.00	    44679.00	     3162.00
  1.68	    47859.00	      485.00	  2701184.00	        1.00	    45475.00	     3162.00
  1.69	    48630.00	      494.00	  2699056.00	        1.00	    46261.00	     3162.00
  1.70	    49432.00	      495.00	  2696722.00	        1.00	    47068.00	     3162.00
  1.71	    50258.00	      506.00	  2694351.00	        1.00	    47909.00	     3162.00
  1.72	    51088.00	      511.00	  2692343.00	        1.00	    48752.00	     3162.00
  1.73	    51892.00	      526.00	  2690312.00	        1.00	    49578.00	     3162.00
  1.74	    52724.00	      536.00	  2687833.00	        1.00	    50422.00	     3162.00
  1.75	    53627.00	      541.00	  2685980.00	        1.00	    51338.00	     3162.00
  1.76	    54503.00	      559.00	  2683744.00	        1.00	    52237.00	     3162.00
  1.77	    55363.00	      576.00	  2681408.00	        1.00	    53117.00	     3162.00
  1.78	    56271.00	      590.00	  2679251.00	        1.00	    54044.00	     3162.00
  1.79	    57206.00	      599.00	  2677203.00	        1.00	    54994.00	     3162.00
  1.80	    58103.00	      603.00	  2674989.00	        1.00	    55900.00	     3162.00
  1.81	    59059.00	      620.00	  2672960.00	        1.00	    56880.00	     3162.00
  1.82	    60020.00	      640.00	  2670261.00	        1.00	    57861.00	     3162.00
  1.83	    60982.00	      657.00	  2668191.00	        1.00	    58846.00	     3162.00
  1.84	    62009.00	      662.00	  2666073.00	        1.00	    59885.00	     3162.00
  1.85	    62985.00	      676.00	  2664015.00	        1.00	    60881.00	     3162.00
  1.86	    63972.00	      683.00	  2662191.00	        1.00	    61884.00	     3162.00
  1.87	    64992.00	      688.00	  2660294.00	        1.00	    62917.00	     3162.00
  1.88	    66060.00	      697.00	  2658350.00	        1.00	    64002.00	     3162.00
  1.89	    67147.00	      706.00	  2656482.00	        1.00	    65106.00	     3162.00
  1.90	    68217.00	      724.00	  2654408.00	        1.00	    66200.00	     3162.00
  1.91	    69321.00	      737.00	  2652124.00	        1.00	    67321.00	     3162.00
  1.92	    70484.00	      752.00	  2650312.00	        1.00	    68507.00	     3162.00
  1.93	    71620.00	      772.00	  2648599.00	        1.00	    69673.00	     3162.00
  1.94	    72805.00	      783.00	  2646580.00	        1.00	    70875.00	     3162.00
  1.95	    74037.00	      789.00	  2644953.00	        1.00	    72123.00	     3162.00
  1.96	    75285.00	      798.00	  2643199.00	        1.00	    73389.00	     3162.00
  1.97	    76471.00	      817.00	  2641491.00	        1.00	    74603.00	     3162.00
  1.98	    77790.00	      834.00	  2639472.00	        1.00	    75946.00	     3162.00
  1.99	    79126.00	      845.00	  2637650.00	        1.00	    77301.00	     3162.00
  2.00	    80442.00	      859.00	  2635711.00	        1.00	    78638.00	     3162.00
  2.01	    81828.00	      880.00	  2633618.00	        1.00	    80051.00	     3162.00
  2.02	    83219.00	      883.00	  2631865.00	        1.00	    81453.00	     3162.00
  2.03	    84609.00	      904.00	  2630277.00	        1.00	    82875.00	     3162.00
  2.04	    86064.00	      913.00	  2628736.00	        1.00	    84350.00	     3162.00
  2.05	    87474.00	      934.00	  2626469.00	        1.00	    85785.00	     3162.00
  2.06	    88920.00	      945.00	  2624763.00	        1.00	    87252.00	     3162.00
  2.07	    90400.00	      960.00	  2622930.00	        1.00	    88756.00	     3162.00
  2.08	    91902.00	      983.00	  2620893.00	        1.00	    90287.00	     3162.00
  2.09	    93489.00	      997.00	  2619064.00	        1.00	    91896.00	     3162.00
  2.10	    95080.00	     1006.00	  2617606.00	        1.00	    93508.00	     3162.00
  2.11	    96723.00	     1007.00	  2616203.00	        1.00	    95164.00	     3162.00
  2.12	    98276.00	     1021.00	  2614457.00	        1.00	    96740.00	     3162.00
  2.13	    99914.00	     1043.00	  2612457.00	        1.00	    98406.00	     3162.00
  2.14	   101662.00	     1055.00	  2611294.00	        1.00	   100181.00	     3162.00
  2.15	   103342.00	     1074.00	  2609679.00	        1.00	   101890.00	     3162.00
  2.16	   105021.00	     1088.00	  2608400.00	        1.00	   103597.00	     3162.00
  2.17	   106724.00	     1103.00	  2607426.00	        1.00	   105332.00	     3162.00
  2.18	   108459.00	     1110.00	  2606201.00	        1.00	   107088.00	     3162.00
  2.19	   110337.00	     1124.00	  2605093.00	        1.00	   108995.00	     3162.00
  2.20	   112153.00	     1131.00	  2604227.00	        1.00	   110836.00	     3162.00
  2.21	   113986.00	     1153.00	  2602127.00	        1.00	   112696.00	     3162.00
  2.22	   115872.00	     1169.00	  2601131.00	        1.00	   114615.00	     3162.00
  2.23	   117773.00	     1195.00	  2599740.00	        1.00	   116555.00	     3162.00
  2.24	   119696.00	     1221.00	  2597851.00	        1.00	   118512.00	     3162.00
  2.25	   121711.00	     1243.00	  2596670.00	        1.00	   120563.00	     3162.00
  2.26	   123699.00	     1254.00	  2595252.00	        1.00	   122574.00	     3162.00
  2.27	   125827.00	     1273.00	  2593449.00	        1.00	   124730.00	     3162.00
  2.28	   128001.00	     1289.00	  2592423.00	        1.00	   126935.00	     3162.00
  2.29	   130128.00	     1307.00	  2591212.00	        1.00	   129094.00	     3162.00
  2.30	   132281.00	     1319.00	  2590256.00	        1.00	   131275.00	     3162.00
  2.31	   134485.00	     1342.00	  2589253.00	        1.00	   133518.00	     3162.00
  2.32	   136759.00	     1371.00	  2587424.00	        1.00	   135829.00	     3162.00
  2.33	   139030.00	     1396.00	  2585937.00	        1.00	   138136.00	     3162.00
  2.34	   141340.00	     1407.00	  2585584.00	        1.00	   140480.00	     3162.00
  2.35	   143767.00	     1423.00	  2584614.00	        1.00	   142939.00	     3162.00
  2.36	   146148.00	     1443.00	  2583524.00	        1.00	   145355.00	     3162.00
  2.37	   148560.00	     1465.00	  2582560.00	        1.00	   147806.00	     3162.00
  2.38	   150997.00	     1481.00	  2581449.00	        1.00	   150274.00	     3162.00
  2.39	   153532.00	     1504.00	  2580529.00	        1.00	   152849.00	     3162.00
  2.40	   156153.00	     1527.00	  2579554.00	        1.00	   155509.00	     3162.00
  2.41	   158786.00	     1553.00	  2578893.00	        1.00	   158188.00	     3162.00
  2.42	   161531.00	     1574.00	  2578240.00	        1.00	   160974.00	     3162.00
  2.43	   164169.00	     1596.00	  2577507.00	        1.00	   163653.00	     3162.00
  2.44	   166912.00	     1616.00	  2577207.00	        1.00	   166439.00	     3162.00
  2.45	   169775.00	     1641.00	  2576723.00	        1.00	   169348.00	     3162.00
  2.46	   172588.00	     1672.00	  2575681.00	        1.00	   172208.00	     3162.00
  2.47	   175483.00	     1695.00	  2574754.00	        1.00	   175143.00	     3162.00
  2.48	   178326.00	     1722.00	  2573966.00	        1.00	   178031.00	     3162.00
  2.49	   181218.00	     1748.00	  2573523.00	        1.00	   180971.00	     3162.00
  2.50	   184222.00	     1774.00	  2573116.00	        1.00	   184023.00	     3162.00
  2.51	   187296.00	     1800.00	  2572154.00	        1.00	   187139.00	     3162.00
  2.52	   190341.00	     1829.00	  2571403.00	        1.00	   190231.00	     3162.00
  2.53	   193514.00	     1860.00	  2570463.00	        1.00	   193452.00	     3162.00
  2.54	   196595.00	     1891.00	  2570072.00	        1.00	   196586.00	     3162.00
  2.55	   199844.00	     1932.00	  2569480.00	        1.00	   199896.00	     3162.00
  2.56	   203204.00	     1946.00	  2569221.00	        1.00	   203294.00	     3162.00
  2.57	   206529.00	     1969.00	  2569696.00	        1.00	   206673.00	     3162.00
  2.58	   209874.00	     2020.00	  2569358.00	        1.00	   210092.00	     3162.00
  2.59	   213337.00	     2053.00	  2568430.00	        1.00	   213605.00	     3162.00
  2.60	   216827.00	     2085.00	  2568004.00	        1.00	   217149.00	     3162.00
  2.61	   220344.00	     2125.00	  2567820.00	        1.00	   220729.00	     3162.00
  2.62	   223925.00	     2160.00	  2566979.00	        1.00	   224363.00	     3162.00
  2.63	   227678.00	     2187.00	  2566868.00	        1.00	   228168.00	     3162.00
  2.64	   231505.00	     2213.00	  2566616.00	        1.00	   232045.00	     3162.00
  2.65	   235343.00	     2246.00	  2566505.00	        1.00	   235941.00	     3162.00
  2.66	   239296.00	     2269.00	  2566591.00	        1.00	   239944.00	     3162.00
  2.67	   243320.00	     2312.00	  2567092.00	        1.00	   244043.00	     3162.00
  2.68	   247233.00	     2351.00	  2567484.00	        1.00	   248025.00	     3162.00
  2.69	   251301.00	     2384.00	  2567239.00	        1.00	   252150.00	     3162.00
  2.70	   255457.00	     2446.00	  2566482.00	        1.00	   256387.00	     3162.00
  2.71	   259781.00	     2490.00	  2566395.00	        1.00	   260781.00	     3162.00
  2.72	   264047.00	     2535.00	  2566287.00	        1.00	   265118.00	     3162.00
  2.73	   268299.00	     2574.00	  2566185.00	        1.00	   269434.00	     3162.00
  2.74	   272627.00	     2613.00	  2565546.00	        1.00	   273821.00	     3162.00
  2.75	   276973.00	     2646.00	  2566472.00	        1.00	   278236.00	     3162.00
  2.76	   281569.00	     2695.00	  2566708.00	        1.00	   282909.00	     3162.00
  2.77	   286197.00	     2740.00	  2567613.00	        1.00	   287618.00	     3162.00
  2.78	   290854.00	     2767.00	  2568937.00	        1.00	   292342.00	     3162.00
  2.79	   295614.00	     2810.00	  2568735.00	        1.00	   297169.00	     3162.00
  2.80	   300446.00	     2866.00	  2569370.00	        1.00	   302090.00	     3162.00
  2.81	   305494.00	     2912.00	  2569650.00	        1.00	   307213.00	     3162.00
  2.82	   310597.00	     2962.00	  2569615.00	        1.00	   312392.00	     3162.00
  2.83	   315663.00	     3010.00	  2570479.00	        1.00	   317541.00	     3162.00
  2.84	   320865.00	     3066.00	  2570999.00	        1.00	   322830.00	     3162.00
  2.85	   326097.00	     3131.00	  2570488.00	        1.00	   328149.00	     3162.00
  2.86	   331624.00	     3193.00	  2571118.00	        1.00	   333771.00	     3162.00
  2.87	   337009.00	     3248.00	  2572780.00	        1.00	   339254.00	     3162.00
  2.88	   342468.00	     3304.00	  2574192.00	        1.00	   344810.00	     3162.00
  2.89	   348094.00	     3361.00	  2574043.00	        1.00	   350518.00	     3162.00
  2.90	   353895.00	     3433.00	  2573797.00	        1.00	   356416.00	     3162.00
  2.91	   359690.00	     3500.00	  2574167.00	        1.00	   362309.00	     3162.00
  2.92	   365729.00	     3562.00	  2575204.00	        1.00	   368447.00	     3162.00
  2.93	   371763.00	     3612.00	  2578067.00	        1.00	   374586.00	     3162.00
  2.94	   378068.00	     3658.00	  2579865.00	        1.00	   380982.00	     3162.00
  2.95	   384395.00	     3719.00	  2581383.00	        1.00	   387413.00	     3162.00
  2.96	   390722.00	     3774.00	  2583179.00	        1.00	   393840.00	     3162.00
  2.97	   397270.00	     3844.00	  2584248.00	        1.00	   400496.00	     3162.00
  2.98	   403878.00	     3913.00	  2584272.00	        1.00	   407200.00	     3162.00
  2.99	   410724.00	     3959.00	  2585429.00	        1.00	   414130.00	     3162.00
  3.00	   417499.00	     4004.00	  2588267.00	        1.00	   421005.00	     3162.00
  3.01	   424406.00	     4083.00	  2588425.00	        1.00	   428021.00	     3162.00
  3.02	   431509.00	     4164.00	  2589936.00	        1.00	   435247.00	     3162.00
  3.03	   438694.00	     4235.00	  2591932.00	        1.00	   442550.00	     3162.00
  3.04	   446089.00	     4298.00	  2593901.00	        1.00	   450055.00	     3162.00
  3.05	   453562.00	     4353.00	  2596625.00	        1.00	   457637.00	     3162.00
  3.06	   461011.00	     4431.00	  2598237.00	        1.00	   465207.00	     3162.00
  3.07	   468750.00	     4553.00	  2599679.00	        1.00	   473110.00	     3162.00
  3.08	   476445.00	     4622.00	  2601438.00	        1.00	   480919.00	     3162.00
  3.09	   484226.00	     4722.00	  2602095.00	        1.00	   488834.00	     3162.00
  3.10	   492305.00	     4791.00	  2603777.00	        1.00	   497026.00	     3162.00
  3.11	   500674.00	     4852.00	  2606651.00	        1.00	   505512.00	     3162.00
  3.12	   508879.00	     4927.00	  2609578.00	        1.00	   513849.00	     3162.00
  3.13	   517317.00	     5018.00	  2611129.00	        1.00	   522421.00	     3162.00
  3.14	   525934.00	     5115.00	  2612743.00	        1.00	   531178.00	     3162.00
  3.15	   534619.00	     5201.00	  2615089.00	        1.00	   540000.00	     3162.00
  3.16	   543348.00	     5315.00	  2616946.00	        1.00	   548888.00	     3162.00
  3.17	   552335.00	     5413.00	  2619666.00	        1.00	   558028.00	     3162.00
  3.18	   561564.00	     5525.00	  2620702.00	        1.00	   567407.00	     3162.00
  3.19	   570758.00	     5633.00	  2622351.00	        1.00	   576752.00	     3162.00
  3.20	   580299.00	     5712.00	  2625995.00	        1.00	   586436.00	     3162.00
  3.21	   589882.00	     5823.00	  2628821.00	        1.00	   596187.00	     3162.00
  3.22	   599582.00	     5922.00	  2631291.00	        1.00	   606039.00	     3162.00
  3.23	   609453.00	     6030.00	  2634281.00	        1.00	   616076.00	     3162.00
  3.24	   619472.00	     6141.00	  2636424.00	        1.00	   626255.00	     3162.00
  3.25	   629755.00	     6250.00	  2640297.00	        1.00	   636714.00	     3162.00
  3.26	   640272.00	     6371.00	  2642756.00	        1.00	   647405.00	     3162.00
  3.27	   650801.00	     6473.00	  2646973.00	        1.00	   658106.00	     3162.00
  3.28	   661473.00	     6603.00	  2650087.00	        1.00	   668967.00	     3162.00
  3.29	   672430.00	     6687.00	  2654261.00	        1.00	   680078.00	     3162.00
  3.30	   683510.00	     6782.00	  2659623.00	        1.00	   691335.00	     3162.00
  3.31	   694777.00	     6888.00	  2664108.00	        1.00	   702781.00	     3162.00
  3.32	   706351.00	     7006.00	  2667639.00	        1.00	   714537.00	     3162.00
  3.33	   718075.00	     7113.00	  2672409.00	        1.00	   726444.00	     3162.00
  3.34	   730173.00	     7226.00	  2677222.00	        1.00	   738732.00	     3162.00
  3.35	   742269.00	     7356.00	  2681708.00	        1.00	   751032.00	     3162.00
  3.36	   754579.00	     7453.00	  2687528.00	        1.00	   763525.00	     3162.00
  3.37	   767080.00	     7568.00	  2691984.00	        1.00	   776214.00	     3162.00
  3.38	   779679.00	     7691.00	  2696717.00	        1.00	   789013.00	     3162.00
  3.39	   792357.00	     7796.00	  2702108.00	        1.00	   801879.00	     3162.00
  3.40	   805302.00	     7951.00	  2707195.00	        1.00	   815059.00	     3162.00
  3.41	   818651.00	     8088.00	  2713165.00	        1.00	   828634.00	     3162.00
  3.42	   832416.00	     8252.00	  2716544.00	        1.00	   842626.00	     3162.00
  3.43	   846183.00	     8413.00	  2722021.00	        1.00	   856638.00	     3162.00
  3.44	   859896.00	     8567.00	  2726847.00	        1.00	   870583.00	     3162.00
  3.45	   874008.00	     8733.00	  2732602.00	        1.00	   884948.00	     3162.00
  3.46	   888410.00	     8865.00	  2739436.00	        1.00	   899579.00	     3162.00
  3.47	   903340.00	     9033.00	  2745489.00	        1.00	   914768.00	     3162.00
  3.48	   918321.00	     9173.00	  2751736.00	        1.00	   929981.00	     3162.00
  3.49	   933488.00	     9330.00	  2759134.00	        1.00	   945409.00	     3162.00
  3.50	   949003.00	     9504.00	  2765706.00	        1.00	   961195.00	     3162.00
  3.51	   964553.00	     9634.00	  2773091.00	        1.00	   976979.00	     3162.00
  3.52	   980594.00	     9807.00	  2781606.00	        1.00	   993309.00	     3162.00
  3.53	   996659.00	     9989.00	  2789526.00	        1.00	  1009665.00	     3162.00
  3.54	  1012920.00	    10165.00	  2797015.00	        1.00	  1026208.00	     3162.00
  3.55	  1029571.00	    10327.00	  2805388.00	        1.00	  1043136.00	     3162.00
  3.56	  1046491.00	    10525.00	  2812478.00	        1.00	  1060356.00	     3162.00
  3.57	  1063747.00	    10711.00	  2820030.00	        1.00	  1077906.00	     3162.00
  3.58	  1081310.00	    10908.00	  2830645.00	        1.00	  1095804.00	     3162.00
  3.59	  1098986.00	    11100.00	  2838629.00	        1.00	  1113783.00	     3162.00
  3.60	  1117050.00	    11312.00	  2847168.00	        1.00	  1132175.00	     3162.00
  3.61	  1135486.00	    11538.00	  2855783.00	        1.00	  1150956.00	     3162.00
  3.62	  1153938.00	    11774.00	  2865041.00	        1.00	  1169769.00	     3162.00
  3.63	  1172971.00	    12039.00	  2873008.00	        1.00	  1189179.00	     3162.00
  3.64	  1192297.00	    12257.00	  2881585.00	        1.00	  1208841.00	     3162.00
  3.65	  1212091.00	    12485.00	  2890586.00	        1.00	  1228985.00	     3162.00
  3.66	  1232192.00	    12706.00	  2900312.00	        1.00	  1249437.00	     3162.00
  3.67	  1252374.00	    12931.00	  2910701.00	        1.00	  1269980.00	     3162.00
  3.68	  1272868.00	    13181.00	  2920615.00	        1.00	  1290856.00	     3162.00
  3.69	  1293737.00	    13433.00	  2930112.00	        1.00	  1312105.00	     3162.00
  3.70	  1315049.00	    13696.00	  2939637.00	        1.00	  1333809.00	     3162.00
  3.71	  1336793.00	    13926.00	  2950942.00	        1.00	  1355930.00	     3162.00
  3.72	  1358869.00	    14164.00	  2962546.00	        1.00	  1378394.00	     3162.00
  3.73	  1381476.00	    14448.00	  2975286.00	        1.00	  1401448.00	     3162.00
  3.74	  1404067.00	    14738.00	  2984918.00	        1.00	  1424459.00	     3162.00
  3.75	  1427246.00	    15036.00	  2995450.00	        1.00	  1448075.00	     3162.00
  3.76	  1450699.00	    15323.00	  3007941.00	        1.00	  1471974.00	     3162.00
  3.77	  1474778.00	    15611.00	  3020607.00	        1.00	  1496503.00	     3162.00
  3.78	  1499092.00	    15955.00	  3031071.00	        1.00	  1521301.00	     3162.00
  3.79	  1523921.00	    16266.00	  3043160.00	        1.00	  1546597.00	     3162.00
  3.80	  1549146.00	    16592.00	  3055700.00	        1.00	  1572308.00	     3162.00
  3.81	  1574753.00	    16910.00	  3068284.00	        1.00	  1598394.00	     3162.00
  3.82	  1600361.00	    17234.00	  3079141.00	        1.00	  1624470.00	     3162.00
  3.83	  1626823.00	    17594.00	  3091305.00	        1.00	  1651450.00	     3162.00
  3.84	  1653231.00	    17934.00	  3106078.00	        1.00	  1678382.00	     3162.00
  3.85	  1680468.00	    18259.00	  3121350.00	        1.00	  1706132.00	     3162.00
  3.86	  1708269.00	    18571.00	  3134491.00	        1.00	  1734413.00	     3162.00
  3.87	  1736281.00	    18899.00	  3149322.00	        1.00	  1762938.00	     3162.00
  3.88	  1764886.00	    19228.00	  3165519.00	        1.00	  1792072.00	     3162.00
  3.89	  1794034.00	    19598.00	  3180110.00	        1.00	  1821773.00	     3162.00
  3.90	  1823212.00	    19987.00	  3193561.00	        1.00	  1851512.00	     3162.00
  3.91	  1853236.00	    20392.00	  3207814.00	        1.00	  1882121.00	     3162.00
  3.92	  1883523.00	    20774.00	  3226938.00	        1.00	  1913021.00	     3162.00
  3.93	  1914306.00	    21168.00	  3243365.00	        1.00	  1944402.00	     3162.00
  3.94	  1945765.00	    21615.00	  3260166.00	        1.00	  1976516.00	     3162.00
  3.95	  1977988.00	    22083.00	  3277419.00	        1.00	  2009420.00	     3162.00
  3.96	  2010366.00	    22479.00	  3294198.00	        1.00	  2042400.00	     3162.00
  3.97	  2043392.00	    22944.00	  3310722.00	        1.00	  2076097.00	     3162.00
  3.98	  2076857.00	    23429.00	  3328210.00	        1.00	  2110262.00	     3162.00
  3.99	  2111310.00	    23842.00	  3347872.00	        1.00	  2145364.00	     3162.00
  4.00	  2146019.00	    24332.00	  3366856.00	        1.00	  2180794.00	     3162.00
  4.01	  2181247.00	    24835.00	  3385430.00	        1.00	  2216753.00	     3162.00
  4.02	  2217133.00	    25297.00	  3404779.00	        1.00	  2253336.00	     3162.00
  4.03	  2253668.00	    25787.00	  3426127.00	        1.00	  2290615.00	     3162.00
  4.04	  2290775.00	    26244.00	  3447961.00	        1.00	  2328439.00	     3162.00
  4.05	  2328485.00	    26786.00	  3468786.00	        1.00	  2366942.00	     3162.00
  4.06	  2366675.00	    27345.00	  3490415.00	        1.00	  2405950.00	     3162.00
  4.07	  2405557.00	    27914.00	  3511536.00	        1.00	  2445655.00	     3162.00
  4.08	  2445230.00	    28441.00	  3533337.00	        1.00	  2486117.00	     3162.00
  4.09	  2485261.00	    29027.00	  3556406.00	        1.00	  2527008.00	     3162.00
  4.10	  2525937.00	    29539.00	  3584931.00	        1.00	  2568525.00	     3162.00
  4.11	  2567556.00	    30140.00	  3608713.00	        1.00	  2611027.00	     3162.00
  4.12	  2609481.00	    30812.00	  3633551.00	        1.00	  2653918.00	     3162.00
  4.13	  2652417.00	    31464.00	  3660118.00	        1.00	  2697818.00	     3162.00
  4.14	  2695912.00	    32102.00	  3689778.00	        1.00	  2742295.00	     3162.00
  4.15	  2740131.00	    32684.00	  3722543.00	        1.00	  2787471.00	     3162.00
  4.16	  2785456.00	    33371.00	  3749567.00	        1.00	  2833801.00	     3162.00
  4.17	  2831076.00	    34135.00	  3775027.00	        1.00	  2880489.00	     3162.00
  4.18	  2877429.00	    34889.00	  3805652.00	        1.00	  2927951.00	     3162.00
  4.19	  2924945.00	    35657.00	  3837953.00	        1.00	  2976608.00	     3162.00
  4.20	  2972951.00	    36471.00	  3865429.00	        1.00	  3025752.00	     3162.00
  4.21	  3021819.00	    37290.00	  3893017.00	        1.00	  3075765.00	     3162.00
  4.22	  3071172.00	    38067.00	  3927089.00	        1.00	  3126287.00	     3162.00
  4.23	  3121357.00	    38979.00	  3958578.00	        1.00	  3177751.00	     3162.00
  4.24	  3172171.00	    39871.00	  3989849.00	        1.00	  3229822.00	     3162.00
  4.25	  3224266.00	    40723.00	  4022631.00	        1.00	  3283149.00	     3162.00
  4.26	  3277410.00	    41610.00	  4052992.00	        1.00	  3337537.00	     3162.00
  4.27	  3330659.00	    42658.00	  4085602.00	        1.00	  3392215.00	     3162.00
  4.28	  3385611.00	    43649.00	  4119378.00	        1.00	  3448550.00	     3162.00
  4.29	  3441231.00	    44580.00	  4154012.00	        1.00	  3505502.00	     3162.00
  4.30	  3497607.00	    45654.00	  4186546.00	        1.00	  3563334.00	     3162.00
  4.31	  3554674.00	    46617.00	  4225950.00	        1.00	  3621813.00	     3162.00
  4.32	  3613057.00	    47705.00	  4262814.00	        1.00	  3681710.00	     3162.00
  4.33	  3672023.00	    48813.00	  4300338.00	        1.00	  3742217.00	     3162.00
  4.34	  3731786.00	    50064.00	  4333887.00	        1.00	  3803626.00	     3162.00
  4.35	  3792394.00	    51319.00	  4372128.00	        1.00	  3865932.00	     3162.00
  4.36	  3854477.00	    52498.00	  4414886.00	        1.00	  3929682.00	     3162.00
  4.37	  3917790.00	    53725.00	  4456915.00	        1.00	  3994705.00	     3162.00
  4.38	  3981875.00	    54981.00	  4497122.00	        1.00	  4060509.00	     3162.00
  4.39	  4046620.00	    56308.00	  4539597.00	        1.00	  4127069.00	     3162.00
  4.40	  4112122.00	    57635.00	  4582412.00	        1.00	  4194392.00	     3162.00
  4.41	  4179288.00	    59011.00	  4625195.00	        1.00	  4263429.00	     3162.00
  4.42	  4247204.00	    60464.00	  4670631.00	        1.00	  4333319.00	     3162.00
  4.43	  4316781.00	    61994.00	  4714205.00	        1.00	  4404931.00	     3162.00
  4.44	  4386915.00	    63486.00	  4759379.00	        1.00	  4477077.00	     3162.00
  4.45	  4458160.00	    65051.00	  4806419.00	        1.00	  4550426.00	     3162.00
  4.46	  4531576.00	    66642.00	  4858394.00	        1.00	  4626023.00	     3162.00
  4.47	  4605096.00	    68342.00	  4910990.00	        1.00	  4701841.00	     3162.00
  4.48	  4679924.00	    69886.00	  4963914.00	        1.00	  4778814.00	     3162.00
  4.49	  4755848.00	    71550.00	  5020899.00	        1.00	  4857046.00	     3162.00
  4.50	  4833211.00	    73374.00	  5070547.00	        1.00	  4936804.00	     3162.00
  4.51	  4911352.00	    75197.00	  5127327.00	        1.00	  5017412.00	     3162.00
  4.52	  4990613.00	    77141.00	  5182419.00	        1.00	  5099245.00	     3162.00
  4.53	  5071344.00	    79036.00	  5243426.00	        1.00	  5182559.00	     3162.00
  4.54	  5153114.00	    81076.00	  5300617.00	        1.00	  5267020.00	     3162.00
  4.55	  5236657.00	    83134.00	  5364698.00	        1.00	  5353343.00	     3162.00
  4.56	  5321506.00	    85323.00	  5427076.00	        1.00	  5441089.00	     3162.00
  4.57	  5407566.00	    87508.00	  5490495.00	        1.00	  5530052.00	     3162.00
  4.58	  5495469.00	    89651.00	  5558057.00	        1.00	  5620858.00	     3162.00
  4.59	  5584211.00	    92008.00	  5623627.00	        1.00	  5712701.00	     3162.00
  4.60	  5674511.00	    94469.00	  5693844.00	        1.00	  5806254.00	     3162.00
  4.61	  5766451.00	    96990.00	  5767144.00	        1.00	  5901538.00	     3162.00
  4.62	  5859831.00	    99505.00	  5840399.00	        1.00	  5998257.00	     3162.00
  4.63	  5954484.00	   102038.00	  5917492.00	        1.00	  6096307.00	     3162.00
  4.64	  6050715.00	   104716.00	  5993227.00	        1.00	  6196068.00	     3162.00
  4.65	  6148259.00	   107611.00	  6069979.00	        1.00	  6297373.00	     3162.00
  4.66	  6247140.00	   110571.00	  6150098.00	        1.00	  6400116.00	     3162.00
  4.67	  6347850.00	   113548.00	  6228432.00	        1.00	  6504688.00	     3162.00
  4.68	  6450259.00	   116570.00	  6311935.00	        1.00	  6611057.00	     3162.00
  4.69	  6553613.00	   119695.00	  6396371.00	        1.00	  6718486.00	     3162.00
  4.70	  6658989.00	   123047.00	  6481356.00	        1.00	  6828173.00	     3162.00
  4.71	  6766144.00	   126451.00	  6568021.00	        1.00	  6939709.00	     3162.00
  4.72	  6874423.00	   130062.00	  6663015.00	        1.00	  7052663.00	     3162.00
  4.73	  6984638.00	   133729.00	  6759426.00	        1.00	  7167624.00	     3162.00
  4.74	  7097357.00	   137416.00	  6854460.00	        1.00	  7285097.00	     3162.00
  4.75	  7210994.00	   141313.00	  6951233.00	        1.00	  7403719.00	     3162.00
  4.76	  7327190.00	   145266.00	  7055100.00	        1.00	  7525029.00	     3162.00
  4.77	  7444543.00	   149320.00	  7158103.00	        1.00	  7647590.00	     3162.00
  4.78	  7563595.00	   153509.00	  7261345.00	        1.00	  7771989.00	     3162.00
  4.79	  7684648.00	   157733.00	  7373954.00	        1.00	  7898522.00	     3162.00
  4.80	  7807900.00	   162234.00	  7483599.00	        1.00	  8027503.00	     3162.00
  4.81	  7932404.00	   166636.00	  7611194.00	        1.00	  8157820.00	     3162.00
  4.82	  8059313.00	   171386.00	  7729432.00	        1.00	  8290800.00	     3162.00
  4.83	  8187979.00	   176401.00	  7851300.00	        1.00	  8425844.00	     3162.00
  4.84	  8318497.00	   181502.00	  7972495.00	        1.00	  8562819.00	     3162.00
  4.85	  8451729.00	   186623.00	  8098727.00	        1.00	  8702581.00	     3162.00
  4.86	  8586379.00	   192209.00	  8224496.00	        1.00	  8844229.00	     3162.00
  4.87	  8722603.00	   197855.00	  8353151.00	        1.00	  8987541.00	     3162.00
  4.88	  8861673.00	   203665.00	  8489868.00	        1.00	  9133947.00	     3162.00
  4.89	  9002802.00	   209607.00	  8634244.00	        1.00	  9282625.00	     3162.00
  4.90	  9146067.00	   215771.00	  8779039.00	        1.00	  9433669.00	     3162.00
  4.91	  9291530.00	   222213.00	  8928796.00	        1.00	  9587242.00	     3162.00
  4.92	  9438362.00	   229108.00	  9078257.00	        1.00	  9742641.00	     3162.00
  4.93	  9587970.00	   236008.00	  9230258.00	        1.00	  9900849.00	     3162.00
  4.94	  9739181.00	   243200.00	  9384232.00	        1.00	 10060977.00	     3162.00
  4.95	  9893672.00	   250677.00	  9541748.00	        1.00	 10224710.00	     3162.00
  4.96	 10050005.00	   258289.00	  9715901.00	        1.00	 10390590.00	     3162.00
  4.97	 10208152.00	   266456.00	  9885316.00	        1.00	 10558800.00	     3162.00
  4.98	 10368508.00	   274645.00	 10062609.00	        1.00	 10729322.00	     3162.00
  4.99	 10531278.00	   283202.00	 10249578.00	        1.00	 10902728.00	     3162.00
  5.00	 10697248.00	   292127.00	 10431901.00	        1.00	 11079662.00	     3162.00
  5.01	 10865352.00	   301369.00	 10617263.00	        1.00	 11259083.00	     3162.00
  5.02	 11036064.00	   310940.00	 10815935.00	        1.00	 11441581.00	     3162.00
  5.03	 11209651.00	   320802.00	 11024986.00	        1.00	 11627353.00	     3162.00
  5.04	 11384478.00	   330969.00	 11240186.00	        1.00	 11814739.00	     3162.00
  5.05	 11562309.00	   341494.00	 11453591.00	        1.00	 12005476.00	     3162.00
  5.06	 11742661.00	   352468.00	 11671761.00	        1.00	 12199239.00	     3162.00
  5.07	 11925668.00	   363891.00	 11890552.00	        1.00	 12396118.00	     3162.00
  5.08	 12110873.00	   375681.00	 12126778.00	        1.00	 12595744.00	     3162.00
  5.09	 12299127.00	   387906.00	 12366602.00	        1.00	 12798896.00	     3162.00
  5.10	 12490248.00	   400560.00	 12610772.00	        1.00	 13005395.00	     3162.00
  5.11	 12683242.00	   413745.00	 12863881.00	        1.00	 13214397.00	     3162.00
  5.12	 12879255.00	   427320.00	 13116325.00	        1.00	 13426808.00	     3162.00
  5.13	 13077238.00	   441419.00	 13377975.00	        1.00	 13641816.00	     3162.00
  5.14	 13277456.00	   456160.00	 13660632.00	        1.00	 13859923.00	     3162.00
  5.15	 13481306.00	   471507.00	 13942687.00	        1.00	 14082268.00	     3162.00
  5.16	 13687445.00	   487244.00	 14238769.00	        1.00	 14307442.00	     3162.00
  5.17	 13896017.00	   503831.00	 14538481.00	        1.00	 14535946.00	     3162.00
  5.18	 14107622.00	   521071.00	 14843239.00	        1.00	 14768201.00	     3162.00
  5.19	 14322565.00	   538590.00	 15164817.00	        1.00	 15004249.00	     3162.00
  5.20	 14539688.00	   557113.00	 15496575.00	        1.00	 15243594.00	     3162.00
  5.21	 14759605.00	   576323.00	 15843111.00	        1.00	 15486582.00	     3162.00
  5.22	 14982374.00	   596372.00	 16189727.00	        1.00	 15733276.00	     3162.00
  5.23	 15208404.00	   616890.00	 16544691.00	        1.00	 15983794.00	     3162.00
  5.24	 15436947.00	   638326.00	 16909564.00	        1.00	 16237854.00	     3162.00
  5.25	 15669027.00	   660164.00	 17297062.00	        1.00	 16496091.00	     3162.00
  5.26	 15903564.00	   683521.00	 17690093.00	        1.00	 16758378.00	     3162.00
  5.27	 16140438.00	   707533.00	 18089773.00	        1.00	 17023737.00	     3162.00
  5.28	 16379768.00	   732490.00	 18503510.00	        1.00	 17292653.00	     3162.00
  5.29	 16623190.00	   758794.00	 18939658.00	        1.00	 17567250.00	     3162.00
  5.30	 16869653.00	   785477.00	 19390324.00	        1.00	 17845425.00	     3162.00
  5.31	 17119229.00	   813533.00	 19836236.00	        1.00	 18128057.00	     3162.00
  5.32	 17370706.00	   842421.00	 20312054.00	        1.00	 18413738.00	     3162.00
  5.33	 17625634.00	   872714.00	 20796202.00	        1.00	 18704380.00	     3162.00
  5.34	 17884499.00	   903382.00	 21303838.00	        1.00	 18999581.00	     3162.00
  5.35	 18144359.00	   936358.00	 21822351.00	        1.00	 19298224.00	     3162.00
  5.36	 18408013.00	   970316.00	 22371203.00	        1.00	 19601967.00	     3162.00
  5.37	 18674458.00	  1005528.00	 22917959.00	        1.00	 19909754.00	     3162.00
  5.38	 18943156.00	  1042748.00	 23474607.00	        1.00	 20221928.00	     3162.00
  5.39	 19213992.00	  1081202.00	 24067160.00	        1.00	 20537857.00	     3162.00
  5.40	 19486993.00	  1121216.00	 24664696.00	        1.00	 20857586.00	     3162.00
  5.41	 19764727.00	  1162899.00	 25286313.00	        1.00	 21183985.00	     3162.00
  5.42	 20044931.00	  1206058.00	 25934120.00	        1.00	 21514616.00	     3162.00
  5.43	 20327189.00	  1251233.00	 26603925.00	        1.00	 21849564.00	     3162.00
  5.44	 20611474.00	  1298297.00	 27293092.00	        1.00	 22188656.00	     3162.00
  5.45	 20897061.00	  1347827.00	 27998355.00	        1.00	 22531716.00	     3162.00
  5.46	 21186647.00	  1399052.00	 28719804.00	        1.00	 22880657.00	     3162.00
  5.47	 21479229.00	  1452205.00	 29470470.00	        1.00	 23234846.00	     3162.00
  5.48	 21773464.00	  1507925.00	 30254072.00	        1.00	 23593627.00	     3162.00
  5.49	 22069152.00	  1565605.00	 31064640.00	        1.00	 23956122.00	     3162.00
  5.50	 22367634.00	  1625797.00	 31901767.00	        1.00	 24324229.00	     3162.00
  5.51	 22668370.00	  1688103.00	 32764506.00	        1.00	 24696993.00	     3162.00
  5.52	 22970294.00	  1753747.00	 33647962.00	        1.00	 25074540.00	     3162.00
  5.53	 23274064.00	  1822296.00	 34565231.00	        1.00	 25457219.00	     3162.00
  5.54	 23580122.00	  1893620.00	 35503033.00	        1.00	 25845215.00	     3162.00
  5.55	 23888003.00	  1967505.00	 36498599.00	        1.00	 26238216.00	     3162.00
  5.56	 24197438.00	  2044525.00	 37502509.00	        1.00	 26636041.00	     3162.00
  5.57	 24508757.00	  2125039.00	 38552606.00	        1.00	 27039757.00	     3162.00
  5.58	 24820552.00	  2208900.00	 39641569.00	        1.00	 27447738.00	     3162.00
  5.59	 25133897.00	  2295878.00	 40755894.00	        1.00	 27860691.00	     3162.00
  5.60	 25448662.00	  2387196.00	 41933159.00	        1.00	 28280101.00	     3162.00
  5.61	 25764880.00	  2481817.00	 43121654.00	        1.00	 28704432.00	     3162.00
  5.62	 26081846.00	  2580806.00	 44367352.00	        1.00	 29134520.00	     3162.00
  5.63	 26398678.00	  2683730.00	 45653442.00	        1.00	 29568882.00	     3162.00
  5.64	 26716271.00	  2790697.00	 47003845.00	        1.00	 30008756.00	     3162.00
  5.65	 27033198.00	  2901817.00	 48425620.00	        1.00	 30452902.00	     3162.00
  5.66	 27349367.00	  3018943.00	 49859317.00	        1.00	 30902500.00	     3162.00
  5.67	 27667361.00	  3140806.00	 51338790.00	        1.00	 31359204.00	     3162.00
  5.68	 27984078.00	  3268146.00	 52866952.00	        1.00	 31820672.00	     3162.00
  5.69	 28299520.00	  3400464.00	 54462317.00	        1.00	 32286598.00	     3162.00
  5.70	 28613985.00	  3538171.00	 56128633.00	        1.00	 32757746.00	     3162.00
  5.71	 28927919.00	  3680956.00	 57855925.00	        1.00	 33234137.00	     3162.00
  5.72	 29238172.00	  3830008.00	 59664236.00	        1.00	 33714023.00	     3162.00
  5.73	 29547281.00	  3985750.00	 61514057.00	        1.00	 34199980.00	     3162.00
  5.74	 29854394.00	  4148558.00	 63450950.00	        1.00	 34691990.00	     3162.00
  5.75	 30157900.00	  4318710.00	 65420308.00	        1.00	 35188188.00	     3162.00
  5.76	 30459489.00	  4495784.00	 67462417.00	        1.00	 35690228.00	     3162.00
  5.77	 30757280.00	  4680393.00	 69602973.00	        1.00	 36197115.00	     3162.00
  5.78	 31052245.00	  4872938.00	 71801158.00	        1.00	 36709824.00	     3162.00
  5.79	 31340870.00	  5073699.00	 74084692.00	        1.00	 37225404.00	     3162.00
  5.80	 31626107.00	  5282176.00	 76442667.00	        1.00	 37746192.00	     3162.00
  5.81	 31907099.00	  5499771.00	 78895571.00	        1.00	 38272955.00	     3162.00
  5.82	 32180229.00	  5725801.00	 81467291.00	        1.00	 38801633.00	     3162.00
  5.83	 32447559.00	  5961619.00	 84129734.00	        1.00	 39335369.00	     3162.00
  5.84	 32710686.00	  6205775.00	 86882056.00	        1.00	 39874300.00	     3162.00
  5.85	 32965359.00	  6461157.00	 89733966.00	        1.00	 40417195.00	     3162.00
  5.86	 33213221.00	  6726738.00	 92725955.00	        1.00	 40965065.00	     3162.00
  5.87	 33451864.00	  7004379.00	 95773703.00	        1.00	 41516538.00	     3162.00
  5.88	 33682667.00	  7291561.00	 98992774.00	        1.00	 42071620.00	     3162.00
  5.89	 33903674.00	  7591033.00	102324927.00	        1.00	 42630550.00	     3162.00
  5.90	 34113797.00	  7903991.00	105766660.00	        1.00	 43193414.00	     3162.00
  5.91	 34311535.00	  8228575.00	109404455.00	        1.00	 43757714.00	     3162.00
  5.92	 34500110.00	  8565877.00	113134235.00	        1.00	 44326732.00	     3162.00
  5.93	 34675797.00	  8916682.00	116998773.00	        1.00	 44897967.00	     3162.00
  5.94	 34839264.00	  9280967.00	121042399.00	        1.00	 45472535.00	     3162.00
  5.95	 34989847.00	  9658797.00	125222446.00	        1.00	 46049407.00	     3162.00
  5.96	 35125549.00	 10052991.00	129571976.00	        1.00	 46629766.00	     3162.00
  5.97	 35245980.00	 10461529.00	134122426.00	        1.00	 47211515.00	     3162.00
  5.98	 35349834.00	 10886272.00	138816097.00	        1.00	 47794653.00	     3162.00
  5.99	 35437962.00	 11327342.00	143690283.00	        1.00	 48380539.00	     3162.00
  6.00	 35508916.00	 11784212.00	148712455.00	        1.00	 48966881.00	     3162.00
  6.01	 35562178.00	 12257134.00	153934617.00	        1.00	 49553944.00	     3162.00
  6.02	 35593938.00	 12747709.00	159406027.00	        1.00	 50140044.00	     3162.00
  6.03	 35608316.00	 13254876.00	165094947.00	        1.00	 50727923.00	     3162.00
  6.04	 35601486.00	 13780099.00	171039083.00	        1.00	 51315643.00	     3162.00
  6.05	 35572487.00	 14324593.00	177215384.00	        1.00	 51903237.00	     3162.00
  6.06	 35522297.00	 14887371.00	183569967.00	        1.00	 52490161.00	     3162.00
  6.07	 35447502.00	 15469796.00	190267053.00	        1.00	 53076052.00	     3162.00
  6.08	 35349725.00	 16069979.00	197226469.00	        1.00	 53659840.00	     3162.00
  6.09	 35227335.00	 16690860.00	204453243.00	        1.00	 54242923.00	     3162.00
  6.10	 35080441.00	 17329949.00	211996295.00	        1.00	 54823427.00	     3162.00
  6.11	 34907465.00	 17989904.00	219781858.00	        1.00	 55401711.00	     3162.00
  6.12	 34706926.00	 18669625.00	227878785.00	        1.00	 55975923.00	     3162.00
  6.13	 34478571.00	 19368474.00	236372171.00	        1.00	 56546038.00	     3162.00
  6.14	 34223049.00	 20087137.00	245181894.00	        1.00	 57112629.00	     3162.00
  6.15	 33940422.00	 20826863.00	254301565.00	        1.00	 57676970.00	     3162.00
  6.16	 33625516.00	 21586894.00	263827241.00	        1.00	 58234121.00	     3162.00
  6.17	 33283047.00	 22364992.00	273742117.00	        1.00	 58786391.00	     3162.00
  6.18	 32911760.00	 23161780.00	283950229.00	        1.00	 59332249.00	     3162.00
  6.19	 32511382.00	 23976186.00	294622760.00	        1.00	 59872073.00	     3162.00
  6.20	 32081536.00	 24810115.00	305683119.00	        1.00	 60406690.00	     3162.00
  6.21	 31621348.00	 25659260.00	317265317.00	        1.00	 60932270.00	     3162.00
  6.22	 31131294.00	 26525843.00	329242461.00	        1.00	 61450264.00	     3162.00
  6.23	 30612058.00	 27407753.00	341762827.00	        1.00	 61960783.00	     3162.00
  6.24	 30063918.00	 28303263.00	354795622.00	        1.00	 62462105.00	     3162.00
  6.25	 29488730.00	 29211601.00	368244191.00	        1.00	 62954356.00	     3162.00
  6.26	 28880769.00	 30135620.00	382312738.00	        1.00	 63436822.00	     3162.00
  6.27	 28247471.00	 31068729.00	396975228.00	        1.00	 63910061.00	     3162.00
  6.28	 27583681.00	 32011800.00	412209020.00	        1.00	 64369637.00	     3162.00
  6.29	 26896524.00	 32960279.00	428075373.00	        1.00	 64818759.00	     3162.00
  6.30	 26183220.00	 33916719.00	444560592.00	        1.00	 65257135.00	     3162.00
  6.31	 25447854.00	 34875345.00	461752632.00	        1.00	 65683975.00	     3162.00
  6.32	 24689457.00	 35837629.00	479587650.00	        1.00	 66099178.00	     3162.00
  6.33	 23911279.00	 36798815.00	498084481.00	        1.00	 66501465.00	     3162.00
  6.34	 23115863.00	 37756427.00	517299383.00	        1.00	 66891578.00	     3162.00
  6.35	 22301719.00	 38708193.00	537346609.00	        1.00	 67266879.00	     3162.00
  6.36	 21472194.00	 39653488.00	558106152.00	        1.00	 67628948.00	     3162.00
  6.37	 20628991.00	 40588934.00	579689608.00	        1.00	 67977294.00	     3162.00
  6.38	 19777498.00	 41507870.00	602104941.00	        1.00	 68310737.00	     3162.00
  6.39	 18916690.00	 42412055.00	625416011.00	        1.00	 68630746.00	     3162.00
  6.40	 18049939.00	 43295569.00	649753445.00	        1.00	 68936159.00	     3162.00
  6.41	 17182338.00	 44157068.00	674860468.00	        1.00	 69228121.00	     3162.00
  6.42	 16314353.00	 44992895.00	700896173.00	        1.00	 69505086.00	     3162.00
  6.43	 15449524.00	 45798773.00	727990441.00	        1.00	 69767731.00	     3162.00
  6.44	 14592205.00	 46572542.00	755955234.00	        1.00	 70016360.00	     3162.00
  6.45	 13742873.00	 47311870.00	785001844.00	        1.00	 70251314.00	     3162.00
  6.46	 12905710.00	 48012754.00	815107652.00	        1.00	 70472572.00	     3162.00
  6.47	 12083626.00	 48671060.00	846366208.00	        1.00	 70679883.00	     3162.00
  6.48	 11277554.00	 49286645.00	878685254.00	        1.00	 70873205.00	     3162.00
  6.49	 10488661.00	 49857662.00	912120566.00	        1.00	 71052447.00	     3162.00
  6.50	  9722035.00	 50381450.00	946666453.00	        1.00	 71219951.00	     3162.00
  6.51	  8980040.00	 50851944.00	982585940.00	        1.00	 71374807.00	     3162.00
  6.52	  8267243.00	 51268796.00	1019582604.00	        1.00	 71518210.00	     3162.00
  6.53	  7582427.00	 51630024.00	1057977918.00	        1.00	 71650277.00	     3162.00
  6.54	  6926768.00	 51935856.00	1097601734.00	        1.00	 71770736.00	     3162.00
  6.55	  6301035.00	 52184689.00	1138606550.00	        1.00	 71880292.00	     3162.00
  6.56	  5709291.00	 52374409.00	1180924740.00	        1.00	 71980218.00	     3162.00
  6.57	  5149801.00	 52506624.00	1224522135.00	        1.00	 72070115.00	     3162.00
  6.58	  4624797.00	 52579138.00	1269513760.00	        1.00	 72151186.00	     3162.00
  6.59	  4135338.00	 52590892.00	1315952151.00	        1.00	 72224027.00	     3162.00
  6.60	  3680925.00	 52543117.00	1363842480.00	        1.00	 72289281.00	     3162.00
  6.61	  3260759.00	 52437891.00	1413063907.00	        1.00	 72347164.00	     3162.00
  6.62	  2872992.00	 52277031.00	1463688022.00	        1.00	 72398364.00	     3162.00
  6.63	  2519341.00	 52058930.00	1515762067.00	        1.00	 72443427.00	     3162.00
  6.64	  2197250.00	 51786542.00	1569276703.00	        1.00	 72482750.00	     3162.00
  6.65	  1905819.00	 51461181.00	1624268529.00	        1.00	 72516996.00	     3162.00
  6.66	  1643986.00	 51085258.00	1680596440.00	        1.00	 72546178.00	     3162.00
  6.67	  1410766.00	 50659324.00	1738438690.00	        1.00	 72571574.00	     3162.00
  6.68	  1203513.00	 50187424.00	1797681951.00	        1.00	 72593480.00	     3162.00
  6.69	  1020896.00	 49672027.00	1858265809.00	        1.00	 72612253.00	     3162.00
  6.70	   860219.00	 49115246.00	1920252577.00	        1.00	 72628149.00	     3162.00
  6.71	   720383.00	 48518565.00	1983659322.00	        1.00	 72641464.00	     3162.00
  6.72	   599264.00	 47886248.00	2048319570.00	        1.00	 72652713.00	     3162.00
  6.73	   496255.00	 47218516.00	2114286139.00	        1.00	 72661905.00	     3162.00
  6.74	   407494.00	 46520757.00	2181435583.00	        1.00	 72669384.00	     3162.00
  6.75	   332047.00	 45793698.00	2249834803.00	        1.00	 72675517.00	     3162.00
  6.76	   269588.00	 45037835.00	2319515700.00	        1.00	 72680656.00	     3162.00
  6.77	   216776.00	 44259474.00	2390169873.00	        1.00	 72684625.00	     3162.00
  6.78	   173143.00	 43456906.00	2462059676.00	        1.00	 72687813.00	     3162.00
  6.79	   137106.00	 42635413.00	2534834493.00	        1.00	 72690308.00	     3162.00
  6.80	   107976.00	 41796255.00	2608475754.00	        1.00	 72692333.00	     3162.00
  6.81	    84557.00	 40940200.00	2683042539.00	        1.00	 72693996.00	     3162.00
  6.82	    65513.00	 40069350.00	2758465065.00	        1.00	 72695238.00	     3162.00
  6.83	    50370.00	 39186828.00	2834495734.00	        1.00	 72696166.00	     3162.00
  6.84	    38503.00	 38293592.00	2911137093.00	        1.00	 72696920.00	     3162.00
  6.85	    29270.00	 37389156.00	2988510114.00	        1.00	 72697469.00	     3162.00
  6.86	    21883.00	 36478325.00	3066229125.00	        1.00	 72697909.00	     3162.00
  6.87	    16290.00	 35561123.00	3144307733.00	        1.00	 72698246.00	     3162.00
  6.88	    12038.00	 34638302.00	3222748383.00	        1.00	 72698474.00	     3162.00
  6.89	     8842.00	 33712376.00	3301329948.00	        1.00	 72698645.00	     3162.00
  6.90	     6474.00	 32784496.00	3379994116.00	        1.00	 72698783.00	     3162.00
  6.91	     4715.00	 31854567.00	3458774351.00	        1.00	 72698880.00	     3162.00
  6.92	     3371.00	 30925010.00	3537460017.00	        1.00	 72698930.00	     3162.00
  6.93	     2407.00	 29998668.00	3615790990.00	        1.00	 72698980.00	     3162.00
  6.94	     1669.00	 29076580.00	3693705643.00	        1.00	 72699008.00	     3162.00
  6.95	     1158.00	 28160920.00	3770984261.00	        1.00	 72699034.00	     3162.00
  6.96	      776.00	 27247202.00	3848097390.00	        1.00	 72699053.00	     3162.00
  6.97	      550.00	 26341365.00	3924468763.00	        1.00	 72699061.00	     3162.00
  6.98	      368.00	 25441847.00	4000285570.00	        1.00	 72699073.00	     3162.00
  6.99	      249.00	 24554073.00	4075010362.00	        1.00	 72699077.00	     3162.00
  7.00	      178.00	 23673345.00	4149129122.00	        1.00	 72699078.00	     3162.00
  7.01	      117.00	 22805627.00	4222067426.00	        1.00	 72699081.00	     3162.00
  7.02	       75.00	 21951205.00	4293799123.00	        1.00	 72699082.00	     3162.00
  7.03	       45.00	 21109047.00	4364432456.00	        1.00	 72699084.00	     3162.00
  7.04	       29.00	 20281348.00	4433766793.00	        1.00	 72699084.00	     3162.00
  7.05	       18.00	 19467429.00	4501875404.00	        1.00	 72699084.00	     3162.00
  7.06	       10.00	 18671383.00	4568365055.00	        1.00	 72699084.00	     3162.00
  7.07	        5.00	 17891711.00	4633379529.00	        1.00	 72699084.00	     3162.00
  7.08	        3.00	 17129079.00	4696867227.00	        1.00	 72699084.00	     3162.00
  7.09	        2.00	 16383143.00	4758865879.00	        1.00	 72699084.00	     3162.00
  7.10	        0.00	 15654571.00	4819316597.00	        0.00	 72699084.00	     3162.00
  7.11	        0.00	 14945328.00	4878025617.00	        0.00	 72699084.00	     3162.00
  7.12	        0.00	 14255485.00	4934994483.00	        0.00	 72699084.00	     3162.00
  7.13	        0.00	 13584706.00	4990250311.00	        0.00	 72699084.00	     3162.00
  7.14	        0.00	 12933013.00	5043799095.00	        0.00	 72699084.00	     3162.00
  7.15	        0.00	 12301582.00	5095523420.00	        0.00	 72699084.00	     3162.00
  7.16	        0.00	 11691818.00	5145278412.00	        0.00	 72699084.00	     3162.00
  7.17	        0.00	 11101907.00	5193249658.00	        0.00	 72699084.00	     3162.00
  7.18	        0.00	 10531771.00	5239447377.00	        0.00	 72699084.00	     3162.00
  7.19	        0.00	  9981475.00	5283859854.00	        0.00	 72699084.00	     3162.00
  7.20	        0.00	  9450949.00	5326491330.00	        0.00	 72699084.00	     3162.00
  7.21	        0.00	  8943034.00	5367061482.00	        0.00	 72699084.00	     3162.00
  7.22	        0.00	  8454316.00	5405902769.00	        0.00	 72699084.00	     3162.00
  7.23	        0.00	  7984940.00	5442995558.00	        0.00	 72699084.00	     3162.00
  7.24	        0.00	  7534630.00	5478362851.00	        0.00	 72699084.00	     3162.00
  7.25	        0.00	  7103866.00	5511954017.00	        0.00	 72699084.00	     3162.00
  7.26	        0.00	  6693106.00	5543718385.00	        0.00	 72699084.00	     3162.00
  7.27	        0.00	  6298794.00	5574009920.00	        0.00	 72699084.00	     3162.00
  7.28	        0.00	  5923086.00	5602604098.00	        0.00	 72699084.00	     3162.00
  7.29	        0.00	  5565814.00	5629508709.00	        0.00	 72699084.00	     3162.00
  7.30	        0.00	  5225966.00	5654831102.00	        0.00	 72699084.00	     3162.00
  7.31	        0.00	  4901605.00	5678760724.00	        0.00	 72699084.00	     3162.00
  7.32	        0.00	  4595349.00	5701014417.00	        0.00	 72699084.00	     3162.00
  7.33	        0.00	  4303512.00	5721965171.00	        0.00	 72699084.00	     3162.00
  7.34	        0.00	  4026065.00	5741610685.00	        0.00	 72699084.00	     3162.00
  7.35	        0.00	  3763473.00	5759898631.00	        0.00	 72699084.00	     3162.00
  7.36	        0.00	  3516578.00	5776739545.00	        0.00	 72699084.00	     3162.00
  7.37	        0.00	  3282782.00	5792379756.00	        0.00	 72699084.00	     3162.00
  7.38	        0.00	  3061930.00	5806840324.00	        0.00	 72699084.00	     3162.00
  7.39	        0.00	  2853556.00	5820154204.00	        0.00	 72699084.00	     3162.00
  7.40	        0.00	  2657189.00	5832375316.00	        0.00	 72699084.00	     3162.00
  7.41	        0.00	  2472495.00	5843524059.00	        0.00	 72699084.00	     3162.00
  7.42	        0.00	  2299341.00	5853606983.00	        0.00	 72699084.00	     3162.00
  7.43	        0.00	  2136105.00	5862788400.00	        0.00	 72699084.00	     3162.00
  7.44	        0.00	  1983402.00	5870991139.00	        0.00	 72699084.00	     3162.00
  7.45	        0.00	  1840265.00	5878317624.00	        0.00	 72699084.00	     3162.00
  7.46	        0.00	  1705827.00	5884846619.00	        0.00	 72699084.00	     3162.00
  7.47	        0.00	  1581380.00	5890447049.00	        0.00	 72699084.00	     3162.00
  7.48	        0.00	  1464052.00	5895398802.00	        0.00	 72699084.00	     3162.00
  7.49	        0.00	  1354230.00	5899658838.00	        0.00	 72699084.00	     3162.00
  7.50	        0.00	  1252017.00	5903218035.00	        0.00	 72699084.00	     3162.00
  7.51	        0.00	  1156510.00	5906161022.00	        0.00	 72699084.00	     3162.00
  7.52	        0.00	  1068216.00	5908431496.00	        0.00	 72699084.00	     3162.00
  7.53	        0.00	   985993.00	5910145037.00	        0.00	 72699084.00	     3162.00
  7.54	        0.00	   909485.00	5911329986.00	        0.00	 72699084.00	     3162.00
  7.55	        0.00	   837961.00	5912064112.00	        0.00	 72699084.00	     3162.00
  7.56	        0.00	   771412.00	5912334747.00	        0.00	 72699084.00	     3162.00
  7.57	        0.00	   710074.00	5912121528.00	        0.00	 72699084.00	     3162.00
  7.58	        0.00	   653373.00	5911478859.00	        0.00	 72699084.00	     3162.00
  7.59	        0.00	   600591.00	5910480237.00	        0.00	 72699084.00	     3162.00
  7.60	        0.00	   551528.00	5909136197.00	        0.00	 72699084.00	     3162.00
  7.61	        0.00	   506206.00	5907451359.00	        0.00	 72699084.00	     3162.00
  7.62	        0.00	   464286.00	5905453312.00	        0.00	 72699084.00	     3162.00
  7.63	        0.00	   425677.00	5903150381.00	        0.00	 72699084.00	     3162.00
  7.64	        0.00	   390080.00	5900570925.00	        0.00	 72699084.00	     3162.00
  7.65	        0.00	   357076.00	5897751088.00	        0.00	 72699084.00	     3162.00
  7.66	        0.00	   326848.00	5894678962.00	        0.00	 72699084.00	     3162.00
  7.67	        0.00	   299107.00	5891375379.00	        0.00	 72699084.00	     3162.00
  7.68	        0.00	   273299.00	5887903316.00	        0.00	 72699084.00	     3162.00
  7.69	        0.00	   249585.00	5884236781.00	        0.00	 72699084.00	     3162.00
  7.70	        0.00	   227870.00	5880386466.00	        0.00	 72699084.00	     3162.00
  7.71	        0.00	   207928.00	5876372132.00	        0.00	 72699084.00	     3162.00
  7.72	        0.00	   189601.00	5872212686.00	        0.00	 72699084.00	     3162.00
  7.73	        0.00	   172955.00	5867902196.00	        0.00	 72699084.00	     3162.00
  7.74	        0.00	   157542.00	5863481815.00	        0.00	 72699084.00	     3162.00
  7.75	        0.00	   143499.00	5858933901.00	        0.00	 72699084.00	     3162.00
  7.76	        0.00	   130436.00	5854303669.00	        0.00	 72699084.00	     3162.00
  7.77	        0.00	   118764.00	5849543617.00	        0.00	 72699084.00	     3162.00
  7.78	        0.00	   108072.00	5844699950.00	        0.00	 72699084.00	     3162.00
  7.79	        0.00	    98217.00	5839784961.00	        0.00	 72699084.00	     3162.00
  7.80	        0.00	    89242.00	5834792426.00	        0.00	 72699084.00	     3162.00
  7.81	        0.00	    80937.00	5829739373.00	        0.00	 72699084.00	     3162.00
  7.82	        0.00	    73468.00	5824613201.00	        0.00	 72699084.00	     3162.00
  7.83	        0.00	    66691.00	5819424387.00	        0.00	 72699084.00	     3162.00
  7.84	        0.00	    60444.00	5814199615.00	        0.00	 72699084.00	     3162.00
  7.85	        0.00	    54887.00	5808909478.00	        0.00	 72699084.00	     3162.00
  7.86	        0.00	    49636.00	5803597342.00	        0.00	 72699084.00	     3162.00
  7.87	        0.00	    45004.00	5798232557.00	        0.00	 72699084.00	     3162.00
  7.88	        0.00	    40712.00	5792841368.00	        0.00	 72699084.00	     3162.00
  7.89	        0.00	    36894.00	5787409825.00	        0.00	 72699084.00	     3162.00
  7.90	        0.00	    33444.00	5781947709.00	        0.00	 72699084.00	     3162.00
  7.91	        0.00	    30218.00	5776474803.00	        0.00	 72699084.00	     3162.00
  7.92	        0.00	    27364.00	5770968978.00	        0.00	 72699084.00	     3162.00
  7.93	        0.00	    24658.00	5765456425.00	        0.00	 72699084.00	     3162.00
  7.94	        0.00	    22234.00	5759924794.00	        0.00	 72699084.00	     3162.00
  7.95	        0.00	    20073.00	5754372994.00	        0.00	 72699084.00	     3162.00
  7.96	        0.00	    18137.00	5748800837.00	        0.00	 72699084.00	     3162.00
  7.97	        0.00	    16394.00	5743220144.00	        0.00	 72699084.00	     3162.00
  7.98	        0.00	    14820.00	5737624399.00	        0.00	 72699084.00	     3162.00
  7.99	        0.00	    13295.00	5732032368.00	        0.00	 72699084.00	     3162.00
  8.00	        0.00	    12001.00	5726423235.00	        0.00	 72699084.00	     3162.00
  8.01	        0.00	    10756.00	5720816775.00	        0.00	 72699084.00	     3162.00
  8.02	        0.00	     9691.00	5715197246.00	        0.00	 72699084.00	     3162.00
  8.03	        0.00	     8688.00	5709578191.00	        0.00	 72699084.00	     3162.00
  8.04	        0.00	     7772.00	5703962070.00	        0.00	 72699084.00	     3162.00
  8.05	        0.00	     6962.00	5698340748.00	        0.00	 72699084.00	     3162.00
  8.06	        0.00	     6227.00	5692711763.00	        0.00	 72699084.00	     3162.00
  8.07	        0.00	     5570.00	5687085931.00	        0.00	 72699084.00	     3162.00
  8.08	        0.00	     5005.00	5681449670.00	        0.00	 72699084.00	     3162.00
  8.09	        0.00	     4507.00	5675818683.00	        0.00	 72699084.00	     3162.00
  8.10	        0.00	     4072.00	5670188023.00	        0.00	 72699084.00	     3162.00
  8.11	        0.00	     3645.00	5664559843.00	        0.00	 72699084.00	     3162.00
  8.12	        0.00	     3279.00	5658932882.00	        0.00	 72699084.00	     3162.00
  8.13	        0.00	     2948.00	5653307806.00	        0.00	 72699084.00	     2948.00
  8.14	        0.00	     2649.00	5647681541.00	        0.00	 72699084.00	     2649.00
  8.15	        0.00	     2377.00	5642060629.00	        0.00	 72699084.00	     2377.00
  8.16	        0.00	     2136.00	5636447054.00	        0.00	 72699084.00	     2136.00
  8.17	        0.00	     1924.00	5630833895.00	        0.00	 72699084.00	     1924.00
  8.18	        0.00	     1744.00	5625221864.00	        0.00	 72699084.00	     1744.00
  8.19	        0.00	     1576.00	5619614573.00	        0.00	 72699084.00	     1576.00
  8.20	        0.00	     1413.00	5614011638.00	        0.00	 72699084.00	     1413.00
  8.21	        0.00	     1264.00	5608414191.00	        0.00	 72699084.00	     1264.00
  8.22	        0.00	     1123.00	5602816176.00	        0.00	 72699084.00	     1123.00
  8.23	        0.00	      984.00	5597231420.00	        0.00	 72699084.00	      984.00
  8.24	        0.00	      858.00	5591653366.00	        0.00	 72699084.00	      858.00
  8.25	        0.00	      762.00	5586072817.00	        0.00	 72699084.00	      762.00
  8.26	        0.00	      688.00	5580493823.00	        0.00	 72699084.00	      688.00
  8.27	        0.00	      611.00	5574925812.00	        0.00	 72699084.00	      611.00
  8.28	        0.00	      548.00	5569356410.00	        0.00	 72699084.00	      548.00
  8.29	        0.00	      491.00	5563792020.00	        0.00	 72699084.00	      491.00
  8.30	        0.00	      449.00	5558231053.00	        0.00	 72699084.00	      449.00
  8.31	        0.00	      398.00	5552679681.00	        0.00	 72699084.00	      398.00
  8.32	        0.00	      353.00	5547134624.00	        0.00	 72699084.00	      353.00
  8.33	        0.00	      324.00	5541592461.00	        0.00	 72699084.00	      324.00
  8.34	        0.00	      282.00	5536058869.00	        0.00	 72699084.00	      282.00
  8.35	        0.00	      256.00	5530528787.00	        0.00	 72699084.00	      256.00
  8.36	        0.00	      230.00	5525003526.00	        0.00	 72699084.00	      230.00
  8.37	        0.00	      201.00	5519485043.00	        0.00	 72699084.00	      201.00
  8.38	        0.00	      168.00	5513974047.00	        0.00	 72699084.00	      168.00
  8.39	        0.00	      141.00	5508459468.00	        0.00	 72699084.00	      141.00
  8.40	        0.00	      121.00	5502953592.00	        0.00	 72699084.00	      121.00
  8.41	        0.00	      108.00	5497455958.00	        0.00	 72699084.00	      108.00
  8.42	        0.00	       95.00	5491956801.00	        0.00	 72699084.00	       95.00
  8.43	        0.00	       86.00	5486466540.00	        0.00	 72699084.00	       86.00
  8.44	        0.00	       79.00	5480984330.00	        0.00	 72699084.00	       79.00
  8.45	        0.00	       66.00	5475505151.00	        0.00	 72699084.00	       66.00
  8.46	        0.00	       61.00	5470032151.00	        0.00	 72699084.00	       61.00
  8.47	        0.00	       50.00	5464563660.00	        0.00	 72699084.00	       50.00
  8.48	        0.00	       45.00	5459101698.00	        0.00	 72699084.00	       45.00
  8.49	        0.00	       35.00	5453641442.00	        0.00	 72699084.00	       35.00
  8.50	        0.00	       32.00	5448186639.00	        0.00	 72699084.00	       32.00
  8.51	        0.00	       28.00	5442739347.00	        0.00	 72699084.00	       28.00
  8.52	        0.00	       27.00	5437298707.00	        0.00	 72699084.00	       27.00
  8.53	        0.00	       20.00	5431861947.00	        0.00	 72699084.00	       20.00
  8.54	        0.00	       19.00	5426430310.00	        0.00	 72699084.00	       19.00
  8.55	        0.00	       16.00	5421006573.00	        0.00	 72699084.00	       16.00
  8.56	        0.00	       14.00	5415586239.00	        0.00	 72699084.00	       14.00
  8.57	        0.00	       13.00	5410174719.00	        0.00	 72699084.00	       13.00
  8.58	        0.00	       10.00	5404764048.00	        0.00	 72699084.00	       10.00
  8.59	        0.00	        9.00	5399361678.00	        0.00	 72699084.00	        9.00
  8.60	        0.00	        9.00	5393964194.00	        0.00	 72699084.00	        9.00
  8.61	        0.00	        9.00	5388566032.00	        0.00	 72699084.00	        9.00
  8.62	        0.00	        6.00	5383175124.00	        0.00	 72699084.00	        6.00
  8.63	        0.00	        6.00	5377795109.00	        0.00	 72699084.00	        6.00
  8.64	        0.00	        6.00	5372420953.00	        0.00	 72699084.00	        6.00
  8.65	        0.00	        6.00	5367050640.00	        0.00	 72699084.00	        6.00
  8.66	        0.00	        5.00	5361685745.00	        0.00	 72699084.00	        5.00
  8.67	        0.00	        5.00	5356327591.00	        0.00	 72699084.00	        5.00
  8.68	        0.00	        4.00	5350970807.00	        0.00	 72699084.00	        4.00
  8.69	        0.00	        3.00	5345623672.00	        0.00	 72699084.00	        3.00
  8.70	        0.00	        3.00	5340282153.00	        0.00	 72699084.00	        3.00
  8.71	        0.00	        1.00	5334944188.00	        0.00	 72699084.00	        1.00
  8.72	        0.00	        1.00	5329614582.00	        0.00	 72699084.00	        1.00
  8.73	        0.00	        1.00	5324288436.00	        0.00	 72699084.00	        1.00
  8.74	        0.00	        1.00	5318967837.00	        0.00	 72699084.00	        1.00
  8.75	        0.00	        1.00	5313649423.00	        0.00	 72699084.00	        1.00
  8.76	        0.00	        0.00	5308341198.00	        0.00	 72699084.00	        0.00
