Datatype: PopulationSize
  0.00	        3.00	        0.00	316227766.00	        1.00	        0.00	        3.00
  0.01	        3.00	        0.00	315911156.00	        1.00	        0.00	        3.00
  0.02	        3.00	        0.00	315596206.00	        1.00	        0.00	        3.00
  0.03	        3.00	        0.00	315281754.00	        1.00	        0.00	        3.00
  0.04	        4.00	        0.00	314965637.00	        1.00	        1.00	        3.00
  0.05	        3.00	        1.00	314649988.00	        1.00	        1.00	        3.00
  0.06	        3.00	        1.00	314334887.00	        1.00	        1.00	        3.00
  0.07	        3.00	        1.00	314019790.00	        1.00	        1.00	        3.00
  0.08	        3.00	        1.00	313706026.00	        1.00	        1.00	        3.00
  0.09	        3.00	        1.00	313392916.00	        1.00	        1.00	        3.00
  0.10	        3.00	        1.00	313079673.00	        1.00	        1.00	        3.00
  0.11	        3.00	        1.00	312766585.00	        1.00	        1.00	        3.00
  0.12	        3.00	        1.00	312453972.00	        1.00	        1.00	        3.00
  0.13	        3.00	        1.00	312141571.00	        1.00	        1.00	        3.00
  0.14	        3.00	        1.00	311829006.00	        1.00	        1.00	        3.00
  0.15	        3.00	        1.00	311516539.00	        1.00	        1.00	        3.00
  0.16	        3.00	        1.00	311205728.00	        1.00	        1.00	        3.00
  0.17	        2.00	        2.00	310893546.00	        1.00	        1.00	        3.00
  0.18	        2.00	        2.00	310583122.00	        1.00	        1.00	        3.00
  0.19	        2.00	        2.00	310273221.00	        1.00	        1.00	        3.00
  0.20	        2.00	        2.00	309962876.00	        1.00	        1.00	        3.00
  0.21	        2.00	        2.00	309653472.00	        1.00	        1.00	        3.00
  0.22	        2.00	        2.00	309343878.00	        1.00	        1.00	        3.00
  0.23	        2.00	        2.00	309034281.00	        1.00	        1.00	        3.00
  0.24	        2.00	        2.00	308725161.00	        1.00	        1.00	        3.00
  0.25	        2.00	        2.00	308416665.00	        1.00	        1.00	        3.00
  0.26	        2.00	        2.00	308107795.00	        1.00	        1.00	        3.00
  0.27	        2.00	        2.00	307800107.00	        1.00	        1.00	        3.00
  0.28	        2.00	        2.00	307492481.00	        1.00	        1.00	        3.00
  0.29	        2.00	        2.00	307184607.00	        1.00	        1.00	        3.00
  0.30	        2.00	        2.00	306876679.00	        1.00	        1.00	        3.00
  0.31	        3.00	        2.00	306570501.00	        1.00	        2.00	        3.00
  0.32	        3.00	        2.00	306264188.00	        1.00	        2.00	        3.00
  0.33	        3.00	        3.00	305957329.00	        1.00	        2.00	        3.00
  0.34	        3.00	        3.00	305652289.00	        1.00	        2.00	        3.00
  0.35	        3.00	        3.00	305345992.00	        1.00	        2.00	        3.00
  0.36	        3.00	        3.00	305040867.00	        1.00	        2.00	        3.00
  0.37	        3.00	        3.00	304735839.00	        1.00	        2.00	        3.00
  0.38	        3.00	        3.00	304431434.00	        1.00	        2.00	        3.00
  0.39	        3.00	        3.00	304128256.00	        1.00	        2.00	        3.00
  0.40	        0.00	        5.00	303824021.00	        0.00	        2.00	        3.00
  0.41	        0.00	        5.00	303520112.00	        0.00	        2.00	        3.00
  0.42	        0.00	        5.00	303216760.00	        0.00	        2.00	        3.00
  0.43	        0.00	        5.00	302913804.00	        0.00	        2.00	        3.00
  0.44	        0.00	        5.00	302610246.00	        0.00	        2.00	        3.00
  0.45	        0.00	        5.00	302307859.00	        0.00	        2.00	        3.00
  0.46	        0.00	        5.00	302004967.00	        0.00	        2.00	        3.00
  0.47	        0.00	        5.00	301702150.00	        0.00	        2.00	        3.00
  0.48	        0.00	        5.00	301400974.00	        0.00	        2.00	        3.00
  0.49	        0.00	        6.00	301099762.00	        0.00	        2.00	        3.00
  0.50	        0.00	        6.00	300798752.00	        0.00	        2.00	        3.00
  0.51	        0.00	        6.00	300497681.00	        0.00	        2.00	        3.00
  0.52	        0.00	        6.00	300196877.00	        0.00	        2.00	        3.00
  0.53	        0.00	        6.00	299897064.00	        0.00	        2.00	        3.00
  0.54	        0.00	        6.00	299597084.00	        0.00	        2.00	        3.00
  0.55	        0.00	        6.00	299298242.00	        0.00	        2.00	        3.00
  0.56	        0.00	        6.00	298998130.00	        0.00	        2.00	        3.00
  0.57	        0.00	        6.00	298699777.00	        0.00	        2.00	        3.00
  0.58	        0.00	        5.00	298400196.00	        0.00	        2.00	        3.00
  0.59	        0.00	        5.00	298101305.00	        0.00	        2.00	        3.00
  0.60	        0.00	        5.00	297803553.00	        0.00	        2.00	        3.00
  0.61	        0.00	        5.00	297506229.00	        0.00	        2.00	        3.00
  0.62	        0.00	        5.00	297208857.00	        0.00	        2.00	        3.00
  0.63	        0.00	        5.00	296911839.00	        0.00	        2.00	        3.00
  0.64	        0.00	        5.00	296614708.00	        0.00	        2.00	        3.00
  0.65	        0.00	        5.00	296317876.00	        0.00	        2.00	        3.00
  0.66	        0.00	        5.00	296021869.00	        0.00	        2.00	        3.00
  0.67	        0.00	        5.00	295726374.00	        0.00	        2.00	        3.00
  0.68	        0.00	        5.00	295431030.00	        0.00	        2.00	        3.00
  0.69	        0.00	        5.00	295136091.00	        0.00	        2.00	        3.00
  0.70	        0.00	        5.00	294841473.00	        0.00	        2.00	        3.00
  0.71	        0.00	        5.00	294547472.00	        0.00	        2.00	        3.00
  0.72	        0.00	        4.00	294252400.00	        0.00	        2.00	        3.00
  0.73	        0.00	        4.00	293957741.00	        0.00	        2.00	        3.00
  0.74	        0.00	        5.00	293664061.00	        0.00	        2.00	        3.00
  0.75	        0.00	        5.00	293370030.00	        0.00	        2.00	        3.00
  0.76	        0.00	        5.00	293075664.00	        0.00	        2.00	        3.00
  0.77	        0.00	        5.00	292782068.00	        0.00	        2.00	        3.00
  0.78	        0.00	        5.00	292489685.00	        0.00	        2.00	        3.00
  0.79	        0.00	        5.00	292196868.00	        0.00	        2.00	        3.00
  0.80	        0.00	        5.00	291904545.00	        0.00	        2.00	        3.00
  0.81	        0.00	        5.00	291613162.00	        0.00	        2.00	        3.00
  0.82	        0.00	        5.00	291321241.00	        0.00	        2.00	        3.00
  0.83	        0.00	        5.00	291029905.00	        0.00	        2.00	        3.00
  0.84	        0.00	        5.00	290737854.00	        0.00	        2.00	        3.00
  0.85	        0.00	        4.00	290446457.00	        0.00	        2.00	        3.00
  0.86	        0.00	        4.00	290156764.00	        0.00	        2.00	        3.00
  0.87	        0.00	        4.00	289866513.00	        0.00	        2.00	        3.00
  0.88	        0.00	        4.00	289576478.00	        0.00	        2.00	        3.00
  0.89	        0.00	        4.00	289286817.00	        0.00	        2.00	        3.00
  0.90	        0.00	        4.00	288997616.00	        0.00	        2.00	        3.00
  0.91	        0.00	        4.00	288708467.00	        0.00	        2.00	        3.00
  0.92	        0.00	        4.00	288418837.00	        0.00	        2.00	        3.00
  0.93	        0.00	        4.00	288130605.00	        0.00	        2.00	        3.00
  0.94	        0.00	        4.00	287842629.00	        0.00	        2.00	        3.00
  0.95	        0.00	        4.00	287553830.00	        0.00	        2.00	        3.00
  0.96	        0.00	        4.00	287266277.00	        0.00	        2.00	        3.00
  0.97	        0.00	        4.00	286979539.00	        0.00	        2.00	        3.00
  0.98	        0.00	        3.00	286692841.00	        0.00	        2.00	        3.00
  0.99	        0.00	        3.00	286406601.00	        0.00	        2.00	        3.00
  1.00	        0.00	        3.00	286119553.00	        0.00	        2.00	        3.00
  1.01	        0.00	        3.00	285833276.00	        0.00	        2.00	        3.00
  1.02	        0.00	        3.00	285547628.00	        0.00	        2.00	        3.00
  1.03	        0.00	        3.00	285262929.00	        0.00	        2.00	        3.00
  1.04	        0.00	        3.00	284976891.00	        0.00	        2.00	        3.00
  1.05	        0.00	        3.00	284691150.00	        0.00	        2.00	        3.00
  1.06	        0.00	        3.00	284406141.00	        0.00	        2.00	        3.00
  1.07	        0.00	        3.00	284122263.00	        0.00	        2.00	        3.00
  1.08	        0.00	        3.00	283839174.00	        0.00	        2.00	        3.00
  1.09	        0.00	        3.00	283555207.00	        0.00	        2.00	        3.00
  1.10	        0.00	        2.00	283270937.00	        0.00	        2.00	        2.00
  1.11	        0.00	        2.00	282987563.00	        0.00	        2.00	        2.00
  1.12	        0.00	        2.00	282704383.00	        0.00	        2.00	        2.00
  1.13	        0.00	        2.00	282422383.00	        0.00	        2.00	        2.00
  1.14	        0.00	        2.00	282139430.00	        0.00	        2.00	        2.00
  1.15	        0.00	        2.00	281857957.00	        0.00	        2.00	        2.00
  1.16	        0.00	        2.00	281576116.00	        0.00	        2.00	        2.00
  1.17	        0.00	        1.00	281294914.00	        0.00	        2.00	        1.00
  1.18	        0.00	        0.00	281013983.00	        0.00	        2.00	        0.00
