Datatype: PopulationSize
  0.00	        1.00	        0.00	        0.00	        1.00	        0.00	        1.00
  0.01	        1.00	        0.00	        0.00	        1.00	        0.00	        1.00
  0.02	        1.00	        0.00	        0.00	        1.00	        0.00	        1.00
  0.03	        1.00	        0.00	        0.00	        1.00	        0.00	        1.00
  0.04	        1.00	        0.00	        0.00	        1.00	        0.00	        1.00
  0.05	        1.00	        0.00	        0.00	        1.00	        0.00	        1.00
  0.06	        1.00	        0.00	        0.00	        1.00	        0.00	        1.00
  0.07	        1.00	        0.00	        0.00	        1.00	        0.00	        1.00
  0.08	        1.00	        0.00	        0.00	        1.00	        0.00	        1.00
  0.09	        1.00	        0.00	        0.00	        1.00	        0.00	        1.00
  0.10	        1.00	        0.00	        0.00	        1.00	        0.00	        1.00
  0.11	        1.00	        0.00	        0.00	        1.00	        0.00	        1.00
  0.12	        1.00	        0.00	        0.00	        1.00	        0.00	        1.00
  0.13	        1.00	        0.00	        0.00	        1.00	        0.00	        1.00
  0.14	        1.00	        0.00	        0.00	        1.00	        0.00	        1.00
  0.15	        1.00	        0.00	        0.00	        1.00	        0.00	        1.00
  0.16	        1.00	        0.00	        0.00	        1.00	        0.00	        1.00
  0.17	        1.00	        0.00	        0.00	        1.00	        0.00	        1.00
  0.18	        1.00	        0.00	        0.00	        1.00	        0.00	        1.00
  0.19	        1.00	        0.00	        0.00	        1.00	        0.00	        1.00
  0.20	        1.00	        0.00	        0.00	        1.00	        0.00	        1.00
  0.21	        1.00	        0.00	        0.00	        1.00	        0.00	        1.00
  0.22	        1.00	        0.00	        0.00	        1.00	        0.00	        1.00
  0.23	        1.00	        0.00	        0.00	        1.00	        0.00	        1.00
  0.24	        1.00	        0.00	        0.00	        1.00	        0.00	        1.00
  0.25	        1.00	        0.00	        0.00	        1.00	        0.00	        1.00
  0.26	        1.00	        0.00	        0.00	        1.00	        0.00	        1.00
  0.27	        1.00	        0.00	        0.00	        1.00	        0.00	        1.00
  0.28	        1.00	        0.00	        0.00	        1.00	        0.00	        1.00
  0.29	        1.00	        0.00	        0.00	        1.00	        0.00	        1.00
  0.30	        1.00	        0.00	        0.00	        1.00	        0.00	        1.00
  0.31	        1.00	        0.00	        0.00	        1.00	        0.00	        1.00
  0.32	        1.00	        0.00	        0.00	        1.00	        0.00	        1.00
  0.33	        1.00	        0.00	        0.00	        1.00	        0.00	        1.00
  0.34	        1.00	        0.00	        0.00	        1.00	        0.00	        1.00
  0.35	        1.00	        0.00	        0.00	        1.00	        0.00	        1.00
  0.36	        1.00	        0.00	        0.00	        1.00	        0.00	        1.00
  0.37	        1.00	        0.00	        0.00	        1.00	        0.00	        1.00
  0.38	        1.00	        0.00	        0.00	        1.00	        0.00	        1.00
  0.39	        1.00	        0.00	        0.00	        1.00	        0.00	        1.00
  0.40	        1.00	        0.00	        0.00	        1.00	        0.00	        1.00
  0.41	        1.00	        0.00	        0.00	        1.00	        0.00	        1.00
  0.42	        1.00	        0.00	        0.00	        1.00	        0.00	        1.00
  0.43	        1.00	        0.00	        0.00	        1.00	        0.00	        1.00
  0.44	        1.00	        0.00	        0.00	        1.00	        0.00	        1.00
  0.45	        1.00	        0.00	        0.00	        1.00	        0.00	        1.00
  0.46	        1.00	        0.00	        0.00	        1.00	        0.00	        1.00
  0.47	        1.00	        0.00	        0.00	        1.00	        0.00	        1.00
  0.48	        1.00	        0.00	        0.00	        1.00	        0.00	        1.00
  0.49	        1.00	        0.00	        0.00	        1.00	        0.00	        1.00
  0.50	        1.00	        0.00	        0.00	        1.00	        0.00	        1.00
  0.51	        1.00	        0.00	        0.00	        1.00	        0.00	        1.00
  0.52	        1.00	        0.00	        0.00	        1.00	        0.00	        1.00
  0.53	        1.00	        0.00	        0.00	        1.00	        0.00	        1.00
  0.54	        1.00	        0.00	        0.00	        1.00	        0.00	        1.00
  0.55	        1.00	        0.00	        0.00	        1.00	        0.00	        1.00
  0.56	        1.00	        0.00	        0.00	        1.00	        0.00	        1.00
  0.57	        1.00	        0.00	        0.00	        1.00	        0.00	        1.00
  0.58	        1.00	        0.00	        0.00	        1.00	        0.00	        1.00
  0.59	        1.00	        0.00	        0.00	        1.00	        0.00	        1.00
  0.60	        1.00	        0.00	        0.00	        1.00	        0.00	        1.00
  0.61	        1.00	        0.00	        0.00	        1.00	        0.00	        1.00
  0.62	        1.00	        0.00	        0.00	        1.00	        0.00	        1.00
  0.63	        1.00	        0.00	        0.00	        1.00	        0.00	        1.00
  0.64	        1.00	        0.00	        0.00	        1.00	        0.00	        1.00
  0.65	        1.00	        0.00	        0.00	        1.00	        0.00	        1.00
  0.66	        1.00	        0.00	        0.00	        1.00	        0.00	        1.00
  0.67	        1.00	        0.00	        0.00	        1.00	        0.00	        1.00
  0.68	        1.00	        0.00	        0.00	        1.00	        0.00	        1.00
  0.69	        1.00	        0.00	        0.00	        1.00	        0.00	        1.00
  0.70	        1.00	        0.00	        0.00	        1.00	        0.00	        1.00
  0.71	        1.00	        0.00	        0.00	        1.00	        0.00	        1.00
  0.72	        1.00	        0.00	        0.00	        1.00	        0.00	        1.00
  0.73	        1.00	        0.00	        0.00	        1.00	        0.00	        1.00
  0.74	        1.00	        0.00	        0.00	        1.00	        0.00	        1.00
  0.75	        1.00	        0.00	        0.00	        1.00	        0.00	        1.00
  0.76	        1.00	        0.00	        0.00	        1.00	        0.00	        1.00
  0.77	        1.00	        0.00	        0.00	        1.00	        0.00	        1.00
  0.78	        1.00	        0.00	        0.00	        1.00	        0.00	        1.00
  0.79	        1.00	        0.00	        0.00	        1.00	        0.00	        1.00
  0.80	        1.00	        0.00	        0.00	        1.00	        0.00	        1.00
  0.81	        1.00	        0.00	        0.00	        1.00	        0.00	        1.00
  0.82	        1.00	        0.00	        0.00	        1.00	        0.00	        1.00
  0.83	        1.00	        0.00	        0.00	        1.00	        0.00	        1.00
  0.84	        1.00	        0.00	        0.00	        1.00	        0.00	        1.00
  0.85	        1.00	        0.00	        0.00	        1.00	        0.00	        1.00
  0.86	        1.00	        0.00	        0.00	        1.00	        0.00	        1.00
  0.87	        1.00	        0.00	        0.00	        1.00	        0.00	        1.00
  0.88	        1.00	        0.00	        0.00	        1.00	        0.00	        1.00
  0.89	        1.00	        0.00	        0.00	        1.00	        0.00	        1.00
  0.90	        1.00	        0.00	        0.00	        1.00	        0.00	        1.00
  0.91	        2.00	        0.00	        0.00	        1.00	        1.00	        1.00
  0.92	        2.00	        0.00	        0.00	        1.00	        1.00	        1.00
  0.93	        2.00	        0.00	        0.00	        1.00	        1.00	        1.00
  0.94	        2.00	        0.00	        0.00	        1.00	        1.00	        1.00
  0.95	        2.00	        0.00	        0.00	        1.00	        1.00	        1.00
  0.96	        2.00	        0.00	        0.00	        1.00	        1.00	        1.00
  0.97	        2.00	        0.00	        0.00	        1.00	        1.00	        1.00
  0.98	        2.00	        0.00	        0.00	        1.00	        1.00	        1.00
  0.99	        2.00	        0.00	        0.00	        1.00	        1.00	        1.00
  1.00	        2.00	        0.00	   599997.00	        1.00	        1.00	        1.00
  1.01	        2.00	        0.00	   599985.00	        1.00	        1.00	        1.00
  1.02	        2.00	        0.00	   599971.00	        1.00	        1.00	        1.00
  1.03	        2.00	        0.00	   599962.00	        1.00	        1.00	        1.00
  1.04	        2.00	        0.00	   599941.00	        1.00	        1.00	        1.00
  1.05	        3.00	        0.00	   599920.00	        1.00	        2.00	        1.00
  1.06	        3.00	        0.00	   599895.00	        1.00	        2.00	        1.00
  1.07	        3.00	        0.00	   599882.00	        1.00	        2.00	        1.00
  1.08	        3.00	        0.00	   599865.00	        1.00	        2.00	        1.00
  1.09	        3.00	        0.00	   599852.00	        1.00	        2.00	        1.00
  1.10	        3.00	        0.00	   599827.00	        1.00	        2.00	        1.00
  1.11	        3.00	        0.00	   599805.00	        1.00	        2.00	        1.00
  1.12	        3.00	        0.00	   599781.00	        1.00	        2.00	        1.00
  1.13	        4.00	        0.00	   599762.00	        1.00	        3.00	        1.00
  1.14	        4.00	        0.00	   599741.00	        1.00	        3.00	        1.00
  1.15	        4.00	        0.00	   599726.00	        1.00	        3.00	        1.00
  1.16	        4.00	        0.00	   599705.00	        1.00	        3.00	        1.00
  1.17	        4.00	        0.00	   599694.00	        1.00	        3.00	        1.00
  1.18	        4.00	        0.00	   599673.00	        1.00	        3.00	        1.00
  1.19	        4.00	        0.00	   599658.00	        1.00	        3.00	        1.00
  1.20	        4.00	        0.00	   599641.00	        1.00	        3.00	        1.00
  1.21	        4.00	        0.00	   599619.00	        1.00	        3.00	        1.00
  1.22	        4.00	        0.00	   599603.00	        1.00	        3.00	        1.00
  1.23	        4.00	        0.00	   599591.00	        1.00	        3.00	        1.00
  1.24	        4.00	        0.00	   599571.00	        1.00	        3.00	        1.00
  1.25	        4.00	        0.00	   599549.00	        1.00	        3.00	        1.00
  1.26	        4.00	        0.00	   599533.00	        1.00	        3.00	        1.00
  1.27	        5.00	        0.00	   599510.00	        1.00	        4.00	        1.00
  1.28	        6.00	        0.00	   599492.00	        1.00	        5.00	        1.00
  1.29	        6.00	        0.00	   599475.00	        1.00	        5.00	        1.00
  1.30	        6.00	        0.00	   599456.00	        1.00	        5.00	        1.00
  1.31	        6.00	        0.00	   599438.00	        1.00	        5.00	        1.00
  1.32	        6.00	        0.00	   599420.00	        1.00	        5.00	        1.00
  1.33	        6.00	        0.00	   599406.00	        1.00	        5.00	        1.00
  1.34	        6.00	        0.00	   599387.00	        1.00	        5.00	        1.00
  1.35	        6.00	        0.00	   599374.00	        1.00	        5.00	        1.00
  1.36	        6.00	        0.00	   599353.00	        1.00	        5.00	        1.00
  1.37	        6.00	        0.00	   599338.00	        1.00	        5.00	        1.00
  1.38	        6.00	        0.00	   599324.00	        1.00	        5.00	        1.00
  1.39	        6.00	        0.00	   599303.00	        1.00	        5.00	        1.00
  1.40	        6.00	        0.00	   599281.00	        1.00	        5.00	        1.00
  1.41	        6.00	        0.00	   599262.00	        1.00	        5.00	        1.00
  1.42	        6.00	        0.00	   599244.00	        1.00	        5.00	        1.00
  1.43	        6.00	        0.00	   599228.00	        1.00	        5.00	        1.00
  1.44	        6.00	        0.00	   599210.00	        1.00	        5.00	        1.00
  1.45	        6.00	        0.00	   599188.00	        1.00	        5.00	        1.00
  1.46	        7.00	        0.00	   599167.00	        1.00	        6.00	        1.00
  1.47	        7.00	        0.00	   599146.00	        1.00	        6.00	        1.00
  1.48	        7.00	        0.00	   599131.00	        1.00	        6.00	        1.00
  1.49	        7.00	        0.00	   599109.00	        1.00	        6.00	        1.00
  1.50	        7.00	        0.00	   599082.00	        1.00	        6.00	        1.00
  1.51	        7.00	        0.00	   599069.00	        1.00	        6.00	        1.00
  1.52	        7.00	        0.00	   599049.00	        1.00	        6.00	        1.00
  1.53	        7.00	        0.00	   599031.00	        1.00	        6.00	        1.00
  1.54	        7.00	        0.00	   599006.00	        1.00	        6.00	        1.00
  1.55	        7.00	        0.00	   598991.00	        1.00	        6.00	        1.00
  1.56	        7.00	        0.00	   598970.00	        1.00	        6.00	        1.00
  1.57	        7.00	        0.00	   598958.00	        1.00	        6.00	        1.00
  1.58	        7.00	        0.00	   598944.00	        1.00	        6.00	        1.00
  1.59	        7.00	        0.00	   598929.00	        1.00	        6.00	        1.00
  1.60	        7.00	        0.00	   598908.00	        1.00	        6.00	        1.00
  1.61	        7.00	        0.00	   598896.00	        1.00	        6.00	        1.00
  1.62	        7.00	        0.00	   598880.00	        1.00	        6.00	        1.00
  1.63	        7.00	        0.00	   598860.00	        1.00	        6.00	        1.00
  1.64	        8.00	        0.00	   598840.00	        1.00	        7.00	        1.00
  1.65	        8.00	        0.00	   598824.00	        1.00	        7.00	        1.00
  1.66	        8.00	        0.00	   598810.00	        1.00	        7.00	        1.00
  1.67	        9.00	        0.00	   598782.00	        1.00	        8.00	        1.00
  1.68	        9.00	        0.00	   598764.00	        1.00	        8.00	        1.00
  1.69	        9.00	        0.00	   598742.00	        1.00	        8.00	        1.00
  1.70	        9.00	        0.00	   598718.00	        1.00	        8.00	        1.00
  1.71	        9.00	        0.00	   598699.00	        1.00	        8.00	        1.00
  1.72	        9.00	        0.00	   598689.00	        1.00	        8.00	        1.00
  1.73	       10.00	        0.00	   598674.00	        1.00	        9.00	        1.00
  1.74	       10.00	        0.00	   598653.00	        1.00	        9.00	        1.00
  1.75	       10.00	        0.00	   598636.00	        1.00	        9.00	        1.00
  1.76	       10.00	        0.00	   598620.00	        1.00	        9.00	        1.00
  1.77	       10.00	        0.00	   598609.00	        1.00	        9.00	        1.00
  1.78	       10.00	        0.00	   598596.00	        1.00	        9.00	        1.00
  1.79	       10.00	        0.00	   598578.00	        1.00	        9.00	        1.00
  1.80	       10.00	        0.00	   598563.00	        1.00	        9.00	        1.00
  1.81	       11.00	        0.00	   598538.00	        1.00	       10.00	        1.00
  1.82	       11.00	        0.00	   598516.00	        1.00	       10.00	        1.00
  1.83	       11.00	        0.00	   598498.00	        1.00	       10.00	        1.00
  1.84	       11.00	        0.00	   598476.00	        1.00	       10.00	        1.00
  1.85	       11.00	        0.00	   598458.00	        1.00	       10.00	        1.00
  1.86	       11.00	        0.00	   598438.00	        1.00	       10.00	        1.00
  1.87	       11.00	        0.00	   598421.00	        1.00	       10.00	        1.00
  1.88	       11.00	        0.00	   598400.00	        1.00	       10.00	        1.00
  1.89	       12.00	        0.00	   598381.00	        1.00	       11.00	        1.00
  1.90	       12.00	        0.00	   598368.00	        1.00	       11.00	        1.00
  1.91	       12.00	        0.00	   598351.00	        1.00	       11.00	        1.00
  1.92	       13.00	        0.00	   598328.00	        1.00	       12.00	        1.00
  1.93	       13.00	        0.00	   598311.00	        1.00	       12.00	        1.00
  1.94	       14.00	        0.00	   598289.00	        1.00	       13.00	        1.00
  1.95	       14.00	        0.00	   598274.00	        1.00	       13.00	        1.00
  1.96	       15.00	        0.00	   598253.00	        1.00	       14.00	        1.00
  1.97	       15.00	        0.00	   598234.00	        1.00	       14.00	        1.00
  1.98	       15.00	        0.00	   598220.00	        1.00	       14.00	        1.00
  1.99	       15.00	        0.00	   598209.00	        1.00	       14.00	        1.00
  2.00	       15.00	        0.00	   598195.00	        1.00	       14.00	        1.00
  2.01	       15.00	        0.00	   598181.00	        1.00	       14.00	        1.00
  2.02	       15.00	        0.00	   598158.00	        1.00	       14.00	        1.00
  2.03	       15.00	        0.00	   598142.00	        1.00	       14.00	        1.00
  2.04	       15.00	        0.00	   598129.00	        1.00	       14.00	        1.00
  2.05	       15.00	        0.00	   598110.00	        1.00	       14.00	        1.00
  2.06	       15.00	        0.00	   598095.00	        1.00	       14.00	        1.00
  2.07	       15.00	        0.00	   598078.00	        1.00	       14.00	        1.00
  2.08	       16.00	        0.00	   598052.00	        1.00	       15.00	        1.00
  2.09	       16.00	        0.00	   598036.00	        1.00	       15.00	        1.00
  2.10	       17.00	        0.00	   598013.00	        1.00	       16.00	        1.00
  2.11	       17.00	        0.00	   597987.00	        1.00	       16.00	        1.00
  2.12	       18.00	        0.00	   597968.00	        1.00	       17.00	        1.00
  2.13	       19.00	        0.00	   597952.00	        1.00	       18.00	        1.00
  2.14	       20.00	        0.00	   597938.00	        1.00	       19.00	        1.00
  2.15	       20.00	        0.00	   597913.00	        1.00	       19.00	        1.00
  2.16	       20.00	        0.00	   597889.00	        1.00	       19.00	        1.00
  2.17	       20.00	        0.00	   597871.00	        1.00	       19.00	        1.00
  2.18	       20.00	        0.00	   597854.00	        1.00	       19.00	        1.00
  2.19	       20.00	        0.00	   597830.00	        1.00	       19.00	        1.00
  2.20	       20.00	        0.00	   597810.00	        1.00	       19.00	        1.00
  2.21	       20.00	        0.00	   597794.00	        1.00	       19.00	        1.00
  2.22	       20.00	        0.00	   597776.00	        1.00	       19.00	        1.00
  2.23	       20.00	        0.00	   597757.00	        1.00	       19.00	        1.00
  2.24	       22.00	        0.00	   597748.00	        1.00	       21.00	        1.00
  2.25	       23.00	        0.00	   597730.00	        1.00	       22.00	        1.00
  2.26	       23.00	        0.00	   597711.00	        1.00	       22.00	        1.00
  2.27	       23.00	        0.00	   597693.00	        1.00	       22.00	        1.00
  2.28	       23.00	        0.00	   597679.00	        1.00	       22.00	        1.00
  2.29	       24.00	        0.00	   597665.00	        1.00	       23.00	        1.00
  2.30	       24.00	        0.00	   597645.00	        1.00	       23.00	        1.00
  2.31	       24.00	        0.00	   597630.00	        1.00	       23.00	        1.00
  2.32	       25.00	        0.00	   597618.00	        1.00	       24.00	        1.00
  2.33	       25.00	        0.00	   597597.00	        1.00	       24.00	        1.00
  2.34	       25.00	        0.00	   597575.00	        1.00	       24.00	        1.00
  2.35	       25.00	        0.00	   597559.00	        1.00	       24.00	        1.00
  2.36	       25.00	        0.00	   597539.00	        1.00	       24.00	        1.00
  2.37	       25.00	        0.00	   597524.00	        1.00	       24.00	        1.00
  2.38	       25.00	        0.00	   597496.00	        1.00	       24.00	        1.00
  2.39	       25.00	        0.00	   597481.00	        1.00	       24.00	        1.00
  2.40	       25.00	        0.00	   597467.00	        1.00	       24.00	        1.00
  2.41	       25.00	        0.00	   597449.00	        1.00	       24.00	        1.00
  2.42	       25.00	        0.00	   597436.00	        1.00	       24.00	        1.00
  2.43	       26.00	        0.00	   597421.00	        1.00	       25.00	        1.00
  2.44	       26.00	        0.00	   597390.00	        1.00	       25.00	        1.00
  2.45	       26.00	        0.00	   597372.00	        1.00	       25.00	        1.00
  2.46	       27.00	        0.00	   597349.00	        1.00	       26.00	        1.00
  2.47	       27.00	        0.00	   597336.00	        1.00	       26.00	        1.00
  2.48	       28.00	        0.00	   597312.00	        1.00	       27.00	        1.00
  2.49	       29.00	        0.00	   597294.00	        1.00	       28.00	        1.00
  2.50	       30.00	        0.00	   597278.00	        1.00	       29.00	        1.00
  2.51	       30.00	        0.00	   597257.00	        1.00	       29.00	        1.00
  2.52	       30.00	        0.00	   597234.00	        1.00	       29.00	        1.00
  2.53	       30.00	        0.00	   597220.00	        1.00	       29.00	        1.00
  2.54	       30.00	        0.00	   597198.00	        1.00	       29.00	        1.00
  2.55	       31.00	        0.00	   597180.00	        1.00	       30.00	        1.00
  2.56	       31.00	        0.00	   597155.00	        1.00	       30.00	        1.00
  2.57	       31.00	        0.00	   597143.00	        1.00	       30.00	        1.00
  2.58	       33.00	        0.00	   597126.00	        1.00	       32.00	        1.00
  2.59	       33.00	        0.00	   597104.00	        1.00	       32.00	        1.00
  2.60	       35.00	        0.00	   597090.00	        1.00	       34.00	        1.00
  2.61	       36.00	        0.00	   597074.00	        1.00	       35.00	        1.00
  2.62	       37.00	        0.00	   597055.00	        1.00	       36.00	        1.00
  2.63	       38.00	        0.00	   597033.00	        1.00	       37.00	        1.00
  2.64	       38.00	        0.00	   597016.00	        1.00	       37.00	        1.00
  2.65	       39.00	        0.00	   597000.00	        1.00	       38.00	        1.00
  2.66	       40.00	        0.00	   596978.00	        1.00	       39.00	        1.00
  2.67	       40.00	        0.00	   596956.00	        1.00	       39.00	        1.00
  2.68	       41.00	        0.00	   596942.00	        1.00	       40.00	        1.00
  2.69	       42.00	        0.00	   596921.00	        1.00	       41.00	        1.00
  2.70	       42.00	        0.00	   596902.00	        1.00	       41.00	        1.00
  2.71	       42.00	        0.00	   596883.00	        1.00	       41.00	        1.00
  2.72	       42.00	        0.00	   596867.00	        1.00	       41.00	        1.00
  2.73	       42.00	        0.00	   596847.00	        1.00	       41.00	        1.00
  2.74	       43.00	        0.00	   596826.00	        1.00	       42.00	        1.00
  2.75	       44.00	        0.00	   596804.00	        1.00	       43.00	        1.00
  2.76	       45.00	        0.00	   596787.00	        1.00	       44.00	        1.00
  2.77	       45.00	        0.00	   596770.00	        1.00	       44.00	        1.00
  2.78	       45.00	        1.00	   596753.00	        1.00	       45.00	        1.00
  2.79	       48.00	        1.00	   596734.00	        1.00	       48.00	        1.00
  2.80	       49.00	        1.00	   596716.00	        1.00	       49.00	        1.00
  2.81	       50.00	        1.00	   596700.00	        1.00	       50.00	        1.00
  2.82	       51.00	        1.00	   596686.00	        1.00	       51.00	        1.00
  2.83	       52.00	        1.00	   596662.00	        1.00	       52.00	        1.00
  2.84	       53.00	        1.00	   596640.00	        1.00	       53.00	        1.00
  2.85	       54.00	        1.00	   596627.00	        1.00	       54.00	        1.00
  2.86	       55.00	        1.00	   596611.00	        1.00	       55.00	        1.00
  2.87	       56.00	        1.00	   596597.00	        1.00	       56.00	        1.00
  2.88	       57.00	        1.00	   596588.00	        1.00	       57.00	        1.00
  2.89	       59.00	        1.00	   596570.00	        1.00	       59.00	        1.00
  2.90	       60.00	        1.00	   596556.00	        1.00	       60.00	        1.00
  2.91	       61.00	        1.00	   596536.00	        1.00	       61.00	        1.00
  2.92	       62.00	        1.00	   596514.00	        1.00	       62.00	        1.00
  2.93	       63.00	        1.00	   596495.00	        1.00	       63.00	        1.00
  2.94	       64.00	        1.00	   596485.00	        1.00	       64.00	        1.00
  2.95	       65.00	        1.00	   596466.00	        1.00	       65.00	        1.00
  2.96	       67.00	        1.00	   596451.00	        1.00	       67.00	        1.00
  2.97	       69.00	        1.00	   596433.00	        1.00	       69.00	        1.00
  2.98	       70.00	        1.00	   596418.00	        1.00	       70.00	        1.00
  2.99	       72.00	        1.00	   596399.00	        1.00	       72.00	        1.00
  3.00	       73.00	        1.00	   596378.00	        1.00	       73.00	        1.00
  3.01	       73.00	        1.00	   596360.00	        1.00	       73.00	        1.00
  3.02	       75.00	        1.00	   596336.00	        1.00	       75.00	        1.00
  3.03	       78.00	        1.00	   596311.00	        1.00	       78.00	        1.00
  3.04	       78.00	        1.00	   596292.00	        1.00	       78.00	        1.00
  3.05	       82.00	        1.00	   596266.00	        1.00	       82.00	        1.00
  3.06	       84.00	        1.00	   596246.00	        1.00	       84.00	        1.00
  3.07	       86.00	        1.00	   596228.00	        1.00	       86.00	        1.00
  3.08	       88.00	        1.00	   596211.00	        1.00	       88.00	        1.00
  3.09	       90.00	        1.00	   596178.00	        1.00	       90.00	        1.00
  3.10	       92.00	        1.00	   596159.00	        1.00	       92.00	        1.00
  3.11	       92.00	        1.00	   596148.00	        1.00	       92.00	        1.00
  3.12	       93.00	        1.00	   596130.00	        1.00	       93.00	        1.00
  3.13	       94.00	        1.00	   596119.00	        1.00	       94.00	        1.00
  3.14	       96.00	        1.00	   596102.00	        1.00	       96.00	        1.00
  3.15	       97.00	        1.00	   596087.00	        1.00	       97.00	        1.00
  3.16	       99.00	        1.00	   596065.00	        1.00	       99.00	        1.00
  3.17	      100.00	        1.00	   596048.00	        1.00	      100.00	        1.00
  3.18	      102.00	        1.00	   596029.00	        1.00	      102.00	        1.00
  3.19	      103.00	        1.00	   596015.00	        1.00	      103.00	        1.00
  3.20	      104.00	        1.00	   595997.00	        1.00	      104.00	        1.00
  3.21	      106.00	        1.00	   595977.00	        1.00	      106.00	        1.00
  3.22	      106.00	        1.00	   595959.00	        1.00	      106.00	        1.00
  3.23	      107.00	        1.00	   595935.00	        1.00	      107.00	        1.00
  3.24	      108.00	        1.00	   595918.00	        1.00	      108.00	        1.00
  3.25	      110.00	        1.00	   595902.00	        1.00	      110.00	        1.00
  3.26	      111.00	        1.00	   595878.00	        1.00	      111.00	        1.00
  3.27	      113.00	        1.00	   595854.00	        1.00	      113.00	        1.00
  3.28	      114.00	        1.00	   595830.00	        1.00	      114.00	        1.00
  3.29	      114.00	        1.00	   595816.00	        1.00	      114.00	        1.00
  3.30	      116.00	        1.00	   595803.00	        1.00	      116.00	        1.00
  3.31	      117.00	        1.00	   595781.00	        1.00	      117.00	        1.00
  3.32	      118.00	        1.00	   595772.00	        1.00	      118.00	        1.00
  3.33	      120.00	        1.00	   595751.00	        1.00	      120.00	        1.00
  3.34	      122.00	        1.00	   595737.00	        1.00	      122.00	        1.00
  3.35	      125.00	        1.00	   595713.00	        1.00	      125.00	        1.00
  3.36	      126.00	        1.00	   595691.00	        1.00	      126.00	        1.00
  3.37	      128.00	        2.00	   595677.00	        1.00	      129.00	        1.00
  3.38	      130.00	        2.00	   595656.00	        1.00	      131.00	        1.00
  3.39	      130.00	        2.00	   595642.00	        1.00	      131.00	        1.00
  3.40	      135.00	        2.00	   595618.00	        1.00	      136.00	        1.00
  3.41	      139.00	        2.00	   595602.00	        1.00	      140.00	        1.00
  3.42	      141.00	        2.00	   595580.00	        1.00	      142.00	        1.00
  3.43	      144.00	        2.00	   595561.00	        1.00	      145.00	        1.00
  3.44	      147.00	        2.00	   595545.00	        1.00	      148.00	        1.00
  3.45	      151.00	        2.00	   595528.00	        1.00	      152.00	        1.00
  3.46	      154.00	        2.00	   595507.00	        1.00	      155.00	        1.00
  3.47	      157.00	        2.00	   595483.00	        1.00	      158.00	        1.00
  3.48	      161.00	        2.00	   595465.00	        1.00	      162.00	        1.00
  3.49	      162.00	        2.00	   595454.00	        1.00	      163.00	        1.00
  3.50	      164.00	        2.00	   595441.00	        1.00	      165.00	        1.00
  3.51	      166.00	        2.00	   595418.00	        1.00	      167.00	        1.00
  3.52	      171.00	        2.00	   595405.00	        1.00	      172.00	        1.00
  3.53	      175.00	        2.00	   595388.00	        1.00	      176.00	        1.00
  3.54	      178.00	        2.00	   595375.00	        1.00	      179.00	        1.00
  3.55	      180.00	        2.00	   595356.00	        1.00	      181.00	        1.00
  3.56	      182.00	        2.00	   595345.00	        1.00	      183.00	        1.00
  3.57	      186.00	        2.00	   595327.00	        1.00	      187.00	        1.00
  3.58	      188.00	        2.00	   595304.00	        1.00	      189.00	        1.00
  3.59	      192.00	        2.00	   595288.00	        1.00	      193.00	        1.00
  3.60	      193.00	        2.00	   595269.00	        1.00	      194.00	        1.00
  3.61	      199.00	        2.00	   595250.00	        1.00	      200.00	        1.00
  3.62	      203.00	        3.00	   595227.00	        1.00	      205.00	        1.00
  3.63	      210.00	        3.00	   595214.00	        1.00	      212.00	        1.00
  3.64	      214.00	        3.00	   595190.00	        1.00	      216.00	        1.00
  3.65	      214.00	        3.00	   595174.00	        1.00	      216.00	        1.00
  3.66	      217.00	        3.00	   595157.00	        1.00	      219.00	        1.00
  3.67	      219.00	        4.00	   595144.00	        1.00	      222.00	        1.00
  3.68	      221.00	        4.00	   595130.00	        1.00	      224.00	        1.00
  3.69	      225.00	        4.00	   595112.00	        1.00	      228.00	        1.00
  3.70	      229.00	        4.00	   595095.00	        1.00	      232.00	        1.00
  3.71	      233.00	        4.00	   595078.00	        1.00	      236.00	        1.00
  3.72	      236.00	        4.00	   595056.00	        1.00	      239.00	        1.00
  3.73	      242.00	        4.00	   595041.00	        1.00	      245.00	        1.00
  3.74	      115.00	      131.00	   595225.00	        1.00	      246.00	        1.00
  3.75	      117.00	      131.00	   595206.00	        1.00	      248.00	        1.00
  3.76	      120.00	      131.00	   595188.00	        1.00	      251.00	        1.00
  3.77	      122.00	      131.00	   595171.00	        1.00	      253.00	        1.00
  3.78	      123.00	      131.00	   595142.00	        1.00	      254.00	        1.00
  3.79	      124.00	      131.00	   595120.00	        1.00	      255.00	        1.00
  3.80	      125.00	      131.00	   595094.00	        1.00	      256.00	        1.00
  3.81	      126.00	      131.00	   595081.00	        1.00	      257.00	        1.00
  3.82	      127.00	      131.00	   595060.00	        1.00	      258.00	        1.00
  3.83	      128.00	      131.00	   595047.00	        1.00	      259.00	        1.00
  3.84	      129.00	      131.00	   595032.00	        1.00	      260.00	        1.00
  3.85	      129.00	      131.00	   595012.00	        1.00	      260.00	        1.00
  3.86	      133.00	      131.00	   594988.00	        1.00	      264.00	        1.00
  3.87	      134.00	      131.00	   594965.00	        1.00	      265.00	        1.00
  3.88	      136.00	      131.00	   594950.00	        1.00	      267.00	        1.00
  3.89	      139.00	      131.00	   594931.00	        1.00	      270.00	        1.00
  3.90	      146.00	      131.00	   594905.00	        1.00	      277.00	        1.00
  3.91	      146.00	      131.00	   594885.00	        1.00	      277.00	        1.00
  3.92	      149.00	      131.00	   594869.00	        1.00	      280.00	        1.00
  3.93	      152.00	      131.00	   594848.00	        1.00	      283.00	        1.00
  3.94	      156.00	      131.00	   594826.00	        1.00	      287.00	        1.00
  3.95	      159.00	      131.00	   594806.00	        1.00	      290.00	        1.00
  3.96	      160.00	      132.00	   594782.00	        1.00	      292.00	        1.00
  3.97	      163.00	      132.00	   594759.00	        1.00	      295.00	        1.00
  3.98	      164.00	      132.00	   594742.00	        1.00	      296.00	        1.00
  3.99	      165.00	      132.00	   594720.00	        1.00	      297.00	        1.00
  4.00	      167.00	      132.00	   594700.00	        1.00	      299.00	        1.00
  4.01	      170.00	      132.00	   594682.00	        1.00	      302.00	        1.00
  4.02	      171.00	      132.00	   594660.00	        1.00	      303.00	        1.00
  4.03	      172.00	      132.00	   594640.00	        1.00	      304.00	        1.00
  4.04	      175.00	      132.00	   594623.00	        1.00	      307.00	        1.00
  4.05	      179.00	      132.00	   594610.00	        1.00	      311.00	        1.00
  4.06	      180.00	      132.00	   594593.00	        1.00	      312.00	        1.00
  4.07	      183.00	      132.00	   594568.00	        1.00	      315.00	        1.00
  4.08	      185.00	      132.00	   594552.00	        1.00	      317.00	        1.00
  4.09	      191.00	      132.00	   594535.00	        1.00	      323.00	        1.00
  4.10	      192.00	      132.00	   594524.00	        1.00	      324.00	        1.00
  4.11	      192.00	      132.00	   594504.00	        1.00	      324.00	        1.00
  4.12	      197.00	      132.00	   594485.00	        1.00	      329.00	        1.00
  4.13	      199.00	      132.00	   594468.00	        1.00	      331.00	        1.00
  4.14	      202.00	      132.00	   594451.00	        1.00	      334.00	        1.00
  4.15	      208.00	      132.00	   594434.00	        1.00	      340.00	        1.00
  4.16	      212.00	      132.00	   594417.00	        1.00	      344.00	        1.00
  4.17	      216.00	      132.00	   594401.00	        1.00	      348.00	        1.00
  4.18	      219.00	      132.00	   594382.00	        1.00	      351.00	        1.00
  4.19	      221.00	      132.00	   594368.00	        1.00	      353.00	        1.00
  4.20	      222.00	      132.00	   594354.00	        1.00	      354.00	        1.00
  4.21	      223.00	      132.00	   594333.00	        1.00	      355.00	        1.00
  4.22	      223.00	      132.00	   594319.00	        1.00	      355.00	        1.00
  4.23	      125.00	      232.00	   594491.00	        1.00	      358.00	        1.00
  4.24	      125.00	      232.00	   594466.00	        1.00	      358.00	        1.00
  4.25	       74.00	      282.00	   594645.00	        1.00	      358.00	        1.00
  4.26	       43.00	      316.00	   594831.00	        1.00	      362.00	        1.00
  4.27	       43.00	      316.00	   594819.00	        1.00	      362.00	        1.00
  4.28	       43.00	      316.00	   594801.00	        1.00	      362.00	        1.00
  4.29	       43.00	      316.00	   594782.00	        1.00	      362.00	        1.00
  4.30	       43.00	      316.00	   594758.00	        1.00	      362.00	        1.00
  4.31	       44.00	      316.00	   594733.00	        1.00	      363.00	        1.00
  4.32	       45.00	      316.00	   594711.00	        1.00	      364.00	        1.00
  4.33	       45.00	      316.00	   594692.00	        1.00	      364.00	        1.00
  4.34	       14.00	      345.00	   595068.00	        1.00	      364.00	        1.00
  4.35	       10.00	      348.00	   595245.00	        1.00	      364.00	        1.00
  4.36	        7.00	      350.00	   595419.00	        1.00	      364.00	        1.00
  4.37	        5.00	      351.00	   595600.00	        1.00	      364.00	        1.00
  4.38	        5.00	      351.00	   595587.00	        1.00	      364.00	        1.00
  4.39	        5.00	      351.00	   595567.00	        1.00	      364.00	        1.00
  4.40	        5.00	      351.00	   595550.00	        1.00	      364.00	        1.00
  4.41	        4.00	      351.00	   595732.00	        1.00	      364.00	        1.00
  4.42	        4.00	      351.00	   595716.00	        1.00	      364.00	        1.00
  4.43	        0.00	      353.00	   596095.00	        0.00	      364.00	        1.00
  4.44	        0.00	      353.00	   596076.00	        0.00	      364.00	        1.00
  4.45	        0.00	      353.00	   596065.00	        0.00	      364.00	        1.00
  4.46	        0.00	      353.00	   596049.00	        0.00	      364.00	        1.00
  4.47	        0.00	      352.00	   596226.00	        0.00	      364.00	        1.00
  4.48	        0.00	      352.00	   596208.00	        0.00	      364.00	        1.00
  4.49	        0.00	      350.00	   596585.00	        0.00	      364.00	        1.00
  4.50	        0.00	      350.00	   596569.00	        0.00	      364.00	        1.00
  4.51	        0.00	      350.00	   596540.00	        0.00	      364.00	        1.00
  4.52	        0.00	      348.00	   596914.00	        0.00	      364.00	        1.00
  4.53	        0.00	      346.00	   597294.00	        0.00	      364.00	        1.00
  4.54	        0.00	      346.00	   597274.00	        0.00	      364.00	        1.00
  4.55	        0.00	      345.00	   597453.00	        0.00	      364.00	        1.00
  4.56	        0.00	      343.00	   597831.00	        0.00	      364.00	        1.00
  4.57	        0.00	      342.00	   598015.00	        0.00	      364.00	        1.00
  4.58	        0.00	      342.00	   597994.00	        0.00	      364.00	        1.00
  4.59	        0.00	      342.00	   597973.00	        0.00	      364.00	        1.00
  4.60	        0.00	      340.00	   598343.00	        0.00	      364.00	        1.00
  4.61	        0.00	      340.00	   598314.00	        0.00	      364.00	        1.00
  4.62	        0.00	      339.00	   598494.00	        0.00	      364.00	        1.00
  4.63	        0.00	      337.00	   598877.00	        0.00	      364.00	        1.00
  4.64	        0.00	      337.00	   598859.00	        0.00	      364.00	        1.00
  4.65	        0.00	      336.00	   599041.00	        0.00	      364.00	        1.00
  4.66	        0.00	      334.00	   599416.00	        0.00	      364.00	        1.00
  4.67	        0.00	      333.00	   599595.00	        0.00	      364.00	        1.00
  4.68	        0.00	      331.00	   599972.00	        0.00	      364.00	        1.00
  4.69	        0.00	      331.00	   599952.00	        0.00	      364.00	        1.00
  4.70	        0.00	      329.00	   600330.00	        0.00	      364.00	        1.00
  4.71	        0.00	      329.00	   600306.00	        0.00	      364.00	        1.00
  4.72	        0.00	      328.00	   600489.00	        0.00	      364.00	        1.00
  4.73	        0.00	      326.00	   600870.00	        0.00	      364.00	        1.00
  4.74	        0.00	      326.00	   600851.00	        0.00	      364.00	        1.00
  4.75	        0.00	      326.00	   600825.00	        0.00	      364.00	        1.00
  4.76	        0.00	      325.00	   600998.00	        0.00	      364.00	        1.00
  4.77	        0.00	      322.00	   601567.00	        0.00	      364.00	        1.00
  4.78	        0.00	      321.00	   601740.00	        0.00	      364.00	        1.00
  4.79	        0.00	      316.00	   602717.00	        0.00	      364.00	        1.00
  4.80	        0.00	      314.00	   603093.00	        0.00	      364.00	        1.00
  4.81	        0.00	      313.00	   603268.00	        0.00	      364.00	        1.00
  4.82	        0.00	      312.00	   603444.00	        0.00	      364.00	        1.00
  4.83	        0.00	      311.00	   603627.00	        0.00	      364.00	        1.00
  4.84	        0.00	      308.00	   604208.00	        0.00	      364.00	        1.00
  4.85	        0.00	      305.00	   604787.00	        0.00	      364.00	        1.00
  4.86	        0.00	      302.00	   605357.00	        0.00	      364.00	        1.00
  4.87	        0.00	      301.00	   605536.00	        0.00	      364.00	        1.00
  4.88	        0.00	      299.00	   605911.00	        0.00	      364.00	        1.00
  4.89	        0.00	      295.00	   606678.00	        0.00	      364.00	        1.00
  4.90	        0.00	      294.00	   606859.00	        0.00	      364.00	        1.00
  4.91	        0.00	      291.00	   607431.00	        0.00	      364.00	        1.00
  4.92	        0.00	      290.00	   607605.00	        0.00	      364.00	        1.00
  4.93	        0.00	      288.00	   607975.00	        0.00	      364.00	        1.00
  4.94	        0.00	      283.00	   608954.00	        0.00	      364.00	        1.00
  4.95	        0.00	      280.00	   609524.00	        0.00	      364.00	        1.00
  4.96	        0.00	      279.00	   609690.00	        0.00	      364.00	        1.00
  4.97	        0.00	      275.00	   610474.00	        0.00	      364.00	        1.00
  4.98	        0.00	      273.00	   610852.00	        0.00	      364.00	        1.00
  4.99	        0.00	      270.00	   611430.00	        0.00	      364.00	        1.00
  5.00	        0.00	      266.00	   612195.00	        0.00	      364.00	        1.00
  5.01	        0.00	      264.00	   612566.00	        0.00	      364.00	        1.00
  5.02	        0.00	      257.00	   613937.00	        0.00	      364.00	        1.00
  5.03	        0.00	      254.00	   614507.00	        0.00	      364.00	        1.00
  5.04	        0.00	      252.00	   614878.00	        0.00	      364.00	        1.00
  5.05	        0.00	      251.00	   615053.00	        0.00	      364.00	        1.00
  5.06	        0.00	      246.00	   616020.00	        0.00	      364.00	        1.00
  5.07	        0.00	      244.00	   616390.00	        0.00	      364.00	        1.00
  5.08	        0.00	      242.00	   616755.00	        0.00	      364.00	        1.00
  5.09	        0.00	      240.00	   617129.00	        0.00	      364.00	        1.00
  5.10	        0.00	      239.00	   617310.00	        0.00	      364.00	        1.00
  5.11	        0.00	      237.00	   617684.00	        0.00	      364.00	        1.00
  5.12	        0.00	      237.00	   617652.00	        0.00	      364.00	        1.00
  5.13	        0.00	      235.00	   618023.00	        0.00	      364.00	        1.00
  5.14	        0.00	      233.00	   618398.00	        0.00	      364.00	        1.00
  5.15	        0.00	      229.00	   619160.00	        0.00	      364.00	        1.00
  5.16	        0.00	      228.00	   619332.00	        0.00	      364.00	        1.00
  5.17	        0.00	      226.00	   619702.00	        0.00	      364.00	        1.00
  5.18	        0.00	      224.00	   620079.00	        0.00	      364.00	        1.00
  5.19	        0.00	      221.00	   620653.00	        0.00	      364.00	        1.00
  5.20	        0.00	      216.00	   621625.00	        0.00	      364.00	        1.00
  5.21	        0.00	      208.00	   623200.00	        0.00	      364.00	        1.00
  5.22	        0.00	      204.00	   623963.00	        0.00	      364.00	        1.00
  5.23	        0.00	      200.00	   624737.00	        0.00	      364.00	        1.00
  5.24	        0.00	      199.00	   624920.00	        0.00	      364.00	        1.00
  5.25	        0.00	      198.00	   625091.00	        0.00	      364.00	        1.00
  5.26	        0.00	      194.00	   625873.00	        0.00	      364.00	        1.00
  5.27	        0.00	      190.00	   626643.00	        0.00	      364.00	        1.00
  5.28	        0.00	      184.00	   627819.00	        0.00	      364.00	        1.00
  5.29	        0.00	      182.00	   628193.00	        0.00	      364.00	        1.00
  5.30	        0.00	      179.00	   628764.00	        0.00	      364.00	        1.00
  5.31	        0.00	      175.00	   629531.00	        0.00	      364.00	        1.00
  5.32	        0.00	      174.00	   629702.00	        0.00	      364.00	        1.00
  5.33	        0.00	      167.00	   631077.00	        0.00	      364.00	        1.00
  5.34	        0.00	      165.00	   631449.00	        0.00	      364.00	        1.00
  5.35	        0.00	      162.00	   632022.00	        0.00	      364.00	        1.00
  5.36	        0.00	      159.00	   632596.00	        0.00	      364.00	        1.00
  5.37	        0.00	      153.00	   633755.00	        0.00	      364.00	        1.00
  5.38	        0.00	      151.00	   634116.00	        0.00	      364.00	        1.00
  5.39	        0.00	      150.00	   634292.00	        0.00	      364.00	        1.00
  5.40	        0.00	      146.00	   635063.00	        0.00	      364.00	        1.00
  5.41	        0.00	      142.00	   635830.00	        0.00	      364.00	        1.00
  5.42	        0.00	      139.00	   636403.00	        0.00	      364.00	        1.00
  5.43	        0.00	      136.00	   636972.00	        0.00	      364.00	        1.00
  5.44	        0.00	      134.00	   637339.00	        0.00	      364.00	        1.00
  5.45	        0.00	      134.00	   637309.00	        0.00	      364.00	        1.00
  5.46	        0.00	      132.00	   637679.00	        0.00	      364.00	        1.00
  5.47	        0.00	      129.00	   638246.00	        0.00	      364.00	        1.00
  5.48	        0.00	      129.00	   638211.00	        0.00	      364.00	        1.00
  5.49	        0.00	      125.00	   638983.00	        0.00	      364.00	        1.00
  5.50	        0.00	      124.00	   639147.00	        0.00	      364.00	        1.00
  5.51	        0.00	      120.00	   639920.00	        0.00	      364.00	        1.00
  5.52	        0.00	      114.00	   641096.00	        0.00	      364.00	        1.00
  5.53	        0.00	      109.00	   642074.00	        0.00	      364.00	        1.00
  5.54	        0.00	      105.00	   642846.00	        0.00	      364.00	        1.00
  5.55	        0.00	      104.00	   643016.00	        0.00	      364.00	        1.00
  5.56	        0.00	      102.00	   643381.00	        0.00	      364.00	        1.00
  5.57	        0.00	      101.00	   643551.00	        0.00	      364.00	        1.00
  5.58	        0.00	       96.00	   644525.00	        0.00	      364.00	        1.00
  5.59	        0.00	       88.00	   646094.00	        0.00	      364.00	        1.00
  5.60	        0.00	       86.00	   646470.00	        0.00	      364.00	        1.00
  5.61	        0.00	       84.00	   646845.00	        0.00	      364.00	        1.00
  5.62	        0.00	       82.00	   647217.00	        0.00	      364.00	        1.00
  5.63	        0.00	       79.00	   647786.00	        0.00	      364.00	        1.00
  5.64	        0.00	       76.00	   648357.00	        0.00	      364.00	        1.00
  5.65	        0.00	       73.00	   648919.00	        0.00	      364.00	        1.00
  5.66	        0.00	       73.00	   648885.00	        0.00	      364.00	        1.00
  5.67	        0.00	       71.00	   649254.00	        0.00	      364.00	        1.00
  5.68	        0.00	       69.00	   649618.00	        0.00	      364.00	        1.00
  5.69	        0.00	       67.00	   649983.00	        0.00	      364.00	        1.00
  5.70	        0.00	       65.00	   650360.00	        0.00	      364.00	        1.00
  5.71	        0.00	       64.00	   650533.00	        0.00	      364.00	        1.00
  5.72	        0.00	       63.00	   650697.00	        0.00	      364.00	        1.00
  5.73	        0.00	       62.00	   650861.00	        0.00	      364.00	        1.00
  5.74	        0.00	       61.00	   651019.00	        0.00	      364.00	        1.00
  5.75	        0.00	       56.00	   651985.00	        0.00	      364.00	        1.00
  5.76	        0.00	       55.00	   652158.00	        0.00	      364.00	        1.00
  5.77	        0.00	       52.00	   652722.00	        0.00	      364.00	        1.00
  5.78	        0.00	       50.00	   653089.00	        0.00	      364.00	        1.00
  5.79	        0.00	       49.00	   653263.00	        0.00	      364.00	        1.00
  5.80	        0.00	       48.00	   653425.00	        0.00	      364.00	        1.00
  5.81	        0.00	       47.00	   653594.00	        0.00	      364.00	        1.00
  5.82	        0.00	       42.00	   654572.00	        0.00	      364.00	        1.00
  5.83	        0.00	       41.00	   654736.00	        0.00	      364.00	        1.00
  5.84	        0.00	       38.00	   655305.00	        0.00	      364.00	        1.00
  5.85	        0.00	       37.00	   655462.00	        0.00	      364.00	        1.00
  5.86	        0.00	       37.00	   655434.00	        0.00	      364.00	        1.00
  5.87	        0.00	       36.00	   655600.00	        0.00	      364.00	        1.00
  5.88	        0.00	       34.00	   655966.00	        0.00	      364.00	        1.00
  5.89	        0.00	       33.00	   656138.00	        0.00	      364.00	        1.00
  5.90	        0.00	       33.00	   656107.00	        0.00	      364.00	        1.00
  5.91	        0.00	       31.00	   656476.00	        0.00	      364.00	        1.00
  5.92	        0.00	       30.00	   656640.00	        0.00	      364.00	        1.00
  5.93	        0.00	       29.00	   656811.00	        0.00	      364.00	        1.00
  5.94	        0.00	       27.00	   657186.00	        0.00	      364.00	        1.00
  5.95	        0.00	       27.00	   657159.00	        0.00	      364.00	        1.00
  5.96	        0.00	       27.00	   657128.00	        0.00	      364.00	        1.00
  5.97	        0.00	       26.00	   657304.00	        0.00	      364.00	        1.00
  5.98	        0.00	       25.00	   657464.00	        0.00	      364.00	        1.00
  5.99	        0.00	       25.00	   657439.00	        0.00	      364.00	        1.00
  6.00	        0.00	       24.00	   657610.00	        0.00	      364.00	        1.00
  6.01	        0.00	       24.00	   657583.00	        0.00	      364.00	        1.00
  6.02	        0.00	       24.00	   657553.00	        0.00	      364.00	        1.00
  6.03	        0.00	       23.00	   657726.00	        0.00	      364.00	        1.00
  6.04	        0.00	       23.00	   657691.00	        0.00	      364.00	        1.00
  6.05	        0.00	       23.00	   657665.00	        0.00	      364.00	        1.00
  6.06	        0.00	       21.00	   658048.00	        0.00	      364.00	        1.00
  6.07	        0.00	       19.00	   658421.00	        0.00	      364.00	        1.00
  6.08	        0.00	       18.00	   658603.00	        0.00	      364.00	        1.00
  6.09	        0.00	       18.00	   658573.00	        0.00	      364.00	        1.00
  6.10	        0.00	       18.00	   658538.00	        0.00	      364.00	        1.00
  6.11	        0.00	       18.00	   658517.00	        0.00	      364.00	        1.00
  6.12	        0.00	       18.00	   658488.00	        0.00	      364.00	        1.00
  6.13	        0.00	       18.00	   658461.00	        0.00	      364.00	        1.00
  6.14	        0.00	       18.00	   658435.00	        0.00	      364.00	        1.00
  6.15	        0.00	       18.00	   658404.00	        0.00	      364.00	        1.00
  6.16	        0.00	       17.00	   658583.00	        0.00	      364.00	        1.00
  6.17	        0.00	       15.00	   658955.00	        0.00	      364.00	        1.00
  6.18	        0.00	       14.00	   659136.00	        0.00	      364.00	        1.00
  6.19	        0.00	       13.00	   659311.00	        0.00	      364.00	        1.00
  6.20	        0.00	       13.00	   659278.00	        0.00	      364.00	        1.00
  6.21	        0.00	       13.00	   659252.00	        0.00	      364.00	        1.00
  6.22	        0.00	       11.00	   659618.00	        0.00	      364.00	        1.00
  6.23	        0.00	       10.00	   659803.00	        0.00	      364.00	        1.00
  6.24	        0.00	       10.00	   659785.00	        0.00	      364.00	        1.00
  6.25	        0.00	        9.00	   659958.00	        0.00	      364.00	        1.00
  6.26	        0.00	        9.00	   659930.00	        0.00	      364.00	        1.00
  6.27	        0.00	        9.00	   659911.00	        0.00	      364.00	        1.00
  6.28	        0.00	        9.00	   659886.00	        0.00	      364.00	        1.00
  6.29	        0.00	        8.00	   660057.00	        0.00	      364.00	        1.00
  6.30	        0.00	        8.00	   660040.00	        0.00	      364.00	        1.00
  6.31	        0.00	        8.00	   660008.00	        0.00	      364.00	        1.00
  6.32	        0.00	        8.00	   659983.00	        0.00	      364.00	        1.00
  6.33	        0.00	        7.00	   660165.00	        0.00	      364.00	        1.00
  6.34	        0.00	        7.00	   660133.00	        0.00	      364.00	        1.00
  6.35	        0.00	        7.00	   660110.00	        0.00	      364.00	        1.00
  6.36	        0.00	        7.00	   660091.00	        0.00	      364.00	        1.00
  6.37	        0.00	        6.00	   660268.00	        0.00	      364.00	        1.00
  6.38	        0.00	        4.00	   660652.00	        0.00	      364.00	        1.00
  6.39	        0.00	        4.00	   660627.00	        0.00	      364.00	        1.00
  6.40	        0.00	        4.00	   660600.00	        0.00	      364.00	        1.00
  6.41	        0.00	        4.00	   660579.00	        0.00	      364.00	        1.00
  6.42	        0.00	        4.00	   660558.00	        0.00	      364.00	        1.00
  6.43	        0.00	        4.00	   660532.00	        0.00	      364.00	        1.00
  6.44	        0.00	        4.00	   660520.00	        0.00	      364.00	        1.00
  6.45	        0.00	        4.00	   660505.00	        0.00	      364.00	        1.00
  6.46	        0.00	        4.00	   660486.00	        0.00	      364.00	        1.00
  6.47	        0.00	        4.00	   660460.00	        0.00	      364.00	        1.00
  6.48	        0.00	        4.00	   660431.00	        0.00	      364.00	        1.00
  6.49	        0.00	        4.00	   660414.00	        0.00	      364.00	        1.00
  6.50	        0.00	        4.00	   660400.00	        0.00	      364.00	        1.00
  6.51	        0.00	        4.00	   660381.00	        0.00	      364.00	        1.00
  6.52	        0.00	        4.00	   660351.00	        0.00	      364.00	        1.00
  6.53	        0.00	        3.00	   660528.00	        0.00	      364.00	        1.00
  6.54	        0.00	        3.00	   660499.00	        0.00	      364.00	        1.00
  6.55	        0.00	        2.00	   660680.00	        0.00	      364.00	        1.00
  6.56	        0.00	        2.00	   660665.00	        0.00	      364.00	        1.00
  6.57	        0.00	        2.00	   660641.00	        0.00	      364.00	        1.00
  6.58	        0.00	        2.00	   660622.00	        0.00	      364.00	        1.00
  6.59	        0.00	        2.00	   660601.00	        0.00	      364.00	        1.00
  6.60	        0.00	        0.00	   660991.00	        0.00	      364.00	        0.00
