Datatype: PopulationSize
  0.00	        1.00	        0.00	        0.00	        1.00	        0.00	        1.00
  0.01	        1.00	        0.00	        0.00	        1.00	        0.00	        1.00
  0.02	        1.00	        0.00	        0.00	        1.00	        0.00	        1.00
  0.03	        1.00	        0.00	        0.00	        1.00	        0.00	        1.00
  0.04	        1.00	        0.00	        0.00	        1.00	        0.00	        1.00
  0.05	        1.00	        0.00	        0.00	        1.00	        0.00	        1.00
  0.06	        1.00	        0.00	        0.00	        1.00	        0.00	        1.00
  0.07	        1.00	        0.00	        0.00	        1.00	        0.00	        1.00
  0.08	        1.00	        0.00	        0.00	        1.00	        0.00	        1.00
  0.09	        1.00	        0.00	        0.00	        1.00	        0.00	        1.00
  0.10	        1.00	        0.00	        0.00	        1.00	        0.00	        1.00
  0.11	        1.00	        0.00	        0.00	        1.00	        0.00	        1.00
  0.12	        1.00	        0.00	        0.00	        1.00	        0.00	        1.00
  0.13	        1.00	        0.00	        0.00	        1.00	        0.00	        1.00
  0.14	        1.00	        0.00	        0.00	        1.00	        0.00	        1.00
  0.15	        1.00	        0.00	        0.00	        1.00	        0.00	        1.00
  0.16	        1.00	        0.00	        0.00	        1.00	        0.00	        1.00
  0.17	        1.00	        0.00	        0.00	        1.00	        0.00	        1.00
  0.18	        1.00	        0.00	        0.00	        1.00	        0.00	        1.00
  0.19	        1.00	        0.00	        0.00	        1.00	        0.00	        1.00
  0.20	        1.00	        0.00	        0.00	        1.00	        0.00	        1.00
  0.21	        1.00	        0.00	        0.00	        1.00	        0.00	        1.00
  0.22	        1.00	        0.00	        0.00	        1.00	        0.00	        1.00
  0.23	        1.00	        0.00	        0.00	        1.00	        0.00	        1.00
  0.24	        1.00	        0.00	        0.00	        1.00	        0.00	        1.00
  0.25	        1.00	        0.00	        0.00	        1.00	        0.00	        1.00
  0.26	        1.00	        0.00	        0.00	        1.00	        0.00	        1.00
  0.27	        1.00	        0.00	        0.00	        1.00	        0.00	        1.00
  0.28	        1.00	        0.00	        0.00	        1.00	        0.00	        1.00
  0.29	        1.00	        0.00	        0.00	        1.00	        0.00	        1.00
  0.30	        1.00	        0.00	        0.00	        1.00	        0.00	        1.00
  0.31	        1.00	        0.00	        0.00	        1.00	        0.00	        1.00
  0.32	        1.00	        0.00	        0.00	        1.00	        0.00	        1.00
  0.33	        1.00	        0.00	        0.00	        1.00	        0.00	        1.00
  0.34	        1.00	        0.00	        0.00	        1.00	        0.00	        1.00
  0.35	        1.00	        0.00	        0.00	        1.00	        0.00	        1.00
  0.36	        1.00	        0.00	        0.00	        1.00	        0.00	        1.00
  0.37	        1.00	        0.00	        0.00	        1.00	        0.00	        1.00
  0.38	        1.00	        0.00	        0.00	        1.00	        0.00	        1.00
  0.39	        1.00	        0.00	        0.00	        1.00	        0.00	        1.00
  0.40	        1.00	        0.00	        0.00	        1.00	        0.00	        1.00
  0.41	        1.00	        0.00	        0.00	        1.00	        0.00	        1.00
  0.42	        1.00	        0.00	        0.00	        1.00	        0.00	        1.00
  0.43	        1.00	        0.00	        0.00	        1.00	        0.00	        1.00
  0.44	        1.00	        0.00	        0.00	        1.00	        0.00	        1.00
  0.45	        1.00	        0.00	        0.00	        1.00	        0.00	        1.00
  0.46	        1.00	        0.00	        0.00	        1.00	        0.00	        1.00
  0.47	        1.00	        0.00	        0.00	        1.00	        0.00	        1.00
  0.48	        1.00	        0.00	        0.00	        1.00	        0.00	        1.00
  0.49	        1.00	        0.00	        0.00	        1.00	        0.00	        1.00
  0.50	        1.00	        0.00	        0.00	        1.00	        0.00	        1.00
  0.51	        1.00	        0.00	        0.00	        1.00	        0.00	        1.00
  0.52	        1.00	        0.00	        0.00	        1.00	        0.00	        1.00
  0.53	        1.00	        0.00	        0.00	        1.00	        0.00	        1.00
  0.54	        1.00	        0.00	        0.00	        1.00	        0.00	        1.00
  0.55	        1.00	        0.00	        0.00	        1.00	        0.00	        1.00
  0.56	        1.00	        0.00	        0.00	        1.00	        0.00	        1.00
  0.57	        1.00	        0.00	        0.00	        1.00	        0.00	        1.00
  0.58	        1.00	        0.00	        0.00	        1.00	        0.00	        1.00
  0.59	        1.00	        0.00	        0.00	        1.00	        0.00	        1.00
  0.60	        2.00	        0.00	        0.00	        1.00	        1.00	        1.00
  0.61	        2.00	        0.00	        0.00	        1.00	        1.00	        1.00
  0.62	        2.00	        0.00	        0.00	        1.00	        1.00	        1.00
  0.63	        2.00	        0.00	        0.00	        1.00	        1.00	        1.00
  0.64	        2.00	        0.00	        0.00	        1.00	        1.00	        1.00
  0.65	        2.00	        0.00	        0.00	        1.00	        1.00	        1.00
  0.66	        2.00	        0.00	        0.00	        1.00	        1.00	        1.00
  0.67	        2.00	        0.00	        0.00	        1.00	        1.00	        1.00
  0.68	        2.00	        0.00	        0.00	        1.00	        1.00	        1.00
  0.69	        2.00	        0.00	        0.00	        1.00	        1.00	        1.00
  0.70	        2.00	        0.00	        0.00	        1.00	        1.00	        1.00
  0.71	        2.00	        0.00	        0.00	        1.00	        1.00	        1.00
  0.72	        2.00	        0.00	        0.00	        1.00	        1.00	        1.00
  0.73	        2.00	        0.00	        0.00	        1.00	        1.00	        1.00
  0.74	        2.00	        0.00	        0.00	        1.00	        1.00	        1.00
  0.75	        3.00	        0.00	        0.00	        1.00	        2.00	        1.00
  0.76	        3.00	        0.00	        0.00	        1.00	        2.00	        1.00
  0.77	        4.00	        0.00	        0.00	        1.00	        3.00	        1.00
  0.78	        4.00	        0.00	        0.00	        1.00	        3.00	        1.00
  0.79	        4.00	        0.00	        0.00	        1.00	        3.00	        1.00
  0.80	        4.00	        0.00	        0.00	        1.00	        3.00	        1.00
  0.81	        4.00	        0.00	        0.00	        1.00	        3.00	        1.00
  0.82	        4.00	        0.00	        0.00	        1.00	        3.00	        1.00
  0.83	        4.00	        0.00	        0.00	        1.00	        3.00	        1.00
  0.84	        4.00	        0.00	        0.00	        1.00	        3.00	        1.00
  0.85	        4.00	        0.00	        0.00	        1.00	        3.00	        1.00
  0.86	        4.00	        0.00	        0.00	        1.00	        3.00	        1.00
  0.87	        4.00	        0.00	        0.00	        1.00	        3.00	        1.00
  0.88	        4.00	        0.00	        0.00	        1.00	        3.00	        1.00
  0.89	        4.00	        0.00	        0.00	        1.00	        3.00	        1.00
  0.90	        4.00	        0.00	        0.00	        1.00	        3.00	        1.00
  0.91	        4.00	        0.00	        0.00	        1.00	        3.00	        1.00
  0.92	        4.00	        0.00	        0.00	        1.00	        3.00	        1.00
  0.93	        4.00	        0.00	        0.00	        1.00	        3.00	        1.00
  0.94	        4.00	        0.00	        0.00	        1.00	        3.00	        1.00
  0.95	        4.00	        0.00	        0.00	        1.00	        3.00	        1.00
  0.96	        4.00	        0.00	        0.00	        1.00	        3.00	        1.00
  0.97	        4.00	        0.00	        0.00	        1.00	        3.00	        1.00
  0.98	        4.00	        0.00	        0.00	        1.00	        3.00	        1.00
  0.99	        4.00	        0.00	        0.00	        1.00	        3.00	        1.00
  1.00	        4.00	        0.00	        0.00	        1.00	        3.00	        1.00
  1.01	        4.00	        0.00	        0.00	        1.00	        3.00	        1.00
  1.02	        4.00	        0.00	        0.00	        1.00	        3.00	        1.00
  1.03	        4.00	        0.00	        0.00	        1.00	        3.00	        1.00
  1.04	        4.00	        0.00	        0.00	        1.00	        3.00	        1.00
  1.05	        4.00	        0.00	        0.00	        1.00	        3.00	        1.00
  1.06	        4.00	        0.00	        0.00	        1.00	        3.00	        1.00
  1.07	        4.00	        0.00	        0.00	        1.00	        3.00	        1.00
  1.08	        4.00	        0.00	        0.00	        1.00	        3.00	        1.00
  1.09	        4.00	        0.00	        0.00	        1.00	        3.00	        1.00
  1.10	        4.00	        0.00	        0.00	        1.00	        3.00	        1.00
  1.11	        4.00	        0.00	        0.00	        1.00	        3.00	        1.00
  1.12	        4.00	        0.00	        0.00	        1.00	        3.00	        1.00
  1.13	        4.00	        0.00	        0.00	        1.00	        3.00	        1.00
  1.14	        4.00	        0.00	        0.00	        1.00	        3.00	        1.00
  1.15	        4.00	        0.00	        0.00	        1.00	        3.00	        1.00
  1.16	        4.00	        0.00	        0.00	        1.00	        3.00	        1.00
  1.17	        4.00	        0.00	        0.00	        1.00	        3.00	        1.00
  1.18	        4.00	        0.00	        0.00	        1.00	        3.00	        1.00
  1.19	        4.00	        0.00	        0.00	        1.00	        3.00	        1.00
  1.20	        4.00	        0.00	        0.00	        1.00	        3.00	        1.00
  1.21	        4.00	        0.00	        0.00	        1.00	        3.00	        1.00
  1.22	        4.00	        0.00	        0.00	        1.00	        3.00	        1.00
  1.23	        4.00	        0.00	        0.00	        1.00	        3.00	        1.00
  1.24	        4.00	        0.00	        0.00	        1.00	        3.00	        1.00
  1.25	        4.00	        0.00	        0.00	        1.00	        3.00	        1.00
  1.26	        5.00	        0.00	        0.00	        1.00	        4.00	        1.00
  1.27	        5.00	        0.00	        0.00	        1.00	        4.00	        1.00
  1.28	        5.00	        0.00	        0.00	        1.00	        4.00	        1.00
  1.29	        5.00	        0.00	        0.00	        1.00	        4.00	        1.00
  1.30	        5.00	        0.00	        0.00	        1.00	        4.00	        1.00
  1.31	        5.00	        0.00	        0.00	        1.00	        4.00	        1.00
  1.32	        6.00	        0.00	        0.00	        1.00	        5.00	        1.00
  1.33	        6.00	        0.00	        0.00	        1.00	        5.00	        1.00
  1.34	        7.00	        0.00	        0.00	        1.00	        6.00	        1.00
  1.35	        7.00	        0.00	        0.00	        1.00	        6.00	        1.00
  1.36	        7.00	        0.00	        0.00	        1.00	        6.00	        1.00
  1.37	        7.00	        0.00	        0.00	        1.00	        6.00	        1.00
  1.38	        7.00	        0.00	        0.00	        1.00	        6.00	        1.00
  1.39	        7.00	        0.00	        0.00	        1.00	        6.00	        1.00
  1.40	        8.00	        0.00	        0.00	        1.00	        7.00	        1.00
  1.41	        8.00	        0.00	        0.00	        1.00	        7.00	        1.00
  1.42	        8.00	        0.00	        0.00	        1.00	        7.00	        1.00
  1.43	        8.00	        0.00	        0.00	        1.00	        7.00	        1.00
  1.44	        8.00	        0.00	        0.00	        1.00	        7.00	        1.00
  1.45	       11.00	        0.00	        0.00	        1.00	       10.00	        1.00
  1.46	       11.00	        0.00	        0.00	        1.00	       10.00	        1.00
  1.47	       11.00	        0.00	        0.00	        1.00	       10.00	        1.00
  1.48	       11.00	        0.00	        0.00	        1.00	       10.00	        1.00
  1.49	       11.00	        0.00	        0.00	        1.00	       10.00	        1.00
  1.50	       11.00	        0.00	        0.00	        1.00	       10.00	        1.00
  1.51	       11.00	        0.00	        0.00	        1.00	       10.00	        1.00
  1.52	       11.00	        0.00	        0.00	        1.00	       10.00	        1.00
  1.53	       12.00	        0.00	        0.00	        1.00	       11.00	        1.00
  1.54	       13.00	        0.00	        0.00	        1.00	       12.00	        1.00
  1.55	       14.00	        0.00	        0.00	        1.00	       13.00	        1.00
  1.56	       14.00	        0.00	        0.00	        1.00	       13.00	        1.00
  1.57	       14.00	        0.00	        0.00	        1.00	       13.00	        1.00
  1.58	       15.00	        0.00	        0.00	        1.00	       14.00	        1.00
  1.59	       15.00	        0.00	        0.00	        1.00	       14.00	        1.00
  1.60	       15.00	        0.00	        0.00	        1.00	       14.00	        1.00
  1.61	       15.00	        0.00	        0.00	        1.00	       14.00	        1.00
  1.62	       16.00	        0.00	        0.00	        1.00	       15.00	        1.00
  1.63	       16.00	        0.00	        0.00	        1.00	       15.00	        1.00
  1.64	       16.00	        0.00	        0.00	        1.00	       15.00	        1.00
  1.65	       17.00	        0.00	        0.00	        1.00	       16.00	        1.00
  1.66	       17.00	        0.00	        0.00	        1.00	       16.00	        1.00
  1.67	       17.00	        0.00	        0.00	        1.00	       16.00	        1.00
  1.68	       18.00	        0.00	        0.00	        1.00	       17.00	        1.00
  1.69	       18.00	        0.00	        0.00	        1.00	       17.00	        1.00
  1.70	       18.00	        0.00	        0.00	        1.00	       17.00	        1.00
  1.71	       19.00	        0.00	        0.00	        1.00	       18.00	        1.00
  1.72	       19.00	        0.00	        0.00	        1.00	       18.00	        1.00
  1.73	       19.00	        0.00	        0.00	        1.00	       18.00	        1.00
  1.74	       19.00	        0.00	        0.00	        1.00	       18.00	        1.00
  1.75	       20.00	        0.00	        0.00	        1.00	       19.00	        1.00
  1.76	       21.00	        0.00	        0.00	        1.00	       20.00	        1.00
  1.77	       21.00	        0.00	        0.00	        1.00	       20.00	        1.00
  1.78	       21.00	        0.00	        0.00	        1.00	       20.00	        1.00
  1.79	       21.00	        0.00	        0.00	        1.00	       20.00	        1.00
  1.80	       21.00	        0.00	        0.00	        1.00	       20.00	        1.00
  1.81	       21.00	        0.00	        0.00	        1.00	       20.00	        1.00
  1.82	       24.00	        0.00	        0.00	        1.00	       23.00	        1.00
  1.83	       24.00	        0.00	        0.00	        1.00	       23.00	        1.00
  1.84	       24.00	        0.00	        0.00	        1.00	       23.00	        1.00
  1.85	       24.00	        0.00	        0.00	        1.00	       23.00	        1.00
  1.86	       24.00	        0.00	        0.00	        1.00	       23.00	        1.00
  1.87	       25.00	        0.00	        0.00	        1.00	       24.00	        1.00
  1.88	       25.00	        0.00	        0.00	        1.00	       24.00	        1.00
  1.89	       25.00	        0.00	        0.00	        1.00	       24.00	        1.00
  1.90	       26.00	        0.00	        0.00	        1.00	       25.00	        1.00
  1.91	       26.00	        0.00	        0.00	        1.00	       25.00	        1.00
  1.92	       26.00	        0.00	        0.00	        1.00	       25.00	        1.00
  1.93	       26.00	        0.00	        0.00	        1.00	       25.00	        1.00
  1.94	       27.00	        0.00	        0.00	        1.00	       26.00	        1.00
  1.95	       28.00	        0.00	        0.00	        1.00	       27.00	        1.00
  1.96	       29.00	        0.00	        0.00	        1.00	       28.00	        1.00
  1.97	       29.00	        0.00	        0.00	        1.00	       28.00	        1.00
  1.98	       29.00	        0.00	        0.00	        1.00	       28.00	        1.00
  1.99	       30.00	        0.00	        0.00	        1.00	       29.00	        1.00
  2.00	       31.00	        0.00	        0.00	        1.00	       30.00	        1.00
  2.01	       31.00	        0.00	        0.00	        1.00	       30.00	        1.00
  2.02	       34.00	        0.00	        0.00	        1.00	       33.00	        1.00
  2.03	       34.00	        0.00	        0.00	        1.00	       33.00	        1.00
  2.04	       34.00	        0.00	        0.00	        1.00	       33.00	        1.00
  2.05	       34.00	        0.00	        0.00	        1.00	       33.00	        1.00
  2.06	       35.00	        0.00	        0.00	        1.00	       34.00	        1.00
  2.07	       36.00	        0.00	        0.00	        1.00	       35.00	        1.00
  2.08	       36.00	        0.00	        0.00	        1.00	       35.00	        1.00
  2.09	       36.00	        0.00	        0.00	        1.00	       35.00	        1.00
  2.10	       36.00	        0.00	        0.00	        1.00	       35.00	        1.00
  2.11	       36.00	        0.00	        0.00	        1.00	       35.00	        1.00
  2.12	       37.00	        0.00	        0.00	        1.00	       36.00	        1.00
  2.13	       37.00	        0.00	        0.00	        1.00	       36.00	        1.00
  2.14	       38.00	        0.00	        0.00	        1.00	       37.00	        1.00
  2.15	       38.00	        0.00	        0.00	        1.00	       37.00	        1.00
  2.16	       39.00	        0.00	        0.00	        1.00	       38.00	        1.00
  2.17	       39.00	        0.00	        0.00	        1.00	       38.00	        1.00
  2.18	       39.00	        0.00	        0.00	        1.00	       38.00	        1.00
  2.19	       40.00	        0.00	        0.00	        1.00	       39.00	        1.00
  2.20	       40.00	        0.00	        0.00	        1.00	       39.00	        1.00
  2.21	       40.00	        0.00	        0.00	        1.00	       39.00	        1.00
  2.22	       41.00	        0.00	        0.00	        1.00	       40.00	        1.00
  2.23	       41.00	        0.00	        0.00	        1.00	       40.00	        1.00
  2.24	       42.00	        0.00	        0.00	        1.00	       41.00	        1.00
  2.25	       42.00	        0.00	        0.00	        1.00	       41.00	        1.00
  2.26	       42.00	        0.00	        0.00	        1.00	       41.00	        1.00
  2.27	       42.00	        0.00	        0.00	        1.00	       41.00	        1.00
  2.28	       45.00	        0.00	        0.00	        1.00	       44.00	        1.00
  2.29	       47.00	        0.00	        0.00	        1.00	       46.00	        1.00
  2.30	       48.00	        0.00	        0.00	        1.00	       47.00	        1.00
  2.31	       49.00	        0.00	        0.00	        1.00	       48.00	        1.00
  2.32	       52.00	        0.00	        0.00	        1.00	       51.00	        1.00
  2.33	       52.00	        0.00	        0.00	        1.00	       51.00	        1.00
  2.34	       53.00	        0.00	        0.00	        1.00	       52.00	        1.00
  2.35	       53.00	        0.00	        0.00	        1.00	       52.00	        1.00
  2.36	       53.00	        0.00	        0.00	        1.00	       52.00	        1.00
  2.37	       54.00	        0.00	        0.00	        1.00	       53.00	        1.00
  2.38	       54.00	        0.00	        0.00	        1.00	       53.00	        1.00
  2.39	       54.00	        0.00	        0.00	        1.00	       53.00	        1.00
  2.40	       54.00	        0.00	        0.00	        1.00	       53.00	        1.00
  2.41	       56.00	        0.00	        0.00	        1.00	       55.00	        1.00
  2.42	       57.00	        0.00	        0.00	        1.00	       56.00	        1.00
  2.43	       58.00	        0.00	        0.00	        1.00	       57.00	        1.00
  2.44	       61.00	        0.00	        0.00	        1.00	       60.00	        1.00
  2.45	       63.00	        0.00	        0.00	        1.00	       62.00	        1.00
  2.46	       65.00	        0.00	        0.00	        1.00	       64.00	        1.00
  2.47	       66.00	        0.00	        0.00	        1.00	       65.00	        1.00
  2.48	       66.00	        0.00	        0.00	        1.00	       65.00	        1.00
  2.49	       66.00	        0.00	        0.00	        1.00	       65.00	        1.00
  2.50	       66.00	        0.00	        0.00	        1.00	       65.00	        1.00
  2.51	       69.00	        0.00	        0.00	        1.00	       68.00	        1.00
  2.52	       73.00	        0.00	        0.00	        1.00	       72.00	        1.00
  2.53	       75.00	        0.00	        0.00	        1.00	       74.00	        1.00
  2.54	       77.00	        0.00	        0.00	        1.00	       76.00	        1.00
  2.55	       79.00	        0.00	        0.00	        1.00	       78.00	        1.00
  2.56	       79.00	        0.00	        0.00	        1.00	       78.00	        1.00
  2.57	       82.00	        0.00	        0.00	        1.00	       81.00	        1.00
  2.58	       86.00	        0.00	        0.00	        1.00	       85.00	        1.00
  2.59	       87.00	        0.00	        0.00	        1.00	       86.00	        1.00
  2.60	       89.00	        0.00	        0.00	        1.00	       88.00	        1.00
  2.61	       91.00	        0.00	        0.00	        1.00	       90.00	        1.00
  2.62	       92.00	        0.00	        0.00	        1.00	       91.00	        1.00
  2.63	       93.00	        0.00	        0.00	        1.00	       92.00	        1.00
  2.64	       96.00	        0.00	        0.00	        1.00	       95.00	        1.00
  2.65	       97.00	        0.00	        0.00	        1.00	       96.00	        1.00
  2.66	       98.00	        0.00	        0.00	        1.00	       97.00	        1.00
  2.67	       98.00	        0.00	        0.00	        1.00	       97.00	        1.00
  2.68	      102.00	        0.00	        0.00	        1.00	      101.00	        1.00
  2.69	      106.00	        0.00	        0.00	        1.00	      105.00	        1.00
  2.70	      106.00	        0.00	        0.00	        1.00	      105.00	        1.00
  2.71	      108.00	        0.00	        0.00	        1.00	      107.00	        1.00
  2.72	      109.00	        0.00	        0.00	        1.00	      108.00	        1.00
  2.73	      109.00	        0.00	        0.00	        1.00	      108.00	        1.00
  2.74	      111.00	        0.00	        0.00	        1.00	      110.00	        1.00
  2.75	      112.00	        0.00	        0.00	        1.00	      111.00	        1.00
  2.76	      112.00	        0.00	        0.00	        1.00	      111.00	        1.00
  2.77	      113.00	        0.00	        0.00	        1.00	      112.00	        1.00
  2.78	      113.00	        0.00	        0.00	        1.00	      112.00	        1.00
  2.79	      114.00	        0.00	        0.00	        1.00	      113.00	        1.00
  2.80	      118.00	        0.00	        0.00	        1.00	      117.00	        1.00
  2.81	      120.00	        0.00	        0.00	        1.00	      119.00	        1.00
  2.82	      125.00	        0.00	        0.00	        1.00	      124.00	        1.00
  2.83	      129.00	        0.00	        0.00	        1.00	      128.00	        1.00
  2.84	      130.00	        0.00	        0.00	        1.00	      129.00	        1.00
  2.85	      132.00	        0.00	        0.00	        1.00	      131.00	        1.00
  2.86	      134.00	        0.00	        0.00	        1.00	      133.00	        1.00
  2.87	      137.00	        0.00	        0.00	        1.00	      136.00	        1.00
  2.88	      138.00	        0.00	        0.00	        1.00	      137.00	        1.00
  2.89	      141.00	        0.00	        0.00	        1.00	      140.00	        1.00
  2.90	      144.00	        0.00	        0.00	        1.00	      143.00	        1.00
  2.91	      146.00	        0.00	        0.00	        1.00	      145.00	        1.00
  2.92	      147.00	        0.00	        0.00	        1.00	      146.00	        1.00
  2.93	      152.00	        0.00	        0.00	        1.00	      151.00	        1.00
  2.94	      156.00	        0.00	        0.00	        1.00	      155.00	        1.00
  2.95	      156.00	        0.00	        0.00	        1.00	      155.00	        1.00
  2.96	      157.00	        0.00	        0.00	        1.00	      156.00	        1.00
  2.97	      160.00	        0.00	        0.00	        1.00	      159.00	        1.00
  2.98	      162.00	        0.00	        0.00	        1.00	      161.00	        1.00
  2.99	      164.00	        0.00	        0.00	        1.00	      163.00	        1.00
  3.00	      168.00	        0.00	        0.00	        1.00	      167.00	        1.00
  3.01	      173.00	        0.00	        0.00	        1.00	      172.00	        1.00
  3.02	      177.00	        0.00	        0.00	        1.00	      176.00	        1.00
  3.03	      180.00	        0.00	        0.00	        1.00	      179.00	        1.00
  3.04	      183.00	        0.00	        0.00	        1.00	      182.00	        1.00
  3.05	      186.00	        0.00	        0.00	        1.00	      185.00	        1.00
  3.06	      190.00	        0.00	        0.00	        1.00	      189.00	        1.00
  3.07	      193.00	        0.00	        0.00	        1.00	      192.00	        1.00
  3.08	      194.00	        0.00	        0.00	        1.00	      193.00	        1.00
  3.09	      200.00	        0.00	        0.00	        1.00	      199.00	        1.00
  3.10	      204.00	        0.00	        0.00	        1.00	      203.00	        1.00
  3.11	      206.00	        0.00	        0.00	        1.00	      205.00	        1.00
  3.12	      207.00	        0.00	        0.00	        1.00	      206.00	        1.00
  3.13	      210.00	        0.00	        0.00	        1.00	      209.00	        1.00
  3.14	      212.00	        0.00	        0.00	        1.00	      211.00	        1.00
  3.15	      214.00	        0.00	        0.00	        1.00	      213.00	        1.00
  3.16	      217.00	        0.00	        0.00	        1.00	      216.00	        1.00
  3.17	      222.00	        0.00	        0.00	        1.00	      221.00	        1.00
  3.18	      225.00	        0.00	        0.00	        1.00	      224.00	        1.00
  3.19	      226.00	        0.00	        0.00	        1.00	      225.00	        1.00
  3.20	      229.00	        0.00	        0.00	        1.00	      228.00	        1.00
  3.21	      231.00	        0.00	        0.00	        1.00	      230.00	        1.00
  3.22	      240.00	        0.00	        0.00	        1.00	      239.00	        1.00
  3.23	      242.00	        0.00	        0.00	        1.00	      241.00	        1.00
  3.24	      245.00	        0.00	        0.00	        1.00	      244.00	        1.00
  3.25	      250.00	        0.00	        0.00	        1.00	      249.00	        1.00
  3.26	      257.00	        0.00	        0.00	        1.00	      256.00	        1.00
  3.27	      264.00	        0.00	        0.00	        1.00	      263.00	        1.00
  3.28	      267.00	        0.00	        0.00	        1.00	      266.00	        1.00
  3.29	      271.00	        0.00	        0.00	        1.00	      270.00	        1.00
  3.30	      274.00	        0.00	        0.00	        1.00	      273.00	        1.00
  3.31	      277.00	        0.00	        0.00	        1.00	      276.00	        1.00
  3.32	      282.00	        0.00	        0.00	        1.00	      281.00	        1.00
  3.33	      287.00	        0.00	        0.00	        1.00	      286.00	        1.00
  3.34	      292.00	        0.00	        0.00	        1.00	      291.00	        1.00
  3.35	      298.00	        0.00	        0.00	        1.00	      297.00	        1.00
  3.36	      305.00	        0.00	        0.00	        1.00	      304.00	        1.00
  3.37	      309.00	        0.00	        0.00	        1.00	      308.00	        1.00
  3.38	      313.00	        0.00	        0.00	        1.00	      312.00	        1.00
  3.39	      317.00	        0.00	        0.00	        1.00	      316.00	        1.00
  3.40	      327.00	        0.00	        0.00	        1.00	      326.00	        1.00
  3.41	      329.00	        0.00	        0.00	        1.00	      328.00	        1.00
  3.42	      335.00	        0.00	        0.00	        1.00	      334.00	        1.00
  3.43	      341.00	        0.00	        0.00	        1.00	      340.00	        1.00
  3.44	      350.00	        0.00	        0.00	        1.00	      349.00	        1.00
  3.45	      355.00	        0.00	        0.00	        1.00	      354.00	        1.00
  3.46	      361.00	        0.00	        0.00	        1.00	      360.00	        1.00
  3.47	      366.00	        0.00	        0.00	        1.00	      365.00	        1.00
  3.48	      370.00	        0.00	        0.00	        1.00	      369.00	        1.00
  3.49	      373.00	        0.00	        0.00	        1.00	      372.00	        1.00
  3.50	      381.00	        0.00	        0.00	        1.00	      380.00	        1.00
  3.51	      387.00	        0.00	        0.00	        1.00	      386.00	        1.00
  3.52	      399.00	        0.00	        0.00	        1.00	      398.00	        1.00
  3.53	      405.00	        0.00	        0.00	        1.00	      404.00	        1.00
  3.54	      410.00	        0.00	        0.00	        1.00	      409.00	        1.00
  3.55	      418.00	        0.00	        0.00	        1.00	      417.00	        1.00
  3.56	      424.00	        0.00	        0.00	        1.00	      423.00	        1.00
  3.57	      431.00	        0.00	        0.00	        1.00	      430.00	        1.00
  3.58	      433.00	        0.00	        0.00	        1.00	      432.00	        1.00
  3.59	      438.00	        0.00	        0.00	        1.00	      437.00	        1.00
  3.60	      445.00	        0.00	        0.00	        1.00	      444.00	        1.00
  3.61	      447.00	        0.00	        0.00	        1.00	      446.00	        1.00
  3.62	      452.00	        0.00	        0.00	        1.00	      451.00	        1.00
  3.63	      458.00	        0.00	        0.00	        1.00	      457.00	        1.00
  3.64	      464.00	        0.00	        0.00	        1.00	      463.00	        1.00
  3.65	      477.00	        0.00	        0.00	        1.00	      476.00	        1.00
  3.66	      482.00	        0.00	        0.00	        1.00	      481.00	        1.00
  3.67	      488.00	        0.00	        0.00	        1.00	      487.00	        1.00
  3.68	      498.00	        0.00	        0.00	        1.00	      497.00	        1.00
  3.69	      503.00	        0.00	        0.00	        1.00	      502.00	        1.00
  3.70	      509.00	        0.00	        0.00	        1.00	      508.00	        1.00
  3.71	      516.00	        0.00	        0.00	        1.00	      515.00	        1.00
  3.72	      529.00	        0.00	        0.00	        1.00	      528.00	        1.00
  3.73	      535.00	        0.00	        0.00	        1.00	      534.00	        1.00
  3.74	      541.00	        0.00	        0.00	        1.00	      540.00	        1.00
  3.75	      548.00	        0.00	        0.00	        1.00	      547.00	        1.00
  3.76	      559.00	        0.00	        0.00	        1.00	      558.00	        1.00
  3.77	      566.00	        0.00	        0.00	        1.00	      565.00	        1.00
  3.78	      575.00	        0.00	        0.00	        1.00	      574.00	        1.00
  3.79	      584.00	        0.00	        0.00	        1.00	      583.00	        1.00
  3.80	      592.00	        0.00	        0.00	        1.00	      591.00	        1.00
  3.81	      602.00	        0.00	        0.00	        1.00	      601.00	        1.00
  3.82	      611.00	        0.00	        0.00	        1.00	      610.00	        1.00
  3.83	      618.00	        0.00	        0.00	        1.00	      617.00	        1.00
  3.84	      628.00	        0.00	        0.00	        1.00	      627.00	        1.00
  3.85	      635.00	        0.00	        0.00	        1.00	      634.00	        1.00
  3.86	      642.00	        0.00	        0.00	        1.00	      641.00	        1.00
  3.87	      651.00	        0.00	        0.00	        1.00	      650.00	        1.00
  3.88	      659.00	        0.00	        0.00	        1.00	      658.00	        1.00
  3.89	      671.00	        0.00	        0.00	        1.00	      670.00	        1.00
  3.90	      678.00	        0.00	        0.00	        1.00	      677.00	        1.00
  3.91	      693.00	        0.00	        0.00	        1.00	      692.00	        1.00
  3.92	      705.00	        0.00	        0.00	        1.00	      704.00	        1.00
  3.93	      720.00	        0.00	        0.00	        1.00	      719.00	        1.00
  3.94	      735.00	        0.00	        0.00	        1.00	      734.00	        1.00
  3.95	      750.00	        0.00	        0.00	        1.00	      749.00	        1.00
  3.96	      761.00	        0.00	        0.00	        1.00	      760.00	        1.00
  3.97	      776.00	        0.00	        0.00	        1.00	      775.00	        1.00
  3.98	      787.00	        0.00	        0.00	        1.00	      786.00	        1.00
  3.99	      802.00	        0.00	        0.00	        1.00	      801.00	        1.00
  4.00	      817.00	        0.00	        0.00	        1.00	      816.00	        1.00
  4.01	      830.00	        0.00	        0.00	        1.00	      829.00	        1.00
  4.02	      850.00	        0.00	        0.00	        1.00	      849.00	        1.00
  4.03	      861.00	        0.00	        0.00	        1.00	      860.00	        1.00
  4.04	      874.00	        0.00	        0.00	        1.00	      873.00	        1.00
  4.05	      888.00	        0.00	        0.00	        1.00	      887.00	        1.00
  4.06	      904.00	        0.00	        0.00	        1.00	      903.00	        1.00
  4.07	      913.00	        0.00	        0.00	        1.00	      912.00	        1.00
  4.08	      928.00	        0.00	        0.00	        1.00	      927.00	        1.00
  4.09	      940.00	        0.00	        0.00	        1.00	      939.00	        1.00
  4.10	      952.00	        0.00	        0.00	        1.00	      951.00	        1.00
  4.11	      972.00	        0.00	        0.00	        1.00	      971.00	        1.00
  4.12	      988.00	        0.00	        0.00	        1.00	      987.00	        1.00
  4.13	     1006.00	        0.00	        0.00	        1.00	     1005.00	        1.00
  4.14	     1019.00	        0.00	        0.00	        1.00	     1018.00	        1.00
  4.15	     1032.00	        0.00	        0.00	        1.00	     1031.00	        1.00
  4.16	     1044.00	        0.00	        0.00	        1.00	     1043.00	        1.00
  4.17	     1062.00	        0.00	        0.00	        1.00	     1061.00	        1.00
  4.18	     1081.00	        0.00	        0.00	        1.00	     1080.00	        1.00
  4.19	     1095.00	        0.00	        0.00	        1.00	     1094.00	        1.00
  4.20	     1113.00	        0.00	        0.00	        1.00	     1112.00	        1.00
  4.21	     1137.00	        0.00	        0.00	        1.00	     1136.00	        1.00
  4.22	     1154.00	        0.00	        0.00	        1.00	     1153.00	        1.00
  4.23	     1176.00	        0.00	        0.00	        1.00	     1175.00	        1.00
  4.24	     1192.00	        0.00	        0.00	        1.00	     1191.00	        1.00
  4.25	     1211.00	        0.00	        0.00	        1.00	     1210.00	        1.00
  4.26	     1233.00	        0.00	        0.00	        1.00	     1232.00	        1.00
  4.27	     1257.00	        0.00	        0.00	        1.00	     1256.00	        1.00
  4.28	     1276.00	        0.00	        0.00	        1.00	     1275.00	        1.00
  4.29	     1302.00	        0.00	        0.00	        1.00	     1301.00	        1.00
  4.30	     1333.00	        0.00	        0.00	        1.00	     1332.00	        1.00
  4.31	     1351.00	        0.00	        0.00	        1.00	     1350.00	        1.00
  4.32	     1373.00	        0.00	        0.00	        1.00	     1372.00	        1.00
  4.33	     1396.00	        0.00	        0.00	        1.00	     1395.00	        1.00
  4.34	     1419.00	        0.00	        0.00	        1.00	     1418.00	        1.00
  4.35	     1443.00	        0.00	        0.00	        1.00	     1442.00	        1.00
  4.36	     1459.00	        0.00	        0.00	        1.00	     1458.00	        1.00
  4.37	     1485.00	        0.00	        0.00	        1.00	     1484.00	        1.00
  4.38	     1507.00	        0.00	        0.00	        1.00	     1506.00	        1.00
  4.39	     1523.00	        0.00	        0.00	        1.00	     1522.00	        1.00
  4.40	     1553.00	        0.00	        0.00	        1.00	     1552.00	        1.00
  4.41	     1575.00	        0.00	        0.00	        1.00	     1574.00	        1.00
  4.42	     1597.00	        0.00	        0.00	        1.00	     1596.00	        1.00
  4.43	     1632.00	        0.00	        0.00	        1.00	     1631.00	        1.00
  4.44	     1658.00	        0.00	        0.00	        1.00	     1657.00	        1.00
  4.45	     1683.00	        0.00	        0.00	        1.00	     1682.00	        1.00
  4.46	     1711.00	        0.00	        0.00	        1.00	     1710.00	        1.00
  4.47	     1740.00	        0.00	        0.00	        1.00	     1739.00	        1.00
  4.48	     1773.00	        0.00	        0.00	        1.00	     1772.00	        1.00
  4.49	     1794.00	        0.00	        0.00	        1.00	     1793.00	        1.00
  4.50	     1822.00	        0.00	        0.00	        1.00	     1821.00	        1.00
  4.51	     1848.00	        0.00	        0.00	        1.00	     1847.00	        1.00
  4.52	     1876.00	        0.00	        0.00	        1.00	     1875.00	        1.00
  4.53	     1904.00	        0.00	        0.00	        1.00	     1903.00	        1.00
  4.54	     1924.00	        0.00	        0.00	        1.00	     1923.00	        1.00
  4.55	     1947.00	        0.00	        0.00	        1.00	     1946.00	        1.00
  4.56	     1976.00	        0.00	        0.00	        1.00	     1975.00	        1.00
  4.57	     2002.00	        0.00	        0.00	        1.00	     2001.00	        1.00
  4.58	     2025.00	        0.00	        0.00	        1.00	     2024.00	        1.00
  4.59	     2055.00	        0.00	        0.00	        1.00	     2054.00	        1.00
  4.60	     2100.00	        0.00	        0.00	        1.00	     2099.00	        1.00
  4.61	     2142.00	        0.00	        0.00	        1.00	     2141.00	        1.00
  4.62	     2182.00	        0.00	        0.00	        1.00	     2181.00	        1.00
  4.63	     2234.00	        0.00	        0.00	        1.00	     2233.00	        1.00
  4.64	     2270.00	        0.00	        0.00	        1.00	     2269.00	        1.00
  4.65	     2303.00	        0.00	        0.00	        1.00	     2302.00	        1.00
  4.66	     2335.00	        0.00	        0.00	        1.00	     2334.00	        1.00
  4.67	     2369.00	        0.00	        0.00	        1.00	     2368.00	        1.00
  4.68	     2395.00	        0.00	        0.00	        1.00	     2394.00	        1.00
  4.69	     2431.00	        0.00	        0.00	        1.00	     2430.00	        1.00
  4.70	     2465.00	        0.00	        0.00	        1.00	     2464.00	        1.00
  4.71	     2501.00	        0.00	        0.00	        1.00	     2500.00	        1.00
  4.72	     2543.00	        0.00	        0.00	        1.00	     2542.00	        1.00
  4.73	     2573.00	        0.00	        0.00	        1.00	     2572.00	        1.00
  4.74	     2610.00	        0.00	        0.00	        1.00	     2609.00	        1.00
  4.75	     2657.00	        0.00	        0.00	        1.00	     2656.00	        1.00
  4.76	     2696.00	        0.00	        0.00	        1.00	     2695.00	        1.00
  4.77	     2730.00	        0.00	        0.00	        1.00	     2729.00	        1.00
  4.78	     2782.00	        0.00	        0.00	        1.00	     2781.00	        1.00
  4.79	     2828.00	        0.00	        0.00	        1.00	     2827.00	        1.00
  4.80	     2869.00	        0.00	        0.00	        1.00	     2868.00	        1.00
  4.81	     2924.00	        0.00	        0.00	        1.00	     2923.00	        1.00
  4.82	     2971.00	        0.00	        0.00	        1.00	     2970.00	        1.00
  4.83	     3010.00	        0.00	        0.00	        1.00	     3009.00	        1.00
  4.84	     3050.00	        0.00	        0.00	        1.00	     3049.00	        1.00
  4.85	     3086.00	        0.00	        0.00	        1.00	     3085.00	        1.00
  4.86	     3133.00	        0.00	        0.00	        1.00	     3132.00	        1.00
  4.87	     3175.00	        0.00	        0.00	        1.00	     3174.00	        1.00
  4.88	     3223.00	        0.00	        0.00	        1.00	     3222.00	        1.00
  4.89	     3266.00	        0.00	        0.00	        1.00	     3265.00	        1.00
  4.90	     3323.00	        0.00	        0.00	        1.00	     3322.00	        1.00
  4.91	     3383.00	        0.00	        0.00	        1.00	     3382.00	        1.00
  4.92	     3426.00	        0.00	        0.00	        1.00	     3425.00	        1.00
  4.93	     3471.00	        0.00	        0.00	        1.00	     3470.00	        1.00
  4.94	     3523.00	        0.00	        0.00	        1.00	     3522.00	        1.00
  4.95	     3585.00	        0.00	        0.00	        1.00	     3584.00	        1.00
  4.96	     3642.00	        0.00	        0.00	        1.00	     3641.00	        1.00
  4.97	     3698.00	        0.00	        0.00	        1.00	     3697.00	        1.00
  4.98	     3746.00	        0.00	        0.00	        1.00	     3745.00	        1.00
  4.99	     3800.00	        0.00	        0.00	        1.00	     3799.00	        1.00
  5.00	     3855.00	        0.00	   599998.00	        1.00	     3854.00	        1.00
  5.01	     3924.00	        0.00	   599979.00	        1.00	     3923.00	        1.00
  5.02	     3994.00	        0.00	   599961.00	        1.00	     3993.00	        1.00
  5.03	     4067.00	        0.00	   599942.00	        1.00	     4066.00	        1.00
  5.04	     4132.00	        0.00	   599924.00	        1.00	     4131.00	        1.00
  5.05	     4196.00	        0.00	   599905.00	        1.00	     4195.00	        1.00
  5.06	     4260.00	        1.00	   599888.00	        1.00	     4260.00	        1.00
  5.07	     4332.00	        3.00	   599864.00	        1.00	     4334.00	        1.00
  5.08	     4415.00	        3.00	   599847.00	        1.00	     4417.00	        1.00
  5.09	     4483.00	        3.00	   599831.00	        1.00	     4485.00	        1.00
  5.10	     4545.00	        4.00	   599808.00	        1.00	     4548.00	        1.00
  5.11	     4620.00	        4.00	   599794.00	        1.00	     4623.00	        1.00
  5.12	     4697.00	        4.00	   599777.00	        1.00	     4700.00	        1.00
  5.13	     4778.00	        4.00	   599756.00	        1.00	     4781.00	        1.00
  5.14	     4852.00	        4.00	   599742.00	        1.00	     4855.00	        1.00
  5.15	     4930.00	        4.00	   599724.00	        1.00	     4933.00	        1.00
  5.16	     5010.00	        4.00	   599707.00	        1.00	     5013.00	        1.00
  5.17	     5091.00	        4.00	   599690.00	        1.00	     5094.00	        1.00
  5.18	     5170.00	        4.00	   599669.00	        1.00	     5173.00	        1.00
  5.19	     5260.00	        4.00	   599654.00	        1.00	     5263.00	        1.00
  5.20	     5327.00	        4.00	   599641.00	        1.00	     5330.00	        1.00
  5.21	     5411.00	        4.00	   599627.00	        1.00	     5414.00	        1.00
  5.22	     5489.00	        7.00	   599610.00	        1.00	     5495.00	        1.00
  5.23	     5573.00	        7.00	   599597.00	        1.00	     5579.00	        1.00
  5.24	     5669.00	        8.00	   599579.00	        1.00	     5676.00	        1.00
  5.25	     5765.00	        8.00	   599561.00	        1.00	     5772.00	        1.00
  5.26	     5871.00	        8.00	   599550.00	        1.00	     5878.00	        1.00
  5.27	     5960.00	        8.00	   599535.00	        1.00	     5967.00	        1.00
  5.28	     6057.00	        8.00	   599521.00	        1.00	     6064.00	        1.00
  5.29	     6146.00	        8.00	   599505.00	        1.00	     6153.00	        1.00
  5.30	     6245.00	        8.00	   599487.00	        1.00	     6252.00	        1.00
  5.31	     6346.00	        8.00	   599465.00	        1.00	     6353.00	        1.00
  5.32	     6457.00	        8.00	   599449.00	        1.00	     6464.00	        1.00
  5.33	     6548.00	        8.00	   599436.00	        1.00	     6555.00	        1.00
  5.34	     6661.00	        8.00	   599413.00	        1.00	     6668.00	        1.00
  5.35	     6754.00	        8.00	   599400.00	        1.00	     6761.00	        1.00
  5.36	     6859.00	        8.00	   599390.00	        1.00	     6866.00	        1.00
  5.37	     6967.00	        8.00	   599373.00	        1.00	     6974.00	        1.00
  5.38	     7093.00	        8.00	   599356.00	        1.00	     7100.00	        1.00
  5.39	     7215.00	        8.00	   599341.00	        1.00	     7222.00	        1.00
  5.40	     7340.00	        8.00	   599327.00	        1.00	     7347.00	        1.00
  5.41	     7452.00	        8.00	   599314.00	        1.00	     7459.00	        1.00
  5.42	     7587.00	        8.00	   599295.00	        1.00	     7594.00	        1.00
  5.43	     7718.00	        8.00	   599275.00	        1.00	     7725.00	        1.00
  5.44	     7864.00	        8.00	   599257.00	        1.00	     7871.00	        1.00
  5.45	     8002.00	        9.00	   599237.00	        1.00	     8010.00	        1.00
  5.46	     8128.00	       11.00	   599220.00	        1.00	     8138.00	        1.00
  5.47	     8264.00	       11.00	   599198.00	        1.00	     8274.00	        1.00
  5.48	     8406.00	       11.00	   599185.00	        1.00	     8416.00	        1.00
  5.49	     8553.00	       14.00	   599161.00	        1.00	     8566.00	        1.00
  5.50	     8706.00	       15.00	   599133.00	        1.00	     8720.00	        1.00
  5.51	     8844.00	       15.00	   599115.00	        1.00	     8858.00	        1.00
  5.52	     9002.00	       15.00	   599104.00	        1.00	     9016.00	        1.00
  5.53	     9140.00	       15.00	   599081.00	        1.00	     9154.00	        1.00
  5.54	     9257.00	       15.00	   599068.00	        1.00	     9271.00	        1.00
  5.55	     9400.00	       16.00	   599049.00	        1.00	     9415.00	        1.00
  5.56	     9531.00	       16.00	   599017.00	        1.00	     9546.00	        1.00
  5.57	     9676.00	       16.00	   599004.00	        1.00	     9691.00	        1.00
  5.58	     9845.00	       16.00	   598981.00	        1.00	     9860.00	        1.00
  5.59	     9986.00	       16.00	   598966.00	        1.00	    10001.00	        1.00
  5.60	    10120.00	       17.00	   598944.00	        1.00	    10136.00	        1.00
  5.61	    10292.00	       17.00	   598932.00	        1.00	    10308.00	        1.00
  5.62	    10441.00	       17.00	   598920.00	        1.00	    10457.00	        1.00
  5.63	    10612.00	       17.00	   598905.00	        1.00	    10628.00	        1.00
  5.64	    10775.00	       17.00	   598888.00	        1.00	    10791.00	        1.00
  5.65	    10972.00	       18.00	   598871.00	        1.00	    10989.00	        1.00
  5.66	    11155.00	       19.00	   598854.00	        1.00	    11173.00	        1.00
  5.67	    11336.00	       20.00	   598834.00	        1.00	    11355.00	        1.00
  5.68	    11524.00	       20.00	   598809.00	        1.00	    11543.00	        1.00
  5.69	    11710.00	       22.00	   598788.00	        1.00	    11731.00	        1.00
  5.70	    11887.00	       22.00	   598766.00	        1.00	    11908.00	        1.00
  5.71	    12082.00	       22.00	   598742.00	        1.00	    12103.00	        1.00
  5.72	    12283.00	       22.00	   598723.00	        1.00	    12304.00	        1.00
  5.73	    12481.00	       22.00	   598708.00	        1.00	    12502.00	        1.00
  5.74	    12706.00	       22.00	   598688.00	        1.00	    12727.00	        1.00
  5.75	    12926.00	       22.00	   598672.00	        1.00	    12947.00	        1.00
  5.76	    13133.00	       22.00	   598653.00	        1.00	    13154.00	        1.00
  5.77	    13365.00	       22.00	   598634.00	        1.00	    13386.00	        1.00
  5.78	    13616.00	       22.00	   598618.00	        1.00	    13637.00	        1.00
  5.79	    13837.00	       22.00	   598597.00	        1.00	    13858.00	        1.00
  5.80	    14068.00	       24.00	   598578.00	        1.00	    14091.00	        1.00
  5.81	    14278.00	       24.00	   598557.00	        1.00	    14301.00	        1.00
  5.82	    14470.00	       24.00	   598532.00	        1.00	    14493.00	        1.00
  5.83	    14725.00	       24.00	   598515.00	        1.00	    14748.00	        1.00
  5.84	    14977.00	       24.00	   598507.00	        1.00	    15000.00	        1.00
  5.85	    15208.00	       24.00	   598481.00	        1.00	    15231.00	        1.00
  5.86	    15449.00	       24.00	   598463.00	        1.00	    15472.00	        1.00
  5.87	    15673.00	       24.00	   598448.00	        1.00	    15696.00	        1.00
  5.88	    15951.00	       26.00	   598437.00	        1.00	    15976.00	        1.00
  5.89	    16246.00	       26.00	   598424.00	        1.00	    16271.00	        1.00
  5.90	    16471.00	       27.00	   598409.00	        1.00	    16497.00	        1.00
  5.91	    16740.00	       29.00	   598390.00	        1.00	    16768.00	        1.00
  5.92	    17010.00	       29.00	   598373.00	        1.00	    17038.00	        1.00
  5.93	    17285.00	       30.00	   598353.00	        1.00	    17314.00	        1.00
  5.94	    17573.00	       30.00	   598334.00	        1.00	    17602.00	        1.00
  5.95	    17836.00	       30.00	   598317.00	        1.00	    17865.00	        1.00
  5.96	    18134.00	       30.00	   598302.00	        1.00	    18163.00	        1.00
  5.97	    18419.00	       30.00	   598287.00	        1.00	    18448.00	        1.00
  5.98	    18728.00	       31.00	   598265.00	        1.00	    18758.00	        1.00
  5.99	    19040.00	       32.00	   598248.00	        1.00	    19071.00	        1.00
  6.00	    19345.00	       34.00	   598234.00	        1.00	    19378.00	        1.00
  6.01	    19648.00	       34.00	   598217.00	        1.00	    19681.00	        1.00
  6.02	    19950.00	       34.00	   598202.00	        1.00	    19983.00	        1.00
  6.03	    20113.00	      214.00	   598389.00	        1.00	    20327.00	        1.00
  6.04	    20430.00	      214.00	   598368.00	        1.00	    20644.00	        1.00
  6.05	    20738.00	      214.00	   598349.00	        1.00	    20952.00	        1.00
  6.06	    21070.00	      218.00	   598333.00	        1.00	    21288.00	        1.00
  6.07	    21428.00	      221.00	   598314.00	        1.00	    21649.00	        1.00
  6.08	    21760.00	      224.00	   598294.00	        1.00	    21984.00	        1.00
  6.09	    22139.00	      224.00	   598282.00	        1.00	    22363.00	        1.00
  6.10	    22502.00	      224.00	   598269.00	        1.00	    22726.00	        1.00
  6.11	    22690.00	      414.00	   598450.00	        1.00	    23105.00	        1.00
  6.12	    23032.00	      416.00	   598426.00	        1.00	    23449.00	        1.00
  6.13	    23014.00	      803.00	   598810.00	        1.00	    23820.00	        1.00
  6.14	    23391.00	      806.00	   598784.00	        1.00	    24200.00	        1.00
  6.15	    23764.00	      809.00	   598763.00	        1.00	    24576.00	        1.00
  6.16	    24153.00	      809.00	   598739.00	        1.00	    24965.00	        1.00
  6.17	    24542.00	      810.00	   598721.00	        1.00	    25355.00	        1.00
  6.18	    24881.00	      810.00	   598707.00	        1.00	    25694.00	        1.00
  6.19	    25263.00	      810.00	   598690.00	        1.00	    26076.00	        1.00
  6.20	    25671.00	      810.00	   598670.00	        1.00	    26484.00	        1.00
  6.21	    26069.00	      810.00	   598654.00	        1.00	    26882.00	        1.00
  6.22	    26497.00	      810.00	   598634.00	        1.00	    27310.00	        1.00
  6.23	    26883.00	      812.00	   598613.00	        1.00	    27698.00	        1.00
  6.24	    27160.00	      985.00	   598797.00	        1.00	    28149.00	        1.00
  6.25	    27617.00	      987.00	   598780.00	        1.00	    28608.00	        1.00
  6.26	    28042.00	      987.00	   598764.00	        1.00	    29033.00	        1.00
  6.27	    28331.00	     1175.00	   598942.00	        1.00	    29511.00	        1.00
  6.28	    28786.00	     1182.00	   598920.00	        1.00	    29973.00	        1.00
  6.29	    29239.00	     1185.00	   598884.00	        1.00	    30429.00	        1.00
  6.30	    29714.00	     1186.00	   598862.00	        1.00	    30905.00	        1.00
  6.31	    30169.00	     1189.00	   598842.00	        1.00	    31363.00	        1.00
  6.32	    30652.00	     1191.00	   598827.00	        1.00	    31848.00	        1.00
  6.33	    31119.00	     1193.00	   598796.00	        1.00	    32317.00	        1.00
  6.34	    31670.00	     1195.00	   598771.00	        1.00	    32870.00	        1.00
  6.35	    32171.00	     1197.00	   598755.00	        1.00	    33373.00	        1.00
  6.36	    32653.00	     1197.00	   598735.00	        1.00	    33855.00	        1.00
  6.37	    33198.00	     1200.00	   598714.00	        1.00	    34403.00	        1.00
  6.38	    33721.00	     1200.00	   598695.00	        1.00	    34926.00	        1.00
  6.39	    34270.00	     1202.00	   598683.00	        1.00	    35477.00	        1.00
  6.40	    34829.00	     1204.00	   598669.00	        1.00	    36038.00	        1.00
  6.41	    35358.00	     1205.00	   598641.00	        1.00	    36568.00	        1.00
  6.42	    35909.00	     1205.00	   598620.00	        1.00	    37119.00	        1.00
  6.43	    36471.00	     1209.00	   598601.00	        1.00	    37685.00	        1.00
  6.44	    36652.00	     1610.00	   598984.00	        1.00	    38269.00	        1.00
  6.45	    37226.00	     1610.00	   598965.00	        1.00	    38843.00	        1.00
  6.46	    37846.00	     1614.00	   598939.00	        1.00	    39467.00	        1.00
  6.47	    38246.00	     1824.00	   599114.00	        1.00	    40078.00	        1.00
  6.48	    38882.00	     1825.00	   599093.00	        1.00	    40715.00	        1.00
  6.49	    39519.00	     1825.00	   599077.00	        1.00	    41352.00	        1.00
  6.50	    40195.00	     1827.00	   599052.00	        1.00	    42030.00	        1.00
  6.51	    40823.00	     1831.00	   599032.00	        1.00	    42662.00	        1.00
  6.52	    41219.00	     2035.00	   599215.00	        1.00	    43263.00	        1.00
  6.53	    41675.00	     2241.00	   599393.00	        1.00	    43926.00	        1.00
  6.54	    42169.00	     2416.00	   599570.00	        1.00	    44596.00	        1.00
  6.55	    42829.00	     2420.00	   599551.00	        1.00	    45260.00	        1.00
  6.56	    43150.00	     2770.00	   599933.00	        1.00	    45933.00	        1.00
  6.57	    43668.00	     2960.00	   600117.00	        1.00	    46642.00	        1.00
  6.58	    44359.00	     2964.00	   600086.00	        1.00	    47337.00	        1.00
  6.59	    44869.00	     3145.00	   600264.00	        1.00	    48029.00	        1.00
  6.60	    45567.00	     3156.00	   600239.00	        1.00	    48738.00	        1.00
  6.61	    45823.00	     3635.00	   600813.00	        1.00	    49476.00	        1.00
  6.62	    46080.00	     4095.00	   601388.00	        1.00	    50196.00	        1.00
  6.63	    46276.00	     4635.00	   601958.00	        1.00	    50935.00	        1.00
  6.64	    46582.00	     5114.00	   602530.00	        1.00	    51723.00	        1.00
  6.65	    47023.00	     5424.00	   602899.00	        1.00	    52476.00	        1.00
  6.66	    47397.00	     5871.00	   603466.00	        1.00	    53300.00	        1.00
  6.67	    47661.00	     6330.00	   604035.00	        1.00	    54026.00	        1.00
  6.68	    47753.00	     6925.00	   604803.00	        1.00	    54717.00	        1.00
  6.69	    48227.00	     7233.00	   605152.00	        1.00	    55501.00	        1.00
  6.70	    48701.00	     7529.00	   605520.00	        1.00	    56273.00	        1.00
  6.71	    48520.00	     8446.00	   606880.00	        1.00	    57016.00	        1.00
  6.72	    49013.00	     8708.00	   607227.00	        1.00	    57773.00	        1.00
  6.73	    49383.00	     9125.00	   607783.00	        1.00	    58563.00	        1.00
  6.74	    49610.00	     9680.00	   608542.00	        1.00	    59349.00	        1.00
  6.75	    49843.00	    10228.00	   609294.00	        1.00	    60134.00	        1.00
  6.76	    49836.00	    11015.00	   610436.00	        1.00	    60920.00	        1.00
  6.77	    50118.00	    11519.00	   611175.00	        1.00	    61710.00	        1.00
  6.78	    50440.00	    12009.00	   611912.00	        1.00	    62526.00	        1.00
  6.79	    50852.00	    12382.00	   612442.00	        1.00	    63314.00	        1.00
  6.80	    50786.00	    13223.00	   613783.00	        1.00	    64096.00	        1.00
  6.81	    51246.00	    13597.00	   614304.00	        1.00	    64933.00	        1.00
  6.82	    51306.00	    14379.00	   615622.00	        1.00	    65782.00	        1.00
  6.83	    51232.00	    15256.00	   617144.00	        1.00	    66593.00	        1.00
  6.84	    51164.00	    16127.00	   618665.00	        1.00	    67404.00	        1.00
  6.85	    51336.00	    16752.00	   619793.00	        1.00	    68207.00	        1.00
  6.86	    51599.00	    17287.00	   620699.00	        1.00	    69010.00	        1.00
  6.87	    51583.00	    18139.00	   622399.00	        1.00	    69855.00	        1.00
  6.88	    51783.00	    18750.00	   623482.00	        1.00	    70672.00	        1.00
  6.89	    52218.00	    19156.00	   624165.00	        1.00	    71517.00	        1.00
  6.90	    52580.00	    19630.00	   625059.00	        1.00	    72358.00	        1.00
  6.91	    52952.00	    20073.00	   625956.00	        1.00	    73178.00	        1.00
  6.92	    53186.00	    20745.00	   627471.00	        1.00	    74092.00	        1.00
  6.93	    53024.00	    21784.00	   629746.00	        1.00	    74981.00	        1.00
  6.94	    53312.00	    22350.00	   631024.00	        1.00	    75842.00	        1.00
  6.95	    53304.00	    23192.00	   632899.00	        1.00	    76686.00	        1.00
  6.96	    53730.00	    23647.00	   633766.00	        1.00	    77572.00	        1.00
  6.97	    53470.00	    24705.00	   636427.00	        1.00	    78384.00	        1.00
  6.98	    53273.00	    25787.00	   639264.00	        1.00	    79284.00	        1.00
  6.99	    53079.00	    26858.00	   642124.00	        1.00	    80176.00	        1.00
  7.00	    52891.00	    27860.00	   644747.00	        1.00	    81004.00	        1.00
  7.01	    52745.00	    28838.00	   647563.00	        1.00	    81851.00	        1.00
  7.02	    52563.00	    29880.00	   650758.00	        1.00	    82728.00	        1.00
  7.03	    52318.00	    30976.00	   654157.00	        1.00	    83597.00	        1.00
  7.04	    51711.00	    32417.00	   658733.00	        1.00	    84455.00	        1.00
  7.05	    51579.00	    33352.00	   661912.00	        1.00	    85275.00	        1.00
  7.06	    51599.00	    34092.00	   664482.00	        1.00	    86049.00	        1.00
  7.07	    51381.00	    35101.00	   668018.00	        1.00	    86859.00	        1.00
  7.08	    50800.00	    36423.00	   673150.00	        1.00	    87627.00	        1.00
  7.09	    50896.00	    37111.00	   675633.00	        1.00	    88425.00	        1.00
  7.10	    50896.00	    37941.00	   678761.00	        1.00	    89272.00	        1.00
  7.11	    50614.00	    39013.00	   683252.00	        1.00	    90086.00	        1.00
  7.12	    50559.00	    39846.00	   686746.00	        1.00	    90883.00	        1.00
  7.13	    50031.00	    41140.00	   692419.00	        1.00	    91679.00	        1.00
  7.14	    49671.00	    42279.00	   697654.00	        1.00	    92486.00	        1.00
  7.15	    49435.00	    43279.00	   702491.00	        1.00	    93276.00	        1.00
  7.16	    48887.00	    44579.00	   709063.00	        1.00	    94063.00	        1.00
  7.17	    48632.00	    45520.00	   714084.00	        1.00	    94776.00	        1.00
  7.18	    48607.00	    46348.00	   718640.00	        1.00	    95604.00	        1.00
  7.19	    48297.00	    47386.00	   724794.00	        1.00	    96365.00	        1.00
  7.20	    48272.00	    48176.00	   729346.00	        1.00	    97155.00	        1.00
  7.21	    47990.00	    49204.00	   735481.00	        1.00	    97934.00	        1.00
  7.22	    47611.00	    50341.00	   742537.00	        1.00	    98730.00	        1.00
  7.23	    47037.00	    51625.00	   751426.00	        1.00	    99487.00	        1.00
  7.24	    46589.00	    52762.00	   759673.00	        1.00	   100220.00	        1.00
  7.25	    46016.00	    54027.00	   769077.00	        1.00	   100962.00	        1.00
  7.26	    45776.00	    54979.00	   776481.00	        1.00	   101714.00	        1.00
  7.27	    45403.00	    56018.00	   784859.00	        1.00	   102425.00	        1.00
  7.28	    44899.00	    57224.00	   794979.00	        1.00	   103181.00	        1.00
  7.29	    44471.00	    58364.00	   805922.00	        1.00	   103951.00	        1.00
  7.30	    44088.00	    59414.00	   815624.00	        1.00	   104670.00	        1.00
  7.31	    43422.00	    60706.00	   828447.00	        1.00	   105364.00	        1.00
  7.32	    43096.00	    61685.00	   838223.00	        1.00	   106070.00	        1.00
  7.33	    42308.00	    63058.00	   853772.00	        1.00	   106737.00	        1.00
  7.34	    41733.00	    64226.00	   867445.00	        1.00	   107403.00	        1.00
  7.35	    41094.00	    65402.00	   881939.00	        1.00	   108017.00	        1.00
  7.36	    40486.00	    66582.00	   896310.00	        1.00	   108666.00	        1.00
  7.37	    40068.00	    67606.00	   909448.00	        1.00	   109343.00	        1.00
  7.38	    39368.00	    68853.00	   927331.00	        1.00	   109985.00	        1.00
  7.39	    38563.00	    70123.00	   946557.00	        1.00	   110552.00	        1.00
  7.40	    38126.00	    71108.00	   962093.00	        1.00	   111184.00	        1.00
  7.41	    37448.00	    72279.00	   981568.00	        1.00	   111781.00	        1.00
  7.42	    36609.00	    73569.00	  1003370.00	        1.00	   112348.00	        1.00
  7.43	    36041.00	    74654.00	  1023514.00	        1.00	   112973.00	        1.00
  7.44	    35632.00	    75538.00	  1039840.00	        1.00	   113537.00	        1.00
  7.45	    34871.00	    76718.00	  1065329.00	        1.00	   114091.00	        1.00
  7.46	    34154.00	    77857.00	  1089608.00	        1.00	   114643.00	        1.00
  7.47	    33292.00	    79078.00	  1119520.00	        1.00	   115160.00	        1.00
  7.48	    32695.00	    80051.00	  1144302.00	        1.00	   115669.00	        1.00
  7.49	    32061.00	    81007.00	  1170191.00	        1.00	   116130.00	        1.00
  7.50	    31493.00	    81955.00	  1196545.00	        1.00	   116652.00	        1.00
  7.51	    30785.00	    82993.00	  1227626.00	        1.00	   117148.00	        1.00
  7.52	    30094.00	    83977.00	  1262019.00	        1.00	   117624.00	        1.00
  7.53	    29361.00	    84983.00	  1295490.00	        1.00	   118076.00	        1.00
  7.54	    28780.00	    85848.00	  1327297.00	        1.00	   118531.00	        1.00
  7.55	    28283.00	    86642.00	  1356530.00	        1.00	   118987.00	        1.00
  7.56	    27693.00	    87487.00	  1390666.00	        1.00	   119426.00	        1.00
  7.57	    27105.00	    88350.00	  1430056.00	        1.00	   119912.00	        1.00
  7.58	    26448.00	    89225.00	  1469429.00	        1.00	   120341.00	        1.00
  7.59	    25902.00	    89973.00	  1507796.00	        1.00	   120750.00	        1.00
  7.60	    25219.00	    90844.00	  1553270.00	        1.00	   121181.00	        1.00
  7.61	    24598.00	    91635.00	  1597389.00	        1.00	   121588.00	        1.00
  7.62	    24099.00	    92334.00	  1637523.00	        1.00	   122006.00	        1.00
  7.63	    23598.00	    92984.00	  1679090.00	        1.00	   122381.00	        1.00
  7.64	    23051.00	    93676.00	  1724215.00	        1.00	   122770.00	        1.00
  7.65	    22577.00	    94302.00	  1769871.00	        1.00	   123169.00	        1.00
  7.66	    22111.00	    94871.00	  1814193.00	        1.00	   123513.00	        1.00
  7.67	    21589.00	    95464.00	  1863375.00	        1.00	   123850.00	        1.00
  7.68	    21018.00	    96075.00	  1916853.00	        1.00	   124178.00	        1.00
  7.69	    20431.00	    96701.00	  1973309.00	        1.00	   124521.00	        1.00
  7.70	    19904.00	    97262.00	  2030290.00	        1.00	   124863.00	        1.00
  7.71	    19299.00	    97828.00	  2091529.00	        1.00	   125154.00	        1.00
  7.72	    18719.00	    98374.00	  2153881.00	        1.00	   125456.00	        1.00
  7.73	    18204.00	    98852.00	  2214822.00	        1.00	   125749.00	        1.00
  7.74	    17763.00	    99237.00	  2274770.00	        1.00	   126019.00	        1.00
  7.75	    17212.00	    99702.00	  2341621.00	        1.00	   126295.00	        1.00
  7.76	    16761.00	   100075.00	  2411132.00	        1.00	   126593.00	        1.00
  7.77	    16200.00	   100480.00	  2483741.00	        1.00	   126829.00	        1.00
  7.78	    15736.00	   100830.00	  2554315.00	        1.00	   127098.00	        1.00
  7.79	    15284.00	   101153.00	  2624412.00	        1.00	   127351.00	        1.00
  7.80	    14864.00	   101426.00	  2696204.00	        1.00	   127595.00	        1.00
  7.81	    14404.00	   101678.00	  2776119.00	        1.00	   127820.00	        1.00
  7.82	    13877.00	   101983.00	  2859106.00	        1.00	   128047.00	        1.00
  7.83	    13454.00	   102177.00	  2940384.00	        1.00	   128260.00	        1.00
  7.84	    13020.00	   102385.00	  3019304.00	        1.00	   128465.00	        1.00
  7.85	    12610.00	   102575.00	  3100163.00	        1.00	   128687.00	        1.00
  7.86	    12208.00	   102709.00	  3184855.00	        1.00	   128881.00	        1.00
  7.87	    11855.00	   102804.00	  3269152.00	        1.00	   129084.00	        1.00
  7.88	    11422.00	   102896.00	  3360225.00	        1.00	   129239.00	        1.00
  7.89	    11025.00	   102999.00	  3451056.00	        1.00	   129441.00	        1.00
  7.90	    10634.00	   103041.00	  3547386.00	        1.00	   129616.00	        1.00
  7.91	    10243.00	   103054.00	  3645876.00	        1.00	   129774.00	        1.00
  7.92	     9814.00	   103108.00	  3740590.00	        1.00	   129919.00	        1.00
  7.93	     9297.00	   103135.00	  3853726.00	        1.00	   130041.00	        1.00
  7.94	     8945.00	   103094.00	  3952731.00	        1.00	   130191.00	        1.00
  7.95	     8588.00	   103023.00	  4057902.00	        1.00	   130338.00	        1.00
  7.96	     8267.00	   102974.00	  4153328.00	        1.00	   130495.00	        1.00
  7.97	     7883.00	   102869.00	  4266644.00	        1.00	   130624.00	        1.00
  7.98	     7547.00	   102759.00	  4370796.00	        1.00	   130752.00	        1.00
  7.99	     7209.00	   102632.00	  4478329.00	        1.00	   130878.00	        1.00
  8.00	     6903.00	   102424.00	  4592104.00	        1.00	   130987.00	        1.00
  8.01	     6616.00	   102223.00	  4705173.00	        1.00	   131119.00	        1.00
  8.02	     6230.00	   102025.00	  4828615.00	        1.00	   131211.00	        1.00
  8.03	     5936.00	   101763.00	  4949513.00	        1.00	   131318.00	        1.00
  8.04	     5699.00	   101474.00	  5062251.00	        1.00	   131415.00	        1.00
  8.05	     5411.00	   101203.00	  5181684.00	        1.00	   131513.00	        1.00
  8.06	     5096.00	   100916.00	  5305410.00	        1.00	   131591.00	        1.00
  8.07	     4799.00	   100554.00	  5443595.00	        1.00	   131686.00	        1.00
  8.08	     4525.00	   100185.00	  5574047.00	        1.00	   131759.00	        1.00
  8.09	     4298.00	    99809.00	  5695901.00	        1.00	   131830.00	        1.00
  8.10	     4045.00	    99395.00	  5825752.00	        1.00	   131879.00	        1.00
  8.11	     3778.00	    98939.00	  5966884.00	        1.00	   131928.00	        1.00
  8.12	     3551.00	    98512.00	  6095420.00	        1.00	   131985.00	        1.00
  8.13	     3311.00	    98033.00	  6237775.00	        1.00	   132048.00	        1.00
  8.14	     3066.00	    97574.00	  6376502.00	        1.00	   132109.00	        1.00
  8.15	     2846.00	    97092.00	  6513017.00	        1.00	   132161.00	        1.00
  8.16	     2646.00	    96593.00	  6645366.00	        1.00	   132198.00	        1.00
  8.17	     2434.00	    96068.00	  6784439.00	        1.00	   132231.00	        1.00
  8.18	     2196.00	    95534.00	  6930271.00	        1.00	   132264.00	        1.00
  8.19	     2010.00	    94971.00	  7070773.00	        1.00	   132293.00	        1.00
  8.20	     1827.00	    94393.00	  7213337.00	        1.00	   132322.00	        1.00
  8.21	     1657.00	    93765.00	  7362764.00	        1.00	   132349.00	        1.00
  8.22	     1462.00	    93128.00	  7518982.00	        1.00	   132378.00	        1.00
  8.23	     1281.00	    92474.00	  7672552.00	        1.00	   132392.00	        1.00
  8.24	     1131.00	    91760.00	  7831275.00	        1.00	   132404.00	        1.00
  8.25	     1009.00	    91135.00	  7968550.00	        1.00	   132427.00	        1.00
  8.26	      866.00	    90457.00	  8118241.00	        1.00	   132438.00	        1.00
  8.27	      723.00	    89753.00	  8273663.00	        1.00	   132453.00	        1.00
  8.28	      604.00	    89015.00	  8430236.00	        1.00	   132464.00	        1.00
  8.29	      469.00	    88282.00	  8587992.00	        1.00	   132471.00	        1.00
  8.30	      351.00	    87511.00	  8749139.00	        1.00	   132475.00	        1.00
  8.31	      246.00	    86721.00	  8911567.00	        1.00	   132479.00	        1.00
  8.32	      161.00	    85916.00	  9072708.00	        1.00	   132484.00	        1.00
  8.33	       82.00	    85070.00	  9240669.00	        1.00	   132488.00	        1.00
  8.34	       20.00	    84226.00	  9404071.00	        1.00	   132488.00	        1.00
  8.35	        1.00	    83354.00	  9564446.00	        1.00	   132488.00	        1.00
  8.36	        0.00	    82415.00	  9734131.00	        0.00	   132488.00	        1.00
  8.37	        0.00	    81547.00	  9889062.00	        0.00	   132488.00	        1.00
  8.38	        0.00	    80647.00	 10050576.00	        0.00	   132488.00	        1.00
  8.39	        0.00	    79683.00	 10224662.00	        0.00	   132488.00	        1.00
  8.40	        0.00	    78757.00	 10391344.00	        0.00	   132488.00	        1.00
  8.41	        0.00	    77814.00	 10561253.00	        0.00	   132488.00	        1.00
  8.42	        0.00	    76834.00	 10738166.00	        0.00	   132488.00	        1.00
  8.43	        0.00	    75938.00	 10898056.00	        0.00	   132488.00	        1.00
  8.44	        0.00	    75040.00	 11058571.00	        0.00	   132488.00	        1.00
  8.45	        0.00	    74121.00	 11223176.00	        0.00	   132488.00	        1.00
  8.46	        0.00	    73120.00	 11403964.00	        0.00	   132488.00	        1.00
  8.47	        0.00	    72201.00	 11568348.00	        0.00	   132488.00	        1.00
  8.48	        0.00	    71253.00	 11738196.00	        0.00	   132488.00	        1.00
  8.49	        0.00	    70298.00	 11909686.00	        0.00	   132488.00	        1.00
  8.50	        0.00	    69341.00	 12081582.00	        0.00	   132488.00	        1.00
  8.51	        0.00	    68373.00	 12255403.00	        0.00	   132488.00	        1.00
  8.52	        0.00	    67474.00	 12415100.00	        0.00	   132488.00	        1.00
  8.53	        0.00	    66528.00	 12584900.00	        0.00	   132488.00	        1.00
  8.54	        0.00	    65571.00	 12756410.00	        0.00	   132488.00	        1.00
  8.55	        0.00	    64636.00	 12923299.00	        0.00	   132488.00	        1.00
  8.56	        0.00	    63771.00	 13076328.00	        0.00	   132488.00	        1.00
  8.57	        0.00	    62838.00	 13242920.00	        0.00	   132488.00	        1.00
  8.58	        0.00	    61914.00	 13407769.00	        0.00	   132488.00	        1.00
  8.59	        0.00	    60986.00	 13573499.00	        0.00	   132488.00	        1.00
  8.60	        0.00	    60067.00	 13737354.00	        0.00	   132488.00	        1.00
  8.61	        0.00	    59150.00	 13900835.00	        0.00	   132488.00	        1.00
  8.62	        0.00	    58228.00	 14065415.00	        0.00	   132488.00	        1.00
  8.63	        0.00	    57321.00	 14226968.00	        0.00	   132488.00	        1.00
  8.64	        0.00	    56430.00	 14385429.00	        0.00	   132488.00	        1.00
  8.65	        0.00	    55473.00	 14557238.00	        0.00	   132488.00	        1.00
  8.66	        0.00	    54593.00	 14713672.00	        0.00	   132488.00	        1.00
  8.67	        0.00	    53706.00	 14871508.00	        0.00	   132488.00	        1.00
  8.68	        0.00	    52786.00	 15036144.00	        0.00	   132488.00	        1.00
  8.69	        0.00	    51893.00	 15195249.00	        0.00	   132488.00	        1.00
  8.70	        0.00	    50995.00	 15355617.00	        0.00	   132488.00	        1.00
  8.71	        0.00	    50127.00	 15509871.00	        0.00	   132488.00	        1.00
  8.72	        0.00	    49277.00	 15660505.00	        0.00	   132488.00	        1.00
  8.73	        0.00	    48470.00	 15802665.00	        0.00	   132488.00	        1.00
  8.74	        0.00	    47615.00	 15954707.00	        0.00	   132488.00	        1.00
  8.75	        0.00	    46762.00	 16106633.00	        0.00	   132488.00	        1.00
  8.76	        0.00	    45922.00	 16255894.00	        0.00	   132488.00	        1.00
  8.77	        0.00	    45087.00	 16404258.00	        0.00	   132488.00	        1.00
  8.78	        0.00	    44233.00	 16556344.00	        0.00	   132488.00	        1.00
  8.79	        0.00	    43396.00	 16705201.00	        0.00	   132488.00	        1.00
  8.80	        0.00	    42595.00	 16846736.00	        0.00	   132488.00	        1.00
  8.81	        0.00	    41813.00	 16984820.00	        0.00	   132488.00	        1.00
  8.82	        0.00	    40996.00	 17129965.00	        0.00	   132488.00	        1.00
  8.83	        0.00	    40231.00	 17265039.00	        0.00	   132488.00	        1.00
  8.84	        0.00	    39436.00	 17405982.00	        0.00	   132488.00	        1.00
  8.85	        0.00	    38640.00	 17547591.00	        0.00	   132488.00	        1.00
  8.86	        0.00	    37848.00	 17688229.00	        0.00	   132488.00	        1.00
  8.87	        0.00	    37069.00	 17826386.00	        0.00	   132488.00	        1.00
  8.88	        0.00	    36324.00	 17958068.00	        0.00	   132488.00	        1.00
  8.89	        0.00	    35618.00	 18082097.00	        0.00	   132488.00	        1.00
  8.90	        0.00	    34845.00	 18219788.00	        0.00	   132488.00	        1.00
  8.91	        0.00	    34109.00	 18350451.00	        0.00	   132488.00	        1.00
  8.92	        0.00	    33341.00	 18487493.00	        0.00	   132488.00	        1.00
  8.93	        0.00	    32621.00	 18614919.00	        0.00	   132488.00	        1.00
  8.94	        0.00	    31882.00	 18746310.00	        0.00	   132488.00	        1.00
  8.95	        0.00	    31220.00	 18862769.00	        0.00	   132488.00	        1.00
  8.96	        0.00	    30503.00	 18990313.00	        0.00	   132488.00	        1.00
  8.97	        0.00	    29866.00	 19101959.00	        0.00	   132488.00	        1.00
  8.98	        0.00	    29196.00	 19220277.00	        0.00	   132488.00	        1.00
  8.99	        0.00	    28526.00	 19338796.00	        0.00	   132488.00	        1.00
  9.00	        0.00	    27907.00	 19447446.00	        0.00	   132488.00	        1.00
  9.01	        0.00	    27259.00	 19561952.00	        0.00	   132488.00	        1.00
  9.02	        0.00	    26587.00	 19681520.00	        0.00	   132488.00	        1.00
  9.03	        0.00	    25952.00	 19793836.00	        0.00	   132488.00	        1.00
  9.04	        0.00	    25344.00	 19900809.00	        0.00	   132488.00	        1.00
  9.05	        0.00	    24741.00	 20007178.00	        0.00	   132488.00	        1.00
  9.06	        0.00	    24157.00	 20109838.00	        0.00	   132488.00	        1.00
  9.07	        0.00	    23556.00	 20216044.00	        0.00	   132488.00	        1.00
  9.08	        0.00	    22981.00	 20317117.00	        0.00	   132488.00	        1.00
  9.09	        0.00	    22366.00	 20426634.00	        0.00	   132488.00	        1.00
  9.10	        0.00	    21810.00	 20524381.00	        0.00	   132488.00	        1.00
  9.11	        0.00	    21274.00	 20618459.00	        0.00	   132488.00	        1.00
  9.12	        0.00	    20662.00	 20727707.00	        0.00	   132488.00	        1.00
  9.13	        0.00	    20150.00	 20817347.00	        0.00	   132488.00	        1.00
  9.14	        0.00	    19594.00	 20915905.00	        0.00	   132488.00	        1.00
  9.15	        0.00	    19067.00	 21008785.00	        0.00	   132488.00	        1.00
  9.16	        0.00	    18596.00	 21090786.00	        0.00	   132488.00	        1.00
  9.17	        0.00	    18102.00	 21177469.00	        0.00	   132488.00	        1.00
  9.18	        0.00	    17605.00	 21265133.00	        0.00	   132488.00	        1.00
  9.19	        0.00	    17143.00	 21345927.00	        0.00	   132488.00	        1.00
  9.20	        0.00	    16719.00	 21419510.00	        0.00	   132488.00	        1.00
  9.21	        0.00	    16255.00	 21501035.00	        0.00	   132488.00	        1.00
  9.22	        0.00	    15811.00	 21578675.00	        0.00	   132488.00	        1.00
  9.23	        0.00	    15315.00	 21667198.00	        0.00	   132488.00	        1.00
  9.24	        0.00	    14879.00	 21743730.00	        0.00	   132488.00	        1.00
  9.25	        0.00	    14470.00	 21815144.00	        0.00	   132488.00	        1.00
  9.26	        0.00	    14049.00	 21889282.00	        0.00	   132488.00	        1.00
  9.27	        0.00	    13609.00	 21967232.00	        0.00	   132488.00	        1.00
  9.28	        0.00	    13214.00	 22036239.00	        0.00	   132488.00	        1.00
  9.29	        0.00	    12844.00	 22100569.00	        0.00	   132488.00	        1.00
  9.30	        0.00	    12471.00	 22165829.00	        0.00	   132488.00	        1.00
  9.31	        0.00	    12091.00	 22232374.00	        0.00	   132488.00	        1.00
  9.32	        0.00	    11723.00	 22296801.00	        0.00	   132488.00	        1.00
  9.33	        0.00	    11372.00	 22357930.00	        0.00	   132488.00	        1.00
  9.34	        0.00	    11024.00	 22418779.00	        0.00	   132488.00	        1.00
  9.35	        0.00	    10692.00	 22476499.00	        0.00	   132488.00	        1.00
  9.36	        0.00	    10354.00	 22535772.00	        0.00	   132488.00	        1.00
  9.37	        0.00	    10037.00	 22590930.00	        0.00	   132488.00	        1.00
  9.38	        0.00	     9698.00	 22650462.00	        0.00	   132488.00	        1.00
  9.39	        0.00	     9419.00	 22698363.00	        0.00	   132488.00	        1.00
  9.40	        0.00	     9123.00	 22749664.00	        0.00	   132488.00	        1.00
  9.41	        0.00	     8843.00	 22797870.00	        0.00	   132488.00	        1.00
  9.42	        0.00	     8555.00	 22847941.00	        0.00	   132488.00	        1.00
  9.43	        0.00	     8273.00	 22896884.00	        0.00	   132488.00	        1.00
  9.44	        0.00	     7999.00	 22944420.00	        0.00	   132488.00	        1.00
  9.45	        0.00	     7728.00	 22991572.00	        0.00	   132488.00	        1.00
  9.46	        0.00	     7497.00	 23030896.00	        0.00	   132488.00	        1.00
  9.47	        0.00	     7230.00	 23077723.00	        0.00	   132488.00	        1.00
  9.48	        0.00	     6995.00	 23118177.00	        0.00	   132488.00	        1.00
  9.49	        0.00	     6762.00	 23158316.00	        0.00	   132488.00	        1.00
  9.50	        0.00	     6544.00	 23195508.00	        0.00	   132488.00	        1.00
  9.51	        0.00	     6311.00	 23236074.00	        0.00	   132488.00	        1.00
  9.52	        0.00	     6131.00	 23266138.00	        0.00	   132488.00	        1.00
  9.53	        0.00	     5940.00	 23298370.00	        0.00	   132488.00	        1.00
  9.54	        0.00	     5721.00	 23336419.00	        0.00	   132488.00	        1.00
  9.55	        0.00	     5519.00	 23371148.00	        0.00	   132488.00	        1.00
  9.56	        0.00	     5368.00	 23395892.00	        0.00	   132488.00	        1.00
  9.57	        0.00	     5185.00	 23426965.00	        0.00	   132488.00	        1.00
  9.58	        0.00	     5016.00	 23455537.00	        0.00	   132488.00	        1.00
  9.59	        0.00	     4831.00	 23487305.00	        0.00	   132488.00	        1.00
  9.60	        0.00	     4642.00	 23520043.00	        0.00	   132488.00	        1.00
  9.61	        0.00	     4497.00	 23544138.00	        0.00	   132488.00	        1.00
  9.62	        0.00	     4342.00	 23570250.00	        0.00	   132488.00	        1.00
  9.63	        0.00	     4179.00	 23598148.00	        0.00	   132488.00	        1.00
  9.64	        0.00	     4006.00	 23628113.00	        0.00	   132488.00	        1.00
  9.65	        0.00	     3856.00	 23653621.00	        0.00	   132488.00	        1.00
  9.66	        0.00	     3707.00	 23679074.00	        0.00	   132488.00	        1.00
  9.67	        0.00	     3579.00	 23700220.00	        0.00	   132488.00	        1.00
  9.68	        0.00	     3441.00	 23723527.00	        0.00	   132488.00	        1.00
  9.69	        0.00	     3319.00	 23743768.00	        0.00	   132488.00	        1.00
  9.70	        0.00	     3191.00	 23765426.00	        0.00	   132488.00	        1.00
  9.71	        0.00	     3064.00	 23787035.00	        0.00	   132488.00	        1.00
  9.72	        0.00	     2954.00	 23805180.00	        0.00	   132488.00	        1.00
  9.73	        0.00	     2821.00	 23828034.00	        0.00	   132488.00	        1.00
  9.74	        0.00	     2725.00	 23843601.00	        0.00	   132488.00	        1.00
  9.75	        0.00	     2612.00	 23862687.00	        0.00	   132488.00	        1.00
  9.76	        0.00	     2533.00	 23875011.00	        0.00	   132488.00	        1.00
  9.77	        0.00	     2432.00	 23891686.00	        0.00	   132488.00	        1.00
  9.78	        0.00	     2336.00	 23907529.00	        0.00	   132488.00	        1.00
  9.79	        0.00	     2249.00	 23921578.00	        0.00	   132488.00	        1.00
  9.80	        0.00	     2162.00	 23935789.00	        0.00	   132488.00	        1.00
  9.81	        0.00	     2080.00	 23948975.00	        0.00	   132488.00	        1.00
  9.82	        0.00	     2002.00	 23961517.00	        0.00	   132488.00	        1.00
  9.83	        0.00	     1927.00	 23973527.00	        0.00	   132488.00	        1.00
  9.84	        0.00	     1853.00	 23985334.00	        0.00	   132488.00	        1.00
  9.85	        0.00	     1767.00	 23999742.00	        0.00	   132488.00	        1.00
  9.86	        0.00	     1683.00	 24013717.00	        0.00	   132488.00	        1.00
  9.87	        0.00	     1614.00	 24024705.00	        0.00	   132488.00	        1.00
  9.88	        0.00	     1555.00	 24033819.00	        0.00	   132488.00	        1.00
  9.89	        0.00	     1494.00	 24043430.00	        0.00	   132488.00	        1.00
  9.90	        0.00	     1446.00	 24050379.00	        0.00	   132488.00	        1.00
  9.91	        0.00	     1385.00	 24059916.00	        0.00	   132488.00	        1.00
  9.92	        0.00	     1318.00	 24070861.00	        0.00	   132488.00	        1.00
  9.93	        0.00	     1251.00	 24081806.00	        0.00	   132488.00	        1.00
  9.94	        0.00	     1207.00	 24088210.00	        0.00	   132488.00	        1.00
  9.95	        0.00	     1160.00	 24095266.00	        0.00	   132488.00	        1.00
  9.96	        0.00	     1112.00	 24102527.00	        0.00	   132488.00	        1.00
  9.97	        0.00	     1067.00	 24109299.00	        0.00	   132488.00	        1.00
  9.98	        0.00	     1019.00	 24116667.00	        0.00	   132488.00	        1.00
  9.99	        0.00	      982.00	 24121885.00	        0.00	   132488.00	        1.00
 10.00	        0.00	      934.00	 24129355.00	        0.00	   132488.00	        1.00
 10.01	        0.00	      906.00	 24132936.00	        0.00	   132488.00	        1.00
 10.02	        0.00	      867.00	 24138708.00	        0.00	   132488.00	        1.00
 10.03	        0.00	      836.00	 24142888.00	        0.00	   132488.00	        1.00
 10.04	        0.00	      803.00	 24147476.00	        0.00	   132488.00	        1.00
 10.05	        0.00	      769.00	 24152353.00	        0.00	   132488.00	        1.00
 10.06	        0.00	      736.00	 24157061.00	        0.00	   132488.00	        1.00
 10.07	        0.00	      705.00	 24161424.00	        0.00	   132488.00	        1.00
 10.08	        0.00	      685.00	 24163633.00	        0.00	   132488.00	        1.00
 10.09	        0.00	      647.00	 24169459.00	        0.00	   132488.00	        1.00
 10.10	        0.00	      623.00	 24172510.00	        0.00	   132488.00	        1.00
 10.11	        0.00	      588.00	 24177797.00	        0.00	   132488.00	        1.00
 10.12	        0.00	      560.00	 24181743.00	        0.00	   132488.00	        1.00
 10.13	        0.00	      531.00	 24185926.00	        0.00	   132488.00	        1.00
 10.14	        0.00	      507.00	 24189075.00	        0.00	   132488.00	        1.00
 10.15	        0.00	      475.00	 24193852.00	        0.00	   132488.00	        1.00
 10.16	        0.00	      459.00	 24195481.00	        0.00	   132488.00	        1.00
 10.17	        0.00	      437.00	 24198332.00	        0.00	   132488.00	        1.00
 10.18	        0.00	      421.00	 24199912.00	        0.00	   132488.00	        1.00
 10.19	        0.00	      403.00	 24202028.00	        0.00	   132488.00	        1.00
 10.20	        0.00	      395.00	 24202098.00	        0.00	   132488.00	        1.00
 10.21	        0.00	      380.00	 24203666.00	        0.00	   132488.00	        1.00
 10.22	        0.00	      361.00	 24205960.00	        0.00	   132488.00	        1.00
 10.23	        0.00	      343.00	 24208136.00	        0.00	   132488.00	        1.00
 10.24	        0.00	      330.00	 24209302.00	        0.00	   132488.00	        1.00
 10.25	        0.00	      310.00	 24211896.00	        0.00	   132488.00	        1.00
 10.26	        0.00	      290.00	 24214543.00	        0.00	   132488.00	        1.00
 10.27	        0.00	      272.00	 24216695.00	        0.00	   132488.00	        1.00
 10.28	        0.00	      264.00	 24216953.00	        0.00	   132488.00	        1.00
 10.29	        0.00	      255.00	 24217482.00	        0.00	   132488.00	        1.00
 10.30	        0.00	      242.00	 24218781.00	        0.00	   132488.00	        1.00
 10.31	        0.00	      232.00	 24219470.00	        0.00	   132488.00	        1.00
 10.32	        0.00	      224.00	 24219879.00	        0.00	   132488.00	        1.00
 10.33	        0.00	      215.00	 24220431.00	        0.00	   132488.00	        1.00
 10.34	        0.00	      212.00	 24219797.00	        0.00	   132488.00	        1.00
 10.35	        0.00	      196.00	 24221806.00	        0.00	   132488.00	        1.00
 10.36	        0.00	      187.00	 24222415.00	        0.00	   132488.00	        1.00
 10.37	        0.00	      174.00	 24223823.00	        0.00	   132488.00	        1.00
 10.38	        0.00	      165.00	 24224415.00	        0.00	   132488.00	        1.00
 10.39	        0.00	      153.00	 24225577.00	        0.00	   132488.00	        1.00
 10.40	        0.00	      140.00	 24226947.00	        0.00	   132488.00	        1.00
 10.41	        0.00	      132.00	 24227369.00	        0.00	   132488.00	        1.00
 10.42	        0.00	      129.00	 24226841.00	        0.00	   132488.00	        1.00
 10.43	        0.00	      126.00	 24226316.00	        0.00	   132488.00	        1.00
 10.44	        0.00	      120.00	 24226377.00	        0.00	   132488.00	        1.00
 10.45	        0.00	      116.00	 24226071.00	        0.00	   132488.00	        1.00
 10.46	        0.00	      112.00	 24225746.00	        0.00	   132488.00	        1.00
 10.47	        0.00	      107.00	 24225669.00	        0.00	   132488.00	        1.00
 10.48	        0.00	      100.00	 24225963.00	        0.00	   132488.00	        1.00
 10.49	        0.00	       91.00	 24226709.00	        0.00	   132488.00	        1.00
 10.50	        0.00	       86.00	 24226560.00	        0.00	   132488.00	        1.00
 10.51	        0.00	       80.00	 24226694.00	        0.00	   132488.00	        1.00
 10.52	        0.00	       77.00	 24226268.00	        0.00	   132488.00	        1.00
 10.53	        0.00	       72.00	 24226260.00	        0.00	   132488.00	        1.00
 10.54	        0.00	       69.00	 24225806.00	        0.00	   132488.00	        1.00
 10.55	        0.00	       68.00	 24225035.00	        0.00	   132488.00	        1.00
 10.56	        0.00	       62.00	 24225202.00	        0.00	   132488.00	        1.00
 10.57	        0.00	       57.00	 24225197.00	        0.00	   132488.00	        1.00
 10.58	        0.00	       54.00	 24224796.00	        0.00	   132488.00	        1.00
 10.59	        0.00	       51.00	 24224405.00	        0.00	   132488.00	        1.00
 10.60	        0.00	       49.00	 24223861.00	        0.00	   132488.00	        1.00
 10.61	        0.00	       47.00	 24223285.00	        0.00	   132488.00	        1.00
 10.62	        0.00	       42.00	 24223320.00	        0.00	   132488.00	        1.00
 10.63	        0.00	       41.00	 24222625.00	        0.00	   132488.00	        1.00
 10.64	        0.00	       39.00	 24222062.00	        0.00	   132488.00	        1.00
 10.65	        0.00	       39.00	 24221126.00	        0.00	   132488.00	        1.00
 10.66	        0.00	       39.00	 24220201.00	        0.00	   132488.00	        1.00
 10.67	        0.00	       35.00	 24220086.00	        0.00	   132488.00	        1.00
 10.68	        0.00	       34.00	 24219391.00	        0.00	   132488.00	        1.00
 10.69	        0.00	       31.00	 24219105.00	        0.00	   132488.00	        1.00
 10.70	        0.00	       31.00	 24218215.00	        0.00	   132488.00	        1.00
 10.71	        0.00	       26.00	 24218297.00	        0.00	   132488.00	        1.00
 10.72	        0.00	       26.00	 24217379.00	        0.00	   132488.00	        1.00
 10.73	        0.00	       25.00	 24216688.00	        0.00	   132488.00	        1.00
 10.74	        0.00	       24.00	 24216019.00	        0.00	   132488.00	        1.00
 10.75	        0.00	       23.00	 24215385.00	        0.00	   132488.00	        1.00
 10.76	        0.00	       22.00	 24214706.00	        0.00	   132488.00	        1.00
 10.77	        0.00	       21.00	 24214044.00	        0.00	   132488.00	        1.00
 10.78	        0.00	       19.00	 24213570.00	        0.00	   132488.00	        1.00
 10.79	        0.00	       19.00	 24212735.00	        0.00	   132488.00	        1.00
 10.80	        0.00	       19.00	 24211872.00	        0.00	   132488.00	        1.00
 10.81	        0.00	       19.00	 24211026.00	        0.00	   132488.00	        1.00
 10.82	        0.00	       19.00	 24210114.00	        0.00	   132488.00	        1.00
 10.83	        0.00	       18.00	 24209452.00	        0.00	   132488.00	        1.00
 10.84	        0.00	       18.00	 24208567.00	        0.00	   132488.00	        1.00
 10.85	        0.00	       18.00	 24207735.00	        0.00	   132488.00	        1.00
 10.86	        0.00	       17.00	 24207075.00	        0.00	   132488.00	        1.00
 10.87	        0.00	       14.00	 24206810.00	        0.00	   132488.00	        1.00
 10.88	        0.00	       12.00	 24206368.00	        0.00	   132488.00	        1.00
 10.89	        0.00	       12.00	 24205550.00	        0.00	   132488.00	        1.00
 10.90	        0.00	       12.00	 24204738.00	        0.00	   132488.00	        1.00
 10.91	        0.00	       10.00	 24204332.00	        0.00	   132488.00	        1.00
 10.92	        0.00	       10.00	 24203467.00	        0.00	   132488.00	        1.00
 10.93	        0.00	        9.00	 24202781.00	        0.00	   132488.00	        1.00
 10.94	        0.00	        8.00	 24202180.00	        0.00	   132488.00	        1.00
 10.95	        0.00	        8.00	 24201373.00	        0.00	   132488.00	        1.00
 10.96	        0.00	        8.00	 24200588.00	        0.00	   132488.00	        1.00
 10.97	        0.00	        8.00	 24199750.00	        0.00	   132488.00	        1.00
 10.98	        0.00	        8.00	 24198912.00	        0.00	   132488.00	        1.00
 10.99	        0.00	        8.00	 24198134.00	        0.00	   132488.00	        1.00
 11.00	        0.00	        7.00	 24197532.00	        0.00	   132488.00	        1.00
 11.01	        0.00	        7.00	 24196745.00	        0.00	   132488.00	        1.00
 11.02	        0.00	        7.00	 24195933.00	        0.00	   132488.00	        1.00
 11.03	        0.00	        7.00	 24195097.00	        0.00	   132488.00	        1.00
 11.04	        0.00	        7.00	 24194284.00	        0.00	   132488.00	        1.00
 11.05	        0.00	        7.00	 24193507.00	        0.00	   132488.00	        1.00
 11.06	        0.00	        6.00	 24192919.00	        0.00	   132488.00	        1.00
 11.07	        0.00	        6.00	 24192125.00	        0.00	   132488.00	        1.00
 11.08	        0.00	        6.00	 24191277.00	        0.00	   132488.00	        1.00
 11.09	        0.00	        4.00	 24190885.00	        0.00	   132488.00	        1.00
 11.10	        0.00	        3.00	 24190280.00	        0.00	   132488.00	        1.00
 11.11	        0.00	        3.00	 24189463.00	        0.00	   132488.00	        1.00
 11.12	        0.00	        3.00	 24188712.00	        0.00	   132488.00	        1.00
 11.13	        0.00	        3.00	 24188002.00	        0.00	   132488.00	        1.00
 11.14	        0.00	        3.00	 24187230.00	        0.00	   132488.00	        1.00
 11.15	        0.00	        3.00	 24186435.00	        0.00	   132488.00	        1.00
 11.16	        0.00	        3.00	 24185682.00	        0.00	   132488.00	        1.00
 11.17	        0.00	        3.00	 24184898.00	        0.00	   132488.00	        1.00
 11.18	        0.00	        2.00	 24184349.00	        0.00	   132488.00	        1.00
 11.19	        0.00	        2.00	 24183569.00	        0.00	   132488.00	        1.00
 11.20	        0.00	        2.00	 24182880.00	        0.00	   132488.00	        1.00
 11.21	        0.00	        0.00	 24182525.00	        0.00	   132488.00	        0.00
