Datatype: PopulationSize
  0.00	        1.00	        0.00	   600000.00	        1.00	        0.00	        1.00
  0.01	        1.00	        0.00	   599979.00	        1.00	        0.00	        1.00
  0.02	        1.00	        0.00	   599962.00	        1.00	        0.00	        1.00
  0.03	        1.00	        0.00	   599943.00	        1.00	        0.00	        1.00
  0.04	        1.00	        0.00	   599926.00	        1.00	        0.00	        1.00
  0.05	        1.00	        0.00	   599900.00	        1.00	        0.00	        1.00
  0.06	        1.00	        0.00	   599885.00	        1.00	        0.00	        1.00
  0.07	        1.00	        0.00	   599867.00	        1.00	        0.00	        1.00
  0.08	        1.00	        0.00	   599854.00	        1.00	        0.00	        1.00
  0.09	        1.00	        0.00	   599838.00	        1.00	        0.00	        1.00
  0.10	        1.00	        0.00	   599827.00	        1.00	        0.00	        1.00
  0.11	        1.00	        0.00	   599798.00	        1.00	        0.00	        1.00
  0.12	        1.00	        0.00	   599772.00	        1.00	        0.00	        1.00
  0.13	        1.00	        0.00	   599760.00	        1.00	        0.00	        1.00
  0.14	        1.00	        0.00	   599739.00	        1.00	        0.00	        1.00
  0.15	        1.00	        0.00	   599716.00	        1.00	        0.00	        1.00
  0.16	        1.00	        0.00	   599696.00	        1.00	        0.00	        1.00
  0.17	        1.00	        0.00	   599682.00	        1.00	        0.00	        1.00
  0.18	        1.00	        0.00	   599661.00	        1.00	        0.00	        1.00
  0.19	        1.00	        0.00	   599644.00	        1.00	        0.00	        1.00
  0.20	        1.00	        0.00	   599621.00	        1.00	        0.00	        1.00
  0.21	        1.00	        0.00	   599613.00	        1.00	        0.00	        1.00
  0.22	        1.00	        0.00	   599589.00	        1.00	        0.00	        1.00
  0.23	        1.00	        0.00	   599564.00	        1.00	        0.00	        1.00
  0.24	        1.00	        0.00	   599544.00	        1.00	        0.00	        1.00
  0.25	        1.00	        0.00	   599522.00	        1.00	        0.00	        1.00
  0.26	        1.00	        0.00	   599504.00	        1.00	        0.00	        1.00
  0.27	        1.00	        0.00	   599487.00	        1.00	        0.00	        1.00
  0.28	        1.00	        0.00	   599472.00	        1.00	        0.00	        1.00
  0.29	        1.00	        0.00	   599453.00	        1.00	        0.00	        1.00
  0.30	        1.00	        0.00	   599433.00	        1.00	        0.00	        1.00
  0.31	        1.00	        0.00	   599414.00	        1.00	        0.00	        1.00
  0.32	        1.00	        0.00	   599390.00	        1.00	        0.00	        1.00
  0.33	        1.00	        0.00	   599368.00	        1.00	        0.00	        1.00
  0.34	        1.00	        0.00	   599355.00	        1.00	        0.00	        1.00
  0.35	        1.00	        0.00	   599337.00	        1.00	        0.00	        1.00
  0.36	        1.00	        0.00	   599326.00	        1.00	        0.00	        1.00
  0.37	        1.00	        0.00	   599299.00	        1.00	        0.00	        1.00
  0.38	        1.00	        0.00	   599283.00	        1.00	        0.00	        1.00
  0.39	        1.00	        0.00	   599270.00	        1.00	        0.00	        1.00
  0.40	        1.00	        0.00	   599253.00	        1.00	        0.00	        1.00
  0.41	        2.00	        0.00	   599233.00	        1.00	        1.00	        1.00
  0.42	        2.00	        0.00	   599216.00	        1.00	        1.00	        1.00
  0.43	        2.00	        0.00	   599193.00	        1.00	        1.00	        1.00
  0.44	        2.00	        0.00	   599169.00	        1.00	        1.00	        1.00
  0.45	        2.00	        0.00	   599150.00	        1.00	        1.00	        1.00
  0.46	        2.00	        0.00	   599137.00	        1.00	        1.00	        1.00
  0.47	        2.00	        0.00	   599119.00	        1.00	        1.00	        1.00
  0.48	        2.00	        0.00	   599095.00	        1.00	        1.00	        1.00
  0.49	        2.00	        0.00	   599071.00	        1.00	        1.00	        1.00
  0.50	        2.00	        0.00	   599061.00	        1.00	        1.00	        1.00
  0.51	        2.00	        0.00	   599043.00	        1.00	        1.00	        1.00
  0.52	        2.00	        0.00	   599025.00	        1.00	        1.00	        1.00
  0.53	        2.00	        0.00	   599005.00	        1.00	        1.00	        1.00
  0.54	        2.00	        0.00	   598985.00	        1.00	        1.00	        1.00
  0.55	        2.00	        0.00	   598971.00	        1.00	        1.00	        1.00
  0.56	        2.00	        0.00	   598955.00	        1.00	        1.00	        1.00
  0.57	        2.00	        0.00	   598940.00	        1.00	        1.00	        1.00
  0.58	        2.00	        0.00	   598925.00	        1.00	        1.00	        1.00
  0.59	        2.00	        0.00	   598910.00	        1.00	        1.00	        1.00
  0.60	        2.00	        0.00	   598898.00	        1.00	        1.00	        1.00
  0.61	        2.00	        0.00	   598887.00	        1.00	        1.00	        1.00
  0.62	        2.00	        0.00	   598868.00	        1.00	        1.00	        1.00
  0.63	        2.00	        0.00	   598851.00	        1.00	        1.00	        1.00
  0.64	        2.00	        0.00	   598829.00	        1.00	        1.00	        1.00
  0.65	        2.00	        0.00	   598814.00	        1.00	        1.00	        1.00
  0.66	        2.00	        0.00	   598798.00	        1.00	        1.00	        1.00
  0.67	        2.00	        0.00	   598774.00	        1.00	        1.00	        1.00
  0.68	        2.00	        0.00	   598761.00	        1.00	        1.00	        1.00
  0.69	        2.00	        0.00	   598747.00	        1.00	        1.00	        1.00
  0.70	        2.00	        0.00	   598729.00	        1.00	        1.00	        1.00
  0.71	        2.00	        0.00	   598710.00	        1.00	        1.00	        1.00
  0.72	        2.00	        0.00	   598696.00	        1.00	        1.00	        1.00
  0.73	        2.00	        0.00	   598677.00	        1.00	        1.00	        1.00
  0.74	        2.00	        0.00	   598644.00	        1.00	        1.00	        1.00
  0.75	        2.00	        0.00	   598630.00	        1.00	        1.00	        1.00
  0.76	        2.00	        0.00	   598612.00	        1.00	        1.00	        1.00
  0.77	        2.00	        0.00	   598598.00	        1.00	        1.00	        1.00
  0.78	        2.00	        0.00	   598582.00	        1.00	        1.00	        1.00
  0.79	        2.00	        0.00	   598562.00	        1.00	        1.00	        1.00
  0.80	        3.00	        0.00	   598546.00	        1.00	        2.00	        1.00
  0.81	        3.00	        0.00	   598520.00	        1.00	        2.00	        1.00
  0.82	        3.00	        0.00	   598506.00	        1.00	        2.00	        1.00
  0.83	        3.00	        0.00	   598488.00	        1.00	        2.00	        1.00
  0.84	        3.00	        0.00	   598468.00	        1.00	        2.00	        1.00
  0.85	        3.00	        0.00	   598456.00	        1.00	        2.00	        1.00
  0.86	        3.00	        0.00	   598428.00	        1.00	        2.00	        1.00
  0.87	        3.00	        0.00	   598409.00	        1.00	        2.00	        1.00
  0.88	        3.00	        0.00	   598396.00	        1.00	        2.00	        1.00
  0.89	        3.00	        0.00	   598373.00	        1.00	        2.00	        1.00
  0.90	        3.00	        0.00	   598356.00	        1.00	        2.00	        1.00
  0.91	        3.00	        0.00	   598335.00	        1.00	        2.00	        1.00
  0.92	        3.00	        0.00	   598321.00	        1.00	        2.00	        1.00
  0.93	        3.00	        0.00	   598303.00	        1.00	        2.00	        1.00
  0.94	        3.00	        0.00	   598275.00	        1.00	        2.00	        1.00
  0.95	        3.00	        0.00	   598261.00	        1.00	        2.00	        1.00
  0.96	        3.00	        0.00	   598246.00	        1.00	        2.00	        1.00
  0.97	        3.00	        0.00	   598224.00	        1.00	        2.00	        1.00
  0.98	        3.00	        0.00	   598212.00	        1.00	        2.00	        1.00
  0.99	        3.00	        0.00	   598196.00	        1.00	        2.00	        1.00
  1.00	        3.00	        0.00	   598171.00	        1.00	        2.00	        1.00
  1.01	        3.00	        0.00	   598152.00	        1.00	        2.00	        1.00
  1.02	        3.00	        0.00	   598138.00	        1.00	        2.00	        1.00
  1.03	        3.00	        0.00	   598120.00	        1.00	        2.00	        1.00
  1.04	        3.00	        0.00	   598102.00	        1.00	        2.00	        1.00
  1.05	        3.00	        0.00	   598086.00	        1.00	        2.00	        1.00
  1.06	        3.00	        0.00	   598069.00	        1.00	        2.00	        1.00
  1.07	        3.00	        0.00	   598055.00	        1.00	        2.00	        1.00
  1.08	        3.00	        0.00	   598037.00	        1.00	        2.00	        1.00
  1.09	        3.00	        0.00	   598019.00	        1.00	        2.00	        1.00
  1.10	        3.00	        0.00	   597991.00	        1.00	        2.00	        1.00
  1.11	        3.00	        0.00	   597975.00	        1.00	        2.00	        1.00
  1.12	        3.00	        0.00	   597962.00	        1.00	        2.00	        1.00
  1.13	        3.00	        0.00	   597941.00	        1.00	        2.00	        1.00
  1.14	        3.00	        0.00	   597924.00	        1.00	        2.00	        1.00
  1.15	        3.00	        0.00	   597908.00	        1.00	        2.00	        1.00
  1.16	        3.00	        0.00	   597887.00	        1.00	        2.00	        1.00
  1.17	        3.00	        0.00	   597876.00	        1.00	        2.00	        1.00
  1.18	        3.00	        0.00	   597859.00	        1.00	        2.00	        1.00
  1.19	        3.00	        0.00	   597843.00	        1.00	        2.00	        1.00
  1.20	        3.00	        0.00	   597822.00	        1.00	        2.00	        1.00
  1.21	        3.00	        0.00	   597798.00	        1.00	        2.00	        1.00
  1.22	        3.00	        0.00	   597775.00	        1.00	        2.00	        1.00
  1.23	        3.00	        0.00	   597763.00	        1.00	        2.00	        1.00
  1.24	        3.00	        0.00	   597744.00	        1.00	        2.00	        1.00
  1.25	        3.00	        0.00	   597726.00	        1.00	        2.00	        1.00
  1.26	        3.00	        0.00	   597712.00	        1.00	        2.00	        1.00
  1.27	        3.00	        0.00	   597693.00	        1.00	        2.00	        1.00
  1.28	        3.00	        0.00	   597680.00	        1.00	        2.00	        1.00
  1.29	        4.00	        0.00	   597665.00	        1.00	        3.00	        1.00
  1.30	        4.00	        0.00	   597649.00	        1.00	        3.00	        1.00
  1.31	        5.00	        0.00	   597636.00	        1.00	        4.00	        1.00
  1.32	        5.00	        0.00	   597621.00	        1.00	        4.00	        1.00
  1.33	        5.00	        0.00	   597598.00	        1.00	        4.00	        1.00
  1.34	        5.00	        0.00	   597582.00	        1.00	        4.00	        1.00
  1.35	        5.00	        0.00	   597567.00	        1.00	        4.00	        1.00
  1.36	        5.00	        0.00	   597555.00	        1.00	        4.00	        1.00
  1.37	        5.00	        0.00	   597534.00	        1.00	        4.00	        1.00
  1.38	        5.00	        0.00	   597512.00	        1.00	        4.00	        1.00
  1.39	        5.00	        0.00	   597493.00	        1.00	        4.00	        1.00
  1.40	        5.00	        0.00	   597487.00	        1.00	        4.00	        1.00
  1.41	        5.00	        0.00	   597468.00	        1.00	        4.00	        1.00
  1.42	        5.00	        0.00	   597451.00	        1.00	        4.00	        1.00
  1.43	        5.00	        0.00	   597428.00	        1.00	        4.00	        1.00
  1.44	        5.00	        0.00	   597415.00	        1.00	        4.00	        1.00
  1.45	        5.00	        0.00	   597398.00	        1.00	        4.00	        1.00
  1.46	        6.00	        0.00	   597384.00	        1.00	        5.00	        1.00
  1.47	        6.00	        0.00	   597368.00	        1.00	        5.00	        1.00
  1.48	        6.00	        0.00	   597352.00	        1.00	        5.00	        1.00
  1.49	        8.00	        0.00	   597336.00	        1.00	        7.00	        1.00
  1.50	        8.00	        0.00	   597321.00	        1.00	        7.00	        1.00
  1.51	        8.00	        0.00	   597301.00	        1.00	        7.00	        1.00
  1.52	        8.00	        0.00	   597287.00	        1.00	        7.00	        1.00
  1.53	        9.00	        0.00	   597271.00	        1.00	        8.00	        1.00
  1.54	        9.00	        0.00	   597249.00	        1.00	        8.00	        1.00
  1.55	        9.00	        0.00	   597230.00	        1.00	        8.00	        1.00
  1.56	        9.00	        0.00	   597213.00	        1.00	        8.00	        1.00
  1.57	        9.00	        0.00	   597195.00	        1.00	        8.00	        1.00
  1.58	       10.00	        0.00	   597172.00	        1.00	        9.00	        1.00
  1.59	       10.00	        0.00	   597156.00	        1.00	        9.00	        1.00
  1.60	       10.00	        0.00	   597139.00	        1.00	        9.00	        1.00
  1.61	       10.00	        0.00	   597127.00	        1.00	        9.00	        1.00
  1.62	       11.00	        0.00	   597108.00	        1.00	       10.00	        1.00
  1.63	       11.00	        0.00	   597089.00	        1.00	       10.00	        1.00
  1.64	       11.00	        0.00	   597074.00	        1.00	       10.00	        1.00
  1.65	       12.00	        0.00	   597049.00	        1.00	       11.00	        1.00
  1.66	       12.00	        0.00	   597031.00	        1.00	       11.00	        1.00
  1.67	       12.00	        0.00	   597012.00	        1.00	       11.00	        1.00
  1.68	       12.00	        0.00	   596997.00	        1.00	       11.00	        1.00
  1.69	       12.00	        0.00	   596972.00	        1.00	       11.00	        1.00
  1.70	       12.00	        0.00	   596950.00	        1.00	       11.00	        1.00
  1.71	       12.00	        0.00	   596932.00	        1.00	       11.00	        1.00
  1.72	       12.00	        0.00	   596910.00	        1.00	       11.00	        1.00
  1.73	       14.00	        0.00	   596891.00	        1.00	       13.00	        1.00
  1.74	       14.00	        0.00	   596872.00	        1.00	       13.00	        1.00
  1.75	       14.00	        0.00	   596854.00	        1.00	       13.00	        1.00
  1.76	       14.00	        0.00	   596825.00	        1.00	       13.00	        1.00
  1.77	       14.00	        0.00	   596810.00	        1.00	       13.00	        1.00
  1.78	       14.00	        0.00	   596792.00	        1.00	       13.00	        1.00
  1.79	       14.00	        0.00	   596779.00	        1.00	       13.00	        1.00
  1.80	       14.00	        0.00	   596763.00	        1.00	       13.00	        1.00
  1.81	       14.00	        0.00	   596747.00	        1.00	       13.00	        1.00
  1.82	       15.00	        0.00	   596738.00	        1.00	       14.00	        1.00
  1.83	       15.00	        0.00	   596722.00	        1.00	       14.00	        1.00
  1.84	       15.00	        0.00	   596701.00	        1.00	       14.00	        1.00
  1.85	       15.00	        0.00	   596674.00	        1.00	       14.00	        1.00
  1.86	       15.00	        0.00	   596656.00	        1.00	       14.00	        1.00
  1.87	       16.00	        0.00	   596636.00	        1.00	       15.00	        1.00
  1.88	       16.00	        0.00	   596611.00	        1.00	       15.00	        1.00
  1.89	       16.00	        0.00	   596589.00	        1.00	       15.00	        1.00
  1.90	       17.00	        0.00	   596575.00	        1.00	       16.00	        1.00
  1.91	       18.00	        0.00	   596564.00	        1.00	       17.00	        1.00
  1.92	       18.00	        0.00	   596546.00	        1.00	       17.00	        1.00
  1.93	       18.00	        0.00	   596528.00	        1.00	       17.00	        1.00
  1.94	       18.00	        0.00	   596512.00	        1.00	       17.00	        1.00
  1.95	       18.00	        0.00	   596502.00	        1.00	       17.00	        1.00
  1.96	       18.00	        0.00	   596485.00	        1.00	       17.00	        1.00
  1.97	       18.00	        0.00	   596473.00	        1.00	       17.00	        1.00
  1.98	       18.00	        0.00	   596455.00	        1.00	       17.00	        1.00
  1.99	       18.00	        0.00	   596437.00	        1.00	       17.00	        1.00
  2.00	       18.00	        0.00	   596419.00	        1.00	       17.00	        1.00
  2.01	       18.00	        0.00	   596397.00	        1.00	       17.00	        1.00
  2.02	       18.00	        0.00	   596370.00	        1.00	       17.00	        1.00
  2.03	       18.00	        0.00	   596352.00	        1.00	       17.00	        1.00
  2.04	       18.00	        0.00	   596329.00	        1.00	       17.00	        1.00
  2.05	       19.00	        0.00	   596312.00	        1.00	       18.00	        1.00
  2.06	       20.00	        0.00	   596292.00	        1.00	       19.00	        1.00
  2.07	       20.00	        0.00	   596270.00	        1.00	       19.00	        1.00
  2.08	       21.00	        0.00	   596259.00	        1.00	       20.00	        1.00
  2.09	       23.00	        0.00	   596245.00	        1.00	       22.00	        1.00
  2.10	       23.00	        0.00	   596224.00	        1.00	       22.00	        1.00
  2.11	       23.00	        0.00	   596212.00	        1.00	       22.00	        1.00
  2.12	       23.00	        0.00	   596199.00	        1.00	       22.00	        1.00
  2.13	       23.00	        0.00	   596178.00	        1.00	       22.00	        1.00
  2.14	       23.00	        0.00	   596163.00	        1.00	       22.00	        1.00
  2.15	       23.00	        0.00	   596153.00	        1.00	       22.00	        1.00
  2.16	       24.00	        0.00	   596137.00	        1.00	       23.00	        1.00
  2.17	       24.00	        0.00	   596118.00	        1.00	       23.00	        1.00
  2.18	       25.00	        0.00	   596101.00	        1.00	       24.00	        1.00
  2.19	       25.00	        0.00	   596086.00	        1.00	       24.00	        1.00
  2.20	       25.00	        0.00	   596072.00	        1.00	       24.00	        1.00
  2.21	       26.00	        0.00	   596060.00	        1.00	       25.00	        1.00
  2.22	       26.00	        0.00	   596035.00	        1.00	       25.00	        1.00
  2.23	       26.00	        0.00	   596016.00	        1.00	       25.00	        1.00
  2.24	       27.00	        0.00	   595991.00	        1.00	       26.00	        1.00
  2.25	       27.00	        0.00	   595977.00	        1.00	       26.00	        1.00
  2.26	       27.00	        0.00	   595953.00	        1.00	       26.00	        1.00
  2.27	       28.00	        0.00	   595936.00	        1.00	       27.00	        1.00
  2.28	       28.00	        0.00	   595912.00	        1.00	       27.00	        1.00
  2.29	       28.00	        0.00	   595894.00	        1.00	       27.00	        1.00
  2.30	       29.00	        0.00	   595884.00	        1.00	       28.00	        1.00
  2.31	       29.00	        0.00	   595870.00	        1.00	       28.00	        1.00
  2.32	       29.00	        0.00	   595853.00	        1.00	       28.00	        1.00
  2.33	       29.00	        0.00	   595837.00	        1.00	       28.00	        1.00
  2.34	       31.00	        0.00	   595814.00	        1.00	       30.00	        1.00
  2.35	       32.00	        0.00	   595795.00	        1.00	       31.00	        1.00
  2.36	       32.00	        0.00	   595772.00	        1.00	       31.00	        1.00
  2.37	       34.00	        0.00	   595748.00	        1.00	       33.00	        1.00
  2.38	       34.00	        0.00	   595730.00	        1.00	       33.00	        1.00
  2.39	       34.00	        0.00	   595713.00	        1.00	       33.00	        1.00
  2.40	       34.00	        0.00	   595702.00	        1.00	       33.00	        1.00
  2.41	       34.00	        0.00	   595685.00	        1.00	       33.00	        1.00
  2.42	       34.00	        0.00	   595666.00	        1.00	       33.00	        1.00
  2.43	       34.00	        0.00	   595646.00	        1.00	       33.00	        1.00
  2.44	       37.00	        0.00	   595634.00	        1.00	       36.00	        1.00
  2.45	       38.00	        0.00	   595620.00	        1.00	       37.00	        1.00
  2.46	       39.00	        0.00	   595608.00	        1.00	       38.00	        1.00
  2.47	       39.00	        0.00	   595589.00	        1.00	       38.00	        1.00
  2.48	       39.00	        0.00	   595573.00	        1.00	       38.00	        1.00
  2.49	       40.00	        0.00	   595554.00	        1.00	       39.00	        1.00
  2.50	       40.00	        0.00	   595542.00	        1.00	       39.00	        1.00
  2.51	       41.00	        0.00	   595528.00	        1.00	       40.00	        1.00
  2.52	       42.00	        0.00	   595509.00	        1.00	       41.00	        1.00
  2.53	       43.00	        0.00	   595493.00	        1.00	       42.00	        1.00
  2.54	       43.00	        0.00	   595480.00	        1.00	       42.00	        1.00
  2.55	       44.00	        0.00	   595470.00	        1.00	       43.00	        1.00
  2.56	       45.00	        0.00	   595451.00	        1.00	       44.00	        1.00
  2.57	       46.00	        0.00	   595433.00	        1.00	       45.00	        1.00
  2.58	       48.00	        0.00	   595416.00	        1.00	       47.00	        1.00
  2.59	       50.00	        0.00	   595393.00	        1.00	       49.00	        1.00
  2.60	       50.00	        0.00	   595375.00	        1.00	       49.00	        1.00
  2.61	       50.00	        0.00	   595358.00	        1.00	       49.00	        1.00
  2.62	       53.00	        0.00	   595335.00	        1.00	       52.00	        1.00
  2.63	       55.00	        0.00	   595315.00	        1.00	       54.00	        1.00
  2.64	       55.00	        0.00	   595297.00	        1.00	       54.00	        1.00
  2.65	       56.00	        0.00	   595279.00	        1.00	       55.00	        1.00
  2.66	       56.00	        0.00	   595255.00	        1.00	       55.00	        1.00
  2.67	       56.00	        0.00	   595240.00	        1.00	       55.00	        1.00
  2.68	       57.00	        0.00	   595216.00	        1.00	       56.00	        1.00
  2.69	       58.00	        0.00	   595197.00	        1.00	       57.00	        1.00
  2.70	       58.00	        0.00	   595183.00	        1.00	       57.00	        1.00
  2.71	       59.00	        0.00	   595160.00	        1.00	       58.00	        1.00
  2.72	       60.00	        0.00	   595139.00	        1.00	       59.00	        1.00
  2.73	       60.00	        0.00	   595110.00	        1.00	       59.00	        1.00
  2.74	       60.00	        0.00	   595093.00	        1.00	       59.00	        1.00
  2.75	       60.00	        0.00	   595068.00	        1.00	       59.00	        1.00
  2.76	       63.00	        0.00	   595052.00	        1.00	       62.00	        1.00
  2.77	       64.00	        0.00	   595042.00	        1.00	       63.00	        1.00
  2.78	       65.00	        0.00	   595018.00	        1.00	       64.00	        1.00
  2.79	       65.00	        0.00	   595002.00	        1.00	       64.00	        1.00
  2.80	       66.00	        0.00	   594981.00	        1.00	       65.00	        1.00
  2.81	       67.00	        0.00	   594969.00	        1.00	       66.00	        1.00
  2.82	       68.00	        1.00	   594951.00	        1.00	       68.00	        1.00
  2.83	       70.00	        1.00	   594934.00	        1.00	       70.00	        1.00
  2.84	       71.00	        1.00	   594913.00	        1.00	       71.00	        1.00
  2.85	       71.00	        1.00	   594902.00	        1.00	       71.00	        1.00
  2.86	       73.00	        1.00	   594883.00	        1.00	       73.00	        1.00
  2.87	       76.00	        1.00	   594871.00	        1.00	       76.00	        1.00
  2.88	       76.00	        1.00	   594857.00	        1.00	       76.00	        1.00
  2.89	       77.00	        1.00	   594835.00	        1.00	       77.00	        1.00
  2.90	       77.00	        1.00	   594814.00	        1.00	       77.00	        1.00
  2.91	       79.00	        1.00	   594798.00	        1.00	       79.00	        1.00
  2.92	       79.00	        1.00	   594782.00	        1.00	       79.00	        1.00
  2.93	       80.00	        1.00	   594765.00	        1.00	       80.00	        1.00
  2.94	       82.00	        1.00	   594752.00	        1.00	       82.00	        1.00
  2.95	       84.00	        1.00	   594738.00	        1.00	       84.00	        1.00
  2.96	       85.00	        1.00	   594719.00	        1.00	       85.00	        1.00
  2.97	       85.00	        1.00	   594702.00	        1.00	       85.00	        1.00
  2.98	       87.00	        1.00	   594680.00	        1.00	       87.00	        1.00
  2.99	       87.00	        1.00	   594661.00	        1.00	       87.00	        1.00
  3.00	       87.00	        1.00	   594643.00	        1.00	       87.00	        1.00
  3.01	       90.00	        1.00	   594630.00	        1.00	       90.00	        1.00
  3.02	       91.00	        1.00	   594618.00	        1.00	       91.00	        1.00
  3.03	       92.00	        1.00	   594602.00	        1.00	       92.00	        1.00
  3.04	       94.00	        1.00	   594593.00	        1.00	       94.00	        1.00
  3.05	       95.00	        1.00	   594568.00	        1.00	       95.00	        1.00
  3.06	       96.00	        1.00	   594551.00	        1.00	       96.00	        1.00
  3.07	       98.00	        1.00	   594536.00	        1.00	       98.00	        1.00
  3.08	       99.00	        1.00	   594516.00	        1.00	       99.00	        1.00
  3.09	      100.00	        1.00	   594496.00	        1.00	      100.00	        1.00
  3.10	      101.00	        1.00	   594482.00	        1.00	      101.00	        1.00
  3.11	      103.00	        1.00	   594455.00	        1.00	      103.00	        1.00
  3.12	      105.00	        1.00	   594443.00	        1.00	      105.00	        1.00
  3.13	      107.00	        1.00	   594431.00	        1.00	      107.00	        1.00
  3.14	      107.00	        1.00	   594423.00	        1.00	      107.00	        1.00
  3.15	      107.00	        1.00	   594407.00	        1.00	      107.00	        1.00
  3.16	      108.00	        1.00	   594391.00	        1.00	      108.00	        1.00
  3.17	      111.00	        1.00	   594380.00	        1.00	      111.00	        1.00
  3.18	      112.00	        1.00	   594361.00	        1.00	      112.00	        1.00
  3.19	      112.00	        2.00	   594350.00	        1.00	      112.00	        1.00
  3.20	      114.00	        2.00	   594332.00	        1.00	      114.00	        1.00
  3.21	      115.00	        2.00	   594323.00	        1.00	      115.00	        1.00
  3.22	      116.00	        2.00	   594309.00	        1.00	      116.00	        1.00
  3.23	      116.00	        2.00	   594293.00	        1.00	      116.00	        1.00
  3.24	      118.00	        2.00	   594283.00	        1.00	      118.00	        1.00
  3.25	      120.00	        2.00	   594265.00	        1.00	      120.00	        1.00
  3.26	      123.00	        2.00	   594244.00	        1.00	      123.00	        1.00
  3.27	      124.00	        2.00	   594227.00	        1.00	      124.00	        1.00
  3.28	      124.00	        2.00	   594214.00	        1.00	      124.00	        1.00
  3.29	      124.00	        2.00	   594193.00	        1.00	      124.00	        1.00
  3.30	      124.00	        3.00	   594176.00	        1.00	      125.00	        1.00
  3.31	      129.00	        3.00	   594158.00	        1.00	      130.00	        1.00
  3.32	      132.00	        3.00	   594142.00	        1.00	      133.00	        1.00
  3.33	      134.00	        3.00	   594128.00	        1.00	      135.00	        1.00
  3.34	      140.00	        3.00	   594114.00	        1.00	      141.00	        1.00
  3.35	      141.00	        3.00	   594101.00	        1.00	      142.00	        1.00
  3.36	      142.00	        3.00	   594083.00	        1.00	      143.00	        1.00
  3.37	      144.00	        3.00	   594068.00	        1.00	      145.00	        1.00
  3.38	      148.00	        3.00	   594052.00	        1.00	      149.00	        1.00
  3.39	      148.00	        3.00	   594045.00	        1.00	      149.00	        1.00
  3.40	      149.00	        3.00	   594022.00	        1.00	      150.00	        1.00
  3.41	      150.00	        3.00	   594009.00	        1.00	      151.00	        1.00
  3.42	      152.00	        3.00	   593991.00	        1.00	      153.00	        1.00
  3.43	      154.00	        3.00	   593975.00	        1.00	      155.00	        1.00
  3.44	      157.00	        3.00	   593963.00	        1.00	      158.00	        1.00
  3.45	      160.00	        3.00	   593942.00	        1.00	      161.00	        1.00
  3.46	      161.00	        3.00	   593929.00	        1.00	      162.00	        1.00
  3.47	      164.00	        3.00	   593918.00	        1.00	      165.00	        1.00
  3.48	      163.00	        4.00	   593904.00	        1.00	      165.00	        1.00
  3.49	      167.00	        4.00	   593889.00	        1.00	      169.00	        1.00
  3.50	      169.00	        4.00	   593871.00	        1.00	      171.00	        1.00
  3.51	      173.00	        4.00	   593848.00	        1.00	      175.00	        1.00
  3.52	      176.00	        4.00	   593823.00	        1.00	      178.00	        1.00
  3.53	      178.00	        4.00	   593805.00	        1.00	      180.00	        1.00
  3.54	      182.00	        4.00	   593792.00	        1.00	      184.00	        1.00
  3.55	      186.00	        4.00	   593778.00	        1.00	      188.00	        1.00
  3.56	      189.00	        4.00	   593760.00	        1.00	      191.00	        1.00
  3.57	      194.00	        4.00	   593743.00	        1.00	      196.00	        1.00
  3.58	      196.00	        4.00	   593729.00	        1.00	      198.00	        1.00
  3.59	      198.00	        4.00	   593714.00	        1.00	      200.00	        1.00
  3.60	      202.00	        4.00	   593702.00	        1.00	      204.00	        1.00
  3.61	      205.00	        4.00	   593690.00	        1.00	      207.00	        1.00
  3.62	      209.00	        4.00	   593672.00	        1.00	      211.00	        1.00
  3.63	      212.00	        4.00	   593654.00	        1.00	      214.00	        1.00
  3.64	      222.00	        4.00	   593638.00	        1.00	      224.00	        1.00
  3.65	      224.00	        4.00	   593626.00	        1.00	      226.00	        1.00
  3.66	      230.00	        4.00	   593606.00	        1.00	      232.00	        1.00
  3.67	      232.00	        4.00	   593586.00	        1.00	      234.00	        1.00
  3.68	      236.00	        4.00	   593573.00	        1.00	      238.00	        1.00
  3.69	      240.00	        4.00	   593553.00	        1.00	      242.00	        1.00
  3.70	      245.00	        4.00	   593537.00	        1.00	      247.00	        1.00
  3.71	      247.00	        4.00	   593516.00	        1.00	      249.00	        1.00
  3.72	      253.00	        4.00	   593506.00	        1.00	      255.00	        1.00
  3.73	      256.00	        4.00	   593490.00	        1.00	      258.00	        1.00
  3.74	      256.00	        5.00	   593471.00	        1.00	      259.00	        1.00
  3.75	      262.00	        5.00	   593459.00	        1.00	      265.00	        1.00
  3.76	      265.00	        5.00	   593438.00	        1.00	      268.00	        1.00
  3.77	      272.00	        5.00	   593421.00	        1.00	      275.00	        1.00
  3.78	      273.00	        5.00	   593402.00	        1.00	      276.00	        1.00
  3.79	      278.00	        5.00	   593387.00	        1.00	      281.00	        1.00
  3.80	      284.00	        5.00	   593373.00	        1.00	      287.00	        1.00
  3.81	      289.00	        5.00	   593362.00	        1.00	      292.00	        1.00
  3.82	      296.00	        5.00	   593350.00	        1.00	      299.00	        1.00
  3.83	      301.00	        5.00	   593327.00	        1.00	      304.00	        1.00
  3.84	      309.00	        5.00	   593314.00	        1.00	      312.00	        1.00
  3.85	      315.00	        5.00	   593293.00	        1.00	      318.00	        1.00
  3.86	      319.00	        5.00	   593278.00	        1.00	      322.00	        1.00
  3.87	      324.00	        5.00	   593256.00	        1.00	      327.00	        1.00
  3.88	      326.00	        5.00	   593242.00	        1.00	      329.00	        1.00
  3.89	      328.00	        5.00	   593216.00	        1.00	      331.00	        1.00
  3.90	      337.00	        5.00	   593197.00	        1.00	      340.00	        1.00
  3.91	      346.00	        5.00	   593181.00	        1.00	      349.00	        1.00
  3.92	      353.00	        5.00	   593160.00	        1.00	      356.00	        1.00
  3.93	      359.00	        5.00	   593144.00	        1.00	      362.00	        1.00
  3.94	      364.00	        5.00	   593116.00	        1.00	      367.00	        1.00
  3.95	      371.00	        5.00	   593104.00	        1.00	      374.00	        1.00
  3.96	      375.00	        8.00	   593078.00	        1.00	      381.00	        1.00
  3.97	      387.00	        8.00	   593055.00	        1.00	      393.00	        1.00
  3.98	      392.00	        8.00	   593038.00	        1.00	      398.00	        1.00
  3.99	      405.00	        8.00	   593026.00	        1.00	      411.00	        1.00
  4.00	      410.00	        8.00	   593013.00	        1.00	      416.00	        1.00
  4.01	      416.00	        8.00	   592999.00	        1.00	      422.00	        1.00
  4.02	      423.00	        8.00	   592984.00	        1.00	      429.00	        1.00
  4.03	      434.00	        8.00	   592963.00	        1.00	      440.00	        1.00
  4.04	      443.00	        8.00	   592941.00	        1.00	      449.00	        1.00
  4.05	      448.00	       10.00	   592922.00	        1.00	      456.00	        1.00
  4.06	      455.00	       10.00	   592904.00	        1.00	      463.00	        1.00
  4.07	      462.00	       10.00	   592885.00	        1.00	      470.00	        1.00
  4.08	      470.00	       10.00	   592864.00	        1.00	      478.00	        1.00
  4.09	      475.00	       10.00	   592845.00	        1.00	      483.00	        1.00
  4.10	      484.00	       10.00	   592833.00	        1.00	      492.00	        1.00
  4.11	      488.00	       13.00	   592816.00	        1.00	      499.00	        1.00
  4.12	      495.00	       13.00	   592793.00	        1.00	      506.00	        1.00
  4.13	      499.00	       13.00	   592779.00	        1.00	      510.00	        1.00
  4.14	      506.00	       13.00	   592764.00	        1.00	      517.00	        1.00
  4.15	      511.00	       13.00	   592743.00	        1.00	      522.00	        1.00
  4.16	      517.00	       13.00	   592723.00	        1.00	      528.00	        1.00
  4.17	      348.00	      189.00	   592898.00	        1.00	      536.00	        1.00
  4.18	      351.00	      189.00	   592878.00	        1.00	      539.00	        1.00
  4.19	      352.00	      189.00	   592856.00	        1.00	      540.00	        1.00
  4.20	      355.00	      189.00	   592833.00	        1.00	      543.00	        1.00
  4.21	      361.00	      189.00	   592816.00	        1.00	      549.00	        1.00
  4.22	      371.00	      189.00	   592803.00	        1.00	      559.00	        1.00
  4.23	      380.00	      189.00	   592779.00	        1.00	      568.00	        1.00
  4.24	      385.00	      189.00	   592763.00	        1.00	      573.00	        1.00
  4.25	      392.00	      189.00	   592750.00	        1.00	      580.00	        1.00
  4.26	      401.00	      189.00	   592735.00	        1.00	      589.00	        1.00
  4.27	      408.00	      189.00	   592716.00	        1.00	      596.00	        1.00
  4.28	      413.00	      189.00	   592700.00	        1.00	      601.00	        1.00
  4.29	      422.00	      189.00	   592689.00	        1.00	      610.00	        1.00
  4.30	      432.00	      189.00	   592673.00	        1.00	      620.00	        1.00
  4.31	      436.00	      190.00	   592658.00	        1.00	      625.00	        1.00
  4.32	      445.00	      190.00	   592638.00	        1.00	      634.00	        1.00
  4.33	      455.00	      190.00	   592615.00	        1.00	      644.00	        1.00
  4.34	      464.00	      190.00	   592607.00	        1.00	      653.00	        1.00
  4.35	      475.00	      190.00	   592592.00	        1.00	      664.00	        1.00
  4.36	      480.00	      190.00	   592569.00	        1.00	      669.00	        1.00
  4.37	      486.00	      190.00	   592552.00	        1.00	      675.00	        1.00
  4.38	      491.00	      190.00	   592532.00	        1.00	      680.00	        1.00
  4.39	      496.00	      191.00	   592514.00	        1.00	      686.00	        1.00
  4.40	      357.00	      338.00	   592697.00	        1.00	      695.00	        1.00
  4.41	      362.00	      339.00	   592682.00	        1.00	      701.00	        1.00
  4.42	      365.00	      339.00	   592664.00	        1.00	      704.00	        1.00
  4.43	      371.00	      339.00	   592651.00	        1.00	      710.00	        1.00
  4.44	      269.00	      444.00	   592830.00	        1.00	      714.00	        1.00
  4.45	      274.00	      444.00	   592813.00	        1.00	      719.00	        1.00
  4.46	      278.00	      444.00	   592799.00	        1.00	      723.00	        1.00
  4.47	      285.00	      444.00	   592786.00	        1.00	      730.00	        1.00
  4.48	      287.00	      445.00	   592768.00	        1.00	      733.00	        1.00
  4.49	      292.00	      445.00	   592742.00	        1.00	      738.00	        1.00
  4.50	      299.00	      445.00	   592730.00	        1.00	      745.00	        1.00
  4.51	      300.00	      447.00	   592710.00	        1.00	      748.00	        1.00
  4.52	      302.00	      447.00	   592690.00	        1.00	      750.00	        1.00
  4.53	      310.00	      447.00	   592674.00	        1.00	      758.00	        1.00
  4.54	      313.00	      447.00	   592659.00	        1.00	      761.00	        1.00
  4.55	      317.00	      447.00	   592644.00	        1.00	      765.00	        1.00
  4.56	      322.00	      448.00	   592623.00	        1.00	      771.00	        1.00
  4.57	      255.00	      524.00	   592803.00	        1.00	      781.00	        1.00
  4.58	      259.00	      524.00	   592778.00	        1.00	      785.00	        1.00
  4.59	      262.00	      524.00	   592760.00	        1.00	      788.00	        1.00
  4.60	      268.00	      524.00	   592744.00	        1.00	      794.00	        1.00
  4.61	      202.00	      592.00	   592928.00	        1.00	      797.00	        1.00
  4.62	      211.00	      592.00	   592906.00	        1.00	      806.00	        1.00
  4.63	      217.00	      592.00	   592884.00	        1.00	      812.00	        1.00
  4.64	      223.00	      592.00	   592863.00	        1.00	      818.00	        1.00
  4.65	      167.00	      648.00	   593038.00	        1.00	      819.00	        1.00
  4.66	      167.00	      649.00	   593017.00	        1.00	      820.00	        1.00
  4.67	      168.00	      649.00	   593005.00	        1.00	      821.00	        1.00
  4.68	       87.00	      733.00	   593383.00	        1.00	      826.00	        1.00
  4.69	       65.00	      756.00	   593568.00	        1.00	      828.00	        1.00
  4.70	       66.00	      756.00	   593546.00	        1.00	      829.00	        1.00
  4.71	       51.00	      770.00	   593732.00	        1.00	      829.00	        1.00
  4.72	       52.00	      770.00	   593717.00	        1.00	      830.00	        1.00
  4.73	       54.00	      770.00	   593694.00	        1.00	      832.00	        1.00
  4.74	       54.00	      770.00	   593674.00	        1.00	      832.00	        1.00
  4.75	       38.00	      785.00	   593849.00	        1.00	      832.00	        1.00
  4.76	       38.00	      785.00	   593829.00	        1.00	      832.00	        1.00
  4.77	       38.00	      785.00	   593812.00	        1.00	      832.00	        1.00
  4.78	       38.00	      785.00	   593790.00	        1.00	      832.00	        1.00
  4.79	       30.00	      793.00	   593972.00	        1.00	      833.00	        1.00
  4.80	       21.00	      800.00	   594351.00	        1.00	      833.00	        1.00
  4.81	       19.00	      802.00	   594536.00	        1.00	      834.00	        1.00
  4.82	       10.00	      809.00	   594912.00	        1.00	      834.00	        1.00
  4.83	        4.00	      812.00	   595490.00	        1.00	      834.00	        1.00
  4.84	        4.00	      811.00	   595654.00	        1.00	      834.00	        1.00
  4.85	        3.00	      811.00	   595831.00	        1.00	      834.00	        1.00
  4.86	        3.00	      811.00	   595811.00	        1.00	      834.00	        1.00
  4.87	        1.00	      812.00	   595987.00	        1.00	      834.00	        1.00
  4.88	        0.00	      810.00	   596574.00	        0.00	      834.00	        1.00
  4.89	        0.00	      805.00	   597554.00	        0.00	      834.00	        1.00
  4.90	        0.00	      804.00	   597732.00	        0.00	      834.00	        1.00
  4.91	        0.00	      803.00	   597913.00	        0.00	      834.00	        1.00
  4.92	        0.00	      803.00	   597896.00	        0.00	      834.00	        1.00
  4.93	        0.00	      802.00	   598079.00	        0.00	      834.00	        1.00
  4.94	        0.00	      802.00	   598049.00	        0.00	      834.00	        1.00
  4.95	        0.00	      800.00	   598428.00	        0.00	      834.00	        1.00
  4.96	        0.00	      799.00	   598610.00	        0.00	      834.00	        1.00
  4.97	        0.00	      799.00	   598593.00	        0.00	      834.00	        1.00
  4.98	        0.00	      797.00	   598977.00	        0.00	      834.00	        1.00
  4.99	        0.00	      797.00	   598963.00	        0.00	      834.00	        1.00
  5.00	        0.00	      794.00	   599546.00	        0.00	      834.00	        1.00
  5.01	        0.00	      793.00	   599717.00	        0.00	      834.00	        1.00
  5.02	        0.00	      788.00	   600697.00	        0.00	      834.00	        1.00
  5.03	        0.00	      784.00	   601473.00	        0.00	      834.00	        1.00
  5.04	        0.00	      778.00	   602639.00	        0.00	      834.00	        1.00
  5.05	        0.00	      778.00	   602604.00	        0.00	      834.00	        1.00
  5.06	        0.00	      774.00	   603376.00	        0.00	      834.00	        1.00
  5.07	        0.00	      772.00	   603744.00	        0.00	      834.00	        1.00
  5.08	        0.00	      770.00	   604109.00	        0.00	      834.00	        1.00
  5.09	        0.00	      768.00	   604479.00	        0.00	      834.00	        1.00
  5.10	        0.00	      767.00	   604652.00	        0.00	      834.00	        1.00
  5.11	        0.00	      762.00	   605629.00	        0.00	      834.00	        1.00
  5.12	        0.00	      756.00	   606795.00	        0.00	      834.00	        1.00
  5.13	        0.00	      752.00	   607557.00	        0.00	      834.00	        1.00
  5.14	        0.00	      749.00	   608136.00	        0.00	      834.00	        1.00
  5.15	        0.00	      748.00	   608308.00	        0.00	      834.00	        1.00
  5.16	        0.00	      743.00	   609282.00	        0.00	      834.00	        1.00
  5.17	        0.00	      739.00	   610051.00	        0.00	      834.00	        1.00
  5.18	        0.00	      732.00	   611431.00	        0.00	      834.00	        1.00
  5.19	        0.00	      731.00	   611588.00	        0.00	      834.00	        1.00
  5.20	        0.00	      726.00	   612565.00	        0.00	      834.00	        1.00
  5.21	        0.00	      722.00	   613336.00	        0.00	      834.00	        1.00
  5.22	        0.00	      714.00	   614885.00	        0.00	      834.00	        1.00
  5.23	        0.00	      710.00	   615652.00	        0.00	      834.00	        1.00
  5.24	        0.00	      705.00	   616615.00	        0.00	      834.00	        1.00
  5.25	        0.00	      701.00	   617388.00	        0.00	      834.00	        1.00
  5.26	        0.00	      693.00	   618955.00	        0.00	      834.00	        1.00
  5.27	        0.00	      686.00	   620321.00	        0.00	      834.00	        1.00
  5.28	        0.00	      680.00	   621488.00	        0.00	      834.00	        1.00
  5.29	        0.00	      676.00	   622255.00	        0.00	      834.00	        1.00
  5.30	        0.00	      670.00	   623421.00	        0.00	      834.00	        1.00
  5.31	        0.00	      663.00	   624775.00	        0.00	      834.00	        1.00
  5.32	        0.00	      656.00	   626130.00	        0.00	      834.00	        1.00
  5.33	        0.00	      653.00	   626682.00	        0.00	      834.00	        1.00
  5.34	        0.00	      649.00	   627440.00	        0.00	      834.00	        1.00
  5.35	        0.00	      646.00	   628004.00	        0.00	      834.00	        1.00
  5.36	        0.00	      640.00	   629168.00	        0.00	      834.00	        1.00
  5.37	        0.00	      632.00	   630724.00	        0.00	      834.00	        1.00
  5.38	        0.00	      624.00	   632275.00	        0.00	      834.00	        1.00
  5.39	        0.00	      618.00	   633443.00	        0.00	      834.00	        1.00
  5.40	        0.00	      611.00	   634793.00	        0.00	      834.00	        1.00
  5.41	        0.00	      607.00	   635545.00	        0.00	      834.00	        1.00
  5.42	        0.00	      598.00	   637296.00	        0.00	      834.00	        1.00
  5.43	        0.00	      592.00	   638463.00	        0.00	      834.00	        1.00
  5.44	        0.00	      581.00	   640611.00	        0.00	      834.00	        1.00
  5.45	        0.00	      575.00	   641757.00	        0.00	      834.00	        1.00
  5.46	        0.00	      567.00	   643307.00	        0.00	      834.00	        1.00
  5.47	        0.00	      561.00	   644443.00	        0.00	      834.00	        1.00
  5.48	        0.00	      554.00	   645790.00	        0.00	      834.00	        1.00
  5.49	        0.00	      547.00	   647146.00	        0.00	      834.00	        1.00
  5.50	        0.00	      534.00	   649698.00	        0.00	      834.00	        1.00
  5.51	        0.00	      527.00	   651046.00	        0.00	      834.00	        1.00
  5.52	        0.00	      520.00	   652390.00	        0.00	      834.00	        1.00
  5.53	        0.00	      509.00	   654517.00	        0.00	      834.00	        1.00
  5.54	        0.00	      499.00	   656457.00	        0.00	      834.00	        1.00
  5.55	        0.00	      488.00	   658601.00	        0.00	      834.00	        1.00
  5.56	        0.00	      484.00	   659333.00	        0.00	      834.00	        1.00
  5.57	        0.00	      477.00	   660682.00	        0.00	      834.00	        1.00
  5.58	        0.00	      467.00	   662628.00	        0.00	      834.00	        1.00
  5.59	        0.00	      457.00	   664567.00	        0.00	      834.00	        1.00
  5.60	        0.00	      442.00	   667497.00	        0.00	      834.00	        1.00
  5.61	        0.00	      434.00	   669013.00	        0.00	      834.00	        1.00
  5.62	        0.00	      426.00	   670545.00	        0.00	      834.00	        1.00
  5.63	        0.00	      416.00	   672486.00	        0.00	      834.00	        1.00
  5.64	        0.00	      408.00	   674027.00	        0.00	      834.00	        1.00
  5.65	        0.00	      401.00	   675359.00	        0.00	      834.00	        1.00
  5.66	        0.00	      391.00	   677293.00	        0.00	      834.00	        1.00
  5.67	        0.00	      380.00	   679429.00	        0.00	      834.00	        1.00
  5.68	        0.00	      376.00	   680149.00	        0.00	      834.00	        1.00
  5.69	        0.00	      368.00	   681684.00	        0.00	      834.00	        1.00
  5.70	        0.00	      361.00	   683009.00	        0.00	      834.00	        1.00
  5.71	        0.00	      357.00	   683735.00	        0.00	      834.00	        1.00
  5.72	        0.00	      350.00	   685061.00	        0.00	      834.00	        1.00
  5.73	        0.00	      342.00	   686579.00	        0.00	      834.00	        1.00
  5.74	        0.00	      339.00	   687113.00	        0.00	      834.00	        1.00
  5.75	        0.00	      332.00	   688432.00	        0.00	      834.00	        1.00
  5.76	        0.00	      322.00	   690359.00	        0.00	      834.00	        1.00
  5.77	        0.00	      316.00	   691485.00	        0.00	      834.00	        1.00
  5.78	        0.00	      306.00	   693407.00	        0.00	      834.00	        1.00
  5.79	        0.00	      303.00	   693921.00	        0.00	      834.00	        1.00
  5.80	        0.00	      295.00	   695461.00	        0.00	      834.00	        1.00
  5.81	        0.00	      289.00	   696585.00	        0.00	      834.00	        1.00
  5.82	        0.00	      282.00	   697917.00	        0.00	      834.00	        1.00
  5.83	        0.00	      274.00	   699444.00	        0.00	      834.00	        1.00
  5.84	        0.00	      263.00	   701566.00	        0.00	      834.00	        1.00
  5.85	        0.00	      257.00	   702694.00	        0.00	      834.00	        1.00
  5.86	        0.00	      248.00	   704420.00	        0.00	      834.00	        1.00
  5.87	        0.00	      240.00	   705934.00	        0.00	      834.00	        1.00
  5.88	        0.00	      236.00	   706672.00	        0.00	      834.00	        1.00
  5.89	        0.00	      228.00	   708208.00	        0.00	      834.00	        1.00
  5.90	        0.00	      224.00	   708938.00	        0.00	      834.00	        1.00
  5.91	        0.00	      223.00	   709070.00	        0.00	      834.00	        1.00
  5.92	        0.00	      223.00	   708993.00	        0.00	      834.00	        1.00
  5.93	        0.00	      216.00	   710315.00	        0.00	      834.00	        1.00
  5.94	        0.00	      206.00	   712245.00	        0.00	      834.00	        1.00
  5.95	        0.00	      203.00	   712777.00	        0.00	      834.00	        1.00
  5.96	        0.00	      201.00	   713104.00	        0.00	      834.00	        1.00
  5.97	        0.00	      197.00	   713832.00	        0.00	      834.00	        1.00
  5.98	        0.00	      196.00	   713958.00	        0.00	      834.00	        1.00
  5.99	        0.00	      190.00	   715097.00	        0.00	      834.00	        1.00
  6.00	        0.00	      186.00	   715830.00	        0.00	      834.00	        1.00
  6.01	        0.00	      178.00	   717370.00	        0.00	      834.00	        1.00
  6.02	        0.00	      176.00	   717701.00	        0.00	      834.00	        1.00
  6.03	        0.00	      169.00	   719039.00	        0.00	      834.00	        1.00
  6.04	        0.00	      164.00	   719967.00	        0.00	      834.00	        1.00
  6.05	        0.00	      158.00	   721089.00	        0.00	      834.00	        1.00
  6.06	        0.00	      155.00	   721620.00	        0.00	      834.00	        1.00
  6.07	        0.00	      149.00	   722754.00	        0.00	      834.00	        1.00
  6.08	        0.00	      149.00	   722687.00	        0.00	      834.00	        1.00
  6.09	        0.00	      146.00	   723226.00	        0.00	      834.00	        1.00
  6.10	        0.00	      142.00	   723962.00	        0.00	      834.00	        1.00
  6.11	        0.00	      136.00	   725097.00	        0.00	      834.00	        1.00
  6.12	        0.00	      134.00	   725442.00	        0.00	      834.00	        1.00
  6.13	        0.00	      130.00	   726189.00	        0.00	      834.00	        1.00
  6.14	        0.00	      127.00	   726728.00	        0.00	      834.00	        1.00
  6.15	        0.00	      122.00	   727660.00	        0.00	      834.00	        1.00
  6.16	        0.00	      118.00	   728400.00	        0.00	      834.00	        1.00
  6.17	        0.00	      114.00	   729132.00	        0.00	      834.00	        1.00
  6.18	        0.00	      112.00	   729467.00	        0.00	      834.00	        1.00
  6.19	        0.00	      109.00	   730009.00	        0.00	      834.00	        1.00
  6.20	        0.00	      108.00	   730156.00	        0.00	      834.00	        1.00
  6.21	        0.00	      103.00	   731106.00	        0.00	      834.00	        1.00
  6.22	        0.00	       97.00	   732246.00	        0.00	      834.00	        1.00
  6.23	        0.00	       96.00	   732402.00	        0.00	      834.00	        1.00
  6.24	        0.00	       94.00	   732751.00	        0.00	      834.00	        1.00
  6.25	        0.00	       88.00	   733892.00	        0.00	      834.00	        1.00
  6.26	        0.00	       83.00	   734828.00	        0.00	      834.00	        1.00
  6.27	        0.00	       78.00	   735780.00	        0.00	      834.00	        1.00
  6.28	        0.00	       70.00	   737331.00	        0.00	      834.00	        1.00
  6.29	        0.00	       67.00	   737866.00	        0.00	      834.00	        1.00
  6.30	        0.00	       63.00	   738615.00	        0.00	      834.00	        1.00
  6.31	        0.00	       62.00	   738759.00	        0.00	      834.00	        1.00
  6.32	        0.00	       61.00	   738897.00	        0.00	      834.00	        1.00
  6.33	        0.00	       59.00	   739235.00	        0.00	      834.00	        1.00
  6.34	        0.00	       58.00	   739393.00	        0.00	      834.00	        1.00
  6.35	        0.00	       56.00	   739745.00	        0.00	      834.00	        1.00
  6.36	        0.00	       52.00	   740491.00	        0.00	      834.00	        1.00
  6.37	        0.00	       49.00	   741038.00	        0.00	      834.00	        1.00
  6.38	        0.00	       48.00	   741198.00	        0.00	      834.00	        1.00
  6.39	        0.00	       47.00	   741341.00	        0.00	      834.00	        1.00
  6.40	        0.00	       46.00	   741497.00	        0.00	      834.00	        1.00
  6.41	        0.00	       44.00	   741841.00	        0.00	      834.00	        1.00
  6.42	        0.00	       43.00	   741997.00	        0.00	      834.00	        1.00
  6.43	        0.00	       41.00	   742346.00	        0.00	      834.00	        1.00
  6.44	        0.00	       36.00	   743299.00	        0.00	      834.00	        1.00
  6.45	        0.00	       34.00	   743660.00	        0.00	      834.00	        1.00
  6.46	        0.00	       34.00	   743600.00	        0.00	      834.00	        1.00
  6.47	        0.00	       33.00	   743737.00	        0.00	      834.00	        1.00
  6.48	        0.00	       32.00	   743897.00	        0.00	      834.00	        1.00
  6.49	        0.00	       32.00	   743851.00	        0.00	      834.00	        1.00
  6.50	        0.00	       31.00	   744010.00	        0.00	      834.00	        1.00
  6.51	        0.00	       27.00	   744764.00	        0.00	      834.00	        1.00
  6.52	        0.00	       26.00	   744933.00	        0.00	      834.00	        1.00
  6.53	        0.00	       26.00	   744883.00	        0.00	      834.00	        1.00
  6.54	        0.00	       23.00	   745430.00	        0.00	      834.00	        1.00
  6.55	        0.00	       23.00	   745384.00	        0.00	      834.00	        1.00
  6.56	        0.00	       22.00	   745542.00	        0.00	      834.00	        1.00
  6.57	        0.00	       21.00	   745705.00	        0.00	      834.00	        1.00
  6.58	        0.00	       21.00	   745653.00	        0.00	      834.00	        1.00
  6.59	        0.00	       20.00	   745807.00	        0.00	      834.00	        1.00
  6.60	        0.00	       19.00	   745971.00	        0.00	      834.00	        1.00
  6.61	        0.00	       16.00	   746537.00	        0.00	      834.00	        1.00
  6.62	        0.00	       16.00	   746494.00	        0.00	      834.00	        1.00
  6.63	        0.00	       15.00	   746658.00	        0.00	      834.00	        1.00
  6.64	        0.00	       14.00	   746819.00	        0.00	      834.00	        1.00
  6.65	        0.00	       14.00	   746784.00	        0.00	      834.00	        1.00
  6.66	        0.00	       14.00	   746752.00	        0.00	      834.00	        1.00
  6.67	        0.00	       14.00	   746714.00	        0.00	      834.00	        1.00
  6.68	        0.00	       13.00	   746882.00	        0.00	      834.00	        1.00
  6.69	        0.00	       13.00	   746845.00	        0.00	      834.00	        1.00
  6.70	        0.00	       13.00	   746802.00	        0.00	      834.00	        1.00
  6.71	        0.00	       12.00	   746964.00	        0.00	      834.00	        1.00
  6.72	        0.00	       12.00	   746935.00	        0.00	      834.00	        1.00
  6.73	        0.00	       12.00	   746903.00	        0.00	      834.00	        1.00
  6.74	        0.00	       12.00	   746878.00	        0.00	      834.00	        1.00
  6.75	        0.00	       12.00	   746853.00	        0.00	      834.00	        1.00
  6.76	        0.00	       12.00	   746814.00	        0.00	      834.00	        1.00
  6.77	        0.00	       12.00	   746787.00	        0.00	      834.00	        1.00
  6.78	        0.00	       11.00	   746963.00	        0.00	      834.00	        1.00
  6.79	        0.00	        9.00	   747332.00	        0.00	      834.00	        1.00
  6.80	        0.00	        9.00	   747296.00	        0.00	      834.00	        1.00
  6.81	        0.00	        8.00	   747458.00	        0.00	      834.00	        1.00
  6.82	        0.00	        7.00	   747631.00	        0.00	      834.00	        1.00
  6.83	        0.00	        7.00	   747605.00	        0.00	      834.00	        1.00
  6.84	        0.00	        6.00	   747764.00	        0.00	      834.00	        1.00
  6.85	        0.00	        6.00	   747735.00	        0.00	      834.00	        1.00
  6.86	        0.00	        6.00	   747696.00	        0.00	      834.00	        1.00
  6.87	        0.00	        6.00	   747657.00	        0.00	      834.00	        1.00
  6.88	        0.00	        5.00	   747832.00	        0.00	      834.00	        1.00
  6.89	        0.00	        5.00	   747794.00	        0.00	      834.00	        1.00
  6.90	        0.00	        4.00	   747960.00	        0.00	      834.00	        1.00
  6.91	        0.00	        4.00	   747929.00	        0.00	      834.00	        1.00
  6.92	        0.00	        4.00	   747904.00	        0.00	      834.00	        1.00
  6.93	        0.00	        4.00	   747867.00	        0.00	      834.00	        1.00
  6.94	        0.00	        4.00	   747838.00	        0.00	      834.00	        1.00
  6.95	        0.00	        3.00	   748012.00	        0.00	      834.00	        1.00
  6.96	        0.00	        3.00	   747986.00	        0.00	      834.00	        1.00
  6.97	        0.00	        3.00	   747967.00	        0.00	      834.00	        1.00
  6.98	        0.00	        3.00	   747938.00	        0.00	      834.00	        1.00
  6.99	        0.00	        3.00	   747913.00	        0.00	      834.00	        1.00
  7.00	        0.00	        3.00	   747887.00	        0.00	      834.00	        1.00
  7.01	        0.00	        3.00	   747856.00	        0.00	      834.00	        1.00
  7.02	        0.00	        3.00	   747834.00	        0.00	      834.00	        1.00
  7.03	        0.00	        3.00	   747803.00	        0.00	      834.00	        1.00
  7.04	        0.00	        3.00	   747777.00	        0.00	      834.00	        1.00
  7.05	        0.00	        3.00	   747750.00	        0.00	      834.00	        1.00
  7.06	        0.00	        3.00	   747718.00	        0.00	      834.00	        1.00
  7.07	        0.00	        2.00	   747891.00	        0.00	      834.00	        1.00
  7.08	        0.00	        2.00	   747865.00	        0.00	      834.00	        1.00
  7.09	        0.00	        2.00	   747832.00	        0.00	      834.00	        1.00
  7.10	        0.00	        2.00	   747798.00	        0.00	      834.00	        1.00
  7.11	        0.00	        2.00	   747767.00	        0.00	      834.00	        1.00
  7.12	        0.00	        2.00	   747741.00	        0.00	      834.00	        1.00
  7.13	        0.00	        2.00	   747722.00	        0.00	      834.00	        1.00
  7.14	        0.00	        2.00	   747700.00	        0.00	      834.00	        1.00
  7.15	        0.00	        2.00	   747682.00	        0.00	      834.00	        1.00
  7.16	        0.00	        2.00	   747659.00	        0.00	      834.00	        1.00
  7.17	        0.00	        2.00	   747630.00	        0.00	      834.00	        1.00
  7.18	        0.00	        2.00	   747599.00	        0.00	      834.00	        1.00
  7.19	        0.00	        2.00	   747568.00	        0.00	      834.00	        1.00
  7.20	        0.00	        2.00	   747541.00	        0.00	      834.00	        1.00
  7.21	        0.00	        2.00	   747521.00	        0.00	      834.00	        1.00
  7.22	        0.00	        1.00	   747691.00	        0.00	      834.00	        1.00
  7.23	        0.00	        1.00	   747665.00	        0.00	      834.00	        1.00
  7.24	        0.00	        1.00	   747647.00	        0.00	      834.00	        1.00
  7.25	        0.00	        1.00	   747628.00	        0.00	      834.00	        1.00
  7.26	        0.00	        1.00	   747596.00	        0.00	      834.00	        1.00
  7.27	        0.00	        1.00	   747575.00	        0.00	      834.00	        1.00
  7.28	        0.00	        1.00	   747552.00	        0.00	      834.00	        1.00
  7.29	        0.00	        1.00	   747515.00	        0.00	      834.00	        1.00
  7.30	        0.00	        1.00	   747495.00	        0.00	      834.00	        1.00
  7.31	        0.00	        1.00	   747472.00	        0.00	      834.00	        1.00
  7.32	        0.00	        1.00	   747453.00	        0.00	      834.00	        1.00
  7.33	        0.00	        1.00	   747417.00	        0.00	      834.00	        1.00
  7.34	        0.00	        1.00	   747399.00	        0.00	      834.00	        1.00
  7.35	        0.00	        1.00	   747377.00	        0.00	      834.00	        1.00
  7.36	        0.00	        1.00	   747349.00	        0.00	      834.00	        1.00
  7.37	        0.00	        1.00	   747323.00	        0.00	      834.00	        1.00
  7.38	        0.00	        1.00	   747301.00	        0.00	      834.00	        1.00
  7.39	        0.00	        1.00	   747273.00	        0.00	      834.00	        1.00
  7.40	        0.00	        1.00	   747244.00	        0.00	      834.00	        1.00
  7.41	        0.00	        1.00	   747226.00	        0.00	      834.00	        1.00
  7.42	        0.00	        1.00	   747202.00	        0.00	      834.00	        1.00
  7.43	        0.00	        1.00	   747183.00	        0.00	      834.00	        1.00
  7.44	        0.00	        1.00	   747161.00	        0.00	      834.00	        1.00
  7.45	        0.00	        1.00	   747127.00	        0.00	      834.00	        1.00
  7.46	        0.00	        1.00	   747113.00	        0.00	      834.00	        1.00
  7.47	        0.00	        1.00	   747088.00	        0.00	      834.00	        1.00
  7.48	        0.00	        1.00	   747056.00	        0.00	      834.00	        1.00
  7.49	        0.00	        1.00	   747031.00	        0.00	      834.00	        1.00
  7.50	        0.00	        1.00	   747005.00	        0.00	      834.00	        1.00
  7.51	        0.00	        1.00	   746984.00	        0.00	      834.00	        1.00
  7.52	        0.00	        1.00	   746954.00	        0.00	      834.00	        1.00
  7.53	        0.00	        1.00	   746933.00	        0.00	      834.00	        1.00
  7.54	        0.00	        1.00	   746919.00	        0.00	      834.00	        1.00
  7.55	        0.00	        1.00	   746885.00	        0.00	      834.00	        1.00
  7.56	        0.00	        1.00	   746858.00	        0.00	      834.00	        1.00
  7.57	        0.00	        1.00	   746837.00	        0.00	      834.00	        1.00
  7.58	        0.00	        1.00	   746813.00	        0.00	      834.00	        1.00
  7.59	        0.00	        1.00	   746788.00	        0.00	      834.00	        1.00
  7.60	        0.00	        1.00	   746764.00	        0.00	      834.00	        1.00
  7.61	        0.00	        1.00	   746747.00	        0.00	      834.00	        1.00
  7.62	        0.00	        1.00	   746725.00	        0.00	      834.00	        1.00
  7.63	        0.00	        1.00	   746703.00	        0.00	      834.00	        1.00
  7.64	        0.00	        1.00	   746680.00	        0.00	      834.00	        1.00
  7.65	        0.00	        1.00	   746654.00	        0.00	      834.00	        1.00
  7.66	        0.00	        1.00	   746634.00	        0.00	      834.00	        1.00
  7.67	        0.00	        1.00	   746610.00	        0.00	      834.00	        1.00
  7.68	        0.00	        1.00	   746585.00	        0.00	      834.00	        1.00
  7.69	        0.00	        1.00	   746554.00	        0.00	      834.00	        1.00
  7.70	        0.00	        1.00	   746523.00	        0.00	      834.00	        1.00
  7.71	        0.00	        1.00	   746500.00	        0.00	      834.00	        1.00
  7.72	        0.00	        1.00	   746478.00	        0.00	      834.00	        1.00
  7.73	        0.00	        1.00	   746451.00	        0.00	      834.00	        1.00
  7.74	        0.00	        1.00	   746425.00	        0.00	      834.00	        1.00
  7.75	        0.00	        1.00	   746401.00	        0.00	      834.00	        1.00
  7.76	        0.00	        1.00	   746374.00	        0.00	      834.00	        1.00
  7.77	        0.00	        1.00	   746348.00	        0.00	      834.00	        1.00
  7.78	        0.00	        1.00	   746329.00	        0.00	      834.00	        1.00
  7.79	        0.00	        1.00	   746300.00	        0.00	      834.00	        1.00
  7.80	        0.00	        0.00	   746477.00	        0.00	      834.00	        0.00
