Datatype: PopulationSize
  0.00	   316228.00	        0.00	316227766.00	        1.00	        0.00	   316228.00
  0.01	   311694.00	     9866.00	315901598.00	        1.00	     5332.00	   316228.00
  0.02	   307365.00	    19364.00	315575918.00	        1.00	    10501.00	   316228.00
  0.03	   303177.00	    28716.00	315249646.00	        1.00	    15665.00	   316228.00
  0.04	   299206.00	    37816.00	314923966.00	        1.00	    20794.00	   316228.00
  0.05	   295238.00	    46792.00	314598020.00	        1.00	    25802.00	   316228.00
  0.06	   291490.00	    55538.00	314273314.00	        1.00	    30800.00	   316228.00
  0.07	   287898.00	    63965.00	313947500.00	        1.00	    35635.00	   316228.00
  0.08	   284450.00	    72207.00	313622934.00	        1.00	    40429.00	   316228.00
  0.09	   281174.00	    80264.00	313299580.00	        1.00	    45210.00	   316228.00
  0.10	   277979.00	    88151.00	312976833.00	        1.00	    49902.00	   316228.00
  0.11	   274976.00	    95745.00	312653697.00	        1.00	    54493.00	   316228.00
  0.12	   271901.00	   103379.00	312330635.00	        1.00	    59052.00	   316228.00
  0.13	   269038.00	   110938.00	312008037.00	        1.00	    63748.00	   316228.00
  0.14	   266191.00	   118332.00	311685272.00	        1.00	    68295.00	   316228.00
  0.15	   263477.00	   125480.00	311363712.00	        1.00	    72729.00	   316228.00
  0.16	   260649.00	   132574.00	311041664.00	        1.00	    76995.00	   316228.00
  0.17	   258171.00	   139532.00	310721767.00	        1.00	    81475.00	   316228.00
  0.18	   255679.00	   146368.00	310400014.00	        1.00	    85821.00	   316228.00
  0.19	   253124.00	   153192.00	310079935.00	        1.00	    90094.00	   316228.00
  0.20	   250961.00	   159671.00	309759520.00	        1.00	    94413.00	   316228.00
  0.21	   248387.00	   166411.00	309438882.00	        1.00	    98586.00	   316228.00
  0.22	   245845.00	   173129.00	309120147.00	        1.00	   102776.00	   316228.00
  0.23	   243311.00	   179646.00	308800877.00	        1.00	   106776.00	   316228.00
  0.24	   240680.00	   186304.00	308481647.00	        1.00	   110814.00	   316228.00
  0.25	   238045.00	   193012.00	308164404.00	        1.00	   114915.00	   316228.00
  0.26	   234566.00	   200482.00	307847920.00	        1.00	   118969.00	   316228.00
  0.27	   230913.00	   207883.00	307530925.00	        1.00	   122778.00	   316228.00
  0.28	   226776.00	   215724.00	307217143.00	        1.00	   126572.00	   316228.00
  0.29	   222118.00	   224111.00	306905931.00	        1.00	   130424.00	   316228.00
  0.30	   217443.00	   232347.00	306595595.00	        1.00	   134117.00	   316228.00
  0.31	   211440.00	   241781.00	306287236.00	        1.00	   137734.00	   316228.00
  0.32	   204619.00	   251890.00	305981540.00	        1.00	   141258.00	   316228.00
  0.33	   196857.00	   262686.00	305679909.00	        1.00	   144578.00	   316228.00
  0.34	   188485.00	   273949.00	305380889.00	        1.00	   147813.00	   316228.00
  0.35	   179228.00	   285898.00	305084759.00	        1.00	   150907.00	   316228.00
  0.36	   168187.00	   299397.00	304795074.00	        1.00	   153904.00	   316228.00
  0.37	   157921.00	   312015.00	304506490.00	        1.00	   156799.00	   316228.00
  0.38	   146181.00	   325676.00	304224419.00	        1.00	   159398.00	   316228.00
  0.39	   134020.00	   339525.00	303948108.00	        1.00	   161859.00	   316228.00
  0.40	   121279.00	   353617.00	303677389.00	        1.00	   164102.00	   316228.00
  0.41	   108009.00	   367970.00	303416081.00	        1.00	   166246.00	   316228.00
  0.42	    94981.00	   381562.00	303159155.00	        1.00	   167964.00	   316228.00
  0.43	    82922.00	   393883.00	302906852.00	        1.00	   169474.00	   316228.00
  0.44	    71015.00	   405686.00	302665122.00	        1.00	   170814.00	   316228.00
  0.45	    59139.00	   416990.00	302437448.00	        1.00	   171957.00	   316228.00
  0.46	    48954.00	   426369.00	302213148.00	        1.00	   172937.00	   316228.00
  0.47	    39619.00	   434548.00	301997196.00	        1.00	   173735.00	   316228.00
  0.48	    31893.00	   440843.00	301789571.00	        1.00	   174402.00	   316228.00
  0.49	    25099.00	   445947.00	301586732.00	        1.00	   174919.00	   316228.00
  0.50	    19304.00	   449664.00	301399066.00	        1.00	   175331.00	   316228.00
  0.51	    14522.00	   452159.00	301216451.00	        1.00	   175644.00	   316228.00
  0.52	    10762.00	   453387.00	301045048.00	        1.00	   175912.00	   316228.00
  0.53	     7639.00	   453610.00	300885414.00	        1.00	   176068.00	   316228.00
  0.54	     5409.00	   452787.00	300732625.00	        1.00	   176194.00	   316228.00
  0.55	     3749.00	   451179.00	300589205.00	        1.00	   176282.00	   316228.00
  0.56	     2555.00	   448956.00	300452804.00	        1.00	   176349.00	   316228.00
  0.57	     1664.00	   446141.00	300328865.00	        1.00	   176387.00	   316228.00
  0.58	     1055.00	   442922.00	300210263.00	        1.00	   176412.00	   316228.00
  0.59	      674.00	   439328.00	300099836.00	        1.00	   176428.00	   316228.00
  0.60	      415.00	   435406.00	299998322.00	        1.00	   176451.00	   316228.00
  0.61	      263.00	   431099.00	299911169.00	        1.00	   176458.00	   316228.00
  0.62	      136.00	   426447.00	299840530.00	        1.00	   176464.00	   316228.00
  0.63	       73.00	   421608.00	299774345.00	        1.00	   176465.00	   316228.00
  0.64	       32.00	   416590.00	299716610.00	        1.00	   176466.00	   316228.00
  0.65	       15.00	   411367.00	299668835.00	        1.00	   176466.00	   316228.00
  0.66	        8.00	   406064.00	299624364.00	        1.00	   176466.00	   316228.00
  0.67	        5.00	   400513.00	299591389.00	        1.00	   176466.00	   316228.00
  0.68	        4.00	   394599.00	299576759.00	        1.00	   176467.00	   316228.00
  0.69	        3.00	   388813.00	299555986.00	        1.00	   176467.00	   316228.00
  0.70	        1.00	   382783.00	299547306.00	        1.00	   176467.00	   316228.00
  0.71	        0.00	   376489.00	299552180.00	        0.00	   176467.00	   316228.00
  0.72	        0.00	   370057.00	299564660.00	        0.00	   176467.00	   316228.00
  0.73	        0.00	   363580.00	299579273.00	        0.00	   176467.00	   316228.00
  0.74	        0.00	   356673.00	299615858.00	        0.00	   176467.00	   316228.00
  0.75	        0.00	   349632.00	299658837.00	        0.00	   176467.00	   316228.00
  0.76	        0.00	   342313.00	299713523.00	        0.00	   176467.00	   316228.00
  0.77	        0.00	   334923.00	299773614.00	        0.00	   176467.00	   316228.00
  0.78	        0.00	   327436.00	299838367.00	        0.00	   176467.00	   316228.00
  0.79	        0.00	   319634.00	299918684.00	        0.00	   176467.00	   316228.00
  0.80	        0.00	   311780.00	300002305.00	        0.00	   176467.00	   311780.00
  0.81	        0.00	   303771.00	300093039.00	        0.00	   176467.00	   303771.00
  0.82	        0.00	   295624.00	300190603.00	        0.00	   176467.00	   295624.00
  0.83	        0.00	   287350.00	300295947.00	        0.00	   176467.00	   287350.00
  0.84	        0.00	   278940.00	300407385.00	        0.00	   176467.00	   278940.00
  0.85	        0.00	   270765.00	300508215.00	        0.00	   176467.00	   270765.00
  0.86	        0.00	   262168.00	300629382.00	        0.00	   176467.00	   262168.00
  0.87	        0.00	   253609.00	300748795.00	        0.00	   176467.00	   253609.00
  0.88	        0.00	   245058.00	300867569.00	        0.00	   176467.00	   245058.00
  0.89	        0.00	   236635.00	300981027.00	        0.00	   176467.00	   236635.00
  0.90	        0.00	   227935.00	301108052.00	        0.00	   176467.00	   227935.00
  0.91	        0.00	   219518.00	301220601.00	        0.00	   176467.00	   219518.00
  0.92	        0.00	   211187.00	301329537.00	        0.00	   176467.00	   211187.00
  0.93	        0.00	   202770.00	301443219.00	        0.00	   176467.00	   202770.00
  0.94	        0.00	   194546.00	301547530.00	        0.00	   176467.00	   194546.00
  0.95	        0.00	   186263.00	301654668.00	        0.00	   176467.00	   186263.00
  0.96	        0.00	   178197.00	301750019.00	        0.00	   176467.00	   178197.00
  0.97	        0.00	   170266.00	301838954.00	        0.00	   176467.00	   170266.00
  0.98	        0.00	   162335.00	301928198.00	        0.00	   176467.00	   162335.00
  0.99	        0.00	   154532.00	302010945.00	        0.00	   176467.00	   154532.00
  1.00	        0.00	   147069.00	302078209.00	        0.00	   176467.00	   147069.00
  1.01	        0.00	   139828.00	302133501.00	        0.00	   176467.00	   139828.00
  1.02	        0.00	   132770.00	302180536.00	        0.00	   176467.00	   132770.00
  1.03	        0.00	   125922.00	302217020.00	        0.00	   176467.00	   125922.00
  1.04	        0.00	   119129.00	302250259.00	        0.00	   176467.00	   119129.00
  1.05	        0.00	   112603.00	302270428.00	        0.00	   176467.00	   112603.00
  1.06	        0.00	   106241.00	302283330.00	        0.00	   176467.00	   106241.00
  1.07	        0.00	   100087.00	302285844.00	        0.00	   176467.00	   100087.00
  1.08	        0.00	    94334.00	302268295.00	        0.00	   176467.00	    94334.00
  1.09	        0.00	    88764.00	302242032.00	        0.00	   176467.00	    88764.00
  1.10	        0.00	    83474.00	302201892.00	        0.00	   176467.00	    83474.00
  1.11	        0.00	    78228.00	302159632.00	        0.00	   176467.00	    78228.00
  1.12	        0.00	    73284.00	302102176.00	        0.00	   176467.00	    73284.00
  1.13	        0.00	    68503.00	302037162.00	        0.00	   176467.00	    68503.00
  1.14	        0.00	    64036.00	301956029.00	        0.00	   176467.00	    64036.00
  1.15	        0.00	    59864.00	301861380.00	        0.00	   176467.00	    59864.00
  1.16	        0.00	    55918.00	301755345.00	        0.00	   176467.00	    55918.00
  1.17	        0.00	    52199.00	301638747.00	        0.00	   176467.00	    52199.00
  1.18	        0.00	    48516.00	301519875.00	        0.00	   176467.00	    48516.00
  1.19	        0.00	    45164.00	301384662.00	        0.00	   176467.00	    45164.00
  1.20	        0.00	    42008.00	301239479.00	        0.00	   176467.00	    42008.00
  1.21	        0.00	    38995.00	301089382.00	        0.00	   176467.00	    38995.00
  1.22	        0.00	    36135.00	300930028.00	        0.00	   176467.00	    36135.00
  1.23	        0.00	    33457.00	300762268.00	        0.00	   176467.00	    33457.00
  1.24	        0.00	    30931.00	300586114.00	        0.00	   176467.00	    30931.00
  1.25	        0.00	    28524.00	300405284.00	        0.00	   176467.00	    28524.00
  1.26	        0.00	    26412.00	300209742.00	        0.00	   176467.00	    26412.00
  1.27	        0.00	    24303.00	300014585.00	        0.00	   176467.00	    24303.00
  1.28	        0.00	    22385.00	299809788.00	        0.00	   176467.00	    22385.00
  1.29	        0.00	    20619.00	299597023.00	        0.00	   176467.00	    20619.00
  1.30	        0.00	    19015.00	299377692.00	        0.00	   176467.00	    19015.00
  1.31	        0.00	    17480.00	299154685.00	        0.00	   176467.00	    17480.00
  1.32	        0.00	    16094.00	298924767.00	        0.00	   176467.00	    16094.00
  1.33	        0.00	    14771.00	298691979.00	        0.00	   176467.00	    14771.00
  1.34	        0.00	    13493.00	298456420.00	        0.00	   176467.00	    13493.00
  1.35	        0.00	    12403.00	298212326.00	        0.00	   176467.00	    12403.00
  1.36	        0.00	    11382.00	297964316.00	        0.00	   176467.00	    11382.00
  1.37	        0.00	    10455.00	297712330.00	        0.00	   176467.00	    10455.00
  1.38	        0.00	     9530.00	297460168.00	        0.00	   176467.00	     9530.00
  1.39	        0.00	     8703.00	297203628.00	        0.00	   176467.00	     8703.00
  1.40	        0.00	     7922.00	296945371.00	        0.00	   176467.00	     7922.00
  1.41	        0.00	     7234.00	296682557.00	        0.00	   176467.00	     7234.00
  1.42	        0.00	     6578.00	296418869.00	        0.00	   176467.00	     6578.00
  1.43	        0.00	     6009.00	296151369.00	        0.00	   176467.00	     6009.00
  1.44	        0.00	     5472.00	295882435.00	        0.00	   176467.00	     5472.00
  1.45	        0.00	     4959.00	295612307.00	        0.00	   176467.00	     4959.00
  1.46	        0.00	     4526.00	295338333.00	        0.00	   176467.00	     4526.00
  1.47	        0.00	     4081.00	295065859.00	        0.00	   176467.00	     4081.00
  1.48	        0.00	     3690.00	294789901.00	        0.00	   176467.00	     3690.00
  1.49	        0.00	     3363.00	294511076.00	        0.00	   176467.00	     3363.00
  1.50	        0.00	     3035.00	294233356.00	        0.00	   176467.00	     3035.00
  1.51	        0.00	     2737.00	293954519.00	        0.00	   176467.00	     2737.00
  1.52	        0.00	     2481.00	293672694.00	        0.00	   176467.00	     2481.00
  1.53	        0.00	     2240.00	293390836.00	        0.00	   176467.00	     2240.00
  1.54	        0.00	     2026.00	293108361.00	        0.00	   176467.00	     2026.00
  1.55	        0.00	     1823.00	292824969.00	        0.00	   176467.00	     1823.00
  1.56	        0.00	     1653.00	292540905.00	        0.00	   176467.00	     1653.00
  1.57	        0.00	     1491.00	292255397.00	        0.00	   176467.00	     1491.00
  1.58	        0.00	     1363.00	291970297.00	        0.00	   176467.00	     1363.00
  1.59	        0.00	     1226.00	291684709.00	        0.00	   176467.00	     1226.00
  1.60	        0.00	     1104.00	291398257.00	        0.00	   176467.00	     1104.00
  1.61	        0.00	      973.00	291112432.00	        0.00	   176467.00	      973.00
  1.62	        0.00	      890.00	290825364.00	        0.00	   176467.00	      890.00
  1.63	        0.00	      803.00	290539243.00	        0.00	   176467.00	      803.00
  1.64	        0.00	      736.00	290252318.00	        0.00	   176467.00	      736.00
  1.65	        0.00	      653.00	289966718.00	        0.00	   176467.00	      653.00
  1.66	        0.00	      582.00	289681786.00	        0.00	   176467.00	      582.00
  1.67	        0.00	      521.00	289394420.00	        0.00	   176467.00	      521.00
  1.68	        0.00	      475.00	289107062.00	        0.00	   176467.00	      475.00
  1.69	        0.00	      438.00	288819905.00	        0.00	   176467.00	      438.00
  1.70	        0.00	      391.00	288533867.00	        0.00	   176467.00	      391.00
  1.71	        0.00	      350.00	288246981.00	        0.00	   176467.00	      350.00
  1.72	        0.00	      310.00	287960206.00	        0.00	   176467.00	      310.00
  1.73	        0.00	      283.00	287672823.00	        0.00	   176467.00	      283.00
  1.74	        0.00	      253.00	287387997.00	        0.00	   176467.00	      253.00
  1.75	        0.00	      222.00	287101723.00	        0.00	   176467.00	      222.00
  1.76	        0.00	      200.00	286815181.00	        0.00	   176467.00	      200.00
  1.77	        0.00	      180.00	286528628.00	        0.00	   176467.00	      180.00
  1.78	        0.00	      153.00	286243356.00	        0.00	   176467.00	      153.00
  1.79	        0.00	      139.00	285958579.00	        0.00	   176467.00	      139.00
  1.80	        0.00	      130.00	285673294.00	        0.00	   176467.00	      130.00
  1.81	        0.00	      121.00	285387883.00	        0.00	   176467.00	      121.00
  1.82	        0.00	      110.00	285103225.00	        0.00	   176467.00	      110.00
  1.83	        0.00	      103.00	284818728.00	        0.00	   176467.00	      103.00
  1.84	        0.00	       94.00	284534125.00	        0.00	   176467.00	       94.00
  1.85	        0.00	       81.00	284249894.00	        0.00	   176467.00	       81.00
  1.86	        0.00	       68.00	283965913.00	        0.00	   176467.00	       68.00
  1.87	        0.00	       63.00	283682156.00	        0.00	   176467.00	       63.00
  1.88	        0.00	       55.00	283398324.00	        0.00	   176467.00	       55.00
  1.89	        0.00	       47.00	283114985.00	        0.00	   176467.00	       47.00
  1.90	        0.00	       39.00	282831568.00	        0.00	   176467.00	       39.00
  1.91	        0.00	       34.00	282549061.00	        0.00	   176467.00	       34.00
  1.92	        0.00	       31.00	282266494.00	        0.00	   176467.00	       31.00
  1.93	        0.00	       26.00	281985788.00	        0.00	   176467.00	       26.00
  1.94	        0.00	       24.00	281703107.00	        0.00	   176467.00	       24.00
  1.95	        0.00	       20.00	281420943.00	        0.00	   176467.00	       20.00
  1.96	        0.00	       17.00	281139500.00	        0.00	   176467.00	       17.00
  1.97	        0.00	       16.00	280857609.00	        0.00	   176467.00	       16.00
  1.98	        0.00	       16.00	280576085.00	        0.00	   176467.00	       16.00
  1.99	        0.00	       12.00	280295561.00	        0.00	   176467.00	       12.00
  2.00	        0.00	       11.00	280015316.00	        0.00	   176467.00	       11.00
  2.01	        0.00	        9.00	279735639.00	        0.00	   176467.00	        9.00
  2.02	        0.00	        9.00	279456322.00	        0.00	   176467.00	        9.00
  2.03	        0.00	        7.00	279177485.00	        0.00	   176467.00	        7.00
  2.04	        0.00	        7.00	278898180.00	        0.00	   176467.00	        7.00
  2.05	        0.00	        6.00	278618750.00	        0.00	   176467.00	        6.00
  2.06	        0.00	        6.00	278340634.00	        0.00	   176467.00	        6.00
  2.07	        0.00	        6.00	278062765.00	        0.00	   176467.00	        6.00
  2.08	        0.00	        4.00	277785205.00	        0.00	   176467.00	        4.00
  2.09	        0.00	        4.00	277506852.00	        0.00	   176467.00	        4.00
  2.10	        0.00	        4.00	277229296.00	        0.00	   176467.00	        4.00
  2.11	        0.00	        4.00	276951700.00	        0.00	   176467.00	        4.00
  2.12	        0.00	        3.00	276675656.00	        0.00	   176467.00	        3.00
  2.13	        0.00	        3.00	276399328.00	        0.00	   176467.00	        3.00
  2.14	        0.00	        2.00	276123241.00	        0.00	   176467.00	        2.00
  2.15	        0.00	        2.00	275847039.00	        0.00	   176467.00	        2.00
  2.16	        0.00	        2.00	275570681.00	        0.00	   176467.00	        2.00
  2.17	        0.00	        2.00	275294712.00	        0.00	   176467.00	        2.00
  2.18	        0.00	        2.00	275019120.00	        0.00	   176467.00	        2.00
  2.19	        0.00	        2.00	274744515.00	        0.00	   176467.00	        2.00
  2.20	        0.00	        2.00	274469139.00	        0.00	   176467.00	        2.00
  2.21	        0.00	        2.00	274194309.00	        0.00	   176467.00	        2.00
  2.22	        0.00	        2.00	273920078.00	        0.00	   176467.00	        2.00
  2.23	        0.00	        2.00	273646614.00	        0.00	   176467.00	        2.00
  2.24	        0.00	        0.00	273372766.00	        0.00	   176467.00	        0.00
