Datatype: PopulationSize
  0.00	      100.00	        0.00	100000000.00	        1.00	        0.00	      100.00
  0.01	      102.00	        0.00	 99899991.00	        1.00	        2.00	      100.00
  0.02	      102.00	        0.00	 99799667.00	        1.00	        2.00	      100.00
  0.03	      101.00	        2.00	 99699937.00	        1.00	        3.00	      100.00
  0.04	      102.00	        2.00	 99600591.00	        1.00	        4.00	      100.00
  0.05	      104.00	        2.00	 99500493.00	        1.00	        6.00	      100.00
  0.06	      103.00	        3.00	 99400841.00	        1.00	        6.00	      100.00
  0.07	      103.00	        3.00	 99301939.00	        1.00	        6.00	      100.00
  0.08	      104.00	        4.00	 99202961.00	        1.00	        8.00	      100.00
  0.09	      106.00	        4.00	 99103652.00	        1.00	       10.00	      100.00
  0.10	      105.00	        5.00	 99004615.00	        1.00	       10.00	      100.00
  0.11	      105.00	        7.00	 98905590.00	        1.00	       12.00	      100.00
  0.12	      106.00	        8.00	 98806673.00	        1.00	       14.00	      100.00
  0.13	      109.00	        9.00	 98708112.00	        1.00	       18.00	      100.00
  0.14	      109.00	        9.00	 98609607.00	        1.00	       18.00	      100.00
  0.15	      110.00	       11.00	 98510610.00	        1.00	       21.00	      100.00
  0.16	      112.00	       11.00	 98411897.00	        1.00	       23.00	      100.00
  0.17	      114.00	       11.00	 98313627.00	        1.00	       25.00	      100.00
  0.18	      118.00	       11.00	 98214772.00	        1.00	       29.00	      100.00
  0.19	      121.00	       11.00	 98116855.00	        1.00	       32.00	      100.00
  0.20	      122.00	       11.00	 98018437.00	        1.00	       33.00	      100.00
  0.21	      125.00	       11.00	 97920729.00	        1.00	       36.00	      100.00
  0.22	      124.00	       13.00	 97822585.00	        1.00	       37.00	      100.00
  0.23	      125.00	       15.00	 97725010.00	        1.00	       40.00	      100.00
  0.24	      124.00	       17.00	 97627473.00	        1.00	       41.00	      100.00
  0.25	      122.00	       20.00	 97529737.00	        1.00	       42.00	      100.00
  0.26	      121.00	       23.00	 97432044.00	        1.00	       44.00	      100.00
  0.27	      122.00	       24.00	 97334601.00	        1.00	       46.00	      100.00
  0.28	      124.00	       24.00	 97237196.00	        1.00	       48.00	      100.00
  0.29	      124.00	       24.00	 97140373.00	        1.00	       48.00	      100.00
  0.30	      125.00	       25.00	 97043356.00	        1.00	       50.00	      100.00
  0.31	      125.00	       27.00	 96946759.00	        1.00	       52.00	      100.00
  0.32	      124.00	       28.00	 96849735.00	        1.00	       52.00	      100.00
  0.33	       86.00	       66.00	 96752979.00	        1.00	       53.00	      100.00
  0.34	       86.00	       67.00	 96655814.00	        1.00	       54.00	      100.00
  0.35	       86.00	       67.00	 96559145.00	        1.00	       54.00	      100.00
  0.36	       86.00	       68.00	 96462805.00	        1.00	       55.00	      100.00
  0.37	       66.00	       89.00	 96367212.00	        1.00	       57.00	      100.00
  0.38	       66.00	       90.00	 96270880.00	        1.00	       58.00	      100.00
  0.39	       66.00	       91.00	 96174531.00	        1.00	       59.00	      100.00
  0.40	       66.00	       91.00	 96078485.00	        1.00	       59.00	      100.00
  0.41	       67.00	       91.00	 95982309.00	        1.00	       60.00	      100.00
  0.42	       67.00	       91.00	 95886567.00	        1.00	       60.00	      100.00
  0.43	       67.00	       91.00	 95791225.00	        1.00	       60.00	      100.00
  0.44	       68.00	       91.00	 95695527.00	        1.00	       61.00	      100.00
  0.45	       67.00	       92.00	 95599930.00	        1.00	       61.00	      100.00
  0.46	       50.00	      108.00	 95504761.00	        1.00	       61.00	      100.00
  0.47	       50.00	      109.00	 95409573.00	        1.00	       62.00	      100.00
  0.48	       50.00	      110.00	 95313872.00	        1.00	       63.00	      100.00
  0.49	       51.00	      110.00	 95218696.00	        1.00	       64.00	      100.00
  0.50	       54.00	      110.00	 95123480.00	        1.00	       67.00	      100.00
  0.51	       55.00	      110.00	 95028181.00	        1.00	       68.00	      100.00
  0.52	       55.00	      110.00	 94932965.00	        1.00	       68.00	      100.00
  0.53	       55.00	      110.00	 94838348.00	        1.00	       68.00	      100.00
  0.54	       57.00	      110.00	 94743276.00	        1.00	       70.00	      100.00
  0.55	       43.00	      123.00	 94648663.00	        1.00	       70.00	      100.00
  0.56	       44.00	      123.00	 94554320.00	        1.00	       71.00	      100.00
  0.57	       42.00	      125.00	 94459980.00	        1.00	       71.00	      100.00
  0.58	       42.00	      125.00	 94365329.00	        1.00	       71.00	      100.00
  0.59	       33.00	      133.00	 94271081.00	        1.00	       71.00	      100.00
  0.60	       36.00	      133.00	 94176846.00	        1.00	       74.00	      100.00
  0.61	       17.00	      150.00	 94082462.00	        1.00	       74.00	      100.00
  0.62	        8.00	      157.00	 93988500.00	        1.00	       74.00	      100.00
  0.63	        8.00	      157.00	 93894149.00	        1.00	       74.00	      100.00
  0.64	        8.00	      157.00	 93799936.00	        1.00	       74.00	      100.00
  0.65	        4.00	      159.00	 93706286.00	        1.00	       74.00	      100.00
  0.66	        4.00	      158.00	 93612813.00	        1.00	       74.00	      100.00
  0.67	        3.00	      158.00	 93519129.00	        1.00	       74.00	      100.00
  0.68	        3.00	      158.00	 93426086.00	        1.00	       74.00	      100.00
  0.69	        3.00	      157.00	 93332949.00	        1.00	       74.00	      100.00
  0.70	        3.00	      156.00	 93239159.00	        1.00	       74.00	      100.00
  0.71	        1.00	      155.00	 93145957.00	        1.00	       74.00	      100.00
  0.72	        1.00	      155.00	 93052278.00	        1.00	       74.00	      100.00
  0.73	        1.00	      154.00	 92959376.00	        1.00	       74.00	      100.00
  0.74	        1.00	      152.00	 92866952.00	        1.00	       74.00	      100.00
  0.75	        1.00	      152.00	 92774555.00	        1.00	       74.00	      100.00
  0.76	        1.00	      150.00	 92681955.00	        1.00	       74.00	      100.00
  0.77	        1.00	      149.00	 92589811.00	        1.00	       74.00	      100.00
  0.78	        2.00	      148.00	 92497494.00	        1.00	       75.00	      100.00
  0.79	        1.00	      148.00	 92404617.00	        1.00	       75.00	      100.00
  0.80	        1.00	      147.00	 92312403.00	        1.00	       75.00	      100.00
  0.81	        0.00	      146.00	 92220077.00	        0.00	       75.00	      100.00
  0.82	        0.00	      143.00	 92127742.00	        0.00	       75.00	      100.00
  0.83	        0.00	      142.00	 92035802.00	        0.00	       75.00	      100.00
  0.84	        0.00	      141.00	 91943909.00	        0.00	       75.00	      100.00
  0.85	        0.00	      135.00	 91851957.00	        0.00	       75.00	      100.00
  0.86	        0.00	      135.00	 91760214.00	        0.00	       75.00	      100.00
  0.87	        0.00	      131.00	 91669086.00	        0.00	       75.00	      100.00
  0.88	        0.00	      125.00	 91578112.00	        0.00	       75.00	      100.00
  0.89	        0.00	      124.00	 91486646.00	        0.00	       75.00	      100.00
  0.90	        0.00	      122.00	 91395776.00	        0.00	       75.00	      100.00
  0.91	        0.00	      119.00	 91304548.00	        0.00	       75.00	      100.00
  0.92	        0.00	      117.00	 91213471.00	        0.00	       75.00	      100.00
  0.93	        0.00	      112.00	 91122853.00	        0.00	       75.00	      100.00
  0.94	        0.00	      110.00	 91032048.00	        0.00	       75.00	      100.00
  0.95	        0.00	      110.00	 90940853.00	        0.00	       75.00	      100.00
  0.96	        0.00	      107.00	 90849645.00	        0.00	       75.00	      100.00
  0.97	        0.00	      103.00	 90758888.00	        0.00	       75.00	      100.00
  0.98	        0.00	       99.00	 90667621.00	        0.00	       75.00	       99.00
  0.99	        0.00	       96.00	 90577027.00	        0.00	       75.00	       96.00
  1.00	        0.00	       94.00	 90486234.00	        0.00	       75.00	       94.00
  1.01	        0.00	       91.00	 90395999.00	        0.00	       75.00	       91.00
  1.02	        0.00	       88.00	 90306328.00	        0.00	       75.00	       88.00
  1.03	        0.00	       87.00	 90216399.00	        0.00	       75.00	       87.00
  1.04	        0.00	       83.00	 90126484.00	        0.00	       75.00	       83.00
  1.05	        0.00	       78.00	 90036168.00	        0.00	       75.00	       78.00
  1.06	        0.00	       78.00	 89946954.00	        0.00	       75.00	       78.00
  1.07	        0.00	       76.00	 89856854.00	        0.00	       75.00	       76.00
  1.08	        0.00	       74.00	 89766928.00	        0.00	       75.00	       74.00
  1.09	        0.00	       69.00	 89677309.00	        0.00	       75.00	       69.00
  1.10	        0.00	       63.00	 89588286.00	        0.00	       75.00	       63.00
  1.11	        0.00	       62.00	 89498576.00	        0.00	       75.00	       62.00
  1.12	        0.00	       62.00	 89409169.00	        0.00	       75.00	       62.00
  1.13	        0.00	       60.00	 89319476.00	        0.00	       75.00	       60.00
  1.14	        0.00	       54.00	 89230753.00	        0.00	       75.00	       54.00
  1.15	        0.00	       52.00	 89141232.00	        0.00	       75.00	       52.00
  1.16	        0.00	       51.00	 89051608.00	        0.00	       75.00	       51.00
  1.17	        0.00	       46.00	 88963169.00	        0.00	       75.00	       46.00
  1.18	        0.00	       42.00	 88874582.00	        0.00	       75.00	       42.00
  1.19	        0.00	       40.00	 88785813.00	        0.00	       75.00	       40.00
  1.20	        0.00	       38.00	 88697041.00	        0.00	       75.00	       38.00
  1.21	        0.00	       36.00	 88608207.00	        0.00	       75.00	       36.00
  1.22	        0.00	       35.00	 88519763.00	        0.00	       75.00	       35.00
  1.23	        0.00	       32.00	 88431080.00	        0.00	       75.00	       32.00
  1.24	        0.00	       31.00	 88342590.00	        0.00	       75.00	       31.00
  1.25	        0.00	       29.00	 88254583.00	        0.00	       75.00	       29.00
  1.26	        0.00	       29.00	 88166215.00	        0.00	       75.00	       29.00
  1.27	        0.00	       26.00	 88077854.00	        0.00	       75.00	       26.00
  1.28	        0.00	       24.00	 87990045.00	        0.00	       75.00	       24.00
  1.29	        0.00	       24.00	 87901721.00	        0.00	       75.00	       24.00
  1.30	        0.00	       24.00	 87813868.00	        0.00	       75.00	       24.00
  1.31	        0.00	       20.00	 87726212.00	        0.00	       75.00	       20.00
  1.32	        0.00	       17.00	 87638732.00	        0.00	       75.00	       17.00
  1.33	        0.00	       17.00	 87551647.00	        0.00	       75.00	       17.00
  1.34	        0.00	       16.00	 87464508.00	        0.00	       75.00	       16.00
  1.35	        0.00	       15.00	 87376674.00	        0.00	       75.00	       15.00
  1.36	        0.00	       15.00	 87289374.00	        0.00	       75.00	       15.00
  1.37	        0.00	       10.00	 87202457.00	        0.00	       75.00	       10.00
  1.38	        0.00	       10.00	 87115082.00	        0.00	       75.00	       10.00
  1.39	        0.00	       10.00	 87028193.00	        0.00	       75.00	       10.00
  1.40	        0.00	       10.00	 86940939.00	        0.00	       75.00	       10.00
  1.41	        0.00	        9.00	 86853773.00	        0.00	       75.00	        9.00
  1.42	        0.00	        7.00	 86766841.00	        0.00	       75.00	        7.00
  1.43	        0.00	        7.00	 86680296.00	        0.00	       75.00	        7.00
  1.44	        0.00	        5.00	 86593609.00	        0.00	       75.00	        5.00
  1.45	        0.00	        5.00	 86506614.00	        0.00	       75.00	        5.00
  1.46	        0.00	        4.00	 86420205.00	        0.00	       75.00	        4.00
  1.47	        0.00	        4.00	 86333886.00	        0.00	       75.00	        4.00
  1.48	        0.00	        4.00	 86247439.00	        0.00	       75.00	        4.00
  1.49	        0.00	        3.00	 86161536.00	        0.00	       75.00	        3.00
  1.50	        0.00	        3.00	 86075469.00	        0.00	       75.00	        3.00
  1.51	        0.00	        3.00	 85989122.00	        0.00	       75.00	        3.00
  1.52	        0.00	        3.00	 85902495.00	        0.00	       75.00	        3.00
  1.53	        0.00	        2.00	 85816556.00	        0.00	       75.00	        2.00
  1.54	        0.00	        2.00	 85730744.00	        0.00	       75.00	        2.00
  1.55	        0.00	        2.00	 85644650.00	        0.00	       75.00	        2.00
  1.56	        0.00	        1.00	 85559609.00	        0.00	       75.00	        1.00
  1.57	        0.00	        0.00	 85474161.00	        0.00	       75.00	        0.00
