Datatype: PopulationSize
  0.00	 31622777.00	        0.00	        3.00	        1.00	        0.00	 31622777.00
  0.01	 32153761.00	        0.00	        3.00	        1.00	   530984.00	 31622777.00
  0.02	 32694067.00	        0.00	        3.00	        1.00	  1071290.00	 31622777.00
  0.03	 33243114.00	        0.00	        3.00	        1.00	  1620337.00	 31622777.00
  0.04	 33801798.00	        0.00	        3.00	        1.00	  2179021.00	 31622777.00
  0.05	 34368130.00	        0.00	        3.00	        1.00	  2745353.00	 31622777.00
  0.06	 34945029.00	        0.00	        3.00	        1.00	  3322252.00	 31622777.00
  0.07	 35531129.00	        0.00	        3.00	        1.00	  3908352.00	 31622777.00
  0.08	 36126508.00	        0.00	        3.00	        1.00	  4503731.00	 31622777.00
  0.09	 36733941.00	        0.00	        3.00	        1.00	  5111164.00	 31622777.00
  0.10	 37349971.00	        0.00	        3.00	        1.00	  5727194.00	 31622777.00
  0.11	 37975344.00	        0.00	        3.00	        1.00	  6352567.00	 31622777.00
  0.12	 38611631.00	        0.00	        3.00	        1.00	  6988854.00	 31622777.00
  0.13	 39258612.00	        0.00	        3.00	        1.00	  7635835.00	 31622777.00
  0.14	 39916310.00	        0.00	        3.00	        1.00	  8293533.00	 31622777.00
  0.15	 40585929.00	        0.00	        3.00	        1.00	  8963152.00	 31622777.00
  0.16	 41265149.00	        0.00	      102.00	        1.00	  9642373.00	 31622777.00
  0.17	 41956386.00	        0.00	      300.00	        1.00	 10333612.00	 31622777.00
  0.18	 42659043.00	        0.00	      399.00	        1.00	 11036270.00	 31622777.00
  0.19	 43374452.00	        0.00	      399.00	        1.00	 11751679.00	 31622777.00
  0.20	 44100899.00	        0.00	      495.00	        1.00	 12478127.00	 31622777.00
  0.21	 44839187.00	        0.00	      792.00	        1.00	 13216418.00	 31622777.00
  0.22	 45590180.00	        0.00	      889.00	        1.00	 13967412.00	 31622777.00
  0.23	 46352667.00	        0.00	     1977.00	        1.00	 14729910.00	 31622777.00
  0.24	 47127112.00	        0.00	     3063.00	        1.00	 15504366.00	 31622777.00
  0.25	 47915702.00	        0.00	     4544.00	        1.00	 16292971.00	 31622777.00
  0.26	 48715949.00	        0.00	     6123.00	        1.00	 17093234.00	 31622777.00
  0.27	 49530824.00	        0.00	     8689.00	        1.00	 17908135.00	 31622777.00
  0.28	 50359177.00	        0.00	    12538.00	        1.00	 18736527.00	 31622777.00
  0.29	 51200825.00	        0.00	    17273.00	        1.00	 19578223.00	 31622777.00
  0.30	 52058297.00	        0.00	    25172.00	        1.00	 20435775.00	 31622741.00
  0.31	 52927826.00	        0.00	    35731.00	        1.00	 21305411.00	 31622686.00
  0.32	 53813340.00	        0.00	    47760.00	        1.00	 22191047.00	 31622644.00
  0.33	 54713513.00	        0.00	    64423.00	        1.00	 23091389.00	 31622602.00
  0.34	 55628383.00	        0.00	    87417.00	        1.00	 24006492.00	 31622567.00
  0.35	 56556900.00	        0.00	   118408.00	        1.00	 24935323.00	 31622547.00
  0.36	 57501446.00	        0.00	   162819.00	        1.00	 25880319.00	 31622459.00
  0.37	 58462593.00	        0.00	   227381.00	        1.00	 26842120.00	 31622286.00
  0.38	 59437543.00	        0.00	   305215.00	        1.00	 27817859.00	 31622088.00
  0.39	 60429630.00	        0.00	   396929.00	        1.00	 28810876.00	 31621788.00
  0.40	 61437613.00	        0.00	   515968.00	        1.00	 29820066.00	 31621406.00
  0.41	 62462823.00	        0.00	   658101.00	        1.00	 30846718.00	 31620986.00
  0.42	 63503652.00	        0.00	   826253.00	        1.00	 31889253.00	 31620453.00
  0.43	 64560071.00	        0.00	  1026114.00	        1.00	 32947700.00	 31619764.00
  0.44	 65633876.00	        0.00	  1257655.00	        1.00	 34023856.00	 31619004.00
  0.45	 66724115.00	        0.00	  1520061.00	        1.00	 35116760.00	 31618105.00
  0.46	 67834587.00	        0.00	  1832649.00	        1.00	 36230407.00	 31616912.00
  0.47	 68960916.00	        0.00	  2201533.00	        1.00	 37360483.00	 31615786.00
  0.48	 70106324.00	        0.00	  2656332.00	        1.00	 38510510.00	 31614600.00
  0.49	 71268387.00	        0.00	  3204070.00	        1.00	 39678136.00	 31613201.00
  0.50	 72447311.00	        0.00	  3855997.00	        1.00	 40863681.00	 31611266.00
  0.51	 73645432.00	        0.00	  4628202.00	        1.00	 42069647.00	 31608964.00
  0.52	 74861133.00	        0.00	  5527826.00	        1.00	 43294489.00	 31606208.00
  0.53	 76097114.00	        0.00	  6539818.00	        1.00	 44540755.00	 31602939.00
  0.54	 77351944.00	        0.00	  7710270.00	        1.00	 45807483.00	 31599082.00
  0.55	 78626522.00	        0.00	  9064590.00	        1.00	 47095828.00	 31594866.00
  0.56	 79919441.00	        0.00	 10629107.00	        1.00	 48404653.00	 31590315.00
  0.57	 81230309.00	        0.00	 12396010.00	        1.00	 49733490.00	 31585481.00
  0.58	 82561119.00	        0.00	 14422376.00	        1.00	 51084910.00	 31579123.00
  0.59	 83910576.00	        0.00	 16736366.00	        1.00	 52457902.00	 31571745.00
  0.60	 85278091.00	        0.00	 19363567.00	        1.00	 53852146.00	 31564776.00
  0.61	 86663479.00	        0.00	 22371827.00	        1.00	 55268143.00	 31556542.00
  0.62	 88067880.00	        0.00	 25704165.00	        1.00	 56706458.00	 31546309.00
  0.63	 89492523.00	        0.00	 29401057.00	        1.00	 58168730.00	 31534752.00
  0.64	 90936873.00	        0.00	 33533100.00	        1.00	 59655145.00	 31522866.00
  0.65	 92395888.00	        0.00	 38294707.00	        1.00	 61162633.00	 31510414.00
  0.66	 93873257.00	        0.00	 43655895.00	        1.00	 62694588.00	 31496044.00
  0.67	 95371388.00	        0.00	 49590344.00	        1.00	 64253155.00	 31478309.00
  0.68	 96883613.00	        0.00	 56193019.00	        1.00	 65832634.00	 31460363.00
  0.69	 98413437.00	        0.00	 63669328.00	        1.00	 67438605.00	 31440687.00
  0.70	 99960118.00	        0.00	 72142206.00	        1.00	 69071588.00	 31419318.00
  0.71	101521350.00	        0.00	 81604886.00	        1.00	 70729211.00	 31395006.00
  0.72	103095027.00	        0.00	 91969122.00	        1.00	 72408495.00	 31366877.00
  0.73	104685864.00	        0.00	103267524.00	        1.00	 74114485.00	 31335997.00
  0.74	106288586.00	        0.00	115858410.00	        0.99	 75845540.00	 31304384.00
  0.75	107905570.00	        0.00	129797747.00	        0.99	 77604623.00	 31271162.00
  0.76	109534741.00	        0.00	145145891.00	        0.99	 79390275.00	 31232313.00
  0.77	111178848.00	        0.00	161660560.00	        0.99	 81202822.00	 31189457.00
  0.78	112834275.00	        0.00	179539406.00	        0.99	 83040641.00	 31143626.00
  0.79	114495185.00	        0.00	199252011.00	        0.99	 84902670.00	 31097377.00
  0.80	116164309.00	        0.00	220933695.00	        0.99	 86793025.00	 31046598.00
  0.81	117841212.00	        0.00	244643547.00	        0.99	 88711876.00	 30989729.00
  0.82	119520627.00	        0.00	270397054.00	        0.99	 90654161.00	 30928682.00
  0.83	121203058.00	        0.00	298655743.00	        0.98	 92625041.00	 30864359.00
  0.84	122883848.00	        0.00	329523555.00	        0.98	 94620957.00	 30796378.00
  0.85	124566135.00	        0.00	363010166.00	        0.98	 96645163.00	 30720070.00
  0.86	126243027.00	        0.00	399636585.00	        0.98	 98696057.00	 30640465.00
  0.87	127910578.00	        0.00	439797506.00	        0.98	100773722.00	 30553226.00
  0.88	129570734.00	        0.00	482997059.00	        0.97	102875119.00	 30460958.00
  0.89	131229928.00	        0.00	529028890.00	        0.97	105004646.00	 30357726.00
  0.90	132873435.00	        0.00	578913542.00	        0.97	107157899.00	 30252963.00
  0.91	134494561.00	        0.00	633700782.00	        0.97	109338868.00	 30144410.00
  0.92	136101208.00	        0.00	692486502.00	        0.96	111546348.00	 30023753.00
  0.93	137683157.00	        0.00	755984529.00	        0.96	113777377.00	 29893766.00
  0.94	139227542.00	        0.00	825492245.00	        0.96	116032275.00	 29761929.00
  0.95	140741344.00	        0.00	900287471.00	        0.95	118310755.00	 29613852.00
  0.96	142220173.00	        0.00	980870322.00	        0.95	120613566.00	 29456600.00
  0.97	143648330.00	        0.00	1068694980.00	        0.94	122939751.00	 29293033.00
  0.98	145033072.00	        0.00	1162712068.00	        0.94	125286054.00	 29119613.00
  0.99	146374803.00	        0.00	1263098315.00	        0.93	127654703.00	 28924891.00
  1.00	147644768.00	        0.00	1372500388.00	        0.93	130043784.00	 28732219.00
  1.01	148836229.00	        0.00	1491244890.00	        0.92	132449991.00	 28524263.00
  1.02	149954699.00	        0.00	1618887910.00	        0.92	134874410.00	 28298154.00
  1.03	150996244.00	        0.00	1755575253.00	        0.91	137314689.00	 28058306.00
  1.04	151952235.00	        0.00	1902428049.00	        0.90	139773598.00	 27802342.00
  1.05	152790414.00	        0.00	2061843215.00	        0.90	142243285.00	 27543144.00
  1.06	153537519.00	        0.00	2231401224.00	        0.89	144726142.00	 27253880.00
  1.07	154167031.00	        0.00	2412931474.00	        0.88	147214147.00	 26949910.00
  1.08	154633291.00	        0.00	2611443939.00	        0.87	149712530.00	 26643257.00
  1.09	154954972.00	        0.00	2824474203.00	        0.86	152215234.00	 26304444.00
  1.10	155109824.00	        0.00	3054129893.00	        0.85	154721450.00	 25944583.00
  1.11	155082911.00	        0.00	3301378638.00	        0.84	157226213.00	 25565960.00
  1.12	154891682.00	        0.00	3564405804.00	        0.83	159728796.00	 25159819.00
  1.13	154504818.00	        0.00	3845729000.00	        0.82	162223488.00	 24735890.00
  1.14	153924548.00	        0.00	4145139011.00	        0.81	164710651.00	 24292831.00
  1.15	153144664.00	        0.00	4462644842.00	        0.79	167184263.00	 23820667.00
  1.16	152119768.00	        0.00	4802431430.00	        0.78	169641518.00	 23333075.00
  1.17	150860415.00	        0.00	5163024260.00	        0.76	172078319.00	 22815931.00
  1.18	149339805.00	        0.00	5546756079.00	        0.75	174491620.00	 22280268.00
  1.19	147534071.00	        0.00	5955451395.00	        0.73	176876234.00	 21711264.00
  1.20	145407214.00	        0.00	6392288509.00	        0.71	179228669.00	 21124142.00
  1.21	142964637.00	        0.00	6856006168.00	        0.70	181541816.00	 20496976.00
  1.22	140234903.00	        0.00	7343544891.00	        0.68	183813574.00	 19838660.00
  1.23	137156864.00	        0.00	7860309134.00	        0.66	186037654.00	 19164853.00
  1.24	133770845.00	        0.00	8401622657.00	        0.63	188207511.00	 18456436.00
  1.25	130070088.00	        0.00	8967706000.00	        0.61	190318807.00	 17724283.00
  1.26	126040411.00	        0.00	9559670530.00	        0.59	192368853.00	 16972570.00
  1.27	121726757.00	        0.00	10172274265.00	        0.57	194349833.00	 16186480.00
  1.28	116986242.00	        0.00	10819311728.00	        0.54	196258615.00	 15400294.00
  1.29	111891500.00	        0.00	11492572810.00	        0.52	198085264.00	 14577271.00
  1.30	106477219.00	        0.00	12188635224.00	        0.49	199829956.00	 13726236.00
  1.31	100602686.00	        0.00	12920285051.00	        0.46	201481699.00	 12873755.00
  1.32	 94417999.00	        0.00	13672399571.00	        0.44	203038117.00	 11976672.00
  1.33	 88035869.00	        0.00	14433121988.00	        0.41	204492002.00	 11069918.00
  1.34	 81548219.00	        0.00	15193219594.00	        0.38	205841944.00	 10164000.00
  1.35	 75024778.00	        0.00	15946154549.00	        0.35	207091590.00	  9271926.00
  1.36	 68584682.00	        0.00	16679586687.00	        0.32	208234947.00	  8394226.00
  1.37	 62184578.00	        0.00	17398199126.00	        0.29	209275784.00	  7557401.00
  1.38	 55829939.00	        0.00	18101537015.00	        0.26	210215155.00	  6748751.00
  1.39	 49604083.00	        0.00	18781642713.00	        0.23	211055408.00	  5962234.00
  1.40	 43480314.00	        0.00	19441125123.00	        0.21	211796150.00	  5220822.00
  1.41	 37614334.00	        0.00	20065133580.00	        0.18	212442539.00	  4504134.00
  1.42	 32027560.00	        0.00	20651891401.00	        0.16	212997629.00	  3837211.00
  1.43	 26791098.00	        0.00	21194786350.00	        0.14	213465225.00	  3217281.00
  1.44	 21937946.00	        0.00	21691464243.00	        0.12	213853951.00	  2647379.00
  1.45	 17381736.00	        0.00	22151066572.00	        0.10	214169473.00	  2133406.00
  1.46	 13282935.00	        0.00	22558000008.00	        0.08	214414213.00	  1662340.00
  1.47	  9817331.00	        0.00	22896032346.00	        0.06	214598943.00	  1248011.00
  1.48	  6987475.00	        0.00	23165989677.00	        0.05	214733797.00	   906095.00
  1.49	  4611432.00	        0.00	23386646463.00	        0.03	214826357.00	   636287.00
  1.50	  2795064.00	        0.00	23548553168.00	        0.02	214886042.00	   410046.00
  1.51	  1507820.00	        0.00	23655574424.00	        0.02	214920837.00	   243412.00
  1.52	   678142.00	        0.00	23715581900.00	        0.01	214938338.00	   128014.00
  1.53	   222206.00	        0.00	23737603016.00	        0.01	214945552.00	    55518.00
  1.54	    39809.00	        0.00	23732059511.00	        0.00	214947527.00	    16091.00
  1.55	     2915.00	        0.00	23712009272.00	        0.00	214947804.00	     2230.00
  1.56	       74.00	        0.00	23688584644.00	        0.00	214947820.00	       74.00
  1.57	        3.00	        0.00	23664913673.00	        0.00	214947820.00	        3.00
  1.58	        0.00	        0.00	23641263127.00	        0.00	214947820.00	        0.00
