Datatype: PopulationSize
  0.00	        1.00	        0.00	        0.00	        1.00	        0.00	        1.00
  0.01	        1.00	        0.00	        0.00	        1.00	        0.00	        1.00
  0.02	        1.00	        0.00	        0.00	        1.00	        0.00	        1.00
  0.03	        1.00	        0.00	        0.00	        1.00	        0.00	        1.00
  0.04	        1.00	        0.00	        0.00	        1.00	        0.00	        1.00
  0.05	        1.00	        0.00	        0.00	        1.00	        0.00	        1.00
  0.06	        1.00	        0.00	        0.00	        1.00	        0.00	        1.00
  0.07	        1.00	        0.00	        0.00	        1.00	        0.00	        1.00
  0.08	        1.00	        0.00	        0.00	        1.00	        0.00	        1.00
  0.09	        1.00	        0.00	        0.00	        1.00	        0.00	        1.00
  0.10	        1.00	        0.00	        0.00	        1.00	        0.00	        1.00
  0.11	        1.00	        0.00	        0.00	        1.00	        0.00	        1.00
  0.12	        1.00	        0.00	        0.00	        1.00	        0.00	        1.00
  0.13	        1.00	        0.00	        0.00	        1.00	        0.00	        1.00
  0.14	        1.00	        0.00	        0.00	        1.00	        0.00	        1.00
  0.15	        1.00	        0.00	        0.00	        1.00	        0.00	        1.00
  0.16	        1.00	        0.00	        0.00	        1.00	        0.00	        1.00
  0.17	        1.00	        0.00	        0.00	        1.00	        0.00	        1.00
  0.18	        1.00	        0.00	        0.00	        1.00	        0.00	        1.00
  0.19	        1.00	        0.00	        0.00	        1.00	        0.00	        1.00
  0.20	        1.00	        0.00	        0.00	        1.00	        0.00	        1.00
  0.21	        1.00	        0.00	        0.00	        1.00	        0.00	        1.00
  0.22	        1.00	        0.00	        0.00	        1.00	        0.00	        1.00
  0.23	        1.00	        0.00	        0.00	        1.00	        0.00	        1.00
  0.24	        1.00	        0.00	        0.00	        1.00	        0.00	        1.00
  0.25	        1.00	        0.00	        0.00	        1.00	        0.00	        1.00
  0.26	        1.00	        0.00	        0.00	        1.00	        0.00	        1.00
  0.27	        1.00	        0.00	        0.00	        1.00	        0.00	        1.00
  0.28	        2.00	        0.00	        0.00	        1.00	        1.00	        1.00
  0.29	        2.00	        0.00	        0.00	        1.00	        1.00	        1.00
  0.30	        2.00	        0.00	        0.00	        1.00	        1.00	        1.00
  0.31	        2.00	        0.00	        0.00	        1.00	        1.00	        1.00
  0.32	        2.00	        0.00	        0.00	        1.00	        1.00	        1.00
  0.33	        2.00	        0.00	        0.00	        1.00	        1.00	        1.00
  0.34	        2.00	        0.00	        0.00	        1.00	        1.00	        1.00
  0.35	        2.00	        0.00	        0.00	        1.00	        1.00	        1.00
  0.36	        2.00	        0.00	        0.00	        1.00	        1.00	        1.00
  0.37	        2.00	        0.00	        0.00	        1.00	        1.00	        1.00
  0.38	        2.00	        0.00	        0.00	        1.00	        1.00	        1.00
  0.39	        2.00	        0.00	        0.00	        1.00	        1.00	        1.00
  0.40	        2.00	        0.00	        0.00	        1.00	        1.00	        1.00
  0.41	        2.00	        0.00	        0.00	        1.00	        1.00	        1.00
  0.42	        2.00	        0.00	        0.00	        1.00	        1.00	        1.00
  0.43	        2.00	        0.00	        0.00	        1.00	        1.00	        1.00
  0.44	        2.00	        0.00	        0.00	        1.00	        1.00	        1.00
  0.45	        2.00	        0.00	        0.00	        1.00	        1.00	        1.00
  0.46	        2.00	        0.00	        0.00	        1.00	        1.00	        1.00
  0.47	        2.00	        0.00	        0.00	        1.00	        1.00	        1.00
  0.48	        2.00	        0.00	        0.00	        1.00	        1.00	        1.00
  0.49	        2.00	        0.00	        0.00	        1.00	        1.00	        1.00
  0.50	        2.00	        0.00	        0.00	        1.00	        1.00	        1.00
  0.51	        2.00	        0.00	        0.00	        1.00	        1.00	        1.00
  0.52	        2.00	        0.00	        0.00	        1.00	        1.00	        1.00
  0.53	        2.00	        0.00	        0.00	        1.00	        1.00	        1.00
  0.54	        2.00	        0.00	        0.00	        1.00	        1.00	        1.00
  0.55	        2.00	        0.00	        0.00	        1.00	        1.00	        1.00
  0.56	        2.00	        0.00	        0.00	        1.00	        1.00	        1.00
  0.57	        2.00	        0.00	        0.00	        1.00	        1.00	        1.00
  0.58	        2.00	        0.00	        0.00	        1.00	        1.00	        1.00
  0.59	        2.00	        0.00	        0.00	        1.00	        1.00	        1.00
  0.60	        2.00	        0.00	        0.00	        1.00	        1.00	        1.00
  0.61	        2.00	        0.00	        0.00	        1.00	        1.00	        1.00
  0.62	        2.00	        0.00	        0.00	        1.00	        1.00	        1.00
  0.63	        2.00	        0.00	        0.00	        1.00	        1.00	        1.00
  0.64	        2.00	        0.00	        0.00	        1.00	        1.00	        1.00
  0.65	        2.00	        0.00	        0.00	        1.00	        1.00	        1.00
  0.66	        2.00	        0.00	        0.00	        1.00	        1.00	        1.00
  0.67	        2.00	        0.00	        0.00	        1.00	        1.00	        1.00
  0.68	        2.00	        0.00	        0.00	        1.00	        1.00	        1.00
  0.69	        2.00	        0.00	        0.00	        1.00	        1.00	        1.00
  0.70	        2.00	        0.00	        0.00	        1.00	        1.00	        1.00
  0.71	        2.00	        0.00	        0.00	        1.00	        1.00	        1.00
  0.72	        2.00	        0.00	        0.00	        1.00	        1.00	        1.00
  0.73	        2.00	        0.00	        0.00	        1.00	        1.00	        1.00
  0.74	        2.00	        0.00	        0.00	        1.00	        1.00	        1.00
  0.75	        2.00	        0.00	        0.00	        1.00	        1.00	        1.00
  0.76	        2.00	        0.00	        0.00	        1.00	        1.00	        1.00
  0.77	        2.00	        0.00	        0.00	        1.00	        1.00	        1.00
  0.78	        2.00	        0.00	        0.00	        1.00	        1.00	        1.00
  0.79	        2.00	        0.00	        0.00	        1.00	        1.00	        1.00
  0.80	        2.00	        0.00	        0.00	        1.00	        1.00	        1.00
  0.81	        2.00	        0.00	        0.00	        1.00	        1.00	        1.00
  0.82	        2.00	        0.00	        0.00	        1.00	        1.00	        1.00
  0.83	        2.00	        0.00	        0.00	        1.00	        1.00	        1.00
  0.84	        2.00	        0.00	        0.00	        1.00	        1.00	        1.00
  0.85	        2.00	        0.00	        0.00	        1.00	        1.00	        1.00
  0.86	        2.00	        0.00	        0.00	        1.00	        1.00	        1.00
  0.87	        2.00	        0.00	        0.00	        1.00	        1.00	        1.00
  0.88	        2.00	        0.00	        0.00	        1.00	        1.00	        1.00
  0.89	        2.00	        0.00	        0.00	        1.00	        1.00	        1.00
  0.90	        2.00	        0.00	        0.00	        1.00	        1.00	        1.00
  0.91	        2.00	        0.00	        0.00	        1.00	        1.00	        1.00
  0.92	        2.00	        0.00	        0.00	        1.00	        1.00	        1.00
  0.93	        3.00	        0.00	        0.00	        1.00	        2.00	        1.00
  0.94	        3.00	        0.00	        0.00	        1.00	        2.00	        1.00
  0.95	        3.00	        0.00	        0.00	        1.00	        2.00	        1.00
  0.96	        3.00	        0.00	        0.00	        1.00	        2.00	        1.00
  0.97	        3.00	        0.00	        0.00	        1.00	        2.00	        1.00
  0.98	        3.00	        0.00	        0.00	        1.00	        2.00	        1.00
  0.99	        3.00	        0.00	        0.00	        1.00	        2.00	        1.00
  1.00	        3.00	        0.00	        0.00	        1.00	        2.00	        1.00
  1.01	        3.00	        0.00	        0.00	        1.00	        2.00	        1.00
  1.02	        3.00	        0.00	        0.00	        1.00	        2.00	        1.00
  1.03	        3.00	        0.00	        0.00	        1.00	        2.00	        1.00
  1.04	        3.00	        0.00	        0.00	        1.00	        2.00	        1.00
  1.05	        3.00	        0.00	        0.00	        1.00	        2.00	        1.00
  1.06	        3.00	        0.00	        0.00	        1.00	        2.00	        1.00
  1.07	        3.00	        0.00	        0.00	        1.00	        2.00	        1.00
  1.08	        3.00	        0.00	        0.00	        1.00	        2.00	        1.00
  1.09	        3.00	        0.00	        0.00	        1.00	        2.00	        1.00
  1.10	        3.00	        0.00	        0.00	        1.00	        2.00	        1.00
  1.11	        4.00	        0.00	        0.00	        1.00	        3.00	        1.00
  1.12	        4.00	        0.00	        0.00	        1.00	        3.00	        1.00
  1.13	        4.00	        0.00	        0.00	        1.00	        3.00	        1.00
  1.14	        4.00	        0.00	        0.00	        1.00	        3.00	        1.00
  1.15	        4.00	        0.00	        0.00	        1.00	        3.00	        1.00
  1.16	        5.00	        0.00	        0.00	        1.00	        4.00	        1.00
  1.17	        5.00	        0.00	        0.00	        1.00	        4.00	        1.00
  1.18	        5.00	        0.00	        0.00	        1.00	        4.00	        1.00
  1.19	        5.00	        0.00	        0.00	        1.00	        4.00	        1.00
  1.20	        5.00	        0.00	        0.00	        1.00	        4.00	        1.00
  1.21	        5.00	        0.00	        0.00	        1.00	        4.00	        1.00
  1.22	        5.00	        0.00	        0.00	        1.00	        4.00	        1.00
  1.23	        5.00	        0.00	        0.00	        1.00	        4.00	        1.00
  1.24	        5.00	        0.00	        0.00	        1.00	        4.00	        1.00
  1.25	        6.00	        0.00	        0.00	        1.00	        5.00	        1.00
  1.26	        6.00	        0.00	        0.00	        1.00	        5.00	        1.00
  1.27	        6.00	        0.00	        0.00	        1.00	        5.00	        1.00
  1.28	        6.00	        0.00	        0.00	        1.00	        5.00	        1.00
  1.29	        6.00	        0.00	        0.00	        1.00	        5.00	        1.00
  1.30	        6.00	        0.00	        0.00	        1.00	        5.00	        1.00
  1.31	        6.00	        0.00	        0.00	        1.00	        5.00	        1.00
  1.32	        6.00	        0.00	        0.00	        1.00	        5.00	        1.00
  1.33	        6.00	        0.00	        0.00	        1.00	        5.00	        1.00
  1.34	        6.00	        0.00	        0.00	        1.00	        5.00	        1.00
  1.35	        6.00	        0.00	        0.00	        1.00	        5.00	        1.00
  1.36	        6.00	        0.00	        0.00	        1.00	        5.00	        1.00
  1.37	        6.00	        0.00	        0.00	        1.00	        5.00	        1.00
  1.38	        6.00	        0.00	        0.00	        1.00	        5.00	        1.00
  1.39	        6.00	        0.00	        0.00	        1.00	        5.00	        1.00
  1.40	        6.00	        0.00	        0.00	        1.00	        5.00	        1.00
  1.41	        6.00	        0.00	        0.00	        1.00	        5.00	        1.00
  1.42	        6.00	        0.00	        0.00	        1.00	        5.00	        1.00
  1.43	        6.00	        0.00	        0.00	        1.00	        5.00	        1.00
  1.44	        6.00	        0.00	        0.00	        1.00	        5.00	        1.00
  1.45	        6.00	        0.00	        0.00	        1.00	        5.00	        1.00
  1.46	        7.00	        0.00	        0.00	        1.00	        6.00	        1.00
  1.47	        7.00	        0.00	        0.00	        1.00	        6.00	        1.00
  1.48	        7.00	        0.00	        0.00	        1.00	        6.00	        1.00
  1.49	        7.00	        0.00	        0.00	        1.00	        6.00	        1.00
  1.50	        7.00	        0.00	        0.00	        1.00	        6.00	        1.00
  1.51	        7.00	        0.00	        0.00	        1.00	        6.00	        1.00
  1.52	        7.00	        0.00	        0.00	        1.00	        6.00	        1.00
  1.53	        7.00	        0.00	        0.00	        1.00	        6.00	        1.00
  1.54	        7.00	        0.00	        0.00	        1.00	        6.00	        1.00
  1.55	        7.00	        0.00	        0.00	        1.00	        6.00	        1.00
  1.56	        7.00	        0.00	        0.00	        1.00	        6.00	        1.00
  1.57	        7.00	        0.00	        0.00	        1.00	        6.00	        1.00
  1.58	        7.00	        0.00	        0.00	        1.00	        6.00	        1.00
  1.59	        7.00	        0.00	        0.00	        1.00	        6.00	        1.00
  1.60	        7.00	        0.00	        0.00	        1.00	        6.00	        1.00
  1.61	        7.00	        0.00	        0.00	        1.00	        6.00	        1.00
  1.62	        7.00	        0.00	        0.00	        1.00	        6.00	        1.00
  1.63	        7.00	        0.00	        0.00	        1.00	        6.00	        1.00
  1.64	        7.00	        0.00	        0.00	        1.00	        6.00	        1.00
  1.65	        7.00	        0.00	        0.00	        1.00	        6.00	        1.00
  1.66	        7.00	        0.00	        0.00	        1.00	        6.00	        1.00
  1.67	        8.00	        0.00	        0.00	        1.00	        7.00	        1.00
  1.68	        9.00	        0.00	        0.00	        1.00	        8.00	        1.00
  1.69	        9.00	        0.00	        0.00	        1.00	        8.00	        1.00
  1.70	        9.00	        0.00	        0.00	        1.00	        8.00	        1.00
  1.71	        9.00	        0.00	        0.00	        1.00	        8.00	        1.00
  1.72	        9.00	        0.00	        0.00	        1.00	        8.00	        1.00
  1.73	        9.00	        0.00	        0.00	        1.00	        8.00	        1.00
  1.74	        9.00	        0.00	        0.00	        1.00	        8.00	        1.00
  1.75	       10.00	        0.00	        0.00	        1.00	        9.00	        1.00
  1.76	       10.00	        0.00	        0.00	        1.00	        9.00	        1.00
  1.77	       10.00	        0.00	        0.00	        1.00	        9.00	        1.00
  1.78	       10.00	        0.00	        0.00	        1.00	        9.00	        1.00
  1.79	       10.00	        0.00	        0.00	        1.00	        9.00	        1.00
  1.80	       10.00	        0.00	        0.00	        1.00	        9.00	        1.00
  1.81	       10.00	        0.00	        0.00	        1.00	        9.00	        1.00
  1.82	       10.00	        0.00	        0.00	        1.00	        9.00	        1.00
  1.83	       10.00	        0.00	        0.00	        1.00	        9.00	        1.00
  1.84	       10.00	        0.00	        0.00	        1.00	        9.00	        1.00
  1.85	       10.00	        0.00	        0.00	        1.00	        9.00	        1.00
  1.86	       10.00	        0.00	        0.00	        1.00	        9.00	        1.00
  1.87	       11.00	        0.00	        0.00	        1.00	       10.00	        1.00
  1.88	       11.00	        0.00	        0.00	        1.00	       10.00	        1.00
  1.89	       11.00	        0.00	        0.00	        1.00	       10.00	        1.00
  1.90	       11.00	        0.00	        0.00	        1.00	       10.00	        1.00
  1.91	       11.00	        0.00	        0.00	        1.00	       10.00	        1.00
  1.92	       11.00	        0.00	        0.00	        1.00	       10.00	        1.00
  1.93	       11.00	        0.00	        0.00	        1.00	       10.00	        1.00
  1.94	       11.00	        0.00	        0.00	        1.00	       10.00	        1.00
  1.95	       11.00	        0.00	        0.00	        1.00	       10.00	        1.00
  1.96	       11.00	        0.00	        0.00	        1.00	       10.00	        1.00
  1.97	       11.00	        0.00	        0.00	        1.00	       10.00	        1.00
  1.98	       11.00	        0.00	        0.00	        1.00	       10.00	        1.00
  1.99	       11.00	        0.00	        0.00	        1.00	       10.00	        1.00
  2.00	       12.00	        0.00	        0.00	        1.00	       11.00	        1.00
  2.01	       13.00	        0.00	        0.00	        1.00	       12.00	        1.00
  2.02	       13.00	        0.00	        0.00	        1.00	       12.00	        1.00
  2.03	       13.00	        0.00	        0.00	        1.00	       12.00	        1.00
  2.04	       13.00	        0.00	        0.00	        1.00	       12.00	        1.00
  2.05	       13.00	        0.00	        0.00	        1.00	       12.00	        1.00
  2.06	       13.00	        0.00	        0.00	        1.00	       12.00	        1.00
  2.07	       13.00	        0.00	        0.00	        1.00	       12.00	        1.00
  2.08	       13.00	        0.00	        0.00	        1.00	       12.00	        1.00
  2.09	       13.00	        0.00	        0.00	        1.00	       12.00	        1.00
  2.10	       13.00	        0.00	        0.00	        1.00	       12.00	        1.00
  2.11	       16.00	        0.00	        0.00	        1.00	       15.00	        1.00
  2.12	       16.00	        0.00	        0.00	        1.00	       15.00	        1.00
  2.13	       16.00	        0.00	        0.00	        1.00	       15.00	        1.00
  2.14	       18.00	        0.00	        0.00	        1.00	       17.00	        1.00
  2.15	       18.00	        0.00	        0.00	        1.00	       17.00	        1.00
  2.16	       19.00	        0.00	        0.00	        1.00	       18.00	        1.00
  2.17	       19.00	        0.00	        0.00	        1.00	       18.00	        1.00
  2.18	       20.00	        0.00	        0.00	        1.00	       19.00	        1.00
  2.19	       20.00	        0.00	        0.00	        1.00	       19.00	        1.00
  2.20	       21.00	        0.00	        0.00	        1.00	       20.00	        1.00
  2.21	       21.00	        0.00	        0.00	        1.00	       20.00	        1.00
  2.22	       22.00	        0.00	        0.00	        1.00	       21.00	        1.00
  2.23	       22.00	        0.00	        0.00	        1.00	       21.00	        1.00
  2.24	       22.00	        0.00	        0.00	        1.00	       21.00	        1.00
  2.25	       23.00	        0.00	        0.00	        1.00	       22.00	        1.00
  2.26	       23.00	        0.00	        0.00	        1.00	       22.00	        1.00
  2.27	       24.00	        0.00	        0.00	        1.00	       23.00	        1.00
  2.28	       24.00	        0.00	        0.00	        1.00	       23.00	        1.00
  2.29	       24.00	        0.00	        0.00	        1.00	       23.00	        1.00
  2.30	       25.00	        0.00	        0.00	        1.00	       24.00	        1.00
  2.31	       26.00	        0.00	        0.00	        1.00	       25.00	        1.00
  2.32	       26.00	        0.00	        0.00	        1.00	       25.00	        1.00
  2.33	       26.00	        0.00	        0.00	        1.00	       25.00	        1.00
  2.34	       28.00	        0.00	        0.00	        1.00	       27.00	        1.00
  2.35	       28.00	        0.00	        0.00	        1.00	       27.00	        1.00
  2.36	       29.00	        0.00	        0.00	        1.00	       28.00	        1.00
  2.37	       29.00	        0.00	        0.00	        1.00	       28.00	        1.00
  2.38	       29.00	        0.00	        0.00	        1.00	       28.00	        1.00
  2.39	       29.00	        0.00	        0.00	        1.00	       28.00	        1.00
  2.40	       29.00	        0.00	        0.00	        1.00	       28.00	        1.00
  2.41	       29.00	        0.00	        0.00	        1.00	       28.00	        1.00
  2.42	       29.00	        0.00	        0.00	        1.00	       28.00	        1.00
  2.43	       30.00	        0.00	        0.00	        1.00	       29.00	        1.00
  2.44	       32.00	        0.00	        0.00	        1.00	       31.00	        1.00
  2.45	       32.00	        0.00	        0.00	        1.00	       31.00	        1.00
  2.46	       33.00	        0.00	        0.00	        1.00	       32.00	        1.00
  2.47	       33.00	        0.00	        0.00	        1.00	       32.00	        1.00
  2.48	       33.00	        0.00	        0.00	        1.00	       32.00	        1.00
  2.49	       33.00	        0.00	        0.00	        1.00	       32.00	        1.00
  2.50	       33.00	        0.00	        0.00	        1.00	       32.00	        1.00
  2.51	       33.00	        0.00	        0.00	        1.00	       32.00	        1.00
  2.52	       33.00	        0.00	        0.00	        1.00	       32.00	        1.00
  2.53	       35.00	        0.00	        0.00	        1.00	       34.00	        1.00
  2.54	       36.00	        0.00	        0.00	        1.00	       35.00	        1.00
  2.55	       36.00	        0.00	        0.00	        1.00	       35.00	        1.00
  2.56	       36.00	        0.00	        0.00	        1.00	       35.00	        1.00
  2.57	       37.00	        0.00	        0.00	        1.00	       36.00	        1.00
  2.58	       37.00	        0.00	        0.00	        1.00	       36.00	        1.00
  2.59	       37.00	        0.00	        0.00	        1.00	       36.00	        1.00
  2.60	       37.00	        0.00	        0.00	        1.00	       36.00	        1.00
  2.61	       37.00	        0.00	        0.00	        1.00	       36.00	        1.00
  2.62	       38.00	        0.00	        0.00	        1.00	       37.00	        1.00
  2.63	       38.00	        0.00	        0.00	        1.00	       37.00	        1.00
  2.64	       38.00	        0.00	        0.00	        1.00	       37.00	        1.00
  2.65	       39.00	        0.00	        0.00	        1.00	       38.00	        1.00
  2.66	       39.00	        0.00	        0.00	        1.00	       38.00	        1.00
  2.67	       40.00	        0.00	        0.00	        1.00	       39.00	        1.00
  2.68	       41.00	        0.00	        0.00	        1.00	       40.00	        1.00
  2.69	       43.00	        0.00	        0.00	        1.00	       42.00	        1.00
  2.70	       43.00	        0.00	        0.00	        1.00	       42.00	        1.00
  2.71	       43.00	        0.00	        0.00	        1.00	       42.00	        1.00
  2.72	       45.00	        0.00	        0.00	        1.00	       44.00	        1.00
  2.73	       46.00	        0.00	        0.00	        1.00	       45.00	        1.00
  2.74	       49.00	        0.00	        0.00	        1.00	       48.00	        1.00
  2.75	       50.00	        0.00	        0.00	        1.00	       49.00	        1.00
  2.76	       51.00	        0.00	        0.00	        1.00	       50.00	        1.00
  2.77	       53.00	        0.00	        0.00	        1.00	       52.00	        1.00
  2.78	       53.00	        0.00	        0.00	        1.00	       52.00	        1.00
  2.79	       55.00	        0.00	        0.00	        1.00	       54.00	        1.00
  2.80	       55.00	        0.00	        0.00	        1.00	       54.00	        1.00
  2.81	       57.00	        0.00	        0.00	        1.00	       56.00	        1.00
  2.82	       58.00	        0.00	        0.00	        1.00	       57.00	        1.00
  2.83	       58.00	        0.00	        0.00	        1.00	       57.00	        1.00
  2.84	       58.00	        0.00	        0.00	        1.00	       57.00	        1.00
  2.85	       60.00	        0.00	        0.00	        1.00	       59.00	        1.00
  2.86	       61.00	        0.00	        0.00	        1.00	       60.00	        1.00
  2.87	       62.00	        0.00	        0.00	        1.00	       61.00	        1.00
  2.88	       62.00	        0.00	        0.00	        1.00	       61.00	        1.00
  2.89	       62.00	        0.00	        0.00	        1.00	       61.00	        1.00
  2.90	       63.00	        0.00	        0.00	        1.00	       62.00	        1.00
  2.91	       65.00	        0.00	        0.00	        1.00	       64.00	        1.00
  2.92	       66.00	        0.00	        0.00	        1.00	       65.00	        1.00
  2.93	       67.00	        0.00	        0.00	        1.00	       66.00	        1.00
  2.94	       67.00	        0.00	        0.00	        1.00	       66.00	        1.00
  2.95	       70.00	        0.00	        0.00	        1.00	       69.00	        1.00
  2.96	       72.00	        0.00	        0.00	        1.00	       71.00	        1.00
  2.97	       74.00	        0.00	        0.00	        1.00	       73.00	        1.00
  2.98	       76.00	        0.00	        0.00	        1.00	       75.00	        1.00
  2.99	       77.00	        0.00	        0.00	        1.00	       76.00	        1.00
  3.00	       77.00	        0.00	        0.00	        1.00	       76.00	        1.00
  3.01	       77.00	        0.00	        0.00	        1.00	       76.00	        1.00
  3.02	       80.00	        0.00	        0.00	        1.00	       79.00	        1.00
  3.03	       82.00	        0.00	        0.00	        1.00	       81.00	        1.00
  3.04	       83.00	        0.00	        0.00	        1.00	       82.00	        1.00
  3.05	       86.00	        0.00	        0.00	        1.00	       85.00	        1.00
  3.06	       89.00	        0.00	        0.00	        1.00	       88.00	        1.00
  3.07	       90.00	        0.00	        0.00	        1.00	       89.00	        1.00
  3.08	       91.00	        0.00	        0.00	        1.00	       90.00	        1.00
  3.09	       92.00	        0.00	        0.00	        1.00	       91.00	        1.00
  3.10	       92.00	        0.00	        0.00	        1.00	       91.00	        1.00
  3.11	       93.00	        0.00	        0.00	        1.00	       92.00	        1.00
  3.12	       95.00	        0.00	        0.00	        1.00	       94.00	        1.00
  3.13	       96.00	        0.00	        0.00	        1.00	       95.00	        1.00
  3.14	       98.00	        0.00	        0.00	        1.00	       97.00	        1.00
  3.15	      100.00	        0.00	        0.00	        1.00	       99.00	        1.00
  3.16	      105.00	        0.00	        0.00	        1.00	      104.00	        1.00
  3.17	      109.00	        0.00	        0.00	        1.00	      108.00	        1.00
  3.18	      111.00	        0.00	        0.00	        1.00	      110.00	        1.00
  3.19	      114.00	        0.00	        0.00	        1.00	      113.00	        1.00
  3.20	      114.00	        0.00	        0.00	        1.00	      113.00	        1.00
  3.21	      117.00	        0.00	        0.00	        1.00	      116.00	        1.00
  3.22	      121.00	        0.00	        0.00	        1.00	      120.00	        1.00
  3.23	      126.00	        0.00	        0.00	        1.00	      125.00	        1.00
  3.24	      126.00	        0.00	        0.00	        1.00	      125.00	        1.00
  3.25	      130.00	        0.00	        0.00	        1.00	      129.00	        1.00
  3.26	      131.00	        0.00	        0.00	        1.00	      130.00	        1.00
  3.27	      133.00	        0.00	        0.00	        1.00	      132.00	        1.00
  3.28	      135.00	        0.00	        0.00	        1.00	      134.00	        1.00
  3.29	      136.00	        0.00	        0.00	        1.00	      135.00	        1.00
  3.30	      140.00	        0.00	        0.00	        1.00	      139.00	        1.00
  3.31	      143.00	        0.00	        0.00	        1.00	      142.00	        1.00
  3.32	      145.00	        0.00	        0.00	        1.00	      144.00	        1.00
  3.33	      147.00	        0.00	        0.00	        1.00	      146.00	        1.00
  3.34	      150.00	        0.00	        0.00	        1.00	      149.00	        1.00
  3.35	      154.00	        0.00	        0.00	        1.00	      153.00	        1.00
  3.36	      158.00	        0.00	        0.00	        1.00	      157.00	        1.00
  3.37	      164.00	        0.00	        0.00	        1.00	      163.00	        1.00
  3.38	      167.00	        0.00	        0.00	        1.00	      166.00	        1.00
  3.39	      168.00	        0.00	        0.00	        1.00	      167.00	        1.00
  3.40	      169.00	        0.00	        0.00	        1.00	      168.00	        1.00
  3.41	      173.00	        0.00	        0.00	        1.00	      172.00	        1.00
  3.42	      174.00	        0.00	        0.00	        1.00	      173.00	        1.00
  3.43	      179.00	        0.00	        0.00	        1.00	      178.00	        1.00
  3.44	      179.00	        0.00	        0.00	        1.00	      178.00	        1.00
  3.45	      180.00	        0.00	        0.00	        1.00	      179.00	        1.00
  3.46	      182.00	        0.00	        0.00	        1.00	      181.00	        1.00
  3.47	      184.00	        0.00	        0.00	        1.00	      183.00	        1.00
  3.48	      186.00	        0.00	        0.00	        1.00	      185.00	        1.00
  3.49	      188.00	        0.00	        0.00	        1.00	      187.00	        1.00
  3.50	      190.00	        0.00	        0.00	        1.00	      189.00	        1.00
  3.51	      195.00	        0.00	        0.00	        1.00	      194.00	        1.00
  3.52	      199.00	        0.00	        0.00	        1.00	      198.00	        1.00
  3.53	      200.00	        0.00	        0.00	        1.00	      199.00	        1.00
  3.54	      202.00	        0.00	        0.00	        1.00	      201.00	        1.00
  3.55	      204.00	        0.00	        0.00	        1.00	      203.00	        1.00
  3.56	      208.00	        0.00	        0.00	        1.00	      207.00	        1.00
  3.57	      211.00	        0.00	        0.00	        1.00	      210.00	        1.00
  3.58	      214.00	        0.00	        0.00	        1.00	      213.00	        1.00
  3.59	      217.00	        0.00	        0.00	        1.00	      216.00	        1.00
  3.60	      223.00	        0.00	        0.00	        1.00	      222.00	        1.00
  3.61	      226.00	        0.00	        0.00	        1.00	      225.00	        1.00
  3.62	      227.00	        0.00	        0.00	        1.00	      226.00	        1.00
  3.63	      234.00	        0.00	        0.00	        1.00	      233.00	        1.00
  3.64	      236.00	        0.00	        0.00	        1.00	      235.00	        1.00
  3.65	      238.00	        0.00	        0.00	        1.00	      237.00	        1.00
  3.66	      243.00	        0.00	        0.00	        1.00	      242.00	        1.00
  3.67	      247.00	        0.00	        0.00	        1.00	      246.00	        1.00
  3.68	      249.00	        0.00	        0.00	        1.00	      248.00	        1.00
  3.69	      256.00	        0.00	        0.00	        1.00	      255.00	        1.00
  3.70	      258.00	        0.00	        0.00	        1.00	      257.00	        1.00
  3.71	      262.00	        0.00	        0.00	        1.00	      261.00	        1.00
  3.72	      272.00	        0.00	        0.00	        1.00	      271.00	        1.00
  3.73	      275.00	        0.00	        0.00	        1.00	      274.00	        1.00
  3.74	      280.00	        0.00	        0.00	        1.00	      279.00	        1.00
  3.75	      291.00	        0.00	        0.00	        1.00	      290.00	        1.00
  3.76	      296.00	        0.00	        0.00	        1.00	      295.00	        1.00
  3.77	      300.00	        0.00	        0.00	        1.00	      299.00	        1.00
  3.78	      307.00	        0.00	        0.00	        1.00	      306.00	        1.00
  3.79	      311.00	        0.00	        0.00	        1.00	      310.00	        1.00
  3.80	      313.00	        0.00	        0.00	        1.00	      312.00	        1.00
  3.81	      322.00	        0.00	        0.00	        1.00	      321.00	        1.00
  3.82	      330.00	        0.00	        0.00	        1.00	      329.00	        1.00
  3.83	      337.00	        0.00	        0.00	        1.00	      336.00	        1.00
  3.84	      343.00	        0.00	        0.00	        1.00	      342.00	        1.00
  3.85	      345.00	        0.00	        0.00	        1.00	      344.00	        1.00
  3.86	      353.00	        0.00	        0.00	        1.00	      352.00	        1.00
  3.87	      355.00	        0.00	        0.00	        1.00	      354.00	        1.00
  3.88	      361.00	        0.00	        0.00	        1.00	      360.00	        1.00
  3.89	      371.00	        0.00	        0.00	        1.00	      370.00	        1.00
  3.90	      375.00	        0.00	        0.00	        1.00	      374.00	        1.00
  3.91	      381.00	        0.00	        0.00	        1.00	      380.00	        1.00
  3.92	      388.00	        0.00	        0.00	        1.00	      387.00	        1.00
  3.93	      391.00	        0.00	        0.00	        1.00	      390.00	        1.00
  3.94	      395.00	        0.00	        0.00	        1.00	      394.00	        1.00
  3.95	      398.00	        0.00	        0.00	        1.00	      397.00	        1.00
  3.96	      404.00	        0.00	        0.00	        1.00	      403.00	        1.00
  3.97	      410.00	        0.00	        0.00	        1.00	      409.00	        1.00
  3.98	      418.00	        0.00	        0.00	        1.00	      417.00	        1.00
  3.99	      425.00	        0.00	        0.00	        1.00	      424.00	        1.00
  4.00	      430.00	        0.00	   600000.00	        1.00	      429.00	        1.00
  4.01	      441.00	        0.00	   599974.00	        1.00	      440.00	        1.00
  4.02	      444.00	        0.00	   599952.00	        1.00	      443.00	        1.00
  4.03	      456.00	        0.00	   599936.00	        1.00	      455.00	        1.00
  4.04	      461.00	        0.00	   599921.00	        1.00	      460.00	        1.00
  4.05	      469.00	        0.00	   599909.00	        1.00	      468.00	        1.00
  4.06	      477.00	        0.00	   599899.00	        1.00	      476.00	        1.00
  4.07	      483.00	        0.00	   599882.00	        1.00	      482.00	        1.00
  4.08	      488.00	        0.00	   599863.00	        1.00	      487.00	        1.00
  4.09	      496.00	        0.00	   599845.00	        1.00	      495.00	        1.00
  4.10	      502.00	        0.00	   599826.00	        1.00	      501.00	        1.00
  4.11	      511.00	        0.00	   599804.00	        1.00	      510.00	        1.00
  4.12	      520.00	        0.00	   599787.00	        1.00	      519.00	        1.00
  4.13	      532.00	        0.00	   599761.00	        1.00	      531.00	        1.00
  4.14	      537.00	        1.00	   599746.00	        1.00	      537.00	        1.00
  4.15	      542.00	        1.00	   599729.00	        1.00	      542.00	        1.00
  4.16	      550.00	        1.00	   599713.00	        1.00	      550.00	        1.00
  4.17	      559.00	        1.00	   599695.00	        1.00	      559.00	        1.00
  4.18	      570.00	        1.00	   599684.00	        1.00	      570.00	        1.00
  4.19	      574.00	        1.00	   599669.00	        1.00	      574.00	        1.00
  4.20	      582.00	        1.00	   599656.00	        1.00	      582.00	        1.00
  4.21	      589.00	        1.00	   599646.00	        1.00	      589.00	        1.00
  4.22	      600.00	        1.00	   599631.00	        1.00	      600.00	        1.00
  4.23	      609.00	        1.00	   599602.00	        1.00	      609.00	        1.00
  4.24	      621.00	        1.00	   599586.00	        1.00	      621.00	        1.00
  4.25	      627.00	        1.00	   599572.00	        1.00	      627.00	        1.00
  4.26	      630.00	        1.00	   599550.00	        1.00	      630.00	        1.00
  4.27	      643.00	        1.00	   599539.00	        1.00	      643.00	        1.00
  4.28	      653.00	        1.00	   599526.00	        1.00	      653.00	        1.00
  4.29	      663.00	        1.00	   599506.00	        1.00	      663.00	        1.00
  4.30	      669.00	        1.00	   599481.00	        1.00	      669.00	        1.00
  4.31	      679.00	        1.00	   599462.00	        1.00	      679.00	        1.00
  4.32	      692.00	        1.00	   599447.00	        1.00	      692.00	        1.00
  4.33	      700.00	        1.00	   599431.00	        1.00	      700.00	        1.00
  4.34	      712.00	        1.00	   599413.00	        1.00	      712.00	        1.00
  4.35	      722.00	        1.00	   599397.00	        1.00	      722.00	        1.00
  4.36	      737.00	        1.00	   599376.00	        1.00	      737.00	        1.00
  4.37	      744.00	        1.00	   599343.00	        1.00	      744.00	        1.00
  4.38	      759.00	        1.00	   599327.00	        1.00	      759.00	        1.00
  4.39	      773.00	        1.00	   599319.00	        1.00	      773.00	        1.00
  4.40	      783.00	        1.00	   599300.00	        1.00	      783.00	        1.00
  4.41	      798.00	        2.00	   599280.00	        1.00	      799.00	        1.00
  4.42	      810.00	        2.00	   599258.00	        1.00	      811.00	        1.00
  4.43	      822.00	        2.00	   599236.00	        1.00	      823.00	        1.00
  4.44	      841.00	        2.00	   599219.00	        1.00	      842.00	        1.00
  4.45	      855.00	        2.00	   599201.00	        1.00	      856.00	        1.00
  4.46	      869.00	        2.00	   599179.00	        1.00	      870.00	        1.00
  4.47	      887.00	        2.00	   599156.00	        1.00	      888.00	        1.00
  4.48	      903.00	        2.00	   599139.00	        1.00	      904.00	        1.00
  4.49	      914.00	        2.00	   599120.00	        1.00	      915.00	        1.00
  4.50	      932.00	        2.00	   599106.00	        1.00	      933.00	        1.00
  4.51	      942.00	        2.00	   599093.00	        1.00	      943.00	        1.00
  4.52	      958.00	        3.00	   599072.00	        1.00	      960.00	        1.00
  4.53	      972.00	        3.00	   599048.00	        1.00	      974.00	        1.00
  4.54	      988.00	        3.00	   599030.00	        1.00	      990.00	        1.00
  4.55	     1000.00	        3.00	   599017.00	        1.00	     1002.00	        1.00
  4.56	     1013.00	        3.00	   599001.00	        1.00	     1015.00	        1.00
  4.57	     1026.00	        3.00	   598988.00	        1.00	     1028.00	        1.00
  4.58	     1039.00	        3.00	   598968.00	        1.00	     1041.00	        1.00
  4.59	     1063.00	        3.00	   598939.00	        1.00	     1065.00	        1.00
  4.60	     1078.00	        3.00	   598923.00	        1.00	     1080.00	        1.00
  4.61	     1093.00	        3.00	   598911.00	        1.00	     1095.00	        1.00
  4.62	     1113.00	        3.00	   598893.00	        1.00	     1115.00	        1.00
  4.63	     1131.00	        3.00	   598870.00	        1.00	     1133.00	        1.00
  4.64	     1145.00	        3.00	   598850.00	        1.00	     1147.00	        1.00
  4.65	     1168.00	        3.00	   598839.00	        1.00	     1170.00	        1.00
  4.66	     1189.00	        3.00	   598822.00	        1.00	     1191.00	        1.00
  4.67	     1211.00	        3.00	   598800.00	        1.00	     1213.00	        1.00
  4.68	     1230.00	        3.00	   598788.00	        1.00	     1232.00	        1.00
  4.69	     1248.00	        3.00	   598768.00	        1.00	     1250.00	        1.00
  4.70	     1268.00	        3.00	   598743.00	        1.00	     1270.00	        1.00
  4.71	     1284.00	        3.00	   598728.00	        1.00	     1286.00	        1.00
  4.72	     1299.00	        3.00	   598713.00	        1.00	     1301.00	        1.00
  4.73	     1327.00	        3.00	   598698.00	        1.00	     1329.00	        1.00
  4.74	     1342.00	        4.00	   598684.00	        1.00	     1345.00	        1.00
  4.75	     1361.00	        4.00	   598675.00	        1.00	     1364.00	        1.00
  4.76	     1377.00	        4.00	   598656.00	        1.00	     1380.00	        1.00
  4.77	     1396.00	        4.00	   598646.00	        1.00	     1399.00	        1.00
  4.78	     1420.00	        4.00	   598634.00	        1.00	     1423.00	        1.00
  4.79	     1440.00	        4.00	   598611.00	        1.00	     1443.00	        1.00
  4.80	     1466.00	        4.00	   598586.00	        1.00	     1469.00	        1.00
  4.81	     1487.00	        4.00	   598568.00	        1.00	     1490.00	        1.00
  4.82	     1510.00	        4.00	   598550.00	        1.00	     1513.00	        1.00
  4.83	     1530.00	        4.00	   598537.00	        1.00	     1533.00	        1.00
  4.84	     1554.00	        4.00	   598525.00	        1.00	     1557.00	        1.00
  4.85	     1568.00	        4.00	   598504.00	        1.00	     1571.00	        1.00
  4.86	     1601.00	        4.00	   598487.00	        1.00	     1604.00	        1.00
  4.87	     1631.00	        4.00	   598469.00	        1.00	     1634.00	        1.00
  4.88	     1655.00	        4.00	   598451.00	        1.00	     1658.00	        1.00
  4.89	     1681.00	        4.00	   598427.00	        1.00	     1684.00	        1.00
  4.90	     1705.00	        4.00	   598412.00	        1.00	     1708.00	        1.00
  4.91	     1735.00	        5.00	   598390.00	        1.00	     1739.00	        1.00
  4.92	     1754.00	        5.00	   598367.00	        1.00	     1758.00	        1.00
  4.93	     1777.00	        5.00	   598353.00	        1.00	     1781.00	        1.00
  4.94	     1799.00	        5.00	   598330.00	        1.00	     1803.00	        1.00
  4.95	     1828.00	        7.00	   598307.00	        1.00	     1834.00	        1.00
  4.96	     1854.00	        8.00	   598292.00	        1.00	     1861.00	        1.00
  4.97	     1899.00	        8.00	   598287.00	        1.00	     1906.00	        1.00
  4.98	     1930.00	        8.00	   598273.00	        1.00	     1937.00	        1.00
  4.99	     1964.00	        9.00	   598249.00	        1.00	     1972.00	        1.00
  5.00	     2000.00	        9.00	   598239.00	        1.00	     2008.00	        1.00
  5.01	     2023.00	       10.00	   598222.00	        1.00	     2032.00	        1.00
  5.02	     2053.00	       10.00	   598196.00	        1.00	     2062.00	        1.00
  5.03	     2105.00	       10.00	   598181.00	        1.00	     2114.00	        1.00
  5.04	     2132.00	       10.00	   598157.00	        1.00	     2141.00	        1.00
  5.05	     2156.00	       11.00	   598134.00	        1.00	     2166.00	        1.00
  5.06	     2185.00	       11.00	   598111.00	        1.00	     2195.00	        1.00
  5.07	     2214.00	       11.00	   598093.00	        1.00	     2224.00	        1.00
  5.08	     2255.00	       11.00	   598080.00	        1.00	     2265.00	        1.00
  5.09	     2287.00	       11.00	   598065.00	        1.00	     2297.00	        1.00
  5.10	     2324.00	       11.00	   598037.00	        1.00	     2334.00	        1.00
  5.11	     2369.00	       11.00	   598021.00	        1.00	     2379.00	        1.00
  5.12	     2399.00	       11.00	   597995.00	        1.00	     2409.00	        1.00
  5.13	     2428.00	       11.00	   597972.00	        1.00	     2438.00	        1.00
  5.14	     2470.00	       11.00	   597951.00	        1.00	     2480.00	        1.00
  5.15	     2515.00	       12.00	   597939.00	        1.00	     2526.00	        1.00
  5.16	     2553.00	       13.00	   597921.00	        1.00	     2565.00	        1.00
  5.17	     2599.00	       13.00	   597902.00	        1.00	     2611.00	        1.00
  5.18	     2635.00	       13.00	   597881.00	        1.00	     2647.00	        1.00
  5.19	     2685.00	       13.00	   597862.00	        1.00	     2697.00	        1.00
  5.20	     2729.00	       13.00	   597843.00	        1.00	     2741.00	        1.00
  5.21	     2767.00	       13.00	   597825.00	        1.00	     2779.00	        1.00
  5.22	     2805.00	       13.00	   597806.00	        1.00	     2817.00	        1.00
  5.23	     2855.00	       14.00	   597783.00	        1.00	     2868.00	        1.00
  5.24	     2901.00	       15.00	   597757.00	        1.00	     2915.00	        1.00
  5.25	     2942.00	       15.00	   597742.00	        1.00	     2956.00	        1.00
  5.26	     2994.00	       15.00	   597722.00	        1.00	     3008.00	        1.00
  5.27	     3039.00	       15.00	   597705.00	        1.00	     3053.00	        1.00
  5.28	     3087.00	       15.00	   597682.00	        1.00	     3101.00	        1.00
  5.29	     3132.00	       15.00	   597670.00	        1.00	     3146.00	        1.00
  5.30	     3185.00	       15.00	   597654.00	        1.00	     3199.00	        1.00
  5.31	     3227.00	       15.00	   597633.00	        1.00	     3241.00	        1.00
  5.32	     3275.00	       15.00	   597616.00	        1.00	     3289.00	        1.00
  5.33	     3327.00	       15.00	   597599.00	        1.00	     3341.00	        1.00
  5.34	     3379.00	       16.00	   597575.00	        1.00	     3394.00	        1.00
  5.35	     3430.00	       17.00	   597560.00	        1.00	     3446.00	        1.00
  5.36	     3484.00	       17.00	   597538.00	        1.00	     3500.00	        1.00
  5.37	     3539.00	       18.00	   597527.00	        1.00	     3556.00	        1.00
  5.38	     3590.00	       18.00	   597513.00	        1.00	     3607.00	        1.00
  5.39	     3646.00	       18.00	   597496.00	        1.00	     3663.00	        1.00
  5.40	     3703.00	       18.00	   597480.00	        1.00	     3720.00	        1.00
  5.41	     3770.00	       20.00	   597462.00	        1.00	     3789.00	        1.00
  5.42	     3824.00	       20.00	   597444.00	        1.00	     3843.00	        1.00
  5.43	     3880.00	       21.00	   597417.00	        1.00	     3899.00	        1.00
  5.44	     3947.00	       22.00	   597393.00	        1.00	     3967.00	        1.00
  5.45	     4012.00	       22.00	   597378.00	        1.00	     4032.00	        1.00
  5.46	     3878.00	      210.00	   597564.00	        1.00	     4087.00	        1.00
  5.47	     3943.00	      210.00	   597546.00	        1.00	     4152.00	        1.00
  5.48	     4005.00	      211.00	   597515.00	        1.00	     4215.00	        1.00
  5.49	     4070.00	      211.00	   597495.00	        1.00	     4280.00	        1.00
  5.50	     3955.00	      387.00	   597679.00	        1.00	     4342.00	        1.00
  5.51	     4030.00	      387.00	   597660.00	        1.00	     4417.00	        1.00
  5.52	     4089.00	      387.00	   597644.00	        1.00	     4476.00	        1.00
  5.53	     3995.00	      546.00	   597814.00	        1.00	     4542.00	        1.00
  5.54	     4068.00	      546.00	   597792.00	        1.00	     4615.00	        1.00
  5.55	     4135.00	      547.00	   597777.00	        1.00	     4683.00	        1.00
  5.56	     4201.00	      547.00	   597759.00	        1.00	     4749.00	        1.00
  5.57	     4264.00	      548.00	   597741.00	        1.00	     4813.00	        1.00
  5.58	     4190.00	      687.00	   597923.00	        1.00	     4879.00	        1.00
  5.59	     4275.00	      690.00	   597907.00	        1.00	     4967.00	        1.00
  5.60	     4351.00	      694.00	   597888.00	        1.00	     5047.00	        1.00
  5.61	     4405.00	      694.00	   597863.00	        1.00	     5101.00	        1.00
  5.62	     4479.00	      696.00	   597841.00	        1.00	     5177.00	        1.00
  5.63	     4551.00	      697.00	   597824.00	        1.00	     5250.00	        1.00
  5.64	     4618.00	      697.00	   597809.00	        1.00	     5317.00	        1.00
  5.65	     4701.00	      698.00	   597792.00	        1.00	     5401.00	        1.00
  5.66	     4788.00	      700.00	   597773.00	        1.00	     5490.00	        1.00
  5.67	     4866.00	      700.00	   597747.00	        1.00	     5568.00	        1.00
  5.68	     4951.00	      700.00	   597727.00	        1.00	     5653.00	        1.00
  5.69	     5018.00	      700.00	   597706.00	        1.00	     5720.00	        1.00
  5.70	     5101.00	      700.00	   597690.00	        1.00	     5803.00	        1.00
  5.71	     5190.00	      701.00	   597677.00	        1.00	     5893.00	        1.00
  5.72	     5274.00	      702.00	   597651.00	        1.00	     5978.00	        1.00
  5.73	     5358.00	      703.00	   597638.00	        1.00	     6063.00	        1.00
  5.74	     5482.00	      704.00	   597623.00	        1.00	     6188.00	        1.00
  5.75	     5567.00	      709.00	   597595.00	        1.00	     6278.00	        1.00
  5.76	     5653.00	      711.00	   597578.00	        1.00	     6366.00	        1.00
  5.77	     5748.00	      712.00	   597553.00	        1.00	     6462.00	        1.00
  5.78	     5861.00	      712.00	   597536.00	        1.00	     6575.00	        1.00
  5.79	     5966.00	      712.00	   597520.00	        1.00	     6680.00	        1.00
  5.80	     6062.00	      713.00	   597508.00	        1.00	     6777.00	        1.00
  5.81	     6166.00	      713.00	   597485.00	        1.00	     6881.00	        1.00
  5.82	     6254.00	      716.00	   597461.00	        1.00	     6972.00	        1.00
  5.83	     6371.00	      717.00	   597437.00	        1.00	     7090.00	        1.00
  5.84	     6470.00	      719.00	   597406.00	        1.00	     7191.00	        1.00
  5.85	     6435.00	      865.00	   597585.00	        1.00	     7303.00	        1.00
  5.86	     6538.00	      865.00	   597564.00	        1.00	     7406.00	        1.00
  5.87	     6653.00	      865.00	   597548.00	        1.00	     7521.00	        1.00
  5.88	     6775.00	      866.00	   597529.00	        1.00	     7644.00	        1.00
  5.89	     6876.00	      866.00	   597513.00	        1.00	     7745.00	        1.00
  5.90	     6976.00	      866.00	   597493.00	        1.00	     7845.00	        1.00
  5.91	     7088.00	      867.00	   597477.00	        1.00	     7958.00	        1.00
  5.92	     6780.00	     1278.00	   598055.00	        1.00	     8064.00	        1.00
  5.93	     6908.00	     1280.00	   598035.00	        1.00	     8194.00	        1.00
  5.94	     7019.00	     1280.00	   598021.00	        1.00	     8305.00	        1.00
  5.95	     7131.00	     1281.00	   598002.00	        1.00	     8418.00	        1.00
  5.96	     7246.00	     1281.00	   597982.00	        1.00	     8533.00	        1.00
  5.97	     7223.00	     1413.00	   598157.00	        1.00	     8643.00	        1.00
  5.98	     7196.00	     1531.00	   598341.00	        1.00	     8735.00	        1.00
  5.99	     7309.00	     1532.00	   598325.00	        1.00	     8849.00	        1.00
  6.00	     7408.00	     1533.00	   598302.00	        1.00	     8949.00	        1.00
  6.01	     7526.00	     1533.00	   598280.00	        1.00	     9067.00	        1.00
  6.02	     7639.00	     1535.00	   598257.00	        1.00	     9182.00	        1.00
  6.03	     7781.00	     1536.00	   598241.00	        1.00	     9325.00	        1.00
  6.04	     7658.00	     1772.00	   598623.00	        1.00	     9440.00	        1.00
  6.05	     7572.00	     1992.00	   599002.00	        1.00	     9576.00	        1.00
  6.06	     7496.00	     2182.00	   599376.00	        1.00	     9692.00	        1.00
  6.07	     7442.00	     2372.00	   599750.00	        1.00	     9830.00	        1.00
  6.08	     7376.00	     2554.00	   600126.00	        1.00	     9948.00	        1.00
  6.09	     7392.00	     2645.00	   600307.00	        1.00	    10056.00	        1.00
  6.10	     7276.00	     2892.00	   600885.00	        1.00	    10190.00	        1.00
  6.11	     7300.00	     2974.00	   601061.00	        1.00	    10297.00	        1.00
  6.12	     7278.00	     3134.00	   601438.00	        1.00	    10437.00	        1.00
  6.13	     7172.00	     3353.00	   602014.00	        1.00	    10553.00	        1.00
  6.14	     7102.00	     3556.00	   602585.00	        1.00	    10689.00	        1.00
  6.15	     7093.00	     3689.00	   602957.00	        1.00	    10815.00	        1.00
  6.16	     6947.00	     3931.00	   603727.00	        1.00	    10915.00	        1.00
  6.17	     6884.00	     4108.00	   604306.00	        1.00	    11032.00	        1.00
  6.18	     6735.00	     4348.00	   605281.00	        1.00	    11128.00	        1.00
  6.19	     6539.00	     4658.00	   606646.00	        1.00	    11249.00	        1.00
  6.20	     6423.00	     4898.00	   607804.00	        1.00	    11379.00	        1.00
  6.21	     6348.00	     5076.00	   608566.00	        1.00	    11486.00	        1.00
  6.22	     6209.00	     5293.00	   609710.00	        1.00	    11570.00	        1.00
  6.23	     6163.00	     5437.00	   610467.00	        1.00	    11672.00	        1.00
  6.24	     6123.00	     5555.00	   611030.00	        1.00	    11753.00	        1.00
  6.25	     6071.00	     5717.00	   611978.00	        1.00	    11868.00	        1.00
  6.26	     5883.00	     5998.00	   613729.00	        1.00	    11970.00	        1.00
  6.27	     5875.00	     6077.00	   614075.00	        1.00	    12043.00	        1.00
  6.28	     5782.00	     6253.00	   615231.00	        1.00	    12132.00	        1.00
  6.29	     5654.00	     6462.00	   616775.00	        1.00	    12221.00	        1.00
  6.30	     5544.00	     6659.00	   618315.00	        1.00	    12316.00	        1.00
  6.31	     5452.00	     6833.00	   619863.00	        1.00	    12406.00	        1.00
  6.32	     5267.00	     7081.00	   621998.00	        1.00	    12480.00	        1.00
  6.33	     5248.00	     7176.00	   622931.00	        1.00	    12561.00	        1.00
  6.34	     5211.00	     7295.00	   624068.00	        1.00	    12649.00	        1.00
  6.35	     5261.00	     7324.00	   624409.00	        1.00	    12730.00	        1.00
  6.36	     5236.00	     7427.00	   625343.00	        1.00	    12813.00	        1.00
  6.37	     5201.00	     7536.00	   626482.00	        1.00	    12893.00	        1.00
  6.38	     5116.00	     7685.00	   628003.00	        1.00	    12965.00	        1.00
  6.39	     5167.00	     7721.00	   628316.00	        1.00	    13054.00	        1.00
  6.40	     5155.00	     7809.00	   629252.00	        1.00	    13135.00	        1.00
  6.41	     5112.00	     7939.00	   630989.00	        1.00	    13231.00	        1.00
  6.42	     5139.00	     7993.00	   631729.00	        1.00	    13316.00	        1.00
  6.43	     5077.00	     8124.00	   633445.00	        1.00	    13394.00	        1.00
  6.44	     4942.00	     8315.00	   636383.00	        1.00	    13465.00	        1.00
  6.45	     4859.00	     8460.00	   638703.00	        1.00	    13539.00	        1.00
  6.46	     4865.00	     8527.00	   639609.00	        1.00	    13617.00	        1.00
  6.47	     4790.00	     8659.00	   641705.00	        1.00	    13685.00	        1.00
  6.48	     4768.00	     8752.00	   643206.00	        1.00	    13764.00	        1.00
  6.49	     4705.00	     8865.00	   645318.00	        1.00	    13825.00	        1.00
  6.50	     4694.00	     8949.00	   646618.00	        1.00	    13905.00	        1.00
  6.51	     4556.00	     9146.00	   650527.00	        1.00	    13984.00	        1.00
  6.52	     4523.00	     9250.00	   652834.00	        1.00	    14067.00	        1.00
  6.53	     4505.00	     9350.00	   655121.00	        1.00	    14161.00	        1.00
  6.54	     4450.00	     9456.00	   657422.00	        1.00	    14224.00	        1.00
  6.55	     4314.00	     9633.00	   661099.00	        1.00	    14284.00	        1.00
  6.56	     4198.00	     9791.00	   665175.00	        1.00	    14347.00	        1.00
  6.57	     4108.00	     9926.00	   668828.00	        1.00	    14411.00	        1.00
  6.58	     4077.00	    10021.00	   671713.00	        1.00	    14490.00	        1.00
  6.59	     4023.00	    10115.00	   674774.00	        1.00	    14546.00	        1.00
  6.60	     3967.00	    10224.00	   678232.00	        1.00	    14617.00	        1.00
  6.61	     3900.00	    10330.00	   681102.00	        1.00	    14671.00	        1.00
  6.62	     3854.00	    10425.00	   683959.00	        1.00	    14735.00	        1.00
  6.63	     3840.00	    10489.00	   686023.00	        1.00	    14796.00	        1.00
  6.64	     3802.00	    10582.00	   688862.00	        1.00	    14866.00	        1.00
  6.65	     3740.00	    10686.00	   692521.00	        1.00	    14927.00	        1.00
  6.66	     3683.00	    10785.00	   697162.00	        1.00	    14993.00	        1.00
  6.67	     3657.00	    10855.00	   699781.00	        1.00	    15051.00	        1.00
  6.68	     3623.00	    10942.00	   704013.00	        1.00	    15126.00	        1.00
  6.69	     3574.00	    11015.00	   707820.00	        1.00	    15170.00	        1.00
  6.70	     3484.00	    11135.00	   713631.00	        1.00	    15230.00	        1.00
  6.71	     3420.00	    11233.00	   718249.00	        1.00	    15288.00	        1.00
  6.72	     3316.00	    11358.00	   724445.00	        1.00	    15341.00	        1.00
  6.73	     3207.00	    11481.00	   732019.00	        1.00	    15394.00	        1.00
  6.74	     3180.00	    11531.00	   735409.00	        1.00	    15435.00	        1.00
  6.75	     3077.00	    11640.00	   742989.00	        1.00	    15480.00	        1.00
  6.76	     3000.00	    11736.00	   748748.00	        1.00	    15529.00	        1.00
  6.77	     2927.00	    11831.00	   754880.00	        1.00	    15583.00	        1.00
  6.78	     2894.00	    11878.00	   758825.00	        1.00	    15618.00	        1.00
  6.79	     2813.00	    11957.00	   765929.00	        1.00	    15653.00	        1.00
  6.80	     2748.00	    12027.00	   771685.00	        1.00	    15688.00	        1.00
  6.81	     2697.00	    12093.00	   776983.00	        1.00	    15731.00	        1.00
  6.82	     2618.00	    12167.00	   784869.00	        1.00	    15767.00	        1.00
  6.83	     2598.00	    12212.00	   790392.00	        1.00	    15821.00	        1.00
  6.84	     2507.00	    12299.00	   799290.00	        1.00	    15863.00	        1.00
  6.85	     2447.00	    12355.00	   808391.00	        1.00	    15906.00	        1.00
  6.86	     2388.00	    12422.00	   816071.00	        1.00	    15954.00	        1.00
  6.87	     2340.00	    12468.00	   822754.00	        1.00	    15987.00	        1.00
  6.88	     2265.00	    12535.00	   832392.00	        1.00	    16029.00	        1.00
  6.89	     2207.00	    12579.00	   842010.00	        1.00	    16065.00	        1.00
  6.90	     2129.00	    12628.00	   853628.00	        1.00	    16096.00	        1.00
  6.91	     2052.00	    12681.00	   863640.00	        1.00	    16124.00	        1.00
  6.92	     1990.00	    12723.00	   874031.00	        1.00	    16158.00	        1.00
  6.93	     1921.00	    12767.00	   885403.00	        1.00	    16192.00	        1.00
  6.94	     1861.00	    12797.00	   894776.00	        1.00	    16211.00	        1.00
  6.95	     1807.00	    12829.00	   905741.00	        1.00	    16246.00	        1.00
  6.96	     1763.00	    12846.00	   916224.00	        1.00	    16274.00	        1.00
  6.97	     1717.00	    12875.00	   926787.00	        1.00	    16312.00	        1.00
  6.98	     1637.00	    12912.00	   938325.00	        1.00	    16329.00	        1.00
  6.99	     1577.00	    12927.00	   951638.00	        1.00	    16353.00	        1.00
  7.00	     1536.00	    12927.00	   964511.00	        1.00	    16379.00	        1.00
  7.01	     1474.00	    12945.00	   978144.00	        1.00	    16406.00	        1.00
  7.02	     1429.00	    12949.00	   990587.00	        1.00	    16430.00	        1.00
  7.03	     1365.00	    12968.00	  1003210.00	        1.00	    16451.00	        1.00
  7.04	     1290.00	    12971.00	  1020834.00	        1.00	    16470.00	        1.00
  7.05	     1228.00	    12975.00	  1035255.00	        1.00	    16487.00	        1.00
  7.06	     1174.00	    12963.00	  1050382.00	        1.00	    16500.00	        1.00
  7.07	     1129.00	    12956.00	  1063349.00	        1.00	    16516.00	        1.00
  7.08	     1089.00	    12942.00	  1077327.00	        1.00	    16535.00	        1.00
  7.09	     1055.00	    12924.00	  1089881.00	        1.00	    16549.00	        1.00
  7.10	      999.00	    12909.00	  1106633.00	        1.00	    16565.00	        1.00
  7.11	      943.00	    12894.00	  1122760.00	        1.00	    16578.00	        1.00
  7.12	      908.00	    12877.00	  1136281.00	        1.00	    16597.00	        1.00
  7.13	      860.00	    12856.00	  1153207.00	        1.00	    16616.00	        1.00
  7.14	      821.00	    12823.00	  1170259.00	        1.00	    16633.00	        1.00
  7.15	      776.00	    12786.00	  1188699.00	        1.00	    16647.00	        1.00
  7.16	      748.00	    12739.00	  1204945.00	        1.00	    16657.00	        1.00
  7.17	      703.00	    12696.00	  1224713.00	        1.00	    16672.00	        1.00
  7.18	      662.00	    12654.00	  1243911.00	        1.00	    16689.00	        1.00
  7.19	      626.00	    12620.00	  1259469.00	        1.00	    16701.00	        1.00
  7.20	      598.00	    12563.00	  1277616.00	        1.00	    16711.00	        1.00
  7.21	      560.00	    12511.00	  1296635.00	        1.00	    16720.00	        1.00
  7.22	      537.00	    12449.00	  1315633.00	        1.00	    16734.00	        1.00
  7.23	      492.00	    12408.00	  1333149.00	        1.00	    16740.00	        1.00
  7.24	      463.00	    12353.00	  1350899.00	        1.00	    16749.00	        1.00
  7.25	      428.00	    12311.00	  1366606.00	        1.00	    16755.00	        1.00
  7.26	      401.00	    12249.00	  1385156.00	        1.00	    16763.00	        1.00
  7.27	      373.00	    12189.00	  1403407.00	        1.00	    16771.00	        1.00
  7.28	      357.00	    12114.00	  1422275.00	        1.00	    16779.00	        1.00
  7.29	      333.00	    12042.00	  1441717.00	        1.00	    16785.00	        1.00
  7.30	      308.00	    11967.00	  1461311.00	        1.00	    16788.00	        1.00
  7.31	      284.00	    11891.00	  1481367.00	        1.00	    16793.00	        1.00
  7.32	      257.00	    11830.00	  1498809.00	        1.00	    16797.00	        1.00
  7.33	      229.00	    11750.00	  1519869.00	        1.00	    16799.00	        1.00
  7.34	      217.00	    11671.00	  1538061.00	        1.00	    16804.00	        1.00
  7.35	      192.00	    11585.00	  1560655.00	        1.00	    16811.00	        1.00
  7.36	      173.00	    11506.00	  1580248.00	        1.00	    16816.00	        1.00
  7.37	      156.00	    11424.00	  1599842.00	        1.00	    16820.00	        1.00
  7.38	      129.00	    11345.00	  1620399.00	        1.00	    16822.00	        1.00
  7.39	      110.00	    11259.00	  1641019.00	        1.00	    16825.00	        1.00
  7.40	       97.00	    11170.00	  1660334.00	        1.00	    16825.00	        1.00
  7.41	       75.00	    11077.00	  1682817.00	        1.00	    16828.00	        1.00
  7.42	       61.00	    10979.00	  1704516.00	        1.00	    16830.00	        1.00
  7.43	       52.00	    10885.00	  1724247.00	        1.00	    16831.00	        1.00
  7.44	       40.00	    10789.00	  1744780.00	        1.00	    16831.00	        1.00
  7.45	       28.00	    10689.00	  1766308.00	        1.00	    16832.00	        1.00
  7.46	       23.00	    10568.00	  1790427.00	        1.00	    16832.00	        1.00
  7.47	       12.00	    10480.00	  1809104.00	        1.00	    16832.00	        1.00
  7.48	        1.00	    10380.00	  1830208.00	        1.00	    16832.00	        1.00
  7.49	        1.00	    10267.00	  1851672.00	        1.00	    16832.00	        1.00
  7.50	        0.00	    10160.00	  1872152.00	        0.00	    16832.00	        1.00
  7.51	        0.00	    10019.00	  1899208.00	        0.00	    16832.00	        1.00
  7.52	        0.00	     9892.00	  1923449.00	        0.00	    16832.00	        1.00
  7.53	        0.00	     9782.00	  1944336.00	        0.00	    16832.00	        1.00
  7.54	        0.00	     9673.00	  1965000.00	        0.00	    16832.00	        1.00
  7.55	        0.00	     9551.00	  1988161.00	        0.00	    16832.00	        1.00
  7.56	        0.00	     9446.00	  2007998.00	        0.00	    16832.00	        1.00
  7.57	        0.00	     9314.00	  2033273.00	        0.00	    16832.00	        1.00
  7.58	        0.00	     9203.00	  2054335.00	        0.00	    16832.00	        1.00
  7.59	        0.00	     9092.00	  2075344.00	        0.00	    16832.00	        1.00
  7.60	        0.00	     8952.00	  2102185.00	        0.00	    16832.00	        1.00
  7.61	        0.00	     8835.00	  2124456.00	        0.00	    16832.00	        1.00
  7.62	        0.00	     8717.00	  2146860.00	        0.00	    16832.00	        1.00
  7.63	        0.00	     8589.00	  2171245.00	        0.00	    16832.00	        1.00
  7.64	        0.00	     8480.00	  2191878.00	        0.00	    16832.00	        1.00
  7.65	        0.00	     8370.00	  2212709.00	        0.00	    16832.00	        1.00
  7.66	        0.00	     8238.00	  2237901.00	        0.00	    16832.00	        1.00
  7.67	        0.00	     8112.00	  2261930.00	        0.00	    16832.00	        1.00
  7.68	        0.00	     7996.00	  2283921.00	        0.00	    16832.00	        1.00
  7.69	        0.00	     7876.00	  2306681.00	        0.00	    16832.00	        1.00
  7.70	        0.00	     7743.00	  2332048.00	        0.00	    16832.00	        1.00
  7.71	        0.00	     7635.00	  2352465.00	        0.00	    16832.00	        1.00
  7.72	        0.00	     7507.00	  2376861.00	        0.00	    16832.00	        1.00
  7.73	        0.00	     7389.00	  2399269.00	        0.00	    16832.00	        1.00
  7.74	        0.00	     7263.00	  2423251.00	        0.00	    16832.00	        1.00
  7.75	        0.00	     7135.00	  2447677.00	        0.00	    16832.00	        1.00
  7.76	        0.00	     7016.00	  2470257.00	        0.00	    16832.00	        1.00
  7.77	        0.00	     6896.00	  2493078.00	        0.00	    16832.00	        1.00
  7.78	        0.00	     6790.00	  2513075.00	        0.00	    16832.00	        1.00
  7.79	        0.00	     6686.00	  2532720.00	        0.00	    16832.00	        1.00
  7.80	        0.00	     6585.00	  2551758.00	        0.00	    16832.00	        1.00
  7.81	        0.00	     6449.00	  2577755.00	        0.00	    16832.00	        1.00
  7.82	        0.00	     6321.00	  2602196.00	        0.00	    16832.00	        1.00
  7.83	        0.00	     6210.00	  2623284.00	        0.00	    16832.00	        1.00
  7.84	        0.00	     6090.00	  2646104.00	        0.00	    16832.00	        1.00
  7.85	        0.00	     5995.00	  2663938.00	        0.00	    16832.00	        1.00
  7.86	        0.00	     5880.00	  2685803.00	        0.00	    16832.00	        1.00
  7.87	        0.00	     5775.00	  2705687.00	        0.00	    16832.00	        1.00
  7.88	        0.00	     5675.00	  2724594.00	        0.00	    16832.00	        1.00
  7.89	        0.00	     5564.00	  2745675.00	        0.00	    16832.00	        1.00
  7.90	        0.00	     5445.00	  2768390.00	        0.00	    16832.00	        1.00
  7.91	        0.00	     5342.00	  2787910.00	        0.00	    16832.00	        1.00
  7.92	        0.00	     5255.00	  2804156.00	        0.00	    16832.00	        1.00
  7.93	        0.00	     5145.00	  2825068.00	        0.00	    16832.00	        1.00
  7.94	        0.00	     5041.00	  2844767.00	        0.00	    16832.00	        1.00
  7.95	        0.00	     4940.00	  2863824.00	        0.00	    16832.00	        1.00
  7.96	        0.00	     4853.00	  2880164.00	        0.00	    16832.00	        1.00
  7.97	        0.00	     4772.00	  2895322.00	        0.00	    16832.00	        1.00
  7.98	        0.00	     4688.00	  2911009.00	        0.00	    16832.00	        1.00
  7.99	        0.00	     4577.00	  2932220.00	        0.00	    16832.00	        1.00
  8.00	        0.00	     4475.00	  2951632.00	        0.00	    16832.00	        1.00
  8.01	        0.00	     4403.00	  2965056.00	        0.00	    16832.00	        1.00
  8.02	        0.00	     4320.00	  2980665.00	        0.00	    16832.00	        1.00
  8.03	        0.00	     4234.00	  2996869.00	        0.00	    16832.00	        1.00
  8.04	        0.00	     4142.00	  3014283.00	        0.00	    16832.00	        1.00
  8.05	        0.00	     4066.00	  3028515.00	        0.00	    16832.00	        1.00
  8.06	        0.00	     3977.00	  3045395.00	        0.00	    16832.00	        1.00
  8.07	        0.00	     3901.00	  3059648.00	        0.00	    16832.00	        1.00
  8.08	        0.00	     3811.00	  3076784.00	        0.00	    16832.00	        1.00
  8.09	        0.00	     3725.00	  3093082.00	        0.00	    16832.00	        1.00
  8.10	        0.00	     3636.00	  3109992.00	        0.00	    16832.00	        1.00
  8.11	        0.00	     3549.00	  3126469.00	        0.00	    16832.00	        1.00
  8.12	        0.00	     3471.00	  3141202.00	        0.00	    16832.00	        1.00
  8.13	        0.00	     3394.00	  3155658.00	        0.00	    16832.00	        1.00
  8.14	        0.00	     3322.00	  3169189.00	        0.00	    16832.00	        1.00
  8.15	        0.00	     3258.00	  3181106.00	        0.00	    16832.00	        1.00
  8.16	        0.00	     3188.00	  3194276.00	        0.00	    16832.00	        1.00
  8.17	        0.00	     3114.00	  3208234.00	        0.00	    16832.00	        1.00
  8.18	        0.00	     3044.00	  3221460.00	        0.00	    16832.00	        1.00
  8.19	        0.00	     2966.00	  3236330.00	        0.00	    16832.00	        1.00
  8.20	        0.00	     2885.00	  3251723.00	        0.00	    16832.00	        1.00
  8.21	        0.00	     2823.00	  3263336.00	        0.00	    16832.00	        1.00
  8.22	        0.00	     2760.00	  3275173.00	        0.00	    16832.00	        1.00
  8.23	        0.00	     2696.00	  3287191.00	        0.00	    16832.00	        1.00
  8.24	        0.00	     2635.00	  3298680.00	        0.00	    16832.00	        1.00
  8.25	        0.00	     2569.00	  3311121.00	        0.00	    16832.00	        1.00
  8.26	        0.00	     2513.00	  3321604.00	        0.00	    16832.00	        1.00
  8.27	        0.00	     2447.00	  3334103.00	        0.00	    16832.00	        1.00
  8.28	        0.00	     2382.00	  3346390.00	        0.00	    16832.00	        1.00
  8.29	        0.00	     2318.00	  3358482.00	        0.00	    16832.00	        1.00
  8.30	        0.00	     2253.00	  3370762.00	        0.00	    16832.00	        1.00
  8.31	        0.00	     2187.00	  3383302.00	        0.00	    16832.00	        1.00
  8.32	        0.00	     2126.00	  3394834.00	        0.00	    16832.00	        1.00
  8.33	        0.00	     2058.00	  3407748.00	        0.00	    16832.00	        1.00
  8.34	        0.00	     1999.00	  3418869.00	        0.00	    16832.00	        1.00
  8.35	        0.00	     1944.00	  3429236.00	        0.00	    16832.00	        1.00
  8.36	        0.00	     1901.00	  3437194.00	        0.00	    16832.00	        1.00
  8.37	        0.00	     1845.00	  3447772.00	        0.00	    16832.00	        1.00
  8.38	        0.00	     1791.00	  3457955.00	        0.00	    16832.00	        1.00
  8.39	        0.00	     1723.00	  3470963.00	        0.00	    16832.00	        1.00
  8.40	        0.00	     1684.00	  3478082.00	        0.00	    16832.00	        1.00
  8.41	        0.00	     1636.00	  3487091.00	        0.00	    16832.00	        1.00
  8.42	        0.00	     1575.00	  3498716.00	        0.00	    16832.00	        1.00
  8.43	        0.00	     1532.00	  3506719.00	        0.00	    16832.00	        1.00
  8.44	        0.00	     1480.00	  3516596.00	        0.00	    16832.00	        1.00
  8.45	        0.00	     1435.00	  3525067.00	        0.00	    16832.00	        1.00
  8.46	        0.00	     1394.00	  3532701.00	        0.00	    16832.00	        1.00
  8.47	        0.00	     1344.00	  3542183.00	        0.00	    16832.00	        1.00
  8.48	        0.00	     1307.00	  3549072.00	        0.00	    16832.00	        1.00
  8.49	        0.00	     1279.00	  3554198.00	        0.00	    16832.00	        1.00
  8.50	        0.00	     1246.00	  3560307.00	        0.00	    16832.00	        1.00
  8.51	        0.00	     1213.00	  3566393.00	        0.00	    16832.00	        1.00
  8.52	        0.00	     1178.00	  3572895.00	        0.00	    16832.00	        1.00
  8.53	        0.00	     1149.00	  3578163.00	        0.00	    16832.00	        1.00
  8.54	        0.00	     1114.00	  3584688.00	        0.00	    16832.00	        1.00
  8.55	        0.00	     1077.00	  3591625.00	        0.00	    16832.00	        1.00
  8.56	        0.00	     1048.00	  3596974.00	        0.00	    16832.00	        1.00
  8.57	        0.00	     1006.00	  3604894.00	        0.00	    16832.00	        1.00
  8.58	        0.00	      971.00	  3611465.00	        0.00	    16832.00	        1.00
  8.59	        0.00	      942.00	  3616900.00	        0.00	    16832.00	        1.00
  8.60	        0.00	      909.00	  3623112.00	        0.00	    16832.00	        1.00
  8.61	        0.00	      879.00	  3628691.00	        0.00	    16832.00	        1.00
  8.62	        0.00	      846.00	  3634892.00	        0.00	    16832.00	        1.00
  8.63	        0.00	      820.00	  3639683.00	        0.00	    16832.00	        1.00
  8.64	        0.00	      788.00	  3645659.00	        0.00	    16832.00	        1.00
  8.65	        0.00	      760.00	  3650909.00	        0.00	    16832.00	        1.00
  8.66	        0.00	      728.00	  3656899.00	        0.00	    16832.00	        1.00
  8.67	        0.00	      691.00	  3663945.00	        0.00	    16832.00	        1.00
  8.68	        0.00	      666.00	  3668590.00	        0.00	    16832.00	        1.00
  8.69	        0.00	      645.00	  3672434.00	        0.00	    16832.00	        1.00
  8.70	        0.00	      621.00	  3676874.00	        0.00	    16832.00	        1.00
  8.71	        0.00	      598.00	  3681147.00	        0.00	    16832.00	        1.00
  8.72	        0.00	      583.00	  3683791.00	        0.00	    16832.00	        1.00
  8.73	        0.00	      560.00	  3688048.00	        0.00	    16832.00	        1.00
  8.74	        0.00	      538.00	  3692079.00	        0.00	    16832.00	        1.00
  8.75	        0.00	      520.00	  3695358.00	        0.00	    16832.00	        1.00
  8.76	        0.00	      502.00	  3698638.00	        0.00	    16832.00	        1.00
  8.77	        0.00	      482.00	  3702324.00	        0.00	    16832.00	        1.00
  8.78	        0.00	      468.00	  3704821.00	        0.00	    16832.00	        1.00
  8.79	        0.00	      452.00	  3707738.00	        0.00	    16832.00	        1.00
  8.80	        0.00	      432.00	  3711443.00	        0.00	    16832.00	        1.00
  8.81	        0.00	      425.00	  3712552.00	        0.00	    16832.00	        1.00
  8.82	        0.00	      413.00	  3714680.00	        0.00	    16832.00	        1.00
  8.83	        0.00	      395.00	  3717988.00	        0.00	    16832.00	        1.00
  8.84	        0.00	      385.00	  3719691.00	        0.00	    16832.00	        1.00
  8.85	        0.00	      373.00	  3721821.00	        0.00	    16832.00	        1.00
  8.86	        0.00	      360.00	  3724118.00	        0.00	    16832.00	        1.00
  8.87	        0.00	      343.00	  3727235.00	        0.00	    16832.00	        1.00
  8.88	        0.00	      335.00	  3728558.00	        0.00	    16832.00	        1.00
  8.89	        0.00	      327.00	  3729895.00	        0.00	    16832.00	        1.00
  8.90	        0.00	      314.00	  3732264.00	        0.00	    16832.00	        1.00
  8.91	        0.00	      303.00	  3734227.00	        0.00	    16832.00	        1.00
  8.92	        0.00	      290.00	  3736576.00	        0.00	    16832.00	        1.00
  8.93	        0.00	      274.00	  3739567.00	        0.00	    16832.00	        1.00
  8.94	        0.00	      263.00	  3741532.00	        0.00	    16832.00	        1.00
  8.95	        0.00	      251.00	  3743701.00	        0.00	    16832.00	        1.00
  8.96	        0.00	      238.00	  3746108.00	        0.00	    16832.00	        1.00
  8.97	        0.00	      232.00	  3747105.00	        0.00	    16832.00	        1.00
  8.98	        0.00	      228.00	  3747656.00	        0.00	    16832.00	        1.00
  8.99	        0.00	      219.00	  3749243.00	        0.00	    16832.00	        1.00
  9.00	        0.00	      202.00	  3752438.00	        0.00	    16832.00	        1.00
  9.01	        0.00	      192.00	  3754228.00	        0.00	    16832.00	        1.00
  9.02	        0.00	      189.00	  3754611.00	        0.00	    16832.00	        1.00
  9.03	        0.00	      179.00	  3756417.00	        0.00	    16832.00	        1.00
  9.04	        0.00	      173.00	  3757406.00	        0.00	    16832.00	        1.00
  9.05	        0.00	      165.00	  3758780.00	        0.00	    16832.00	        1.00
  9.06	        0.00	      157.00	  3760210.00	        0.00	    16832.00	        1.00
  9.07	        0.00	      151.00	  3761213.00	        0.00	    16832.00	        1.00
  9.08	        0.00	      144.00	  3762427.00	        0.00	    16832.00	        1.00
  9.09	        0.00	      133.00	  3764444.00	        0.00	    16832.00	        1.00
  9.10	        0.00	      128.00	  3765239.00	        0.00	    16832.00	        1.00
  9.11	        0.00	      123.00	  3766073.00	        0.00	    16832.00	        1.00
  9.12	        0.00	      121.00	  3766302.00	        0.00	    16832.00	        1.00
  9.13	        0.00	      118.00	  3766714.00	        0.00	    16832.00	        1.00
  9.14	        0.00	      113.00	  3767529.00	        0.00	    16832.00	        1.00
  9.15	        0.00	      108.00	  3768360.00	        0.00	    16832.00	        1.00
  9.16	        0.00	      105.00	  3768790.00	        0.00	    16832.00	        1.00
  9.17	        0.00	      101.00	  3769414.00	        0.00	    16832.00	        1.00
  9.18	        0.00	       97.00	  3770044.00	        0.00	    16832.00	        1.00
  9.19	        0.00	       97.00	  3769850.00	        0.00	    16832.00	        1.00
  9.20	        0.00	       93.00	  3770484.00	        0.00	    16832.00	        1.00
  9.21	        0.00	       85.00	  3771919.00	        0.00	    16832.00	        1.00
  9.22	        0.00	       79.00	  3772946.00	        0.00	    16832.00	        1.00
  9.23	        0.00	       73.00	  3773972.00	        0.00	    16832.00	        1.00
  9.24	        0.00	       68.00	  3774827.00	        0.00	    16832.00	        1.00
  9.25	        0.00	       66.00	  3775084.00	        0.00	    16832.00	        1.00
  9.26	        0.00	       64.00	  3775332.00	        0.00	    16832.00	        1.00
  9.27	        0.00	       63.00	  3775397.00	        0.00	    16832.00	        1.00
  9.28	        0.00	       61.00	  3775662.00	        0.00	    16832.00	        1.00
  9.29	        0.00	       61.00	  3775515.00	        0.00	    16832.00	        1.00
  9.30	        0.00	       59.00	  3775759.00	        0.00	    16832.00	        1.00
  9.31	        0.00	       57.00	  3776021.00	        0.00	    16832.00	        1.00
  9.32	        0.00	       52.00	  3776882.00	        0.00	    16832.00	        1.00
  9.33	        0.00	       50.00	  3777134.00	        0.00	    16832.00	        1.00
  9.34	        0.00	       48.00	  3777363.00	        0.00	    16832.00	        1.00
  9.35	        0.00	       48.00	  3777206.00	        0.00	    16832.00	        1.00
  9.36	        0.00	       47.00	  3777266.00	        0.00	    16832.00	        1.00
  9.37	        0.00	       43.00	  3777897.00	        0.00	    16832.00	        1.00
  9.38	        0.00	       43.00	  3777766.00	        0.00	    16832.00	        1.00
  9.39	        0.00	       41.00	  3778025.00	        0.00	    16832.00	        1.00
  9.40	        0.00	       40.00	  3778087.00	        0.00	    16832.00	        1.00
  9.41	        0.00	       40.00	  3777946.00	        0.00	    16832.00	        1.00
  9.42	        0.00	       39.00	  3777992.00	        0.00	    16832.00	        1.00
  9.43	        0.00	       37.00	  3778253.00	        0.00	    16832.00	        1.00
  9.44	        0.00	       37.00	  3778099.00	        0.00	    16832.00	        1.00
  9.45	        0.00	       35.00	  3778353.00	        0.00	    16832.00	        1.00
  9.46	        0.00	       35.00	  3778222.00	        0.00	    16832.00	        1.00
  9.47	        0.00	       33.00	  3778485.00	        0.00	    16832.00	        1.00
  9.48	        0.00	       33.00	  3778345.00	        0.00	    16832.00	        1.00
  9.49	        0.00	       29.00	  3779008.00	        0.00	    16832.00	        1.00
  9.50	        0.00	       29.00	  3778902.00	        0.00	    16832.00	        1.00
  9.51	        0.00	       28.00	  3778973.00	        0.00	    16832.00	        1.00
  9.52	        0.00	       27.00	  3779025.00	        0.00	    16832.00	        1.00
  9.53	        0.00	       27.00	  3778898.00	        0.00	    16832.00	        1.00
  9.54	        0.00	       27.00	  3778756.00	        0.00	    16832.00	        1.00
  9.55	        0.00	       25.00	  3779025.00	        0.00	    16832.00	        1.00
  9.56	        0.00	       24.00	  3779087.00	        0.00	    16832.00	        1.00
  9.57	        0.00	       21.00	  3779537.00	        0.00	    16832.00	        1.00
  9.58	        0.00	       21.00	  3779399.00	        0.00	    16832.00	        1.00
  9.59	        0.00	       20.00	  3779451.00	        0.00	    16832.00	        1.00
  9.60	        0.00	       20.00	  3779300.00	        0.00	    16832.00	        1.00
  9.61	        0.00	       19.00	  3779365.00	        0.00	    16832.00	        1.00
  9.62	        0.00	       18.00	  3779431.00	        0.00	    16832.00	        1.00
  9.63	        0.00	       15.00	  3779915.00	        0.00	    16832.00	        1.00
  9.64	        0.00	       14.00	  3779998.00	        0.00	    16832.00	        1.00
  9.65	        0.00	       14.00	  3779869.00	        0.00	    16832.00	        1.00
  9.66	        0.00	       13.00	  3779956.00	        0.00	    16832.00	        1.00
  9.67	        0.00	       13.00	  3779820.00	        0.00	    16832.00	        1.00
  9.68	        0.00	       12.00	  3779874.00	        0.00	    16832.00	        1.00
  9.69	        0.00	       12.00	  3779735.00	        0.00	    16832.00	        1.00
  9.70	        0.00	       12.00	  3779618.00	        0.00	    16832.00	        1.00
  9.71	        0.00	       12.00	  3779504.00	        0.00	    16832.00	        1.00
  9.72	        0.00	       10.00	  3779760.00	        0.00	    16832.00	        1.00
  9.73	        0.00	       10.00	  3779631.00	        0.00	    16832.00	        1.00
  9.74	        0.00	       10.00	  3779500.00	        0.00	    16832.00	        1.00
  9.75	        0.00	        9.00	  3779583.00	        0.00	    16832.00	        1.00
  9.76	        0.00	        9.00	  3779457.00	        0.00	    16832.00	        1.00
  9.77	        0.00	        7.00	  3779741.00	        0.00	    16832.00	        1.00
  9.78	        0.00	        7.00	  3779614.00	        0.00	    16832.00	        1.00
  9.79	        0.00	        7.00	  3779473.00	        0.00	    16832.00	        1.00
  9.80	        0.00	        7.00	  3779344.00	        0.00	    16832.00	        1.00
  9.81	        0.00	        7.00	  3779215.00	        0.00	    16832.00	        1.00
  9.82	        0.00	        6.00	  3779280.00	        0.00	    16832.00	        1.00
  9.83	        0.00	        6.00	  3779156.00	        0.00	    16832.00	        1.00
  9.84	        0.00	        6.00	  3779026.00	        0.00	    16832.00	        1.00
  9.85	        0.00	        6.00	  3778908.00	        0.00	    16832.00	        1.00
  9.86	        0.00	        6.00	  3778794.00	        0.00	    16832.00	        1.00
  9.87	        0.00	        6.00	  3778680.00	        0.00	    16832.00	        1.00
  9.88	        0.00	        6.00	  3778552.00	        0.00	    16832.00	        1.00
  9.89	        0.00	        6.00	  3778426.00	        0.00	    16832.00	        1.00
  9.90	        0.00	        6.00	  3778302.00	        0.00	    16832.00	        1.00
  9.91	        0.00	        6.00	  3778204.00	        0.00	    16832.00	        1.00
  9.92	        0.00	        6.00	  3778089.00	        0.00	    16832.00	        1.00
  9.93	        0.00	        6.00	  3777963.00	        0.00	    16832.00	        1.00
  9.94	        0.00	        5.00	  3778038.00	        0.00	    16832.00	        1.00
  9.95	        0.00	        5.00	  3777912.00	        0.00	    16832.00	        1.00
  9.96	        0.00	        4.00	  3777976.00	        0.00	    16832.00	        1.00
  9.97	        0.00	        4.00	  3777877.00	        0.00	    16832.00	        1.00
  9.98	        0.00	        3.00	  3777937.00	        0.00	    16832.00	        1.00
  9.99	        0.00	        3.00	  3777826.00	        0.00	    16832.00	        1.00
 10.00	        0.00	        3.00	  3777706.00	        0.00	    16832.00	        1.00
 10.01	        0.00	        3.00	  3777587.00	        0.00	    16832.00	        1.00
 10.02	        0.00	        3.00	  3777460.00	        0.00	    16832.00	        1.00
 10.03	        0.00	        3.00	  3777345.00	        0.00	    16832.00	        1.00
 10.04	        0.00	        3.00	  3777226.00	        0.00	    16832.00	        1.00
 10.05	        0.00	        3.00	  3777123.00	        0.00	    16832.00	        1.00
 10.06	        0.00	        3.00	  3776995.00	        0.00	    16832.00	        1.00
 10.07	        0.00	        3.00	  3776881.00	        0.00	    16832.00	        1.00
 10.08	        0.00	        2.00	  3776956.00	        0.00	    16832.00	        1.00
 10.09	        0.00	        2.00	  3776837.00	        0.00	    16832.00	        1.00
 10.10	        0.00	        2.00	  3776699.00	        0.00	    16832.00	        1.00
 10.11	        0.00	        2.00	  3776579.00	        0.00	    16832.00	        1.00
 10.12	        0.00	        2.00	  3776450.00	        0.00	    16832.00	        1.00
 10.13	        0.00	        2.00	  3776317.00	        0.00	    16832.00	        1.00
 10.14	        0.00	        2.00	  3776208.00	        0.00	    16832.00	        1.00
 10.15	        0.00	        2.00	  3776090.00	        0.00	    16832.00	        1.00
 10.16	        0.00	        2.00	  3775975.00	        0.00	    16832.00	        1.00
 10.17	        0.00	        2.00	  3775863.00	        0.00	    16832.00	        1.00
 10.18	        0.00	        2.00	  3775738.00	        0.00	    16832.00	        1.00
 10.19	        0.00	        2.00	  3775620.00	        0.00	    16832.00	        1.00
 10.20	        0.00	        2.00	  3775515.00	        0.00	    16832.00	        1.00
 10.21	        0.00	        2.00	  3775398.00	        0.00	    16832.00	        1.00
 10.22	        0.00	        2.00	  3775273.00	        0.00	    16832.00	        1.00
 10.23	        0.00	        2.00	  3775167.00	        0.00	    16832.00	        1.00
 10.24	        0.00	        2.00	  3775059.00	        0.00	    16832.00	        1.00
 10.25	        0.00	        2.00	  3774932.00	        0.00	    16832.00	        1.00
 10.26	        0.00	        1.00	  3775008.00	        0.00	    16832.00	        1.00
 10.27	        0.00	        1.00	  3774868.00	        0.00	    16832.00	        1.00
 10.28	        0.00	        1.00	  3774743.00	        0.00	    16832.00	        1.00
 10.29	        0.00	        1.00	  3774635.00	        0.00	    16832.00	        1.00
 10.30	        0.00	        1.00	  3774541.00	        0.00	    16832.00	        1.00
 10.31	        0.00	        1.00	  3774432.00	        0.00	    16832.00	        1.00
 10.32	        0.00	        0.00	  3774545.00	        0.00	    16832.00	        0.00
