Datatype: PopulationSize
  0.00	  3162278.00	        0.00	    31623.00	        1.00	        0.00	  3162278.00
  0.01	  3214724.00	       10.00	    31589.00	        1.00	    52456.00	  3162278.00
  0.02	  3268049.00	       19.00	    31548.00	        1.00	   105790.00	  3162278.00
  0.03	  3322741.00	       29.00	    31499.00	        1.00	   160492.00	  3162278.00
  0.04	  3378367.00	       42.00	    31459.00	        1.00	   216131.00	  3162278.00
  0.05	  3434865.00	       50.00	    31424.00	        1.00	   272637.00	  3162278.00
  0.06	  3492239.00	       60.00	    31390.00	        1.00	   330021.00	  3162278.00
  0.07	  3550240.00	       62.00	    31354.00	        1.00	   388024.00	  3162278.00
  0.08	  3609621.00	       68.00	    31313.00	        1.00	   447411.00	  3162278.00
  0.09	  3670036.00	       80.00	    31260.00	        1.00	   507838.00	  3162278.00
  0.10	  3731156.00	       88.00	    31222.00	        1.00	   568966.00	  3162278.00
  0.11	  3792915.00	       97.00	    31181.00	        1.00	   630734.00	  3162278.00
  0.12	  3856183.00	      113.00	    31134.00	        1.00	   694018.00	  3162278.00
  0.13	  3920486.00	      120.00	    31101.00	        1.00	   758328.00	  3162278.00
  0.14	  3985922.00	      128.00	    31066.00	        1.00	   823772.00	  3162278.00
  0.15	  4052583.00	      142.00	    31025.00	        1.00	   890447.00	  3162278.00
  0.16	  4119934.00	      150.00	    30987.00	        1.00	   957806.00	  3162278.00
  0.17	  4188377.00	      157.00	    30949.00	        1.00	  1026256.00	  3162278.00
  0.18	  4258238.00	      165.00	    30920.00	        1.00	  1096125.00	  3162278.00
  0.19	  4328810.00	      184.00	    30874.00	        1.00	  1166716.00	  3162278.00
  0.20	  4400638.00	      204.00	    30823.00	        1.00	  1238564.00	  3162278.00
  0.21	  4473763.00	      216.00	    30782.00	        1.00	  1311701.00	  3162278.00
  0.22	  4547957.00	      225.00	    30746.00	        1.00	  1385904.00	  3162278.00
  0.23	  4624340.00	      236.00	    30709.00	        1.00	  1462298.00	  3162278.00
  0.24	  4701003.00	      248.00	    30668.00	        1.00	  1538973.00	  3162278.00
  0.25	  4779345.00	      258.00	    30632.00	        1.00	  1617325.00	  3162278.00
  0.26	  4859428.00	      263.00	    30600.00	        1.00	  1697413.00	  3162278.00
  0.27	  4940756.00	      277.00	    30562.00	        1.00	  1778755.00	  3162278.00
  0.28	  5022824.00	      290.00	    30526.00	        1.00	  1860836.00	  3162278.00
  0.29	  5106145.00	      304.00	    30479.00	        1.00	  1944171.00	  3162278.00
  0.30	  5191101.00	      320.00	    30421.00	        1.00	  2029143.00	  3162278.00
  0.31	  5277667.00	      331.00	    30382.00	        1.00	  2115720.00	  3162278.00
  0.32	  5365507.00	      343.00	    30345.00	        1.00	  2203572.00	  3162278.00
  0.33	  5455228.00	      409.00	    30343.00	        1.00	  2293360.00	  3162278.00
  0.34	  5545741.00	      466.00	    30359.00	        1.00	  2383931.00	  3162278.00
  0.35	  5637827.00	      526.00	    30371.00	        1.00	  2476078.00	  3162278.00
  0.36	  5731957.00	      540.00	    30330.00	        1.00	  2570222.00	  3162278.00
  0.37	  5827139.00	      552.00	    30293.00	        1.00	  2665416.00	  3162278.00
  0.38	  5923923.00	      562.00	    30248.00	        1.00	  2762210.00	  3162278.00
  0.39	  6022170.00	      619.00	    30255.00	        1.00	  2860515.00	  3162278.00
  0.40	  6122306.00	      626.00	    30213.00	        1.00	  2960658.00	  3162278.00
  0.41	  6223937.00	      739.00	    30268.00	        1.00	  3062404.00	  3162278.00
  0.42	  6326947.00	      845.00	    30337.00	        1.00	  3165522.00	  3162278.00
  0.43	  6432509.00	      948.00	    30401.00	        1.00	  3271189.00	  3162278.00
  0.44	  6539947.00	     1011.00	    30395.00	        1.00	  3378691.00	  3162278.00
  0.45	  6648727.00	     1175.00	    30491.00	        1.00	  3487638.00	  3162278.00
  0.46	  6759054.00	     1243.00	    30493.00	        1.00	  3598034.00	  3162278.00
  0.47	  6871997.00	     1310.00	    30503.00	        1.00	  3711045.00	  3162278.00
  0.48	  6986681.00	     1323.00	    30452.00	        1.00	  3825742.00	  3162278.00
  0.49	  7103005.00	     1336.00	    30408.00	        1.00	  3942079.00	  3162278.00
  0.50	  7220730.00	     1645.00	    30654.00	        1.00	  4060119.00	  3162278.00
  0.51	  7340715.00	     1806.00	    30757.00	        1.00	  4180268.00	  3162278.00
  0.52	  7462605.00	     2214.00	    31112.00	        1.00	  4302574.00	  3162278.00
  0.53	  7586499.00	     2467.00	    31335.00	        1.00	  4426726.00	  3162278.00
  0.54	  7712787.00	     2727.00	    31538.00	        1.00	  4553279.00	  3162278.00
  0.55	  7840006.00	     3085.00	    31832.00	        1.00	  4680863.00	  3162278.00
  0.56	  7970584.00	     3209.00	    31875.00	        1.00	  4811567.00	  3162278.00
  0.57	  8103162.00	     3370.00	    31982.00	        1.00	  4944309.00	  3162278.00
  0.58	  8237505.00	     3526.00	    32093.00	        1.00	  5078811.00	  3162278.00
  0.59	  8374208.00	     4133.00	    32636.00	        1.00	  5216133.00	  3162278.00
  0.60	  8513507.00	     4444.00	    32898.00	        1.00	  5355749.00	  3162278.00
  0.61	  8654974.00	     4653.00	    33045.00	        1.00	  5497429.00	  3162278.00
  0.62	  8798827.00	     4716.00	    33040.00	        1.00	  5641346.00	  3162278.00
  0.63	  8945527.00	     5080.00	    33337.00	        1.00	  5788417.00	  3162278.00
  0.64	  9093799.00	     5488.00	    33695.00	        1.00	  5937105.00	  3162278.00
  0.65	  9244904.00	     5843.00	    33997.00	        1.00	  6088572.00	  3162278.00
  0.66	  9397975.00	     6299.00	    34403.00	        1.00	  6242108.00	  3162278.00
  0.67	  9553931.00	     6801.00	    34858.00	        1.00	  6398576.00	  3162278.00
  0.68	  9713142.00	     7158.00	    35150.00	        1.00	  6558151.00	  3162278.00
  0.69	  9873721.00	     7908.00	    35851.00	        1.00	  6719495.00	  3162278.00
  0.70	 10037491.00	     8374.00	    36245.00	        1.00	  6883740.00	  3162278.00
  0.71	 10204232.00	     8878.00	    36697.00	        1.00	  7050995.00	  3162278.00
  0.72	 10372050.00	     9817.00	    37599.00	        1.00	  7219771.00	  3162278.00
  0.73	 10544273.00	    10617.00	    38344.00	        1.00	  7392810.00	  3162278.00
  0.74	 10719598.00	    11269.00	    38940.00	        1.00	  7568800.00	  3162278.00
  0.75	 10896897.00	    12707.00	    40332.00	        1.00	  7747566.00	  3162278.00
  0.76	 11077150.00	    13745.00	    41339.00	        1.00	  7928878.00	  3162278.00
  0.77	 11260077.00	    14647.00	    42174.00	        1.00	  8112725.00	  3162278.00
  0.78	 11446774.00	    15945.00	    43399.00	        1.00	  8300746.00	  3162278.00
  0.79	 11635139.00	    17286.00	    44683.00	        1.00	  8490479.00	  3162278.00
  0.80	 11828197.00	    18388.00	    45715.00	        1.00	  8684661.00	  3162278.00
  0.81	 12024137.00	    19145.00	    46399.00	        1.00	  8881373.00	  3162278.00
  0.82	 12223038.00	    20731.00	    47935.00	        1.00	  9081892.00	  3162278.00
  0.83	 12424984.00	    21739.00	    48853.00	        1.00	  9284866.00	  3162278.00
  0.84	 12629861.00	    23772.00	    50830.00	        1.00	  9491817.00	  3162278.00
  0.85	 12837888.00	    26243.00	    53249.00	        1.00	  9702365.00	  3162278.00
  0.86	 13048510.00	    28774.00	    55700.00	        1.00	  9915569.00	  3162278.00
  0.87	 13262615.00	    30891.00	    57777.00	        1.00	 10131834.00	  3162278.00
  0.88	 13480744.00	    33318.00	    60125.00	        1.00	 10352439.00	  3162278.00
  0.89	 13701635.00	    35601.00	    62330.00	        1.00	 10575659.00	  3162278.00
  0.90	 13926597.00	    38606.00	    65279.00	        1.00	 10803687.00	  3162278.00
  0.91	 14154644.00	    41660.00	    68280.00	        1.00	 11034850.00	  3162278.00
  0.92	 14386327.00	    44868.00	    71418.00	        1.00	 11269806.00	  3162278.00
  0.93	 14623415.00	    47640.00	    74102.00	        1.00	 11509722.00	  3162278.00
  0.94	 14862750.00	    51732.00	    78152.00	        1.00	 11753232.00	  3162278.00
  0.95	 15105866.00	    56079.00	    82435.00	        1.00	 12000783.00	  3162278.00
  0.96	 15351375.00	    60943.00	    87248.00	        1.00	 12251255.00	  3162278.00
  0.97	 15601665.00	    66070.00	    92315.00	        1.00	 12506776.00	  3162278.00
  0.98	 15855423.00	    72060.00	    98286.00	        1.00	 12766646.00	  3162278.00
  0.99	 16112745.00	    78942.00	   105133.00	        1.00	 13030990.00	  3162278.00
  1.00	 16374019.00	    85347.00	   111474.00	        1.00	 13298799.00	  3162278.00
  1.01	 16638441.00	    93009.00	   119096.00	        1.00	 13571039.00	  3162278.00
  1.02	 16907192.00	   100955.00	   127016.00	        1.00	 13847898.00	  3162278.00
  1.03	 17181140.00	   108248.00	   134202.00	        1.00	 14129287.00	  3162278.00
  1.04	 17459340.00	   115821.00	   141680.00	        1.00	 14415214.00	  3162278.00
  1.05	 17740201.00	   125572.00	   151338.00	        1.00	 14706024.00	  3162278.00
  1.06	 18024693.00	   134658.00	   160348.00	        1.00	 14999787.00	  3162278.00
  1.07	 18312881.00	   146245.00	   171888.00	        1.00	 15299798.00	  3162278.00
  1.08	 18606567.00	   157255.00	   182889.00	        1.00	 15604719.00	  3162278.00
  1.09	 18902923.00	   169553.00	   195172.00	        1.00	 15913624.00	  3162278.00
  1.10	 19204482.00	   182300.00	   207857.00	        1.00	 16228190.00	  3162278.00
  1.11	 19510458.00	   195984.00	   221488.00	        1.00	 16548129.00	  3162278.00
  1.12	 19818092.00	   212512.00	   238057.00	        1.00	 16872629.00	  3162278.00
  1.13	 20130592.00	   228829.00	   254380.00	        1.00	 17201780.00	  3162278.00
  1.14	 20447627.00	   246028.00	   271572.00	        1.00	 17536366.00	  3162278.00
  1.15	 20766336.00	   266102.00	   291733.00	        1.00	 17875561.00	  3162278.00
  1.16	 21091653.00	   286155.00	   311798.00	        1.00	 18221342.00	  3162278.00
  1.17	 21419763.00	   307410.00	   333158.00	        1.00	 18571144.00	  3162278.00
  1.18	 21750053.00	   332879.00	   358812.00	        1.00	 18927427.00	  3162278.00
  1.19	 22085787.00	   358509.00	   384510.00	        1.00	 19289317.00	  3162278.00
  1.20	 22424506.00	   385813.00	   411999.00	        1.00	 19655902.00	  3162278.00
  1.21	 22765809.00	   416797.00	   443319.00	        1.00	 20028828.00	  3162278.00
  1.22	 23108688.00	   450478.00	   477360.00	        1.00	 20406083.00	  3162278.00
  1.23	 23454995.00	   486708.00	   514109.00	        1.00	 20789370.00	  3162278.00
  1.24	 23803566.00	   526666.00	   554583.00	        1.00	 21178726.00	  3162278.00
  1.25	 24157345.00	   568189.00	   596659.00	        1.00	 21574889.00	  3162278.00
  1.26	 24515057.00	   610218.00	   639189.00	        1.00	 21975501.00	  3162278.00
  1.27	 24872103.00	   659251.00	   689177.00	        1.00	 22382600.00	  3162278.00
  1.28	 25232748.00	   710141.00	   741085.00	        1.00	 22795195.00	  3162278.00
  1.29	 25594662.00	   766002.00	   798056.00	        1.00	 23214134.00	  3162278.00
  1.30	 25957465.00	   827344.00	   860849.00	        1.00	 23639561.00	  3162278.00
  1.31	 26321468.00	   891913.00	   926929.00	        1.00	 24069483.00	  3162278.00
  1.32	 26687486.00	   961036.00	   997744.00	        1.00	 24506072.00	  3162278.00
  1.33	 27053024.00	  1035482.00	  1074279.00	        1.00	 24947619.00	  3162278.00
  1.34	 27420628.00	  1115161.00	  1156601.00	        1.00	 25396583.00	  3162278.00
  1.35	 27788293.00	  1200073.00	  1244221.00	        1.00	 25850952.00	  3162278.00
  1.36	 28155843.00	  1291796.00	  1339199.00	        1.00	 26312167.00	  3162278.00
  1.37	 28518469.00	  1394007.00	  1445391.00	        1.00	 26779173.00	  3162278.00
  1.38	 28884407.00	  1499342.00	  1555118.00	        1.00	 27252689.00	  3162278.00
  1.39	 29238312.00	  1620773.00	  1682234.00	        1.00	 27730619.00	  3162278.00
  1.40	 29598034.00	  1743569.00	  1811173.00	        1.00	 28215772.00	  3162278.00
  1.41	 29948059.00	  1881267.00	  1956175.00	        1.00	 28706455.00	  3162278.00
  1.42	 30297886.00	  2024726.00	  2107698.00	        1.00	 29202838.00	  3162278.00
  1.43	 30639873.00	  2182718.00	  2275230.00	        1.00	 29706240.00	  3162278.00
  1.44	 30975507.00	  2351985.00	  2455265.00	        1.00	 30214818.00	  3162278.00
  1.45	 31303400.00	  2533614.00	  2649748.00	        1.00	 30728312.00	  3162278.00
  1.46	 31620332.00	  2731247.00	  2862181.00	        1.00	 31247217.00	  3162278.00
  1.47	 31927167.00	  2943995.00	  3092320.00	        1.00	 31771503.00	  3162278.00
  1.48	 32231151.00	  3164484.00	  3331694.00	        1.00	 32300868.00	  3162278.00
  1.49	 32522038.00	  3401726.00	  3591412.00	        1.00	 32834303.00	  3162278.00
  1.50	 32797491.00	  3658985.00	  3874189.00	        1.00	 33372798.00	  3162278.00
  1.51	 33056354.00	  3937188.00	  4182700.00	        1.00	 33916166.00	  3162278.00
  1.52	 33300280.00	  4235332.00	  4515062.00	        1.00	 34465026.00	  3162278.00
  1.53	 33536435.00	  4543426.00	  4860911.00	        1.00	 35016350.00	  3162278.00
  1.54	 33748029.00	  4879542.00	  5241876.00	        1.00	 35571846.00	  3162278.00
  1.55	 33932257.00	  5245923.00	  5660567.00	        1.00	 36131012.00	  3162278.00
  1.56	 34102118.00	  5629529.00	  6102827.00	        1.00	 36693517.00	  3162278.00
  1.57	 34242733.00	  6043527.00	  6584328.00	        1.00	 37257973.00	  3162278.00
  1.58	 34359971.00	  6482447.00	  7100405.00	        1.00	 37824678.00	  3162278.00
  1.59	 34454536.00	  6945265.00	  7649836.00	        1.00	 38393297.00	  3162278.00
  1.60	 34516733.00	  7442281.00	  8246932.00	        1.00	 38964719.00	  3162278.00
  1.61	 34538468.00	  7979234.00	  8900076.00	        1.00	 39536758.00	  3162278.00
  1.62	 34531712.00	  8543818.00	  9597128.00	        1.00	 40108836.00	  3162278.00
  1.63	 34495087.00	  9136186.00	 10336724.00	        1.00	 40679709.00	  3162278.00
  1.64	 34406774.00	  9778387.00	 11151575.00	        1.00	 41250259.00	  3162278.00
  1.65	 34282373.00	 10455419.00	 12024819.00	        1.00	 41820746.00	  3162278.00
  1.66	 34113881.00	 11171066.00	 12963851.00	        1.00	 42387105.00	  3162278.00
  1.67	 33901312.00	 11928908.00	 13975714.00	        1.00	 42953074.00	  3162278.00
  1.68	 33643013.00	 12724940.00	 15059130.00	        1.00	 43512976.00	  3162278.00
  1.69	 33335578.00	 13566253.00	 16228267.00	        1.00	 44070772.00	  3162278.00
  1.70	 32976769.00	 14451619.00	 17485160.00	        1.00	 44623042.00	  3162278.00
  1.71	 32566675.00	 15378718.00	 18832664.00	        1.00	 45167617.00	  3162278.00
  1.72	 32080262.00	 16374465.00	 20317685.00	        1.00	 45707322.00	  3162278.00
  1.73	 31550583.00	 17402480.00	 21892982.00	        1.00	 46237887.00	  3162278.00
  1.74	 30952579.00	 18488202.00	 23607239.00	        1.00	 46760673.00	  3162278.00
  1.75	 30305474.00	 19610830.00	 25435096.00	        1.00	 47273596.00	  3162278.00
  1.76	 29599845.00	 20776988.00	 27395292.00	        1.00	 47774241.00	  3162278.00
  1.77	 28817654.00	 22005189.00	 29533564.00	        1.00	 48263998.00	  3162278.00
  1.78	 27985261.00	 23266342.00	 31815402.00	        1.00	 48739466.00	  3162278.00
  1.79	 27082912.00	 24580054.00	 34290663.00	        1.00	 49201483.00	  3162278.00
  1.80	 26134382.00	 25922651.00	 36932507.00	        1.00	 49649618.00	  3162278.00
  1.81	 25132083.00	 27298482.00	 39770225.00	        1.00	 50081231.00	  3162278.00
  1.82	 24081033.00	 28703246.00	 42817617.00	        1.00	 50497327.00	  3162278.00
  1.83	 22980106.00	 30135072.00	 46092869.00	        1.00	 50895280.00	  3162278.00
  1.84	 21826030.00	 31596588.00	 49636840.00	        1.00	 51275265.00	  3162278.00
  1.85	 20641407.00	 33064628.00	 53424961.00	        1.00	 51636243.00	  3162278.00
  1.86	 19415963.00	 34547316.00	 57521620.00	        1.00	 51977356.00	  3162278.00
  1.87	 18166474.00	 36026800.00	 61906249.00	        1.00	 52297131.00	  3162278.00
  1.88	 16901266.00	 37494817.00	 66617859.00	        1.00	 52596411.00	  3162278.00
  1.89	 15634528.00	 38937211.00	 71646777.00	        1.00	 52875066.00	  3162278.00
  1.90	 14365538.00	 40353842.00	 77046200.00	        1.00	 53133297.00	  3162278.00
  1.91	 13117096.00	 41721822.00	 82799319.00	        1.00	 53370710.00	  3162278.00
  1.92	 11883559.00	 43044342.00	 88994398.00	        1.00	 53586610.00	  3162278.00
  1.93	 10678463.00	 44309343.00	 95632464.00	        1.00	 53782500.00	  3162278.00
  1.94	  9508827.00	 45508815.00	102769743.00	        1.00	 53958560.00	  3162278.00
  1.95	  8394448.00	 46624105.00	110363071.00	        1.00	 54115074.00	  3162278.00
  1.96	  7336881.00	 47653995.00	118496013.00	        1.00	 54254060.00	  3162278.00
  1.97	  6348229.00	 48585973.00	127153397.00	        1.00	 54374838.00	  3162278.00
  1.98	  5428602.00	 49420430.00	136444155.00	        1.00	 54480107.00	  3162278.00
  1.99	  4588033.00	 50147597.00	146341131.00	        1.00	 54569616.00	  3162278.00
  2.00	  3830072.00	 50764508.00	156869023.00	        1.00	 54644443.00	  3162278.00
  2.01	  3155488.00	 51272539.00	168092272.00	        1.00	 54708059.00	  3162278.00
  2.02	  2560565.00	 51673681.00	180090210.00	        1.00	 54760336.00	  3162278.00
  2.03	  2046549.00	 51968797.00	192828696.00	        1.00	 54802763.00	  3162278.00
  2.04	  1609485.00	 52161930.00	206376214.00	        1.00	 54836782.00	  3162278.00
  2.05	  1243630.00	 52258609.00	220787939.00	        1.00	 54863294.00	  3162278.00
  2.06	   943054.00	 52265160.00	236120038.00	        1.00	 54883927.00	  3162278.00
  2.07	   700440.00	 52189729.00	252373672.00	        1.00	 54899484.00	  3162278.00
  2.08	   510111.00	 52038167.00	269578226.00	        1.00	 54910812.00	  3162278.00
  2.09	   363413.00	 51818947.00	287818689.00	        1.00	 54919424.00	  3162278.00
  2.10	   252849.00	 51538849.00	307135298.00	        1.00	 54925445.00	  3162278.00
  2.11	   171653.00	 51204874.00	327551684.00	        1.00	 54929645.00	  3162278.00
  2.12	   113662.00	 50823665.00	349062910.00	        1.00	 54932432.00	  3162278.00
  2.13	    73135.00	 50400449.00	371719336.00	        1.00	 54934347.00	  3162278.00
  2.14	    46061.00	 49938934.00	395542714.00	        1.00	 54935548.00	  3162278.00
  2.15	    28033.00	 49442725.00	420582181.00	        1.00	 54936266.00	  3162278.00
  2.16	    16409.00	 48912653.00	446939447.00	        1.00	 54936748.00	  3162278.00
  2.17	     9335.00	 48353859.00	474446280.00	        1.00	 54937013.00	  3162278.00
  2.18	     5093.00	 47763373.00	503346589.00	        1.00	 54937173.00	  3162278.00
  2.19	     2759.00	 47144225.00	533529046.00	        1.00	 54937265.00	  3162278.00
  2.20	     1409.00	 46497073.00	565009932.00	        1.00	 54937323.00	  3162278.00
  2.21	      708.00	 45822682.00	597764834.00	        1.00	 54937352.00	  3162278.00
  2.22	      357.00	 45120436.00	631837879.00	        1.00	 54937362.00	  3162278.00
  2.23	      152.00	 44392337.00	667140533.00	        1.00	 54937366.00	  3162278.00
  2.24	       71.00	 43637328.00	703722507.00	        1.00	 54937370.00	  3162278.00
  2.25	       24.00	 42854160.00	741649658.00	        1.00	 54937371.00	  3162278.00
  2.26	       13.00	 42047777.00	780673309.00	        1.00	 54937371.00	  3162278.00
  2.27	        4.00	 41215268.00	820938006.00	        1.00	 54937371.00	  3162278.00
  2.28	        3.00	 40362682.00	862139417.00	        1.00	 54937371.00	  3162278.00
  2.29	        2.00	 39486915.00	904433860.00	        1.00	 54937371.00	  3162278.00
  2.30	        0.00	 38589788.00	947730235.00	        0.00	 54937371.00	  3162278.00
  2.31	        0.00	 37671005.00	992038486.00	        0.00	 54937371.00	  3162278.00
  2.32	        0.00	 36734985.00	1037138157.00	        0.00	 54937371.00	  3162278.00
  2.33	        0.00	 35782715.00	1082979963.00	        0.00	 54937371.00	  3162278.00
  2.34	        0.00	 34815523.00	1129494857.00	        0.00	 54937371.00	  3162278.00
  2.35	        0.00	 33835705.00	1176572445.00	        0.00	 54937371.00	  3162278.00
  2.36	        0.00	 32844257.00	1224159247.00	        0.00	 54937371.00	  3162278.00
  2.37	        0.00	 31845223.00	1272054330.00	        0.00	 54937371.00	  3162278.00
  2.38	        0.00	 30838691.00	1320249061.00	        0.00	 54937371.00	  3162278.00
  2.39	        0.00	 29827968.00	1368580406.00	        0.00	 54937371.00	  3162278.00
  2.40	        0.00	 28815864.00	1416915110.00	        0.00	 54937371.00	  3162278.00
  2.41	        0.00	 27804753.00	1465131345.00	        0.00	 54937371.00	  3162278.00
  2.42	        0.00	 26794703.00	1513225826.00	        0.00	 54937371.00	  3162278.00
  2.43	        0.00	 25790394.00	1560965016.00	        0.00	 54937371.00	  3162278.00
  2.44	        0.00	 24792298.00	1608328375.00	        0.00	 54937371.00	  3162278.00
  2.45	        0.00	 23803566.00	1655160310.00	        0.00	 54937371.00	  3162278.00
  2.46	        0.00	 22825027.00	1701420539.00	        0.00	 54937371.00	  3162278.00
  2.47	        0.00	 21858891.00	1747002861.00	        0.00	 54937371.00	  3162278.00
  2.48	        0.00	 20910844.00	1791621066.00	        0.00	 54937371.00	  3162278.00
  2.49	        0.00	 19976356.00	1835506521.00	        0.00	 54937371.00	  3162278.00
  2.50	        0.00	 19057976.00	1878538748.00	        0.00	 54937371.00	  3162278.00
  2.51	        0.00	 18160851.00	1920456502.00	        0.00	 54937371.00	  3162278.00
  2.52	        0.00	 17282839.00	1961367918.00	        0.00	 54937371.00	  3162278.00
  2.53	        0.00	 16427120.00	2001122133.00	        0.00	 54937371.00	  3162278.00
  2.54	        0.00	 15595859.00	2039609161.00	        0.00	 54937371.00	  3162278.00
  2.55	        0.00	 14788847.00	2076839221.00	        0.00	 54937371.00	  3162278.00
  2.56	        0.00	 14004601.00	2112900143.00	        0.00	 54937371.00	  3162278.00
  2.57	        0.00	 13245713.00	2147657565.00	        0.00	 54937371.00	  3162278.00
  2.58	        0.00	 12514453.00	2180997064.00	        0.00	 54937371.00	  3162278.00
  2.59	        0.00	 11807998.00	2213068650.00	        0.00	 54937371.00	  3162278.00
  2.60	        0.00	 11128270.00	2243777996.00	        0.00	 54937371.00	  3162278.00
  2.61	        0.00	 10476565.00	2273061147.00	        0.00	 54937371.00	  3162278.00
  2.62	        0.00	  9851121.00	2301011875.00	        0.00	 54937371.00	  3162278.00
  2.63	        0.00	  9253207.00	2327565746.00	        0.00	 54937371.00	  3162278.00
  2.64	        0.00	  8680440.00	2352846335.00	        0.00	 54937371.00	  3162278.00
  2.65	        0.00	  8135224.00	2376733734.00	        0.00	 54937371.00	  3162278.00
  2.66	        0.00	  7615003.00	2399362285.00	        0.00	 54937371.00	  3162278.00
  2.67	        0.00	  7118363.00	2420799889.00	        0.00	 54937371.00	  3162278.00
  2.68	        0.00	  6648278.00	2440904256.00	        0.00	 54937371.00	  3162278.00
  2.69	        0.00	  6202658.00	2459780556.00	        0.00	 54937371.00	  3162278.00
  2.70	        0.00	  5781032.00	2477450024.00	        0.00	 54937371.00	  3162278.00
  2.71	        0.00	  5380869.00	2494045183.00	        0.00	 54937371.00	  3162278.00
  2.72	        0.00	  5005529.00	2509397833.00	        0.00	 54937371.00	  3162278.00
  2.73	        0.00	  4651228.00	2523703519.00	        0.00	 54937371.00	  3162278.00
  2.74	        0.00	  4316819.00	2537015319.00	        0.00	 54937371.00	  3162278.00
  2.75	        0.00	  4004117.00	2549248486.00	        0.00	 54937371.00	  3162278.00
  2.76	        0.00	  3708698.00	2560620654.00	        0.00	 54937371.00	  3162278.00
  2.77	        0.00	  3430828.00	2571122875.00	        0.00	 54937371.00	  3162278.00
  2.78	        0.00	  3172546.00	2580652609.00	        0.00	 54937371.00	  3162278.00
  2.79	        0.00	  2929440.00	2589431310.00	        0.00	 54937371.00	  2929440.00
  2.80	        0.00	  2703210.00	2597410459.00	        0.00	 54937371.00	  2703210.00
  2.81	        0.00	  2491937.00	2604695285.00	        0.00	 54937371.00	  2491937.00
  2.82	        0.00	  2294954.00	2611307397.00	        0.00	 54937371.00	  2294954.00
  2.83	        0.00	  2111715.00	2617275659.00	        0.00	 54937371.00	  2111715.00
  2.84	        0.00	  1941480.00	2622631855.00	        0.00	 54937371.00	  1941480.00
  2.85	        0.00	  1783415.00	2627418092.00	        0.00	 54937371.00	  1783415.00
  2.86	        0.00	  1636597.00	2631678140.00	        0.00	 54937371.00	  1636597.00
  2.87	        0.00	  1500915.00	2635412622.00	        0.00	 54937371.00	  1500915.00
  2.88	        0.00	  1374301.00	2638722048.00	        0.00	 54937371.00	  1374301.00
  2.89	        0.00	  1258399.00	2641525236.00	        0.00	 54937371.00	  1258399.00
  2.90	        0.00	  1150919.00	2643933884.00	        0.00	 54937371.00	  1150919.00
  2.91	        0.00	  1052155.00	2645930343.00	        0.00	 54937371.00	  1052155.00
  2.92	        0.00	   960483.00	2647597741.00	        0.00	 54937371.00	   960483.00
  2.93	        0.00	   876247.00	2648914396.00	        0.00	 54937371.00	   876247.00
  2.94	        0.00	   798901.00	2649909025.00	        0.00	 54937371.00	   798901.00
  2.95	        0.00	   727896.00	2650603980.00	        0.00	 54937371.00	   727896.00
  2.96	        0.00	   662579.00	2651031755.00	        0.00	 54937371.00	   662579.00
  2.97	        0.00	   602960.00	2651192769.00	        0.00	 54937371.00	   602960.00
  2.98	        0.00	   548502.00	2651108558.00	        0.00	 54937371.00	   548502.00
  2.99	        0.00	   498273.00	2650825822.00	        0.00	 54937371.00	   498273.00
  3.00	        0.00	   452193.00	2650352024.00	        0.00	 54937371.00	   452193.00
  3.01	        0.00	   410673.00	2649665471.00	        0.00	 54937371.00	   410673.00
  3.02	        0.00	   372275.00	2648829276.00	        0.00	 54937371.00	   372275.00
  3.03	        0.00	   337086.00	2647843601.00	        0.00	 54937371.00	   337086.00
  3.04	        0.00	   304934.00	2646715756.00	        0.00	 54937371.00	   304934.00
  3.05	        0.00	   275854.00	2645445047.00	        0.00	 54937371.00	   275854.00
  3.06	        0.00	   249343.00	2644055300.00	        0.00	 54937371.00	   249343.00
  3.07	        0.00	   225144.00	2642556075.00	        0.00	 54937371.00	   225144.00
  3.08	        0.00	   203547.00	2640933700.00	        0.00	 54937371.00	   203547.00
  3.09	        0.00	   184170.00	2639209132.00	        0.00	 54937371.00	   184170.00
  3.10	        0.00	   166106.00	2637424691.00	        0.00	 54937371.00	   166106.00
  3.11	        0.00	   149649.00	2635571335.00	        0.00	 54937371.00	   149649.00
  3.12	        0.00	   134879.00	2633636708.00	        0.00	 54937371.00	   134879.00
  3.13	        0.00	   121603.00	2631633827.00	        0.00	 54937371.00	   121603.00
  3.14	        0.00	   109417.00	2629581437.00	        0.00	 54937371.00	   109417.00
  3.15	        0.00	    98545.00	2627468098.00	        0.00	 54937371.00	    98545.00
  3.16	        0.00	    88515.00	2625315951.00	        0.00	 54937371.00	    88515.00
  3.17	        0.00	    79575.00	2623114771.00	        0.00	 54937371.00	    79575.00
  3.18	        0.00	    71623.00	2620871326.00	        0.00	 54937371.00	    71623.00
  3.19	        0.00	    64281.00	2618599230.00	        0.00	 54937371.00	    64281.00
  3.20	        0.00	    57534.00	2616303276.00	        0.00	 54937371.00	    57534.00
  3.21	        0.00	    51594.00	2613971648.00	        0.00	 54937371.00	    51594.00
  3.22	        0.00	    46212.00	2611616540.00	        0.00	 54937371.00	    46212.00
  3.23	        0.00	    41454.00	2609229507.00	        0.00	 54937371.00	    41454.00
  3.24	        0.00	    37150.00	2606823897.00	        0.00	 54937371.00	    37150.00
  3.25	        0.00	    33331.00	2604399916.00	        0.00	 54937371.00	    33331.00
  3.26	        0.00	    29844.00	2601963177.00	        0.00	 54937371.00	    29844.00
  3.27	        0.00	    26590.00	2599516613.00	        0.00	 54937371.00	    26590.00
  3.28	        0.00	    23760.00	2597052780.00	        0.00	 54937371.00	    23760.00
  3.29	        0.00	    21203.00	2594574725.00	        0.00	 54937371.00	    21203.00
  3.30	        0.00	    18897.00	2592090433.00	        0.00	 54937371.00	    18897.00
  3.31	        0.00	    16901.00	2589593006.00	        0.00	 54937371.00	    16901.00
  3.32	        0.00	    15051.00	2587089567.00	        0.00	 54937371.00	    15051.00
  3.33	        0.00	    13405.00	2584578595.00	        0.00	 54937371.00	    13405.00
  3.34	        0.00	    11893.00	2582066500.00	        0.00	 54937371.00	    11893.00
  3.35	        0.00	    10578.00	2579548339.00	        0.00	 54937371.00	    10578.00
  3.36	        0.00	     9390.00	2577026721.00	        0.00	 54937371.00	     9390.00
  3.37	        0.00	     8310.00	2574501221.00	        0.00	 54937371.00	     8310.00
  3.38	        0.00	     7405.00	2571968859.00	        0.00	 54937371.00	     7405.00
  3.39	        0.00	     6549.00	2569435778.00	        0.00	 54937371.00	     6549.00
  3.40	        0.00	     5832.00	2566902067.00	        0.00	 54937371.00	     5832.00
  3.41	        0.00	     5200.00	2564364943.00	        0.00	 54937371.00	     5200.00
  3.42	        0.00	     4617.00	2561828648.00	        0.00	 54937371.00	     4617.00
  3.43	        0.00	     4127.00	2559289773.00	        0.00	 54937371.00	     4127.00
  3.44	        0.00	     3647.00	2556752055.00	        0.00	 54937371.00	     3647.00
  3.45	        0.00	     3232.00	2554215244.00	        0.00	 54937371.00	     3232.00
  3.46	        0.00	     2870.00	2551677939.00	        0.00	 54937371.00	     2870.00
  3.47	        0.00	     2544.00	2549142189.00	        0.00	 54937371.00	     2544.00
  3.48	        0.00	     2259.00	2546606646.00	        0.00	 54937371.00	     2259.00
  3.49	        0.00	     2017.00	2544071457.00	        0.00	 54937371.00	     2017.00
  3.50	        0.00	     1769.00	2541541048.00	        0.00	 54937371.00	     1769.00
  3.51	        0.00	     1576.00	2539007140.00	        0.00	 54937371.00	     1576.00
  3.52	        0.00	     1391.00	2536475978.00	        0.00	 54937371.00	     1391.00
  3.53	        0.00	     1226.00	2533946671.00	        0.00	 54937371.00	     1226.00
  3.54	        0.00	     1094.00	2531418661.00	        0.00	 54937371.00	     1094.00
  3.55	        0.00	      968.00	2528894358.00	        0.00	 54937371.00	      968.00
  3.56	        0.00	      852.00	2526372269.00	        0.00	 54937371.00	      852.00
  3.57	        0.00	      746.00	2523848631.00	        0.00	 54937371.00	      746.00
  3.58	        0.00	      665.00	2521327333.00	        0.00	 54937371.00	      665.00
  3.59	        0.00	      596.00	2518810126.00	        0.00	 54937371.00	      596.00
  3.60	        0.00	      504.00	2516295377.00	        0.00	 54937371.00	      504.00
  3.61	        0.00	      441.00	2513784146.00	        0.00	 54937371.00	      441.00
  3.62	        0.00	      397.00	2511273156.00	        0.00	 54937371.00	      397.00
  3.63	        0.00	      350.00	2508763407.00	        0.00	 54937371.00	      350.00
  3.64	        0.00	      298.00	2506256417.00	        0.00	 54937371.00	      298.00
  3.65	        0.00	      265.00	2503750841.00	        0.00	 54937371.00	      265.00
  3.66	        0.00	      233.00	2501249085.00	        0.00	 54937371.00	      233.00
  3.67	        0.00	      203.00	2498749709.00	        0.00	 54937371.00	      203.00
  3.68	        0.00	      178.00	2496253726.00	        0.00	 54937371.00	      178.00
  3.69	        0.00	      158.00	2493758925.00	        0.00	 54937371.00	      158.00
  3.70	        0.00	      142.00	2491263665.00	        0.00	 54937371.00	      142.00
  3.71	        0.00	      128.00	2488772011.00	        0.00	 54937371.00	      128.00
  3.72	        0.00	      111.00	2486284153.00	        0.00	 54937371.00	      111.00
  3.73	        0.00	       97.00	2483799115.00	        0.00	 54937371.00	       97.00
  3.74	        0.00	       87.00	2481314418.00	        0.00	 54937371.00	       87.00
  3.75	        0.00	       71.00	2478832108.00	        0.00	 54937371.00	       71.00
  3.76	        0.00	       60.00	2476356932.00	        0.00	 54937371.00	       60.00
  3.77	        0.00	       50.00	2473881293.00	        0.00	 54937371.00	       50.00
  3.78	        0.00	       47.00	2471407074.00	        0.00	 54937371.00	       47.00
  3.79	        0.00	       42.00	2468935284.00	        0.00	 54937371.00	       42.00
  3.80	        0.00	       39.00	2466465928.00	        0.00	 54937371.00	       39.00
  3.81	        0.00	       30.00	2463998437.00	        0.00	 54937371.00	       30.00
  3.82	        0.00	       24.00	2461533634.00	        0.00	 54937371.00	       24.00
  3.83	        0.00	       21.00	2459073762.00	        0.00	 54937371.00	       21.00
  3.84	        0.00	       20.00	2456612780.00	        0.00	 54937371.00	       20.00
  3.85	        0.00	       15.00	2454157916.00	        0.00	 54937371.00	       15.00
  3.86	        0.00	       14.00	2451707884.00	        0.00	 54937371.00	       14.00
  3.87	        0.00	       11.00	2449254056.00	        0.00	 54937371.00	       11.00
  3.88	        0.00	       11.00	2446804448.00	        0.00	 54937371.00	       11.00
  3.89	        0.00	       11.00	2444357022.00	        0.00	 54937371.00	       11.00
  3.90	        0.00	       11.00	2441910489.00	        0.00	 54937371.00	       11.00
  3.91	        0.00	       10.00	2439470704.00	        0.00	 54937371.00	       10.00
  3.92	        0.00	        8.00	2437033184.00	        0.00	 54937371.00	        8.00
  3.93	        0.00	        6.00	2434596578.00	        0.00	 54937371.00	        6.00
  3.94	        0.00	        5.00	2432159919.00	        0.00	 54937371.00	        5.00
  3.95	        0.00	        3.00	2429727596.00	        0.00	 54937371.00	        3.00
  3.96	        0.00	        3.00	2427296476.00	        0.00	 54937371.00	        3.00
  3.97	        0.00	        3.00	2424869295.00	        0.00	 54937371.00	        3.00
  3.98	        0.00	        2.00	2422443083.00	        0.00	 54937371.00	        2.00
  3.99	        0.00	        2.00	2420022759.00	        0.00	 54937371.00	        2.00
  4.00	        0.00	        2.00	2417601682.00	        0.00	 54937371.00	        2.00
  4.01	        0.00	        2.00	2415183541.00	        0.00	 54937371.00	        2.00
  4.02	        0.00	        2.00	2412767160.00	        0.00	 54937371.00	        2.00
  4.03	        0.00	        2.00	2410353950.00	        0.00	 54937371.00	        2.00
  4.04	        0.00	        2.00	2407942371.00	        0.00	 54937371.00	        2.00
  4.05	        0.00	        2.00	2405535628.00	        0.00	 54937371.00	        2.00
  4.06	        0.00	        2.00	2403132283.00	        0.00	 54937371.00	        2.00
  4.07	        0.00	        2.00	2400727497.00	        0.00	 54937371.00	        2.00
  4.08	        0.00	        2.00	2398327903.00	        0.00	 54937371.00	        2.00
  4.09	        0.00	        2.00	2395931566.00	        0.00	 54937371.00	        2.00
  4.10	        0.00	        2.00	2393535512.00	        0.00	 54937371.00	        2.00
  4.11	        0.00	        2.00	2391143138.00	        0.00	 54937371.00	        2.00
  4.12	        0.00	        2.00	2388754236.00	        0.00	 54937371.00	        2.00
  4.13	        0.00	        2.00	2386366457.00	        0.00	 54937371.00	        2.00
  4.14	        0.00	        2.00	2383980491.00	        0.00	 54937371.00	        2.00
  4.15	        0.00	        3.00	2381593663.00	        0.00	 54937371.00	        2.00
  4.16	        0.00	        2.00	2379212872.00	        0.00	 54937371.00	        2.00
  4.17	        0.00	        1.00	2376834434.00	        0.00	 54937371.00	        1.00
  4.18	        0.00	        1.00	2374456083.00	        0.00	 54937371.00	        1.00
  4.19	        0.00	        1.00	2372081597.00	        0.00	 54937371.00	        1.00
  4.20	        0.00	        1.00	2369710331.00	        0.00	 54937371.00	        1.00
  4.21	        0.00	        0.00	2367339783.00	        0.00	 54937371.00	        0.00
