Datatype: PopulationSize
  0.00	        1.00	        0.00	   600000.00	        1.00	        0.00	        1.00
  0.01	        1.00	        0.00	   599976.00	        1.00	        0.00	        1.00
  0.02	        1.00	        0.00	   599956.00	        1.00	        0.00	        1.00
  0.03	        1.00	        0.00	   599942.00	        1.00	        0.00	        1.00
  0.04	        1.00	        0.00	   599926.00	        1.00	        0.00	        1.00
  0.05	        1.00	        0.00	   599916.00	        1.00	        0.00	        1.00
  0.06	        1.00	        0.00	   599902.00	        1.00	        0.00	        1.00
  0.07	        1.00	        0.00	   599883.00	        1.00	        0.00	        1.00
  0.08	        1.00	        0.00	   599868.00	        1.00	        0.00	        1.00
  0.09	        1.00	        0.00	   599855.00	        1.00	        0.00	        1.00
  0.10	        1.00	        0.00	   599842.00	        1.00	        0.00	        1.00
  0.11	        1.00	        0.00	   599821.00	        1.00	        0.00	        1.00
  0.12	        1.00	        0.00	   599796.00	        1.00	        0.00	        1.00
  0.13	        1.00	        0.00	   599783.00	        1.00	        0.00	        1.00
  0.14	        1.00	        0.00	   599758.00	        1.00	        0.00	        1.00
  0.15	        1.00	        0.00	   599743.00	        1.00	        0.00	        1.00
  0.16	        1.00	        0.00	   599724.00	        1.00	        0.00	        1.00
  0.17	        1.00	        0.00	   599705.00	        1.00	        0.00	        1.00
  0.18	        1.00	        0.00	   599691.00	        1.00	        0.00	        1.00
  0.19	        1.00	        0.00	   599669.00	        1.00	        0.00	        1.00
  0.20	        1.00	        0.00	   599656.00	        1.00	        0.00	        1.00
  0.21	        1.00	        0.00	   599638.00	        1.00	        0.00	        1.00
  0.22	        2.00	        0.00	   599627.00	        1.00	        1.00	        1.00
  0.23	        2.00	        0.00	   599606.00	        1.00	        1.00	        1.00
  0.24	        2.00	        0.00	   599585.00	        1.00	        1.00	        1.00
  0.25	        2.00	        0.00	   599566.00	        1.00	        1.00	        1.00
  0.26	        2.00	        0.00	   599544.00	        1.00	        1.00	        1.00
  0.27	        2.00	        0.00	   599531.00	        1.00	        1.00	        1.00
  0.28	        2.00	        0.00	   599508.00	        1.00	        1.00	        1.00
  0.29	        2.00	        0.00	   599488.00	        1.00	        1.00	        1.00
  0.30	        2.00	        0.00	   599471.00	        1.00	        1.00	        1.00
  0.31	        2.00	        0.00	   599447.00	        1.00	        1.00	        1.00
  0.32	        2.00	        0.00	   599431.00	        1.00	        1.00	        1.00
  0.33	        2.00	        0.00	   599418.00	        1.00	        1.00	        1.00
  0.34	        2.00	        0.00	   599398.00	        1.00	        1.00	        1.00
  0.35	        2.00	        0.00	   599379.00	        1.00	        1.00	        1.00
  0.36	        2.00	        0.00	   599352.00	        1.00	        1.00	        1.00
  0.37	        2.00	        0.00	   599339.00	        1.00	        1.00	        1.00
  0.38	        2.00	        0.00	   599324.00	        1.00	        1.00	        1.00
  0.39	        2.00	        0.00	   599296.00	        1.00	        1.00	        1.00
  0.40	        2.00	        0.00	   599282.00	        1.00	        1.00	        1.00
  0.41	        2.00	        0.00	   599262.00	        1.00	        1.00	        1.00
  0.42	        2.00	        0.00	   599250.00	        1.00	        1.00	        1.00
  0.43	        2.00	        0.00	   599234.00	        1.00	        1.00	        1.00
  0.44	        2.00	        0.00	   599220.00	        1.00	        1.00	        1.00
  0.45	        2.00	        0.00	   599196.00	        1.00	        1.00	        1.00
  0.46	        2.00	        0.00	   599183.00	        1.00	        1.00	        1.00
  0.47	        2.00	        0.00	   599171.00	        1.00	        1.00	        1.00
  0.48	        2.00	        0.00	   599156.00	        1.00	        1.00	        1.00
  0.49	        2.00	        0.00	   599137.00	        1.00	        1.00	        1.00
  0.50	        2.00	        0.00	   599129.00	        1.00	        1.00	        1.00
  0.51	        2.00	        0.00	   599110.00	        1.00	        1.00	        1.00
  0.52	        2.00	        0.00	   599092.00	        1.00	        1.00	        1.00
  0.53	        2.00	        0.00	   599076.00	        1.00	        1.00	        1.00
  0.54	        2.00	        0.00	   599063.00	        1.00	        1.00	        1.00
  0.55	        2.00	        0.00	   599039.00	        1.00	        1.00	        1.00
  0.56	        2.00	        0.00	   599024.00	        1.00	        1.00	        1.00
  0.57	        2.00	        0.00	   599004.00	        1.00	        1.00	        1.00
  0.58	        2.00	        0.00	   598990.00	        1.00	        1.00	        1.00
  0.59	        2.00	        0.00	   598970.00	        1.00	        1.00	        1.00
  0.60	        3.00	        0.00	   598945.00	        1.00	        2.00	        1.00
  0.61	        3.00	        0.00	   598925.00	        1.00	        2.00	        1.00
  0.62	        3.00	        0.00	   598914.00	        1.00	        2.00	        1.00
  0.63	        3.00	        0.00	   598902.00	        1.00	        2.00	        1.00
  0.64	        3.00	        0.00	   598887.00	        1.00	        2.00	        1.00
  0.65	        3.00	        0.00	   598869.00	        1.00	        2.00	        1.00
  0.66	        4.00	        0.00	   598850.00	        1.00	        3.00	        1.00
  0.67	        4.00	        0.00	   598836.00	        1.00	        3.00	        1.00
  0.68	        4.00	        0.00	   598814.00	        1.00	        3.00	        1.00
  0.69	        4.00	        0.00	   598796.00	        1.00	        3.00	        1.00
  0.70	        4.00	        0.00	   598777.00	        1.00	        3.00	        1.00
  0.71	        4.00	        0.00	   598758.00	        1.00	        3.00	        1.00
  0.72	        4.00	        0.00	   598739.00	        1.00	        3.00	        1.00
  0.73	        4.00	        0.00	   598727.00	        1.00	        3.00	        1.00
  0.74	        4.00	        0.00	   598714.00	        1.00	        3.00	        1.00
  0.75	        4.00	        0.00	   598705.00	        1.00	        3.00	        1.00
  0.76	        4.00	        0.00	   598685.00	        1.00	        3.00	        1.00
  0.77	        4.00	        0.00	   598670.00	        1.00	        3.00	        1.00
  0.78	        4.00	        0.00	   598647.00	        1.00	        3.00	        1.00
  0.79	        4.00	        0.00	   598625.00	        1.00	        3.00	        1.00
  0.80	        4.00	        0.00	   598612.00	        1.00	        3.00	        1.00
  0.81	        4.00	        0.00	   598598.00	        1.00	        3.00	        1.00
  0.82	        4.00	        0.00	   598585.00	        1.00	        3.00	        1.00
  0.83	        4.00	        0.00	   598565.00	        1.00	        3.00	        1.00
  0.84	        4.00	        0.00	   598548.00	        1.00	        3.00	        1.00
  0.85	        4.00	        0.00	   598532.00	        1.00	        3.00	        1.00
  0.86	        5.00	        0.00	   598512.00	        1.00	        4.00	        1.00
  0.87	        5.00	        0.00	   598494.00	        1.00	        4.00	        1.00
  0.88	        5.00	        0.00	   598468.00	        1.00	        4.00	        1.00
  0.89	        5.00	        0.00	   598457.00	        1.00	        4.00	        1.00
  0.90	        5.00	        0.00	   598443.00	        1.00	        4.00	        1.00
  0.91	        5.00	        0.00	   598423.00	        1.00	        4.00	        1.00
  0.92	        5.00	        0.00	   598405.00	        1.00	        4.00	        1.00
  0.93	        5.00	        0.00	   598387.00	        1.00	        4.00	        1.00
  0.94	        5.00	        0.00	   598365.00	        1.00	        4.00	        1.00
  0.95	        5.00	        0.00	   598352.00	        1.00	        4.00	        1.00
  0.96	        5.00	        0.00	   598341.00	        1.00	        4.00	        1.00
  0.97	        5.00	        0.00	   598332.00	        1.00	        4.00	        1.00
  0.98	        5.00	        0.00	   598310.00	        1.00	        4.00	        1.00
  0.99	        6.00	        0.00	   598290.00	        1.00	        5.00	        1.00
  1.00	        6.00	        0.00	   598271.00	        1.00	        5.00	        1.00
  1.01	        6.00	        0.00	   598253.00	        1.00	        5.00	        1.00
  1.02	        6.00	        0.00	   598235.00	        1.00	        5.00	        1.00
  1.03	        6.00	        0.00	   598222.00	        1.00	        5.00	        1.00
  1.04	        6.00	        0.00	   598212.00	        1.00	        5.00	        1.00
  1.05	        6.00	        0.00	   598201.00	        1.00	        5.00	        1.00
  1.06	        7.00	        0.00	   598181.00	        1.00	        6.00	        1.00
  1.07	        7.00	        0.00	   598161.00	        1.00	        6.00	        1.00
  1.08	        7.00	        0.00	   598148.00	        1.00	        6.00	        1.00
  1.09	        7.00	        0.00	   598128.00	        1.00	        6.00	        1.00
  1.10	        7.00	        0.00	   598112.00	        1.00	        6.00	        1.00
  1.11	        7.00	        0.00	   598095.00	        1.00	        6.00	        1.00
  1.12	        7.00	        0.00	   598078.00	        1.00	        6.00	        1.00
  1.13	        7.00	        0.00	   598055.00	        1.00	        6.00	        1.00
  1.14	        7.00	        0.00	   598046.00	        1.00	        6.00	        1.00
  1.15	        8.00	        0.00	   598025.00	        1.00	        7.00	        1.00
  1.16	        8.00	        0.00	   598005.00	        1.00	        7.00	        1.00
  1.17	        8.00	        0.00	   597984.00	        1.00	        7.00	        1.00
  1.18	        8.00	        0.00	   597969.00	        1.00	        7.00	        1.00
  1.19	        9.00	        0.00	   597956.00	        1.00	        8.00	        1.00
  1.20	        9.00	        0.00	   597942.00	        1.00	        8.00	        1.00
  1.21	        9.00	        0.00	   597926.00	        1.00	        8.00	        1.00
  1.22	        9.00	        0.00	   597909.00	        1.00	        8.00	        1.00
  1.23	        9.00	        0.00	   597891.00	        1.00	        8.00	        1.00
  1.24	        9.00	        0.00	   597870.00	        1.00	        8.00	        1.00
  1.25	        9.00	        0.00	   597849.00	        1.00	        8.00	        1.00
  1.26	        9.00	        0.00	   597836.00	        1.00	        8.00	        1.00
  1.27	        9.00	        0.00	   597822.00	        1.00	        8.00	        1.00
  1.28	        9.00	        0.00	   597805.00	        1.00	        8.00	        1.00
  1.29	       10.00	        0.00	   597791.00	        1.00	        9.00	        1.00
  1.30	       10.00	        0.00	   597769.00	        1.00	        9.00	        1.00
  1.31	       10.00	        0.00	   597758.00	        1.00	        9.00	        1.00
  1.32	       13.00	        0.00	   597741.00	        1.00	       12.00	        1.00
  1.33	       13.00	        0.00	   597722.00	        1.00	       12.00	        1.00
  1.34	       13.00	        0.00	   597700.00	        1.00	       12.00	        1.00
  1.35	       14.00	        0.00	   597685.00	        1.00	       13.00	        1.00
  1.36	       15.00	        0.00	   597668.00	        1.00	       14.00	        1.00
  1.37	       16.00	        0.00	   597653.00	        1.00	       15.00	        1.00
  1.38	       16.00	        0.00	   597627.00	        1.00	       15.00	        1.00
  1.39	       16.00	        0.00	   597609.00	        1.00	       15.00	        1.00
  1.40	       16.00	        0.00	   597591.00	        1.00	       15.00	        1.00
  1.41	       16.00	        0.00	   597569.00	        1.00	       15.00	        1.00
  1.42	       16.00	        0.00	   597552.00	        1.00	       15.00	        1.00
  1.43	       16.00	        0.00	   597529.00	        1.00	       15.00	        1.00
  1.44	       17.00	        0.00	   597503.00	        1.00	       16.00	        1.00
  1.45	       17.00	        0.00	   597479.00	        1.00	       16.00	        1.00
  1.46	       18.00	        0.00	   597458.00	        1.00	       17.00	        1.00
  1.47	       18.00	        0.00	   597438.00	        1.00	       17.00	        1.00
  1.48	       20.00	        0.00	   597421.00	        1.00	       19.00	        1.00
  1.49	       20.00	        0.00	   597401.00	        1.00	       19.00	        1.00
  1.50	       20.00	        0.00	   597383.00	        1.00	       19.00	        1.00
  1.51	       20.00	        0.00	   597361.00	        1.00	       19.00	        1.00
  1.52	       20.00	        0.00	   597342.00	        1.00	       19.00	        1.00
  1.53	       21.00	        0.00	   597327.00	        1.00	       20.00	        1.00
  1.54	       21.00	        0.00	   597309.00	        1.00	       20.00	        1.00
  1.55	       21.00	        0.00	   597288.00	        1.00	       20.00	        1.00
  1.56	       22.00	        0.00	   597276.00	        1.00	       21.00	        1.00
  1.57	       22.00	        0.00	   597262.00	        1.00	       21.00	        1.00
  1.58	       23.00	        0.00	   597245.00	        1.00	       22.00	        1.00
  1.59	       24.00	        0.00	   597227.00	        1.00	       23.00	        1.00
  1.60	       25.00	        0.00	   597215.00	        1.00	       24.00	        1.00
  1.61	       25.00	        0.00	   597191.00	        1.00	       24.00	        1.00
  1.62	       25.00	        0.00	   597179.00	        1.00	       24.00	        1.00
  1.63	       26.00	        0.00	   597165.00	        1.00	       25.00	        1.00
  1.64	       26.00	        0.00	   597155.00	        1.00	       25.00	        1.00
  1.65	       26.00	        0.00	   597140.00	        1.00	       25.00	        1.00
  1.66	       28.00	        0.00	   597124.00	        1.00	       27.00	        1.00
  1.67	       28.00	        0.00	   597104.00	        1.00	       27.00	        1.00
  1.68	       29.00	        0.00	   597081.00	        1.00	       28.00	        1.00
  1.69	       29.00	        0.00	   597062.00	        1.00	       28.00	        1.00
  1.70	       30.00	        0.00	   597054.00	        1.00	       29.00	        1.00
  1.71	       30.00	        0.00	   597038.00	        1.00	       29.00	        1.00
  1.72	       30.00	        0.00	   597029.00	        1.00	       29.00	        1.00
  1.73	       31.00	        0.00	   597012.00	        1.00	       30.00	        1.00
  1.74	       32.00	        0.00	   596998.00	        1.00	       31.00	        1.00
  1.75	       32.00	        0.00	   596976.00	        1.00	       31.00	        1.00
  1.76	       32.00	        0.00	   596955.00	        1.00	       31.00	        1.00
  1.77	       32.00	        0.00	   596934.00	        1.00	       31.00	        1.00
  1.78	       33.00	        0.00	   596918.00	        1.00	       32.00	        1.00
  1.79	       34.00	        0.00	   596897.00	        1.00	       33.00	        1.00
  1.80	       34.00	        0.00	   596882.00	        1.00	       33.00	        1.00
  1.81	       35.00	        0.00	   596870.00	        1.00	       34.00	        1.00
  1.82	       36.00	        0.00	   596857.00	        1.00	       35.00	        1.00
  1.83	       36.00	        0.00	   596843.00	        1.00	       35.00	        1.00
  1.84	       36.00	        0.00	   596827.00	        1.00	       35.00	        1.00
  1.85	       37.00	        0.00	   596807.00	        1.00	       36.00	        1.00
  1.86	       37.00	        0.00	   596784.00	        1.00	       36.00	        1.00
  1.87	       37.00	        0.00	   596764.00	        1.00	       36.00	        1.00
  1.88	       37.00	        0.00	   596745.00	        1.00	       36.00	        1.00
  1.89	       37.00	        0.00	   596729.00	        1.00	       36.00	        1.00
  1.90	       37.00	        0.00	   596710.00	        1.00	       36.00	        1.00
  1.91	       37.00	        0.00	   596693.00	        1.00	       36.00	        1.00
  1.92	       37.00	        0.00	   596669.00	        1.00	       36.00	        1.00
  1.93	       37.00	        0.00	   596648.00	        1.00	       36.00	        1.00
  1.94	       37.00	        0.00	   596636.00	        1.00	       36.00	        1.00
  1.95	       37.00	        0.00	   596617.00	        1.00	       36.00	        1.00
  1.96	       37.00	        0.00	   596605.00	        1.00	       36.00	        1.00
  1.97	       38.00	        0.00	   596587.00	        1.00	       37.00	        1.00
  1.98	       39.00	        0.00	   596568.00	        1.00	       38.00	        1.00
  1.99	       40.00	        0.00	   596548.00	        1.00	       39.00	        1.00
  2.00	       39.00	        1.00	   596529.00	        1.00	       39.00	        1.00
  2.01	       41.00	        1.00	   596506.00	        1.00	       41.00	        1.00
  2.02	       42.00	        1.00	   596486.00	        1.00	       42.00	        1.00
  2.03	       43.00	        1.00	   596464.00	        1.00	       43.00	        1.00
  2.04	       44.00	        1.00	   596440.00	        1.00	       44.00	        1.00
  2.05	       43.00	        2.00	   596415.00	        1.00	       44.00	        1.00
  2.06	       45.00	        2.00	   596395.00	        1.00	       46.00	        1.00
  2.07	       47.00	        2.00	   596381.00	        1.00	       48.00	        1.00
  2.08	       48.00	        2.00	   596368.00	        1.00	       49.00	        1.00
  2.09	       49.00	        2.00	   596344.00	        1.00	       50.00	        1.00
  2.10	       49.00	        3.00	   596319.00	        1.00	       51.00	        1.00
  2.11	       51.00	        3.00	   596295.00	        1.00	       53.00	        1.00
  2.12	       51.00	        3.00	   596281.00	        1.00	       53.00	        1.00
  2.13	       51.00	        3.00	   596266.00	        1.00	       53.00	        1.00
  2.14	       52.00	        3.00	   596249.00	        1.00	       54.00	        1.00
  2.15	       54.00	        3.00	   596224.00	        1.00	       56.00	        1.00
  2.16	       55.00	        3.00	   596209.00	        1.00	       57.00	        1.00
  2.17	       57.00	        3.00	   596196.00	        1.00	       59.00	        1.00
  2.18	       59.00	        3.00	   596183.00	        1.00	       61.00	        1.00
  2.19	       60.00	        4.00	   596162.00	        1.00	       63.00	        1.00
  2.20	       60.00	        4.00	   596149.00	        1.00	       63.00	        1.00
  2.21	       62.00	        4.00	   596130.00	        1.00	       65.00	        1.00
  2.22	       63.00	        4.00	   596120.00	        1.00	       66.00	        1.00
  2.23	       64.00	        4.00	   596107.00	        1.00	       67.00	        1.00
  2.24	       64.00	        4.00	   596091.00	        1.00	       67.00	        1.00
  2.25	       65.00	        4.00	   596077.00	        1.00	       68.00	        1.00
  2.26	       67.00	        4.00	   596061.00	        1.00	       70.00	        1.00
  2.27	       68.00	        4.00	   596039.00	        1.00	       71.00	        1.00
  2.28	       69.00	        4.00	   596021.00	        1.00	       72.00	        1.00
  2.29	       69.00	        4.00	   596011.00	        1.00	       72.00	        1.00
  2.30	       70.00	        4.00	   595998.00	        1.00	       73.00	        1.00
  2.31	       72.00	        4.00	   595979.00	        1.00	       75.00	        1.00
  2.32	       73.00	        4.00	   595964.00	        1.00	       76.00	        1.00
  2.33	       72.00	        6.00	   595946.00	        1.00	       77.00	        1.00
  2.34	       73.00	        6.00	   595932.00	        1.00	       78.00	        1.00
  2.35	       73.00	        6.00	   595912.00	        1.00	       78.00	        1.00
  2.36	       74.00	        6.00	   595902.00	        1.00	       79.00	        1.00
  2.37	       74.00	        6.00	   595878.00	        1.00	       79.00	        1.00
  2.38	       75.00	        6.00	   595865.00	        1.00	       80.00	        1.00
  2.39	       77.00	        6.00	   595847.00	        1.00	       82.00	        1.00
  2.40	       78.00	        6.00	   595826.00	        1.00	       83.00	        1.00
  2.41	       78.00	        6.00	   595803.00	        1.00	       83.00	        1.00
  2.42	       82.00	        6.00	   595790.00	        1.00	       87.00	        1.00
  2.43	       81.00	        7.00	   595772.00	        1.00	       87.00	        1.00
  2.44	       82.00	        7.00	   595745.00	        1.00	       88.00	        1.00
  2.45	       84.00	        7.00	   595731.00	        1.00	       90.00	        1.00
  2.46	       86.00	        7.00	   595710.00	        1.00	       92.00	        1.00
  2.47	       88.00	        7.00	   595693.00	        1.00	       94.00	        1.00
  2.48	       88.00	        7.00	   595676.00	        1.00	       94.00	        1.00
  2.49	       89.00	        7.00	   595664.00	        1.00	       95.00	        1.00
  2.50	       92.00	        7.00	   595644.00	        1.00	       98.00	        1.00
  2.51	       93.00	        7.00	   595624.00	        1.00	       99.00	        1.00
  2.52	       93.00	        8.00	   595609.00	        1.00	      100.00	        1.00
  2.53	       96.00	        8.00	   595597.00	        1.00	      103.00	        1.00
  2.54	       97.00	        8.00	   595582.00	        1.00	      104.00	        1.00
  2.55	      100.00	        8.00	   595570.00	        1.00	      107.00	        1.00
  2.56	      101.00	        9.00	   595558.00	        1.00	      109.00	        1.00
  2.57	      102.00	        9.00	   595537.00	        1.00	      110.00	        1.00
  2.58	      102.00	       10.00	   595519.00	        1.00	      111.00	        1.00
  2.59	      102.00	       10.00	   595508.00	        1.00	      111.00	        1.00
  2.60	      103.00	       11.00	   595492.00	        1.00	      113.00	        1.00
  2.61	      105.00	       11.00	   595479.00	        1.00	      115.00	        1.00
  2.62	      104.00	       13.00	   595458.00	        1.00	      116.00	        1.00
  2.63	      105.00	       13.00	   595438.00	        1.00	      117.00	        1.00
  2.64	      104.00	       14.00	   595420.00	        1.00	      117.00	        1.00
  2.65	      107.00	       14.00	   595401.00	        1.00	      120.00	        1.00
  2.66	      109.00	       14.00	   595388.00	        1.00	      122.00	        1.00
  2.67	      109.00	       14.00	   595367.00	        1.00	      122.00	        1.00
  2.68	      110.00	       14.00	   595344.00	        1.00	      123.00	        1.00
  2.69	      112.00	       14.00	   595325.00	        1.00	      125.00	        1.00
  2.70	      112.00	       14.00	   595307.00	        1.00	      125.00	        1.00
  2.71	      116.00	       14.00	   595284.00	        1.00	      129.00	        1.00
  2.72	      115.00	       14.00	   595662.00	        1.00	      129.00	        1.00
  2.73	      111.00	       20.00	   595627.00	        1.00	      131.00	        1.00
  2.74	      108.00	       26.00	   595603.00	        1.00	      134.00	        1.00
  2.75	      105.00	       31.00	   595575.00	        1.00	      136.00	        1.00
  2.76	      100.00	       37.00	   595555.00	        1.00	      137.00	        1.00
  2.77	       96.00	       44.00	   595529.00	        1.00	      140.00	        1.00
  2.78	       94.00	       47.00	   595509.00	        1.00	      141.00	        1.00
  2.79	       94.00	       49.00	   595485.00	        1.00	      143.00	        1.00
  2.80	       93.00	       52.00	   595458.00	        1.00	      145.00	        1.00
  2.81	       91.00	       55.00	   595430.00	        1.00	      146.00	        1.00
  2.82	       91.00	       58.00	   595407.00	        1.00	      149.00	        1.00
  2.83	       86.00	       63.00	   595389.00	        1.00	      149.00	        1.00
  2.84	       85.00	       67.00	   595365.00	        1.00	      152.00	        1.00
  2.85	       81.00	       71.00	   595333.00	        1.00	      152.00	        1.00
  2.86	       79.00	       74.00	   595699.00	        1.00	      154.00	        1.00
  2.87	       78.00	       79.00	   595671.00	        1.00	      158.00	        1.00
  2.88	       78.00	       80.00	   595644.00	        1.00	      159.00	        1.00
  2.89	       73.00	       86.00	   595614.00	        1.00	      160.00	        1.00
  2.90	       70.00	       90.00	   595584.00	        1.00	      161.00	        1.00
  2.91	       65.00	       96.00	   595550.00	        1.00	      162.00	        1.00
  2.92	       61.00	      101.00	   595516.00	        1.00	      163.00	        1.00
  2.93	       59.00	      103.00	   595492.00	        1.00	      163.00	        1.00
  2.94	       56.00	      106.00	   595462.00	        1.00	      163.00	        1.00
  2.95	       55.00	      107.00	   595436.00	        1.00	      163.00	        1.00
  2.96	       53.00	      110.00	   595413.00	        1.00	      164.00	        1.00
  2.97	       51.00	      113.00	   595391.00	        1.00	      165.00	        1.00
  2.98	       48.00	      118.00	   595752.00	        1.00	      168.00	        1.00
  2.99	       44.00	      124.00	   595713.00	        1.00	      170.00	        1.00
  3.00	       43.00	      127.00	   595684.00	        1.00	      172.00	        1.00
  3.01	       41.00	      129.00	   595659.00	        1.00	      172.00	        1.00
  3.02	       38.00	      132.00	   595633.00	        1.00	      172.00	        1.00
  3.03	       35.00	      135.00	   595608.00	        1.00	      172.00	        1.00
  3.04	       33.00	      137.00	   595587.00	        1.00	      172.00	        1.00
  3.05	       32.00	      137.00	   595949.00	        1.00	      172.00	        1.00
  3.06	       26.00	      143.00	   595910.00	        1.00	      172.00	        1.00
  3.07	       24.00	      146.00	   595881.00	        1.00	      173.00	        1.00
  3.08	       22.00	      149.00	   595844.00	        1.00	      174.00	        1.00
  3.09	       20.00	      151.00	   595811.00	        1.00	      174.00	        1.00
  3.10	       18.00	      154.00	   595787.00	        1.00	      175.00	        1.00
  3.11	       18.00	      155.00	   595751.00	        1.00	      176.00	        1.00
  3.12	       15.00	      158.00	   595711.00	        1.00	      176.00	        1.00
  3.13	       15.00	      158.00	   595677.00	        1.00	      176.00	        1.00
  3.14	       16.00	      158.00	   595639.00	        1.00	      177.00	        1.00
  3.15	       16.00	      158.00	   595619.00	        1.00	      177.00	        1.00
  3.16	       15.00	      158.00	   595985.00	        1.00	      177.00	        1.00
  3.17	       15.00	      159.00	   595944.00	        1.00	      178.00	        1.00
  3.18	       12.00	      162.00	   595900.00	        1.00	      178.00	        1.00
  3.19	       10.00	      164.00	   595854.00	        1.00	      178.00	        1.00
  3.20	       10.00	      164.00	   595810.00	        1.00	      178.00	        1.00
  3.21	        8.00	      166.00	   595781.00	        1.00	      178.00	        1.00
  3.22	        7.00	      167.00	   595748.00	        1.00	      178.00	        1.00
  3.23	        7.00	      167.00	   595712.00	        1.00	      178.00	        1.00
  3.24	        7.00	      167.00	   595670.00	        1.00	      178.00	        1.00
  3.25	        7.00	      167.00	   595643.00	        1.00	      178.00	        1.00
  3.26	        6.00	      168.00	   595616.00	        1.00	      178.00	        1.00
  3.27	        7.00	      168.00	   595587.00	        1.00	      179.00	        1.00
  3.28	        6.00	      170.00	   595559.00	        1.00	      180.00	        1.00
  3.29	        6.00	      170.00	   595535.00	        1.00	      180.00	        1.00
  3.30	        5.00	      171.00	   595496.00	        1.00	      180.00	        1.00
  3.31	        5.00	      171.00	   595467.00	        1.00	      180.00	        1.00
  3.32	        4.00	      172.00	   595434.00	        1.00	      180.00	        1.00
  3.33	        4.00	      172.00	   595409.00	        1.00	      180.00	        1.00
  3.34	        3.00	      173.00	   595385.00	        1.00	      180.00	        1.00
  3.35	        3.00	      172.00	   595754.00	        1.00	      180.00	        1.00
  3.36	        3.00	      172.00	   595722.00	        1.00	      180.00	        1.00
  3.37	        4.00	      172.00	   595682.00	        1.00	      181.00	        1.00
  3.38	        3.00	      171.00	   596443.00	        1.00	      181.00	        1.00
  3.39	        3.00	      171.00	   596399.00	        1.00	      181.00	        1.00
  3.40	        3.00	      172.00	   596358.00	        1.00	      182.00	        1.00
  3.41	        3.00	      172.00	   596319.00	        1.00	      182.00	        1.00
  3.42	        2.00	      172.00	   596658.00	        1.00	      182.00	        1.00
  3.43	        2.00	      172.00	   596613.00	        1.00	      182.00	        1.00
  3.44	        2.00	      171.00	   596950.00	        1.00	      182.00	        1.00
  3.45	        2.00	      171.00	   596893.00	        1.00	      182.00	        1.00
  3.46	        1.00	      172.00	   596836.00	        1.00	      182.00	        1.00
  3.47	        0.00	      173.00	   596772.00	        0.00	      182.00	        1.00
  3.48	        0.00	      172.00	   597122.00	        0.00	      182.00	        1.00
  3.49	        0.00	      171.00	   597466.00	        0.00	      182.00	        1.00
  3.50	        0.00	      171.00	   597389.00	        0.00	      182.00	        1.00
  3.51	        0.00	      171.00	   597314.00	        0.00	      182.00	        1.00
  3.52	        0.00	      171.00	   597250.00	        0.00	      182.00	        1.00
  3.53	        0.00	      170.00	   597583.00	        0.00	      182.00	        1.00
  3.54	        0.00	      169.00	   597915.00	        0.00	      182.00	        1.00
  3.55	        0.00	      168.00	   598246.00	        0.00	      182.00	        1.00
  3.56	        0.00	      168.00	   598170.00	        0.00	      182.00	        1.00
  3.57	        0.00	      165.00	   599289.00	        0.00	      182.00	        1.00
  3.58	        0.00	      165.00	   599185.00	        0.00	      182.00	        1.00
  3.59	        0.00	      163.00	   599872.00	        0.00	      182.00	        1.00
  3.60	        0.00	      162.00	   600169.00	        0.00	      182.00	        1.00
  3.61	        0.00	      162.00	   600039.00	        0.00	      182.00	        1.00
  3.62	        0.00	      162.00	   599935.00	        0.00	      182.00	        1.00
  3.63	        0.00	      162.00	   599843.00	        0.00	      182.00	        1.00
  3.64	        0.00	      161.00	   600150.00	        0.00	      182.00	        1.00
  3.65	        0.00	      159.00	   600840.00	        0.00	      182.00	        1.00
  3.66	        0.00	      158.00	   601099.00	        0.00	      182.00	        1.00
  3.67	        0.00	      156.00	   601804.00	        0.00	      182.00	        1.00
  3.68	        0.00	      154.00	   602474.00	        0.00	      182.00	        1.00
  3.69	        0.00	      152.00	   603132.00	        0.00	      182.00	        1.00
  3.70	        0.00	      152.00	   602985.00	        0.00	      182.00	        1.00
  3.71	        0.00	      152.00	   602848.00	        0.00	      182.00	        1.00
  3.72	        0.00	      151.00	   603122.00	        0.00	      182.00	        1.00
  3.73	        0.00	      150.00	   603366.00	        0.00	      182.00	        1.00
  3.74	        0.00	      149.00	   603615.00	        0.00	      182.00	        1.00
  3.75	        0.00	      148.00	   603875.00	        0.00	      182.00	        1.00
  3.76	        0.00	      147.00	   604138.00	        0.00	      182.00	        1.00
  3.77	        0.00	      145.00	   604749.00	        0.00	      182.00	        1.00
  3.78	        0.00	      143.00	   605430.00	        0.00	      182.00	        1.00
  3.79	        0.00	      142.00	   605671.00	        0.00	      182.00	        1.00
  3.80	        0.00	      139.00	   606714.00	        0.00	      182.00	        1.00
  3.81	        0.00	      138.00	   606913.00	        0.00	      182.00	        1.00
  3.82	        0.00	      137.00	   607132.00	        0.00	      182.00	        1.00
  3.83	        0.00	      136.00	   607363.00	        0.00	      182.00	        1.00
  3.84	        0.00	      134.00	   607994.00	        0.00	      182.00	        1.00
  3.85	        0.00	      132.00	   608611.00	        0.00	      182.00	        1.00
  3.86	        0.00	      130.00	   609238.00	        0.00	      182.00	        1.00
  3.87	        0.00	      128.00	   609850.00	        0.00	      182.00	        1.00
  3.88	        0.00	      126.00	   610443.00	        0.00	      182.00	        1.00
  3.89	        0.00	      126.00	   610257.00	        0.00	      182.00	        1.00
  3.90	        0.00	      125.00	   610446.00	        0.00	      182.00	        1.00
  3.91	        0.00	      124.00	   610680.00	        0.00	      182.00	        1.00
  3.92	        0.00	      122.00	   611289.00	        0.00	      182.00	        1.00
  3.93	        0.00	      120.00	   611879.00	        0.00	      182.00	        1.00
  3.94	        0.00	      118.00	   612496.00	        0.00	      182.00	        1.00
  3.95	        0.00	      115.00	   613513.00	        0.00	      182.00	        1.00
  3.96	        0.00	      113.00	   614120.00	        0.00	      182.00	        1.00
  3.97	        0.00	      112.00	   614344.00	        0.00	      182.00	        1.00
  3.98	        0.00	      110.00	   614951.00	        0.00	      182.00	        1.00
  3.99	        0.00	      107.00	   615961.00	        0.00	      182.00	        1.00
  4.00	        0.00	      102.00	   617762.00	        0.00	      182.00	        1.00
  4.01	        0.00	      101.00	   617949.00	        0.00	      182.00	        1.00
  4.02	        0.00	      101.00	   617757.00	        0.00	      182.00	        1.00
  4.03	        0.00	       98.00	   618774.00	        0.00	      182.00	        1.00
  4.04	        0.00	       95.00	   619780.00	        0.00	      182.00	        1.00
  4.05	        0.00	       95.00	   619609.00	        0.00	      182.00	        1.00
  4.06	        0.00	       95.00	   619387.00	        0.00	      182.00	        1.00
  4.07	        0.00	       94.00	   619600.00	        0.00	      182.00	        1.00
  4.08	        0.00	       93.00	   619810.00	        0.00	      182.00	        1.00
  4.09	        0.00	       92.00	   620024.00	        0.00	      182.00	        1.00
  4.10	        0.00	       89.00	   621034.00	        0.00	      182.00	        1.00
  4.11	        0.00	       88.00	   621244.00	        0.00	      182.00	        1.00
  4.12	        0.00	       86.00	   621841.00	        0.00	      182.00	        1.00
  4.13	        0.00	       84.00	   622470.00	        0.00	      182.00	        1.00
  4.14	        0.00	       82.00	   623090.00	        0.00	      182.00	        1.00
  4.15	        0.00	       79.00	   624107.00	        0.00	      182.00	        1.00
  4.16	        0.00	       79.00	   623904.00	        0.00	      182.00	        1.00
  4.17	        0.00	       76.00	   624962.00	        0.00	      182.00	        1.00
  4.18	        0.00	       73.00	   625955.00	        0.00	      182.00	        1.00
  4.19	        0.00	       72.00	   626184.00	        0.00	      182.00	        1.00
  4.20	        0.00	       70.00	   626805.00	        0.00	      182.00	        1.00
  4.21	        0.00	       67.00	   627842.00	        0.00	      182.00	        1.00
  4.22	        0.00	       64.00	   628876.00	        0.00	      182.00	        1.00
  4.23	        0.00	       62.00	   629529.00	        0.00	      182.00	        1.00
  4.24	        0.00	       61.00	   629756.00	        0.00	      182.00	        1.00
  4.25	        0.00	       59.00	   630389.00	        0.00	      182.00	        1.00
  4.26	        0.00	       57.00	   631042.00	        0.00	      182.00	        1.00
  4.27	        0.00	       54.00	   632097.00	        0.00	      182.00	        1.00
  4.28	        0.00	       53.00	   632327.00	        0.00	      182.00	        1.00
  4.29	        0.00	       51.00	   632968.00	        0.00	      182.00	        1.00
  4.30	        0.00	       49.00	   633594.00	        0.00	      182.00	        1.00
  4.31	        0.00	       47.00	   634233.00	        0.00	      182.00	        1.00
  4.32	        0.00	       47.00	   634055.00	        0.00	      182.00	        1.00
  4.33	        0.00	       44.00	   635108.00	        0.00	      182.00	        1.00
  4.34	        0.00	       44.00	   634958.00	        0.00	      182.00	        1.00
  4.35	        0.00	       44.00	   634813.00	        0.00	      182.00	        1.00
  4.36	        0.00	       43.00	   635090.00	        0.00	      182.00	        1.00
  4.37	        0.00	       43.00	   634962.00	        0.00	      182.00	        1.00
  4.38	        0.00	       42.00	   635215.00	        0.00	      182.00	        1.00
  4.39	        0.00	       42.00	   635085.00	        0.00	      182.00	        1.00
  4.40	        0.00	       42.00	   634963.00	        0.00	      182.00	        1.00
  4.41	        0.00	       42.00	   634848.00	        0.00	      182.00	        1.00
  4.42	        0.00	       41.00	   635125.00	        0.00	      182.00	        1.00
  4.43	        0.00	       40.00	   635393.00	        0.00	      182.00	        1.00
  4.44	        0.00	       38.00	   636058.00	        0.00	      182.00	        1.00
  4.45	        0.00	       37.00	   636346.00	        0.00	      182.00	        1.00
  4.46	        0.00	       37.00	   636213.00	        0.00	      182.00	        1.00
  4.47	        0.00	       37.00	   636084.00	        0.00	      182.00	        1.00
  4.48	        0.00	       36.00	   636370.00	        0.00	      182.00	        1.00
  4.49	        0.00	       32.00	   637851.00	        0.00	      182.00	        1.00
  4.50	        0.00	       31.00	   638144.00	        0.00	      182.00	        1.00
  4.51	        0.00	       30.00	   638438.00	        0.00	      182.00	        1.00
  4.52	        0.00	       28.00	   639153.00	        0.00	      182.00	        1.00
  4.53	        0.00	       24.00	   640674.00	        0.00	      182.00	        1.00
  4.54	        0.00	       24.00	   640579.00	        0.00	      182.00	        1.00
  4.55	        0.00	       23.00	   640894.00	        0.00	      182.00	        1.00
  4.56	        0.00	       22.00	   641207.00	        0.00	      182.00	        1.00
  4.57	        0.00	       22.00	   641100.00	        0.00	      182.00	        1.00
  4.58	        0.00	       21.00	   641401.00	        0.00	      182.00	        1.00
  4.59	        0.00	       20.00	   641723.00	        0.00	      182.00	        1.00
  4.60	        0.00	       20.00	   641651.00	        0.00	      182.00	        1.00
  4.61	        0.00	       20.00	   641569.00	        0.00	      182.00	        1.00
  4.62	        0.00	       19.00	   641897.00	        0.00	      182.00	        1.00
  4.63	        0.00	       18.00	   642220.00	        0.00	      182.00	        1.00
  4.64	        0.00	       17.00	   642546.00	        0.00	      182.00	        1.00
  4.65	        0.00	       14.00	   643677.00	        0.00	      182.00	        1.00
  4.66	        0.00	       13.00	   644017.00	        0.00	      182.00	        1.00
  4.67	        0.00	       13.00	   643963.00	        0.00	      182.00	        1.00
  4.68	        0.00	       13.00	   643901.00	        0.00	      182.00	        1.00
  4.69	        0.00	       13.00	   643856.00	        0.00	      182.00	        1.00
  4.70	        0.00	       11.00	   644604.00	        0.00	      182.00	        1.00
  4.71	        0.00	       11.00	   644549.00	        0.00	      182.00	        1.00
  4.72	        0.00	       11.00	   644489.00	        0.00	      182.00	        1.00
  4.73	        0.00	       11.00	   644435.00	        0.00	      182.00	        1.00
  4.74	        0.00	       11.00	   644388.00	        0.00	      182.00	        1.00
  4.75	        0.00	       11.00	   644349.00	        0.00	      182.00	        1.00
  4.76	        0.00	       11.00	   644291.00	        0.00	      182.00	        1.00
  4.77	        0.00	       10.00	   644643.00	        0.00	      182.00	        1.00
  4.78	        0.00	       10.00	   644592.00	        0.00	      182.00	        1.00
  4.79	        0.00	       10.00	   644555.00	        0.00	      182.00	        1.00
  4.80	        0.00	       10.00	   644512.00	        0.00	      182.00	        1.00
  4.81	        0.00	       10.00	   644454.00	        0.00	      182.00	        1.00
  4.82	        0.00	        9.00	   644806.00	        0.00	      182.00	        1.00
  4.83	        0.00	        8.00	   645164.00	        0.00	      182.00	        1.00
  4.84	        0.00	        8.00	   645122.00	        0.00	      182.00	        1.00
  4.85	        0.00	        8.00	   645087.00	        0.00	      182.00	        1.00
  4.86	        0.00	        8.00	   645048.00	        0.00	      182.00	        1.00
  4.87	        0.00	        8.00	   645013.00	        0.00	      182.00	        1.00
  4.88	        0.00	        8.00	   644980.00	        0.00	      182.00	        1.00
  4.89	        0.00	        8.00	   644943.00	        0.00	      182.00	        1.00
  4.90	        0.00	        6.00	   645718.00	        0.00	      182.00	        1.00
  4.91	        0.00	        6.00	   645677.00	        0.00	      182.00	        1.00
  4.92	        0.00	        6.00	   645640.00	        0.00	      182.00	        1.00
  4.93	        0.00	        6.00	   645604.00	        0.00	      182.00	        1.00
  4.94	        0.00	        5.00	   645973.00	        0.00	      182.00	        1.00
  4.95	        0.00	        5.00	   645946.00	        0.00	      182.00	        1.00
  4.96	        0.00	        5.00	   645915.00	        0.00	      182.00	        1.00
  4.97	        0.00	        5.00	   645892.00	        0.00	      182.00	        1.00
  4.98	        0.00	        5.00	   645856.00	        0.00	      182.00	        1.00
  4.99	        0.00	        5.00	   645823.00	        0.00	      182.00	        1.00
  5.00	        0.00	        5.00	   645784.00	        0.00	      182.00	        1.00
  5.01	        0.00	        5.00	   645759.00	        0.00	      182.00	        1.00
  5.02	        0.00	        5.00	   645719.00	        0.00	      182.00	        1.00
  5.03	        0.00	        5.00	   645701.00	        0.00	      182.00	        1.00
  5.04	        0.00	        5.00	   645670.00	        0.00	      182.00	        1.00
  5.05	        0.00	        5.00	   645633.00	        0.00	      182.00	        1.00
  5.06	        0.00	        4.00	   646001.00	        0.00	      182.00	        1.00
  5.07	        0.00	        3.00	   646370.00	        0.00	      182.00	        1.00
  5.08	        0.00	        3.00	   646342.00	        0.00	      182.00	        1.00
  5.09	        0.00	        3.00	   646312.00	        0.00	      182.00	        1.00
  5.10	        0.00	        3.00	   646286.00	        0.00	      182.00	        1.00
  5.11	        0.00	        3.00	   646254.00	        0.00	      182.00	        1.00
  5.12	        0.00	        3.00	   646227.00	        0.00	      182.00	        1.00
  5.13	        0.00	        3.00	   646201.00	        0.00	      182.00	        1.00
  5.14	        0.00	        2.00	   646577.00	        0.00	      182.00	        1.00
  5.15	        0.00	        2.00	   646557.00	        0.00	      182.00	        1.00
  5.16	        0.00	        2.00	   646537.00	        0.00	      182.00	        1.00
  5.17	        0.00	        2.00	   646517.00	        0.00	      182.00	        1.00
  5.18	        0.00	        2.00	   646496.00	        0.00	      182.00	        1.00
  5.19	        0.00	        2.00	   646466.00	        0.00	      182.00	        1.00
  5.20	        0.00	        2.00	   646440.00	        0.00	      182.00	        1.00
  5.21	        0.00	        2.00	   646405.00	        0.00	      182.00	        1.00
  5.22	        0.00	        2.00	   646384.00	        0.00	      182.00	        1.00
  5.23	        0.00	        2.00	   646358.00	        0.00	      182.00	        1.00
  5.24	        0.00	        2.00	   646343.00	        0.00	      182.00	        1.00
  5.25	        0.00	        2.00	   646325.00	        0.00	      182.00	        1.00
  5.26	        0.00	        2.00	   646302.00	        0.00	      182.00	        1.00
  5.27	        0.00	        2.00	   646281.00	        0.00	      182.00	        1.00
  5.28	        0.00	        2.00	   646259.00	        0.00	      182.00	        1.00
  5.29	        0.00	        2.00	   646225.00	        0.00	      182.00	        1.00
  5.30	        0.00	        2.00	   646197.00	        0.00	      182.00	        1.00
  5.31	        0.00	        2.00	   646168.00	        0.00	      182.00	        1.00
  5.32	        0.00	        2.00	   646142.00	        0.00	      182.00	        1.00
  5.33	        0.00	        2.00	   646123.00	        0.00	      182.00	        1.00
  5.34	        0.00	        2.00	   646101.00	        0.00	      182.00	        1.00
  5.35	        0.00	        2.00	   646081.00	        0.00	      182.00	        1.00
  5.36	        0.00	        2.00	   646057.00	        0.00	      182.00	        1.00
  5.37	        0.00	        2.00	   646033.00	        0.00	      182.00	        1.00
  5.38	        0.00	        2.00	   646014.00	        0.00	      182.00	        1.00
  5.39	        0.00	        2.00	   645988.00	        0.00	      182.00	        1.00
  5.40	        0.00	        2.00	   645967.00	        0.00	      182.00	        1.00
  5.41	        0.00	        2.00	   645942.00	        0.00	      182.00	        1.00
  5.42	        0.00	        2.00	   645924.00	        0.00	      182.00	        1.00
  5.43	        0.00	        2.00	   645895.00	        0.00	      182.00	        1.00
  5.44	        0.00	        2.00	   645873.00	        0.00	      182.00	        1.00
  5.45	        0.00	        2.00	   645846.00	        0.00	      182.00	        1.00
  5.46	        0.00	        2.00	   645830.00	        0.00	      182.00	        1.00
  5.47	        0.00	        2.00	   645810.00	        0.00	      182.00	        1.00
  5.48	        0.00	        2.00	   645793.00	        0.00	      182.00	        1.00
  5.49	        0.00	        2.00	   645764.00	        0.00	      182.00	        1.00
  5.50	        0.00	        2.00	   645742.00	        0.00	      182.00	        1.00
  5.51	        0.00	        2.00	   645721.00	        0.00	      182.00	        1.00
  5.52	        0.00	        2.00	   645703.00	        0.00	      182.00	        1.00
  5.53	        0.00	        2.00	   645685.00	        0.00	      182.00	        1.00
  5.54	        0.00	        2.00	   645666.00	        0.00	      182.00	        1.00
  5.55	        0.00	        2.00	   645654.00	        0.00	      182.00	        1.00
  5.56	        0.00	        2.00	   645631.00	        0.00	      182.00	        1.00
  5.57	        0.00	        2.00	   645613.00	        0.00	      182.00	        1.00
  5.58	        0.00	        2.00	   645584.00	        0.00	      182.00	        1.00
  5.59	        0.00	        2.00	   645562.00	        0.00	      182.00	        1.00
  5.60	        0.00	        2.00	   645540.00	        0.00	      182.00	        1.00
  5.61	        0.00	        2.00	   645519.00	        0.00	      182.00	        1.00
  5.62	        0.00	        2.00	   645497.00	        0.00	      182.00	        1.00
  5.63	        0.00	        1.00	   645875.00	        0.00	      182.00	        1.00
  5.64	        0.00	        1.00	   645854.00	        0.00	      182.00	        1.00
  5.65	        0.00	        1.00	   645840.00	        0.00	      182.00	        1.00
  5.66	        0.00	        1.00	   645819.00	        0.00	      182.00	        1.00
  5.67	        0.00	        1.00	   645796.00	        0.00	      182.00	        1.00
  5.68	        0.00	        1.00	   645774.00	        0.00	      182.00	        1.00
  5.69	        0.00	        1.00	   645756.00	        0.00	      182.00	        1.00
  5.70	        0.00	        1.00	   645733.00	        0.00	      182.00	        1.00
  5.71	        0.00	        1.00	   645717.00	        0.00	      182.00	        1.00
  5.72	        0.00	        1.00	   645697.00	        0.00	      182.00	        1.00
  5.73	        0.00	        1.00	   645675.00	        0.00	      182.00	        1.00
  5.74	        0.00	        1.00	   645658.00	        0.00	      182.00	        1.00
  5.75	        0.00	        0.00	   646038.00	        0.00	      182.00	        0.00
