Datatype: PopulationSize
  0.00	       10.00	        0.00	316227766.00	        1.00	        0.00	       10.00
  0.01	        9.00	        1.00	315912588.00	        0.90	        0.00	       10.00
  0.02	        9.00	        2.00	315596925.00	        0.90	        1.00	       10.00
  0.03	        9.00	        2.00	315282030.00	        0.90	        1.00	       10.00
  0.04	        9.00	        2.00	314965820.00	        0.90	        1.00	       10.00
  0.05	        8.00	        3.00	314651325.00	        0.80	        1.00	       10.00
  0.06	        8.00	        3.00	314337678.00	        0.80	        1.00	       10.00
  0.07	        8.00	        3.00	314022304.00	        0.80	        1.00	       10.00
  0.08	        6.00	        5.00	313708144.00	        0.60	        1.00	       10.00
  0.09	        6.00	        5.00	313395117.00	        0.60	        1.00	       10.00
  0.10	        6.00	        5.00	313082476.00	        0.60	        1.00	       10.00
  0.11	        6.00	        5.00	312769377.00	        0.60	        1.00	       10.00
  0.12	        6.00	        5.00	312456492.00	        0.60	        1.00	       10.00
  0.13	        6.00	        5.00	312143849.00	        0.60	        1.00	       10.00
  0.14	        6.00	        5.00	311831334.00	        0.60	        1.00	       10.00
  0.15	        6.00	        5.00	311520354.00	        0.60	        1.00	       10.00
  0.16	        6.00	        5.00	311209033.00	        0.60	        1.00	       10.00
  0.17	        6.00	        5.00	310898742.00	        0.60	        1.00	       10.00
  0.18	        6.00	        5.00	310587232.00	        0.60	        1.00	       10.00
  0.19	        6.00	        5.00	310276439.00	        0.60	        1.00	       10.00
  0.20	        7.00	        5.00	309967042.00	        0.60	        2.00	       10.00
  0.21	        7.00	        5.00	309657690.00	        0.60	        2.00	       10.00
  0.22	        7.00	        5.00	309347852.00	        0.60	        2.00	       10.00
  0.23	        7.00	        5.00	309039267.00	        0.60	        2.00	       10.00
  0.24	        7.00	        6.00	308730906.00	        0.50	        3.00	       10.00
  0.25	        8.00	        6.00	308422540.00	        0.50	        4.00	       10.00
  0.26	        8.00	        6.00	308114624.00	        0.50	        4.00	       10.00
  0.27	        8.00	        6.00	307806485.00	        0.50	        4.00	       10.00
  0.28	        8.00	        6.00	307498662.00	        0.50	        4.00	       10.00
  0.29	        8.00	        6.00	307191723.00	        0.50	        4.00	       10.00
  0.30	        8.00	        6.00	306883578.00	        0.50	        4.00	       10.00
  0.31	        8.00	        6.00	306576564.00	        0.50	        4.00	       10.00
  0.32	        8.00	        6.00	306269802.00	        0.50	        4.00	       10.00
  0.33	        9.00	        6.00	305963871.00	        0.50	        5.00	       10.00
  0.34	        9.00	        5.00	305657989.00	        0.50	        5.00	        9.00
  0.35	        9.00	        5.00	305353536.00	        0.50	        5.00	        9.00
  0.36	        9.00	        5.00	305048780.00	        0.50	        5.00	        9.00
  0.37	        9.00	        5.00	304743764.00	        0.50	        5.00	        9.00
  0.38	        9.00	        5.00	304438795.00	        0.50	        5.00	        9.00
  0.39	        8.00	        6.00	304134604.00	        0.40	        6.00	        8.00
  0.40	        8.00	        6.00	303830853.00	        0.40	        6.00	        8.00
  0.41	        8.00	        6.00	303527603.00	        0.40	        6.00	        8.00
  0.42	        8.00	        6.00	303223704.00	        0.40	        6.00	        8.00
  0.43	        8.00	        6.00	302921144.00	        0.40	        6.00	        8.00
  0.44	        8.00	        6.00	302618124.00	        0.40	        6.00	        8.00
  0.45	        8.00	        6.00	302316326.00	        0.40	        6.00	        8.00
  0.46	        8.00	        6.00	302013928.00	        0.40	        6.00	        8.00
  0.47	       10.00	        6.00	301712452.00	        0.40	        8.00	        8.00
  0.48	        9.00	        7.00	301411058.00	        0.40	        8.00	        8.00
  0.49	        9.00	        7.00	301109929.00	        0.40	        8.00	        8.00
  0.50	        9.00	        7.00	300809996.00	        0.40	        8.00	        8.00
  0.51	        8.00	        8.00	300509224.00	        0.30	        8.00	        8.00
  0.52	        8.00	        8.00	300209041.00	        0.30	        8.00	        8.00
  0.53	        8.00	        8.00	299909181.00	        0.30	        8.00	        8.00
  0.54	        8.00	        8.00	299609663.00	        0.30	        8.00	        8.00
  0.55	        8.00	        8.00	299309499.00	        0.30	        8.00	        8.00
  0.56	        8.00	        8.00	299009998.00	        0.30	        8.00	        8.00
  0.57	        8.00	        8.00	298711691.00	        0.30	        8.00	        8.00
  0.58	        8.00	        8.00	298412535.00	        0.30	        8.00	        8.00
  0.59	        4.00	       11.00	298114281.00	        0.20	        8.00	        8.00
  0.60	        4.00	       11.00	297816404.00	        0.20	        8.00	        8.00
  0.61	        4.00	       11.00	297518456.00	        0.20	        8.00	        8.00
  0.62	        4.00	       11.00	297222287.00	        0.20	        8.00	        8.00
  0.63	        4.00	       12.00	296924797.00	        0.20	        8.00	        8.00
  0.64	        4.00	       12.00	296627864.00	        0.20	        8.00	        8.00
  0.65	        4.00	       12.00	296331262.00	        0.20	        8.00	        8.00
  0.66	        3.00	       13.00	296035393.00	        0.20	        8.00	        8.00
  0.67	        3.00	       13.00	295739605.00	        0.20	        8.00	        8.00
  0.68	        3.00	       13.00	295444073.00	        0.20	        8.00	        8.00
  0.69	        4.00	       13.00	295147724.00	        0.20	        9.00	        8.00
  0.70	        4.00	       11.00	294852481.00	        0.20	        9.00	        6.00
  0.71	        5.00	       11.00	294557655.00	        0.20	       10.00	        6.00
  0.72	        4.00	       12.00	294262716.00	        0.20	       10.00	        6.00
  0.73	        4.00	       12.00	293968267.00	        0.20	       10.00	        6.00
  0.74	        4.00	       11.00	293674003.00	        0.20	       10.00	        6.00
  0.75	        4.00	       11.00	293380218.00	        0.20	       10.00	        6.00
  0.76	        4.00	       11.00	293087961.00	        0.20	       10.00	        6.00
  0.77	        4.00	       10.00	292794750.00	        0.20	       10.00	        5.00
  0.78	        4.00	       10.00	292502165.00	        0.20	       10.00	        5.00
  0.79	        4.00	       10.00	292210951.00	        0.20	       10.00	        5.00
  0.80	        4.00	       10.00	291918412.00	        0.20	       10.00	        5.00
  0.81	        4.00	       10.00	291626255.00	        0.20	       10.00	        5.00
  0.82	        4.00	       10.00	291334526.00	        0.20	       10.00	        5.00
  0.83	        4.00	       10.00	291043100.00	        0.20	       10.00	        5.00
  0.84	        4.00	       10.00	290751881.00	        0.20	       10.00	        5.00
  0.85	        4.00	       10.00	290461537.00	        0.20	       10.00	        5.00
  0.86	        4.00	       10.00	290171554.00	        0.20	       10.00	        5.00
  0.87	        4.00	       10.00	289881728.00	        0.20	       10.00	        5.00
  0.88	        4.00	       10.00	289591655.00	        0.20	       10.00	        5.00
  0.89	        4.00	       10.00	289302147.00	        0.20	       10.00	        5.00
  0.90	        4.00	       11.00	289013065.00	        0.20	       10.00	        5.00
  0.91	        4.00	       11.00	288724958.00	        0.20	       10.00	        5.00
  0.92	        4.00	       11.00	288437107.00	        0.20	       10.00	        5.00
  0.93	        4.00	       11.00	288148364.00	        0.20	       10.00	        5.00
  0.94	        4.00	       11.00	287860058.00	        0.20	       10.00	        5.00
  0.95	        4.00	       11.00	287572592.00	        0.20	       10.00	        5.00
  0.96	        4.00	       11.00	287285109.00	        0.20	       10.00	        5.00
  0.97	        4.00	       11.00	286998138.00	        0.20	       10.00	        5.00
  0.98	        5.00	       11.00	286710864.00	        0.20	       11.00	        5.00
  0.99	        5.00	       11.00	286424239.00	        0.20	       11.00	        5.00
  1.00	        5.00	       11.00	286138057.00	        0.20	       11.00	        5.00
  1.01	        6.00	       11.00	285852077.00	        0.20	       12.00	        5.00
  1.02	        6.00	       11.00	285567197.00	        0.20	       12.00	        5.00
  1.03	        6.00	       11.00	285282380.00	        0.20	       12.00	        5.00
  1.04	        6.00	       10.00	284997398.00	        0.20	       12.00	        5.00
  1.05	        6.00	       10.00	284711850.00	        0.20	       12.00	        5.00
  1.06	        6.00	       10.00	284426321.00	        0.20	       12.00	        5.00
  1.07	        6.00	       10.00	284141926.00	        0.20	       12.00	        5.00
  1.08	        6.00	       10.00	283858276.00	        0.20	       12.00	        5.00
  1.09	        6.00	       10.00	283574597.00	        0.20	       12.00	        5.00
  1.10	        6.00	       10.00	283291362.00	        0.20	       12.00	        5.00
  1.11	        6.00	       10.00	283007819.00	        0.20	       12.00	        5.00
  1.12	        6.00	       10.00	282724587.00	        0.20	       12.00	        5.00
  1.13	        6.00	       10.00	282442418.00	        0.20	       12.00	        5.00
  1.14	        6.00	       10.00	282159317.00	        0.20	       12.00	        5.00
  1.15	        6.00	        9.00	281877709.00	        0.20	       12.00	        4.00
  1.16	        6.00	        9.00	281596329.00	        0.20	       12.00	        4.00
  1.17	        7.00	        9.00	281314950.00	        0.20	       13.00	        4.00
  1.18	        6.00	        8.00	281034008.00	        0.10	       13.00	        4.00
  1.19	        6.00	        8.00	280752301.00	        0.10	       13.00	        4.00
  1.20	        6.00	        8.00	280471944.00	        0.10	       13.00	        4.00
  1.21	        6.00	        8.00	280192263.00	        0.10	       13.00	        4.00
  1.22	        6.00	        7.00	279911529.00	        0.10	       13.00	        3.00
  1.23	        6.00	        7.00	279631881.00	        0.10	       13.00	        3.00
  1.24	        6.00	        7.00	279352486.00	        0.10	       13.00	        3.00
  1.25	        6.00	        7.00	279072836.00	        0.10	       13.00	        3.00
  1.26	        6.00	        7.00	278794212.00	        0.10	       13.00	        3.00
  1.27	        6.00	        7.00	278515076.00	        0.10	       13.00	        3.00
  1.28	        6.00	        7.00	278236508.00	        0.10	       13.00	        3.00
  1.29	        6.00	        6.00	277958166.00	        0.10	       13.00	        3.00
  1.30	        7.00	        6.00	277681038.00	        0.10	       14.00	        3.00
  1.31	        7.00	        6.00	277402635.00	        0.10	       14.00	        3.00
  1.32	        7.00	        6.00	277125579.00	        0.10	       14.00	        3.00
  1.33	        7.00	        6.00	276849509.00	        0.10	       14.00	        3.00
  1.34	        7.00	        6.00	276572983.00	        0.10	       14.00	        3.00
  1.35	        7.00	        6.00	276295833.00	        0.10	       14.00	        3.00
  1.36	        7.00	        6.00	276019404.00	        0.10	       14.00	        3.00
  1.37	        7.00	        6.00	275744111.00	        0.10	       14.00	        3.00
  1.38	        6.00	        7.00	275468258.00	        0.10	       14.00	        3.00
  1.39	        6.00	        7.00	275193935.00	        0.10	       14.00	        3.00
  1.40	        6.00	        7.00	274919636.00	        0.10	       14.00	        3.00
  1.41	        6.00	        7.00	274644979.00	        0.10	       14.00	        3.00
  1.42	        6.00	        7.00	274370184.00	        0.10	       14.00	        3.00
  1.43	        6.00	        7.00	274096252.00	        0.10	       14.00	        3.00
  1.44	        6.00	        6.00	273823185.00	        0.10	       14.00	        3.00
  1.45	        6.00	        6.00	273548473.00	        0.10	       14.00	        3.00
  1.46	        6.00	        6.00	273275339.00	        0.10	       14.00	        3.00
  1.47	        6.00	        6.00	273002880.00	        0.10	       14.00	        3.00
  1.48	        0.00	       11.00	272730313.00	        0.00	       14.00	        3.00
  1.49	        0.00	       11.00	272458408.00	        0.00	       14.00	        3.00
  1.50	        0.00	       11.00	272187462.00	        0.00	       14.00	        3.00
  1.51	        0.00	       11.00	271915391.00	        0.00	       14.00	        3.00
  1.52	        0.00	       10.00	271643840.00	        0.00	       14.00	        3.00
  1.53	        0.00	       10.00	271372238.00	        0.00	       14.00	        3.00
  1.54	        0.00	       10.00	271100904.00	        0.00	       14.00	        3.00
  1.55	        0.00	       10.00	270830317.00	        0.00	       14.00	        3.00
  1.56	        0.00	       10.00	270560156.00	        0.00	       14.00	        3.00
  1.57	        0.00	       10.00	270289420.00	        0.00	       14.00	        3.00
  1.58	        0.00	       10.00	270019188.00	        0.00	       14.00	        3.00
  1.59	        0.00	       10.00	269748892.00	        0.00	       14.00	        3.00
  1.60	        0.00	       10.00	269479684.00	        0.00	       14.00	        3.00
  1.61	        0.00	       10.00	269211012.00	        0.00	       14.00	        3.00
  1.62	        0.00	       10.00	268941161.00	        0.00	       14.00	        3.00
  1.63	        0.00	       10.00	268671720.00	        0.00	       14.00	        3.00
  1.64	        0.00	       10.00	268402857.00	        0.00	       14.00	        3.00
  1.65	        0.00	       10.00	268134407.00	        0.00	       14.00	        3.00
  1.66	        0.00	       10.00	267866805.00	        0.00	       14.00	        3.00
  1.67	        0.00	       10.00	267600527.00	        0.00	       14.00	        3.00
  1.68	        0.00	       10.00	267333803.00	        0.00	       14.00	        3.00
  1.69	        0.00	       10.00	267067019.00	        0.00	       14.00	        3.00
  1.70	        0.00	       10.00	266799961.00	        0.00	       14.00	        3.00
  1.71	        0.00	       10.00	266532612.00	        0.00	       14.00	        3.00
  1.72	        0.00	       10.00	266266042.00	        0.00	       14.00	        3.00
  1.73	        0.00	        9.00	266000307.00	        0.00	       14.00	        2.00
  1.74	        0.00	        8.00	265735026.00	        0.00	       14.00	        2.00
  1.75	        0.00	        8.00	265469752.00	        0.00	       14.00	        2.00
  1.76	        0.00	        8.00	265203246.00	        0.00	       14.00	        2.00
  1.77	        0.00	        8.00	264937890.00	        0.00	       14.00	        2.00
  1.78	        0.00	        7.00	264673133.00	        0.00	       14.00	        1.00
  1.79	        0.00	        7.00	264408745.00	        0.00	       14.00	        1.00
  1.80	        0.00	        7.00	264144295.00	        0.00	       14.00	        1.00
  1.81	        0.00	        7.00	263880475.00	        0.00	       14.00	        1.00
  1.82	        0.00	        7.00	263616750.00	        0.00	       14.00	        1.00
  1.83	        0.00	        7.00	263353407.00	        0.00	       14.00	        1.00
  1.84	        0.00	        7.00	263089281.00	        0.00	       14.00	        1.00
  1.85	        0.00	        7.00	262825904.00	        0.00	       14.00	        1.00
  1.86	        0.00	        7.00	262563573.00	        0.00	       14.00	        1.00
  1.87	        0.00	        7.00	262301209.00	        0.00	       14.00	        1.00
  1.88	        0.00	        7.00	262038221.00	        0.00	       14.00	        1.00
  1.89	        0.00	        7.00	261775769.00	        0.00	       14.00	        1.00
  1.90	        0.00	        7.00	261513810.00	        0.00	       14.00	        1.00
  1.91	        0.00	        7.00	261252096.00	        0.00	       14.00	        1.00
  1.92	        0.00	        7.00	260991842.00	        0.00	       14.00	        1.00
  1.93	        0.00	        6.00	260730780.00	        0.00	       14.00	        1.00
  1.94	        0.00	        6.00	260470067.00	        0.00	       14.00	        1.00
  1.95	        0.00	        6.00	260210611.00	        0.00	       14.00	        1.00
  1.96	        0.00	        6.00	259949959.00	        0.00	       14.00	        1.00
  1.97	        0.00	        6.00	259690076.00	        0.00	       14.00	        1.00
  1.98	        0.00	        6.00	259430584.00	        0.00	       14.00	        1.00
  1.99	        0.00	        6.00	259172208.00	        0.00	       14.00	        1.00
  2.00	        0.00	        6.00	258913669.00	        0.00	       14.00	        1.00
  2.01	        0.00	        5.00	258654608.00	        0.00	       14.00	        1.00
  2.02	        0.00	        5.00	258395244.00	        0.00	       14.00	        1.00
  2.03	        0.00	        5.00	258137378.00	        0.00	       14.00	        1.00
  2.04	        0.00	        5.00	257880386.00	        0.00	       14.00	        1.00
  2.05	        0.00	        5.00	257622067.00	        0.00	       14.00	        1.00
  2.06	        0.00	        5.00	257363321.00	        0.00	       14.00	        1.00
  2.07	        0.00	        5.00	257106258.00	        0.00	       14.00	        1.00
  2.08	        0.00	        5.00	256849462.00	        0.00	       14.00	        1.00
  2.09	        0.00	        5.00	256593025.00	        0.00	       14.00	        1.00
  2.10	        0.00	        5.00	256335989.00	        0.00	       14.00	        1.00
  2.11	        0.00	        5.00	256079907.00	        0.00	       14.00	        1.00
  2.12	        0.00	        5.00	255823150.00	        0.00	       14.00	        1.00
  2.13	        0.00	        5.00	255566444.00	        0.00	       14.00	        1.00
  2.14	        0.00	        5.00	255311304.00	        0.00	       14.00	        1.00
  2.15	        0.00	        5.00	255056369.00	        0.00	       14.00	        1.00
  2.16	        0.00	        5.00	254801173.00	        0.00	       14.00	        1.00
  2.17	        0.00	        5.00	254546753.00	        0.00	       14.00	        1.00
  2.18	        0.00	        5.00	254292730.00	        0.00	       14.00	        1.00
  2.19	        0.00	        5.00	254038748.00	        0.00	       14.00	        1.00
  2.20	        0.00	        5.00	253784975.00	        0.00	       14.00	        1.00
  2.21	        0.00	        3.00	253531426.00	        0.00	       14.00	        1.00
  2.22	        0.00	        3.00	253277614.00	        0.00	       14.00	        1.00
  2.23	        0.00	        3.00	253024790.00	        0.00	       14.00	        1.00
  2.24	        0.00	        2.00	252772203.00	        0.00	       14.00	        1.00
  2.25	        0.00	        2.00	252519670.00	        0.00	       14.00	        1.00
  2.26	        0.00	        2.00	252266959.00	        0.00	       14.00	        1.00
  2.27	        0.00	        2.00	252014321.00	        0.00	       14.00	        1.00
  2.28	        0.00	        2.00	251762333.00	        0.00	       14.00	        1.00
  2.29	        0.00	        2.00	251510691.00	        0.00	       14.00	        1.00
  2.30	        0.00	        2.00	251260059.00	        0.00	       14.00	        1.00
  2.31	        0.00	        2.00	251008178.00	        0.00	       14.00	        1.00
  2.32	        0.00	        1.00	250757088.00	        0.00	       14.00	        1.00
  2.33	        0.00	        1.00	250506471.00	        0.00	       14.00	        1.00
  2.34	        0.00	        1.00	250256503.00	        0.00	       14.00	        1.00
  2.35	        0.00	        1.00	250006784.00	        0.00	       14.00	        1.00
  2.36	        0.00	        1.00	249756880.00	        0.00	       14.00	        1.00
  2.37	        0.00	        1.00	249506754.00	        0.00	       14.00	        1.00
  2.38	        0.00	        1.00	249257517.00	        0.00	       14.00	        1.00
  2.39	        0.00	        1.00	249008225.00	        0.00	       14.00	        1.00
  2.40	        0.00	        1.00	248760748.00	        0.00	       14.00	        1.00
  2.41	        0.00	        1.00	248512356.00	        0.00	       14.00	        1.00
  2.42	        0.00	        0.00	248264076.00	        0.00	       14.00	        0.00
