Datatype: PopulationSize
  0.00	316227766.00	        0.00	100000000.00	        1.00	        0.00	316227766.00
  0.01	318396782.00	  3099033.00	 96788451.00	        1.00	  5268049.00	316227766.00
  0.02	320714523.00	  6083731.00	 93666354.00	        1.00	 10570488.00	316227766.00
  0.03	323174424.00	  8962805.00	 90628876.00	        1.00	 15909463.00	316227766.00
  0.04	325772528.00	 11739624.00	 87674800.00	        1.00	 21284386.00	316227766.00
  0.05	328504993.00	 14418203.00	 84802930.00	        1.00	 26695430.00	316227766.00
  0.06	331365287.00	 17006322.00	 82008563.00	        1.00	 32143843.00	316227766.00
  0.07	334361587.00	 19504192.00	 79293486.00	        1.00	 37638013.00	316227766.00
  0.08	337491079.00	 21915124.00	 76656260.00	        1.00	 43178437.00	316227766.00
  0.09	340744822.00	 24240966.00	 74095725.00	        1.00	 48758022.00	316227766.00
  0.10	344130210.00	 26489348.00	 71607398.00	        1.00	 54391792.00	316227766.00
  0.11	347637972.00	 28662744.00	 69189904.00	        1.00	 60072950.00	316227766.00
  0.12	351269081.00	 30764379.00	 66840208.00	        1.00	 65805694.00	316227766.00
  0.13	355025923.00	 32794535.00	 64561615.00	        1.00	 71592696.00	316227766.00
  0.14	358906849.00	 34755285.00	 62352445.00	        1.00	 77434375.00	316227766.00
  0.15	362914481.00	 36652003.00	 60208673.00	        1.00	 83338748.00	316227766.00
  0.16	367036082.00	 38487689.00	 58129906.00	        1.00	 89296087.00	316227766.00
  0.17	371279133.00	 40264140.00	 56118096.00	        1.00	 95315707.00	316227766.00
  0.18	375632013.00	 41990195.00	 54172432.00	        1.00	101394910.00	316227766.00
  0.19	380094876.00	 43671795.00	 52301152.00	        1.00	107539936.00	316227766.00
  0.20	384656765.00	 45318641.00	 50509680.00	        1.00	113749674.00	316227766.00
  0.21	389313306.00	 46939484.00	 48798055.00	        1.00	120028613.00	316227766.00
  0.22	394031871.00	 48558031.00	 47194281.00	        1.00	126368369.00	316227766.00
  0.23	398806546.00	 50189198.00	 45707231.00	        1.00	132778195.00	316227766.00
  0.24	403603962.00	 51865562.00	 44368940.00	        1.00	139258013.00	316227766.00
  0.25	408399300.00	 53612372.00	 43196534.00	        1.00	145808721.00	316227766.00
  0.26	413147914.00	 55469695.00	 42231411.00	        1.00	152426624.00	316227766.00
  0.27	417784909.00	 57503023.00	 41530965.00	        1.00	159113649.00	316227766.00
  0.28	422258093.00	 59756585.00	 41132583.00	        1.00	165862773.00	316227766.00
  0.29	426483804.00	 62313151.00	 41112955.00	        1.00	172674860.00	316227766.00
  0.30	430408875.00	 65216832.00	 41504302.00	        1.00	179541750.00	316227766.00
  0.31	433927515.00	 68569814.00	 42403127.00	        1.00	186462078.00	316227766.00
  0.32	436982726.00	 72421990.00	 43844988.00	        1.00	193429800.00	316227766.00
  0.33	439442512.00	 76890500.00	 45933589.00	        1.00	200432636.00	316227766.00
  0.34	441237301.00	 82034364.00	 48716781.00	        1.00	207461424.00	316227766.00
  0.35	442230877.00	 87979101.00	 52325043.00	        1.00	214508590.00	316227766.00
  0.36	442371293.00	 94759003.00	 56757950.00	        1.00	221557193.00	316227766.00
  0.37	441519720.00	102497963.00	 62164523.00	        1.00	228595802.00	316227766.00
  0.38	439620518.00	111231926.00	 68570126.00	        1.00	235606089.00	316227766.00
  0.39	436606624.00	121014469.00	 76029528.00	        1.00	242576493.00	316227766.00
  0.40	432338361.00	131958494.00	 84700920.00	        1.00	249484222.00	316227766.00
  0.41	426879603.00	143984865.00	 94505777.00	        1.00	256313324.00	316227766.00
  0.42	420151107.00	157147251.00	105549568.00	        1.00	263041336.00	316227766.00
  0.43	412148770.00	171428504.00	117863887.00	        1.00	269648620.00	316227766.00
  0.44	402920797.00	186766452.00	131434349.00	        1.00	276121935.00	316227766.00
  0.45	392464436.00	203134676.00	146323646.00	        1.00	282434463.00	316227766.00
  0.46	380836893.00	220460141.00	162557460.00	        1.00	288571797.00	316227766.00
  0.47	368134571.00	238630453.00	180078995.00	        1.00	294518270.00	316227766.00
  0.48	354479841.00	257504356.00	198823519.00	        1.00	300254650.00	316227766.00
  0.49	339928325.00	277009784.00	218895272.00	        1.00	305767476.00	316227766.00
  0.50	324600343.00	297013812.00	240275204.00	        1.00	311044739.00	316227766.00
  0.51	308687223.00	317316008.00	262812729.00	        1.00	316075704.00	316227766.00
  0.52	292224671.00	337868503.00	286690739.00	        1.00	320852837.00	316227766.00
  0.53	275463810.00	358417224.00	311622838.00	        1.00	325368472.00	316227766.00
  0.54	258479588.00	378882311.00	337760239.00	        1.00	329621530.00	316227766.00
  0.55	241484171.00	399044442.00	364863918.00	        1.00	333601225.00	316227766.00
  0.56	224562473.00	418821642.00	393040916.00	        1.00	337313464.00	316227766.00
  0.57	207829912.00	438101282.00	422327483.00	        1.00	340762392.00	316227766.00
  0.58	191379276.00	456789675.00	452728070.00	        1.00	343948290.00	316227766.00
  0.59	175376673.00	474733017.00	484091469.00	        1.00	346881363.00	316227766.00
  0.60	159896776.00	491859732.00	516461344.00	        1.00	349566174.00	316227766.00
  0.61	144976353.00	508137255.00	550090340.00	        1.00	352012748.00	316227766.00
  0.62	130714010.00	523474622.00	584853548.00	        1.00	354227618.00	316227766.00
  0.63	117138703.00	537852145.00	620947835.00	        1.00	356224816.00	316227766.00
  0.64	104323232.00	551205023.00	658361261.00	        1.00	358012723.00	316227766.00
  0.65	 92290467.00	563517953.00	697315903.00	        1.00	359604467.00	316227766.00
  0.66	 81063306.00	574772665.00	737914879.00	        1.00	361008296.00	316227766.00
  0.67	 70664014.00	584962279.00	780345350.00	        1.00	362244403.00	316227766.00
  0.68	 61078211.00	594100098.00	824923342.00	        1.00	363319395.00	316227766.00
  0.69	 52317704.00	602182333.00	871948120.00	        1.00	364248697.00	316227766.00
  0.70	 44387546.00	609213149.00	921444488.00	        1.00	365044150.00	316227766.00
  0.71	 37264453.00	615218913.00	973865198.00	        1.00	365719796.00	316227766.00
  0.72	 30919839.00	620227740.00	1029654465.00	        1.00	366286371.00	316227766.00
  0.73	 25327958.00	624266459.00	1089182574.00	        1.00	366754803.00	316227766.00
  0.74	 20467805.00	627364257.00	1152616668.00	        1.00	367139435.00	316227766.00
  0.75	 16295429.00	629563153.00	1220446330.00	        1.00	367451122.00	316227766.00
  0.76	 12760135.00	630908677.00	1293222158.00	        1.00	367699061.00	316227766.00
  0.77	  9820013.00	631441717.00	1371279859.00	        1.00	367892599.00	316227766.00
  0.78	  7412570.00	631219302.00	1455186801.00	        1.00	368041578.00	316227766.00
  0.79	  5478019.00	630296056.00	1545364582.00	        1.00	368154144.00	316227766.00
  0.80	  3955391.00	628724190.00	1642395226.00	        1.00	368237461.00	316227766.00
  0.81	  2789008.00	626558565.00	1746367943.00	        1.00	368297232.00	316227766.00
  0.82	  1917633.00	623854186.00	1857627359.00	        1.00	368339789.00	316227766.00
  0.83	  1279133.00	620652022.00	1977167677.00	        1.00	368368839.00	316227766.00
  0.84	   828225.00	616996014.00	2104945614.00	        1.00	368388297.00	316227766.00
  0.85	   519225.00	612920179.00	2241378256.00	        1.00	368400681.00	316227766.00
  0.86	   315077.00	608451448.00	2386808038.00	        1.00	368408805.00	316227766.00
  0.87	   184456.00	603615085.00	2541280528.00	        1.00	368413557.00	316227766.00
  0.88	   103693.00	598417971.00	2705391022.00	        1.00	368416473.00	316227766.00
  0.89	    56039.00	592881043.00	2878620929.00	        1.00	368418006.00	316227766.00
  0.90	    29015.00	586994436.00	3061857136.00	        1.00	368418865.00	316227766.00
  0.91	    14228.00	580766456.00	3254762895.00	        1.00	368419279.00	316227766.00
  0.92	     6731.00	574199846.00	3457152930.00	        1.00	368419529.00	316227766.00
  0.93	     3122.00	567290776.00	3669152921.00	        1.00	368419636.00	316227766.00
  0.94	     1277.00	560040587.00	3890493711.00	        1.00	368419670.00	316227766.00
  0.95	      513.00	552451057.00	4120851751.00	        1.00	368419689.00	316227766.00
  0.96	      199.00	544523358.00	4360004836.00	        1.00	368419695.00	316227766.00
  0.97	       74.00	536270081.00	4607139253.00	        1.00	368419699.00	316227766.00
  0.98	       27.00	527688601.00	4862179860.00	        1.00	368419700.00	316227766.00
  0.99	        9.00	518789255.00	5124485780.00	        1.00	368419700.00	316227766.00
  1.00	        4.00	509578503.00	5393602400.00	        1.00	368419700.00	316227766.00
  1.01	        1.00	500073441.00	5668546777.00	        1.00	368419700.00	316227766.00
  1.02	        0.00	490285378.00	5948772280.00	        0.00	368419700.00	316227766.00
  1.03	        0.00	480228559.00	6233560557.00	        0.00	368419700.00	316227766.00
  1.04	        0.00	469920435.00	6522000947.00	        0.00	368419700.00	316227766.00
  1.05	        0.00	459369875.00	6813812112.00	        0.00	368419700.00	316227766.00
  1.06	        0.00	448608559.00	7107428732.00	        0.00	368419700.00	316227766.00
  1.07	        0.00	437649822.00	7402389215.00	        0.00	368419700.00	316227766.00
  1.08	        0.00	426522448.00	7697441646.00	        0.00	368419700.00	316227766.00
  1.09	        0.00	415249277.00	7991698780.00	        0.00	368419700.00	316227766.00
  1.10	        0.00	403841702.00	8284850587.00	        0.00	368419700.00	316227766.00
  1.11	        0.00	392332269.00	8575532971.00	        0.00	368419700.00	316227766.00
  1.12	        0.00	380748083.00	8862778856.00	        0.00	368419700.00	316227766.00
  1.13	        0.00	369104358.00	9146119150.00	        0.00	368419700.00	316227766.00
  1.14	        0.00	357431557.00	9424546027.00	        0.00	368419700.00	316227766.00
  1.15	        0.00	345759972.00	9696912823.00	        0.00	368419700.00	316227766.00
  1.16	        0.00	334106583.00	9962859820.00	        0.00	368419700.00	316227766.00
  1.17	        0.00	322493147.00	10221806527.00	        0.00	368419700.00	316227766.00
  1.18	        0.00	310938599.00	10473179252.00	        0.00	368419700.00	310938599.00
  1.19	        0.00	299477942.00	10719332459.00	        0.00	368419700.00	299477942.00
  1.20	        0.00	288123199.00	10964405402.00	        0.00	368419700.00	288123199.00
  1.21	        0.00	276902817.00	11207379437.00	        0.00	368419700.00	276902817.00
  1.22	        0.00	265833716.00	11447946464.00	        0.00	368419700.00	265833716.00
  1.23	        0.00	254927004.00	11685915681.00	        0.00	368419700.00	254927004.00
  1.24	        0.00	244200234.00	11920854116.00	        0.00	368419700.00	244200234.00
  1.25	        0.00	233679453.00	12151817532.00	        0.00	368419700.00	233679453.00
  1.26	        0.00	223374611.00	12378684216.00	        0.00	368419700.00	223374611.00
  1.27	        0.00	213295677.00	12601200792.00	        0.00	368419700.00	213295677.00
  1.28	        0.00	203465911.00	12818549812.00	        0.00	368419700.00	203465911.00
  1.29	        0.00	193880029.00	13031201673.00	        0.00	368419700.00	193880029.00
  1.30	        0.00	184553457.00	13238597633.00	        0.00	368419700.00	184553457.00
  1.31	        0.00	175496155.00	13440388988.00	        0.00	368419700.00	175496155.00
  1.32	        0.00	166712363.00	13636490876.00	        0.00	368419700.00	166712363.00
  1.33	        0.00	158201979.00	13827027435.00	        0.00	368419700.00	158201979.00
  1.34	        0.00	149974676.00	14011571213.00	        0.00	368419700.00	149974676.00
  1.35	        0.00	142032102.00	14190052347.00	        0.00	368419700.00	142032102.00
  1.36	        0.00	134379551.00	14362196238.00	        0.00	368419700.00	134379551.00
  1.37	        0.00	127014622.00	14528124232.00	        0.00	368419700.00	127014622.00
  1.38	        0.00	119932956.00	14687939559.00	        0.00	368419700.00	119932956.00
  1.39	        0.00	113139820.00	14841323145.00	        0.00	368419700.00	113139820.00
  1.40	        0.00	106633936.00	14988207448.00	        0.00	368419700.00	106633936.00
  1.41	        0.00	100405183.00	15128986734.00	        0.00	368419700.00	100405183.00
  1.42	        0.00	 94452900.00	15263508620.00	        0.00	368419700.00	 94452900.00
  1.43	        0.00	 88772049.00	15391856975.00	        0.00	368419700.00	 88772049.00
  1.44	        0.00	 83357467.00	15514106016.00	        0.00	368419700.00	 83357467.00
  1.45	        0.00	 78202099.00	15630396064.00	        0.00	368419700.00	 78202099.00
  1.46	        0.00	 73299015.00	15740871726.00	        0.00	368419700.00	 73299015.00
  1.47	        0.00	 68640059.00	15845699351.00	        0.00	368419700.00	 68640059.00
  1.48	        0.00	 64221695.00	15944838723.00	        0.00	368419700.00	 64221695.00
  1.49	        0.00	 60036993.00	16038401196.00	        0.00	368419700.00	 60036993.00
  1.50	        0.00	 56079972.00	16126443330.00	        0.00	368419700.00	 56079972.00
  1.51	        0.00	 52337842.00	16209373825.00	        0.00	368419700.00	 52337842.00
  1.52	        0.00	 48803170.00	16287319666.00	        0.00	368419700.00	 48803170.00
  1.53	        0.00	 45473409.00	16360163095.00	        0.00	368419700.00	 45473409.00
  1.54	        0.00	 42335132.00	16428313906.00	        0.00	368419700.00	 42335132.00
  1.55	        0.00	 39384584.00	16491724506.00	        0.00	368419700.00	 39384584.00
  1.56	        0.00	 36608254.00	16550848116.00	        0.00	368419700.00	 36608254.00
  1.57	        0.00	 34000415.00	16605753326.00	        0.00	368419700.00	 34000415.00
  1.58	        0.00	 31554511.00	16656536229.00	        0.00	368419700.00	 31554511.00
  1.59	        0.00	 29264322.00	16703257554.00	        0.00	368419700.00	 29264322.00
  1.60	        0.00	 27119620.00	16746235409.00	        0.00	368419700.00	 27119620.00
  1.61	        0.00	 25113646.00	16785613412.00	        0.00	368419700.00	 25113646.00
  1.62	        0.00	 23235109.00	16821769093.00	        0.00	368419700.00	 23235109.00
  1.63	        0.00	 21483832.00	16854513189.00	        0.00	368419700.00	 21483832.00
  1.64	        0.00	 19852890.00	16884017596.00	        0.00	368419700.00	 19852890.00
  1.65	        0.00	 18333669.00	16910517238.00	        0.00	368419700.00	 18333669.00
  1.66	        0.00	 16916744.00	16934328089.00	        0.00	368419700.00	 16916744.00
  1.67	        0.00	 15595880.00	16955612318.00	        0.00	368419700.00	 15595880.00
  1.68	        0.00	 14371613.00	16974177231.00	        0.00	368419700.00	 14371613.00
  1.69	        0.00	 13232755.00	16990442454.00	        0.00	368419700.00	 13232755.00
  1.70	        0.00	 12177003.00	17004413562.00	        0.00	368419700.00	 12177003.00
  1.71	        0.00	 11197890.00	17016261780.00	        0.00	368419700.00	 11197890.00
  1.72	        0.00	 10290954.00	17026096283.00	        0.00	368419700.00	 10290954.00
  1.73	        0.00	  9453838.00	17033920767.00	        0.00	368419700.00	  9453838.00
  1.74	        0.00	  8677025.00	17040092137.00	        0.00	368419700.00	  8677025.00
  1.75	        0.00	  7960264.00	17044541423.00	        0.00	368419700.00	  7960264.00
  1.76	        0.00	  7298233.00	17047429735.00	        0.00	368419700.00	  7298233.00
  1.77	        0.00	  6688208.00	17048816033.00	        0.00	368419700.00	  6688208.00
  1.78	        0.00	  6127164.00	17048755718.00	        0.00	368419700.00	  6127164.00
  1.79	        0.00	  5607785.00	17047552768.00	        0.00	368419700.00	  5607785.00
  1.80	        0.00	  5129467.00	17045155086.00	        0.00	368419700.00	  5129467.00
  1.81	        0.00	  4689481.00	17041629927.00	        0.00	368419700.00	  4689481.00
  1.82	        0.00	  4284199.00	17037099377.00	        0.00	368419700.00	  4284199.00
  1.83	        0.00	  3912131.00	17031593533.00	        0.00	368419700.00	  3912131.00
  1.84	        0.00	  3570252.00	17025198624.00	        0.00	368419700.00	  3570252.00
  1.85	        0.00	  3256244.00	17017982174.00	        0.00	368419700.00	  3256244.00
  1.86	        0.00	  2968309.00	17010000549.00	        0.00	368419700.00	  2968309.00
  1.87	        0.00	  2704874.00	17001274365.00	        0.00	368419700.00	  2704874.00
  1.88	        0.00	  2463824.00	16991875551.00	        0.00	368419700.00	  2463824.00
  1.89	        0.00	  2242581.00	16981891533.00	        0.00	368419700.00	  2242581.00
  1.90	        0.00	  2040390.00	16971335438.00	        0.00	368419700.00	  2040390.00
  1.91	        0.00	  1856152.00	16960221502.00	        0.00	368419700.00	  1856152.00
  1.92	        0.00	  1686755.00	16948677914.00	        0.00	368419700.00	  1686755.00
  1.93	        0.00	  1532259.00	16936680755.00	        0.00	368419700.00	  1532259.00
  1.94	        0.00	  1391227.00	16924283279.00	        0.00	368419700.00	  1391227.00
  1.95	        0.00	  1262652.00	16911517846.00	        0.00	368419700.00	  1262652.00
  1.96	        0.00	  1144906.00	16898430151.00	        0.00	368419700.00	  1144906.00
  1.97	        0.00	  1038182.00	16884992970.00	        0.00	368419700.00	  1038182.00
  1.98	        0.00	   940097.00	16871314578.00	        0.00	368419700.00	   940097.00
  1.99	        0.00	   851999.00	16857314471.00	        0.00	368419700.00	   851999.00
  2.00	        0.00	   771900.00	16843076140.00	        0.00	368419700.00	   771900.00
  2.01	        0.00	   698960.00	16828618096.00	        0.00	368419700.00	   698960.00
  2.02	        0.00	   632257.00	16813985638.00	        0.00	368419700.00	   632257.00
  2.03	        0.00	   572325.00	16799144976.00	        0.00	368419700.00	   572325.00
  2.04	        0.00	   517262.00	16784178281.00	        0.00	368419700.00	   517262.00
  2.05	        0.00	   467817.00	16769026232.00	        0.00	368419700.00	   467817.00
  2.06	        0.00	   422608.00	16753749332.00	        0.00	368419700.00	   422608.00
  2.07	        0.00	   381734.00	16738355900.00	        0.00	368419700.00	   381734.00
  2.08	        0.00	   344534.00	16722860723.00	        0.00	368419700.00	   344534.00
  2.09	        0.00	   310425.00	16707289668.00	        0.00	368419700.00	   310425.00
  2.10	        0.00	   279754.00	16691622078.00	        0.00	368419700.00	   279754.00
  2.11	        0.00	   252218.00	16675858520.00	        0.00	368419700.00	   252218.00
  2.12	        0.00	   227395.00	16660024250.00	        0.00	368419700.00	   227395.00
  2.13	        0.00	   204673.00	16644140335.00	        0.00	368419700.00	   204673.00
  2.14	        0.00	   184158.00	16628189597.00	        0.00	368419700.00	   184158.00
  2.15	        0.00	   165718.00	16612188667.00	        0.00	368419700.00	   165718.00
  2.16	        0.00	   149151.00	16596141798.00	        0.00	368419700.00	   149151.00
  2.17	        0.00	   133951.00	16580069316.00	        0.00	368419700.00	   133951.00
  2.18	        0.00	   120294.00	16563955577.00	        0.00	368419700.00	   120294.00
  2.19	        0.00	   108002.00	16547802795.00	        0.00	368419700.00	   108002.00
  2.20	        0.00	    97085.00	16531625194.00	        0.00	368419700.00	    97085.00
  2.21	        0.00	    87235.00	16515433960.00	        0.00	368419700.00	    87235.00
  2.22	        0.00	    78254.00	16499230478.00	        0.00	368419700.00	    78254.00
  2.23	        0.00	    70323.00	16483008729.00	        0.00	368419700.00	    70323.00
  2.24	        0.00	    63101.00	16466775463.00	        0.00	368419700.00	    63101.00
  2.25	        0.00	    56561.00	16450535424.00	        0.00	368419700.00	    56561.00
  2.26	        0.00	    50767.00	16434290223.00	        0.00	368419700.00	    50767.00
  2.27	        0.00	    45516.00	16418039583.00	        0.00	368419700.00	    45516.00
  2.28	        0.00	    40737.00	16401784274.00	        0.00	368419700.00	    40737.00
  2.29	        0.00	    36370.00	16385533712.00	        0.00	368419700.00	    36370.00
  2.30	        0.00	    32537.00	16369278754.00	        0.00	368419700.00	    32537.00
  2.31	        0.00	    29220.00	16353026217.00	        0.00	368419700.00	    29220.00
  2.32	        0.00	    26205.00	16336785006.00	        0.00	368419700.00	    26205.00
  2.33	        0.00	    23370.00	16320549844.00	        0.00	368419700.00	    23370.00
  2.34	        0.00	    20974.00	16304314386.00	        0.00	368419700.00	    20974.00
  2.35	        0.00	    18742.00	16288080945.00	        0.00	368419700.00	    18742.00
  2.36	        0.00	    16710.00	16271867877.00	        0.00	368419700.00	    16710.00
  2.37	        0.00	    14919.00	16255657138.00	        0.00	368419700.00	    14919.00
  2.38	        0.00	    13363.00	16239465690.00	        0.00	368419700.00	    13363.00
  2.39	        0.00	    11943.00	16223282324.00	        0.00	368419700.00	    11943.00
  2.40	        0.00	    10662.00	16207108137.00	        0.00	368419700.00	    10662.00
  2.41	        0.00	     9523.00	16190940741.00	        0.00	368419700.00	     9523.00
  2.42	        0.00	     8495.00	16174791023.00	        0.00	368419700.00	     8495.00
  2.43	        0.00	     7556.00	16158648946.00	        0.00	368419700.00	     7556.00
  2.44	        0.00	     6709.00	16142516552.00	        0.00	368419700.00	     6709.00
  2.45	        0.00	     5966.00	16126398143.00	        0.00	368419700.00	     5966.00
  2.46	        0.00	     5280.00	16110296752.00	        0.00	368419700.00	     5280.00
  2.47	        0.00	     4694.00	16094211211.00	        0.00	368419700.00	     4694.00
  2.48	        0.00	     4157.00	16078136282.00	        0.00	368419700.00	     4157.00
  2.49	        0.00	     3713.00	16062067995.00	        0.00	368419700.00	     3713.00
  2.50	        0.00	     3319.00	16046018298.00	        0.00	368419700.00	     3319.00
  2.51	        0.00	     2962.00	16029980294.00	        0.00	368419700.00	     2962.00
  2.52	        0.00	     2636.00	16013960435.00	        0.00	368419700.00	     2636.00
  2.53	        0.00	     2334.00	15997954213.00	        0.00	368419700.00	     2334.00
  2.54	        0.00	     2073.00	15981971692.00	        0.00	368419700.00	     2073.00
  2.55	        0.00	     1854.00	15965997970.00	        0.00	368419700.00	     1854.00
  2.56	        0.00	     1663.00	15950037473.00	        0.00	368419700.00	     1663.00
  2.57	        0.00	     1500.00	15934093787.00	        0.00	368419700.00	     1500.00
  2.58	        0.00	     1324.00	15918166898.00	        0.00	368419700.00	     1324.00
  2.59	        0.00	     1184.00	15902252983.00	        0.00	368419700.00	     1184.00
  2.60	        0.00	     1034.00	15886362654.00	        0.00	368419700.00	     1034.00
  2.61	        0.00	      911.00	15870480309.00	        0.00	368419700.00	      911.00
  2.62	        0.00	      816.00	15854607036.00	        0.00	368419700.00	      816.00
  2.63	        0.00	      719.00	15838756047.00	        0.00	368419700.00	      719.00
  2.64	        0.00	      631.00	15822914965.00	        0.00	368419700.00	      631.00
  2.65	        0.00	      568.00	15807094408.00	        0.00	368419700.00	      568.00
  2.66	        0.00	      496.00	15791292820.00	        0.00	368419700.00	      496.00
  2.67	        0.00	      434.00	15775504499.00	        0.00	368419700.00	      434.00
  2.68	        0.00	      390.00	15759726548.00	        0.00	368419700.00	      390.00
  2.69	        0.00	      350.00	15743964364.00	        0.00	368419700.00	      350.00
  2.70	        0.00	      317.00	15728215160.00	        0.00	368419700.00	      317.00
  2.71	        0.00	      277.00	15712491405.00	        0.00	368419700.00	      277.00
  2.72	        0.00	      246.00	15696780056.00	        0.00	368419700.00	      246.00
  2.73	        0.00	      222.00	15681084576.00	        0.00	368419700.00	      222.00
  2.74	        0.00	      206.00	15665399033.00	        0.00	368419700.00	      206.00
  2.75	        0.00	      186.00	15649740387.00	        0.00	368419700.00	      186.00
  2.76	        0.00	      157.00	15634098637.00	        0.00	368419700.00	      157.00
  2.77	        0.00	      139.00	15618464630.00	        0.00	368419700.00	      139.00
  2.78	        0.00	      117.00	15602851131.00	        0.00	368419700.00	      117.00
  2.79	        0.00	      108.00	15587250797.00	        0.00	368419700.00	      108.00
  2.80	        0.00	       97.00	15571666591.00	        0.00	368419700.00	       97.00
  2.81	        0.00	       83.00	15556099173.00	        0.00	368419700.00	       83.00
  2.82	        0.00	       72.00	15540541230.00	        0.00	368419700.00	       72.00
  2.83	        0.00	       61.00	15525004990.00	        0.00	368419700.00	       61.00
  2.84	        0.00	       56.00	15509479997.00	        0.00	368419700.00	       56.00
  2.85	        0.00	       44.00	15493969563.00	        0.00	368419700.00	       44.00
  2.86	        0.00	       40.00	15478477567.00	        0.00	368419700.00	       40.00
  2.87	        0.00	       32.00	15463001663.00	        0.00	368419700.00	       32.00
  2.88	        0.00	       28.00	15447541902.00	        0.00	368419700.00	       28.00
  2.89	        0.00	       27.00	15432098547.00	        0.00	368419700.00	       27.00
  2.90	        0.00	       25.00	15416665017.00	        0.00	368419700.00	       25.00
  2.91	        0.00	       23.00	15401255241.00	        0.00	368419700.00	       23.00
  2.92	        0.00	       18.00	15385851314.00	        0.00	368419700.00	       18.00
  2.93	        0.00	       12.00	15370462907.00	        0.00	368419700.00	       12.00
  2.94	        0.00	       11.00	15355094254.00	        0.00	368419700.00	       11.00
  2.95	        0.00	       11.00	15339741191.00	        0.00	368419700.00	       11.00
  2.96	        0.00	       10.00	15324410593.00	        0.00	368419700.00	       10.00
  2.97	        0.00	       10.00	15309085513.00	        0.00	368419700.00	       10.00
  2.98	        0.00	        9.00	15293773521.00	        0.00	368419700.00	        9.00
  2.99	        0.00	        8.00	15278476490.00	        0.00	368419700.00	        8.00
  3.00	        0.00	        7.00	15263208738.00	        0.00	368419700.00	        7.00
  3.01	        0.00	        6.00	15247947332.00	        0.00	368419700.00	        6.00
  3.02	        0.00	        5.00	15232700826.00	        0.00	368419700.00	        5.00
  3.03	        0.00	        5.00	15217465182.00	        0.00	368419700.00	        5.00
  3.04	        0.00	        4.00	15202254367.00	        0.00	368419700.00	        4.00
  3.05	        0.00	        4.00	15187057675.00	        0.00	368419700.00	        4.00
  3.06	        0.00	        4.00	15171869810.00	        0.00	368419700.00	        4.00
  3.07	        0.00	        3.00	15156697603.00	        0.00	368419700.00	        3.00
  3.08	        0.00	        2.00	15141537754.00	        0.00	368419700.00	        2.00
  3.09	        0.00	        2.00	15126402675.00	        0.00	368419700.00	        2.00
  3.10	        0.00	        2.00	15111271944.00	        0.00	368419700.00	        2.00
  3.11	        0.00	        2.00	15096163136.00	        0.00	368419700.00	        2.00
  3.12	        0.00	        1.00	15081072078.00	        0.00	368419700.00	        1.00
  3.13	        0.00	        0.00	15065989983.00	        0.00	368419700.00	        0.00
