Datatype: PopulationSize
  0.00	      316.00	        0.00	    10000.00	        1.00	        0.00	      316.00
  0.01	      321.00	        0.00	     9993.00	        1.00	        5.00	      316.00
  0.02	      327.00	        0.00	     9982.00	        1.00	       11.00	      316.00
  0.03	      334.00	        0.00	     9971.00	        1.00	       18.00	      316.00
  0.04	      343.00	        0.00	     9963.00	        1.00	       27.00	      316.00
  0.05	      350.00	        0.00	     9954.00	        1.00	       34.00	      316.00
  0.06	      354.00	        0.00	     9945.00	        1.00	       38.00	      316.00
  0.07	      362.00	        0.00	     9937.00	        1.00	       46.00	      316.00
  0.08	      368.00	        0.00	     9929.00	        1.00	       52.00	      316.00
  0.09	      376.00	        0.00	     9914.00	        1.00	       60.00	      316.00
  0.10	      383.00	        0.00	     9904.00	        1.00	       67.00	      316.00
  0.11	      388.00	        0.00	     9889.00	        1.00	       72.00	      316.00
  0.12	      393.00	        0.00	     9880.00	        1.00	       77.00	      316.00
  0.13	      400.00	        0.00	     9872.00	        1.00	       84.00	      316.00
  0.14	      409.00	        0.00	     9860.00	        1.00	       93.00	      316.00
  0.15	      412.00	        0.00	     9853.00	        1.00	       96.00	      316.00
  0.16	      416.00	        0.00	     9839.00	        1.00	      100.00	      316.00
  0.17	      422.00	        0.00	     9832.00	        1.00	      106.00	      316.00
  0.18	      427.00	        0.00	     9821.00	        1.00	      111.00	      316.00
  0.19	      433.00	        0.00	     9809.00	        1.00	      117.00	      316.00
  0.20	      439.00	        0.00	     9798.00	        1.00	      123.00	      316.00
  0.21	      441.00	        0.00	     9784.00	        1.00	      125.00	      316.00
  0.22	      447.00	        0.00	     9774.00	        1.00	      131.00	      316.00
  0.23	      455.00	        0.00	     9769.00	        1.00	      139.00	      316.00
  0.24	      461.00	        0.00	     9754.00	        1.00	      145.00	      316.00
  0.25	      466.00	        0.00	     9741.00	        1.00	      150.00	      316.00
  0.26	      479.00	        0.00	     9732.00	        1.00	      163.00	      316.00
  0.27	      489.00	        0.00	     9725.00	        1.00	      173.00	      316.00
  0.28	      497.00	        0.00	     9718.00	        1.00	      181.00	      316.00
  0.29	      503.00	        0.00	     9705.00	        1.00	      187.00	      316.00
  0.30	      510.00	        0.00	     9691.00	        1.00	      194.00	      316.00
  0.31	      520.00	        0.00	     9686.00	        1.00	      204.00	      316.00
  0.32	      533.00	        0.00	     9677.00	        1.00	      217.00	      316.00
  0.33	      541.00	        0.00	     9665.00	        1.00	      225.00	      316.00
  0.34	      549.00	        0.00	     9655.00	        1.00	      233.00	      316.00
  0.35	      562.00	        0.00	     9642.00	        1.00	      246.00	      316.00
  0.36	      579.00	        0.00	     9631.00	        1.00	      263.00	      316.00
  0.37	      586.00	        0.00	     9619.00	        1.00	      270.00	      316.00
  0.38	      599.00	        0.00	     9613.00	        1.00	      283.00	      316.00
  0.39	      614.00	        0.00	     9601.00	        1.00	      298.00	      316.00
  0.40	      624.00	        0.00	     9593.00	        1.00	      308.00	      316.00
  0.41	      633.00	        0.00	     9578.00	        1.00	      317.00	      316.00
  0.42	      644.00	        0.00	     9566.00	        1.00	      328.00	      316.00
  0.43	      657.00	        0.00	     9556.00	        1.00	      341.00	      316.00
  0.44	      666.00	        0.00	     9541.00	        1.00	      350.00	      316.00
  0.45	      673.00	        0.00	     9529.00	        1.00	      357.00	      316.00
  0.46	      693.00	        0.00	     9520.00	        1.00	      377.00	      316.00
  0.47	      701.00	        0.00	     9506.00	        1.00	      385.00	      316.00
  0.48	      713.00	        0.00	     9497.00	        1.00	      397.00	      316.00
  0.49	      721.00	        0.00	     9486.00	        1.00	      405.00	      316.00
  0.50	      737.00	        0.00	     9474.00	        1.00	      421.00	      316.00
  0.51	      747.00	        0.00	     9463.00	        1.00	      431.00	      316.00
  0.52	      766.00	        0.00	     9454.00	        1.00	      450.00	      316.00
  0.53	      779.00	        0.00	     9449.00	        1.00	      463.00	      316.00
  0.54	      789.00	        0.00	     9441.00	        1.00	      473.00	      316.00
  0.55	      796.00	        0.00	     9434.00	        1.00	      480.00	      316.00
  0.56	      805.00	        0.00	     9419.00	        1.00	      489.00	      316.00
  0.57	      821.00	        0.00	     9411.00	        1.00	      505.00	      316.00
  0.58	      836.00	        0.00	     9402.00	        1.00	      520.00	      316.00
  0.59	      846.00	        0.00	     9394.00	        1.00	      530.00	      316.00
  0.60	      858.00	        0.00	     9386.00	        1.00	      542.00	      316.00
  0.61	      871.00	        0.00	     9379.00	        1.00	      555.00	      316.00
  0.62	      885.00	        0.00	     9373.00	        1.00	      569.00	      316.00
  0.63	      899.00	        0.00	     9365.00	        1.00	      583.00	      316.00
  0.64	      911.00	        0.00	     9355.00	        1.00	      595.00	      316.00
  0.65	      926.00	        0.00	     9347.00	        1.00	      610.00	      316.00
  0.66	      940.00	        0.00	     9340.00	        1.00	      624.00	      316.00
  0.67	      958.00	        0.00	     9334.00	        1.00	      642.00	      316.00
  0.68	      978.00	        0.00	     9325.00	        1.00	      662.00	      316.00
  0.69	      989.00	        0.00	     9317.00	        1.00	      673.00	      316.00
  0.70	     1001.00	        0.00	     9302.00	        1.00	      685.00	      316.00
  0.71	     1015.00	        0.00	     9288.00	        1.00	      699.00	      316.00
  0.72	     1032.00	        0.00	     9281.00	        1.00	      716.00	      316.00
  0.73	     1054.00	        0.00	     9272.00	        1.00	      738.00	      316.00
  0.74	     1074.00	        0.00	     9257.00	        1.00	      758.00	      316.00
  0.75	     1087.00	        0.00	     9250.00	        1.00	      771.00	      316.00
  0.76	     1102.00	        0.00	     9242.00	        1.00	      786.00	      316.00
  0.77	     1123.00	        0.00	     9236.00	        1.00	      807.00	      316.00
  0.78	     1133.00	        0.00	     9228.00	        1.00	      817.00	      316.00
  0.79	     1147.00	        0.00	     9217.00	        1.00	      831.00	      316.00
  0.80	     1168.00	        0.00	     9208.00	        1.00	      852.00	      316.00
  0.81	     1188.00	        0.00	     9202.00	        1.00	      872.00	      316.00
  0.82	     1204.00	        0.00	     9196.00	        1.00	      888.00	      316.00
  0.83	     1231.00	        0.00	     9187.00	        1.00	      915.00	      316.00
  0.84	     1254.00	        0.00	     9177.00	        1.00	      938.00	      316.00
  0.85	     1279.00	        0.00	     9162.00	        1.00	      963.00	      316.00
  0.86	     1312.00	        0.00	     9153.00	        1.00	      996.00	      316.00
  0.87	     1335.00	        0.00	     9142.00	        1.00	     1019.00	      316.00
  0.88	     1355.00	        0.00	     9137.00	        1.00	     1039.00	      316.00
  0.89	     1381.00	        0.00	     9131.00	        1.00	     1065.00	      316.00
  0.90	     1405.00	        0.00	     9120.00	        1.00	     1089.00	      316.00
  0.91	     1419.00	        0.00	     9108.00	        1.00	     1103.00	      316.00
  0.92	     1444.00	        0.00	     9089.00	        1.00	     1128.00	      316.00
  0.93	     1468.00	        0.00	     9080.00	        1.00	     1152.00	      316.00
  0.94	     1493.00	        0.00	     9075.00	        1.00	     1177.00	      316.00
  0.95	     1516.00	        0.00	     9064.00	        1.00	     1200.00	      316.00
  0.96	     1540.00	        0.00	     9059.00	        1.00	     1224.00	      316.00
  0.97	     1565.00	        0.00	     9050.00	        1.00	     1249.00	      316.00
  0.98	     1603.00	        0.00	     9044.00	        1.00	     1287.00	      316.00
  0.99	     1629.00	        0.00	     9038.00	        1.00	     1313.00	      316.00
  1.00	     1654.00	        0.00	     9031.00	        1.00	     1338.00	      316.00
  1.01	     1688.00	        0.00	     9020.00	        1.00	     1372.00	      316.00
  1.02	     1720.00	        0.00	     9009.00	        1.00	     1404.00	      316.00
  1.03	     1748.00	        0.00	     8999.00	        1.00	     1432.00	      316.00
  1.04	     1786.00	        0.00	     8991.00	        1.00	     1470.00	      316.00
  1.05	     1814.00	        0.00	     8984.00	        1.00	     1498.00	      316.00
  1.06	     1854.00	        0.00	     8975.00	        1.00	     1538.00	      316.00
  1.07	     1881.00	        0.00	     8959.00	        1.00	     1565.00	      316.00
  1.08	     1915.00	        0.00	     8952.00	        1.00	     1599.00	      316.00
  1.09	     1946.00	        0.00	     8945.00	        1.00	     1630.00	      316.00
  1.10	     1983.00	        0.00	     8934.00	        1.00	     1667.00	      316.00
  1.11	     2018.00	        0.00	     8923.00	        1.00	     1702.00	      316.00
  1.12	     2052.00	        0.00	     8915.00	        1.00	     1736.00	      316.00
  1.13	     2087.00	        0.00	     8910.00	        1.00	     1771.00	      316.00
  1.14	     2124.00	        0.00	     8900.00	        1.00	     1808.00	      316.00
  1.15	     2167.00	        0.00	     8886.00	        1.00	     1851.00	      316.00
  1.16	     2200.00	        0.00	     8876.00	        1.00	     1884.00	      316.00
  1.17	     2229.00	        0.00	     8865.00	        1.00	     1913.00	      316.00
  1.18	     2263.00	        0.00	     8855.00	        1.00	     1947.00	      316.00
  1.19	     2309.00	        0.00	     8848.00	        1.00	     1993.00	      316.00
  1.20	     2355.00	        0.00	     8838.00	        1.00	     2039.00	      316.00
  1.21	     2401.00	        0.00	     8832.00	        1.00	     2085.00	      316.00
  1.22	     2444.00	        0.00	     8826.00	        1.00	     2128.00	      316.00
  1.23	     2500.00	        0.00	     8815.00	        1.00	     2184.00	      316.00
  1.24	     2550.00	        0.00	     8811.00	        1.00	     2234.00	      316.00
  1.25	     2591.00	        0.00	     8802.00	        1.00	     2275.00	      316.00
  1.26	     2639.00	        0.00	     8791.00	        1.00	     2323.00	      316.00
  1.27	     2686.00	        0.00	     8784.00	        1.00	     2370.00	      316.00
  1.28	     2735.00	        0.00	     8778.00	        1.00	     2419.00	      316.00
  1.29	     2789.00	        0.00	     8769.00	        1.00	     2473.00	      316.00
  1.30	     2818.00	        0.00	     8763.00	        1.00	     2502.00	      316.00
  1.31	     2866.00	        0.00	     8755.00	        1.00	     2550.00	      316.00
  1.32	     2909.00	        0.00	     8744.00	        1.00	     2593.00	      316.00
  1.33	     2961.00	        0.00	     8734.00	        1.00	     2645.00	      316.00
  1.34	     3007.00	        0.00	     8724.00	        1.00	     2691.00	      316.00
  1.35	     3050.00	        0.00	     8713.00	        1.00	     2734.00	      316.00
  1.36	     3115.00	        0.00	     8704.00	        1.00	     2799.00	      316.00
  1.37	     3164.00	        0.00	     8699.00	        1.00	     2848.00	      316.00
  1.38	     3211.00	        0.00	     8688.00	        1.00	     2895.00	      316.00
  1.39	     3272.00	        0.00	     8682.00	        1.00	     2956.00	      316.00
  1.40	     3330.00	        0.00	     8672.00	        1.00	     3014.00	      316.00
  1.41	     3367.00	        0.00	     8666.00	        1.00	     3051.00	      316.00
  1.42	     3407.00	        0.00	     8658.00	        1.00	     3091.00	      316.00
  1.43	     3475.00	        0.00	     8650.00	        1.00	     3159.00	      316.00
  1.44	     3529.00	        0.00	     8634.00	        1.00	     3213.00	      316.00
  1.45	     3600.00	        0.00	     8627.00	        1.00	     3284.00	      316.00
  1.46	     3662.00	        0.00	     8619.00	        1.00	     3346.00	      316.00
  1.47	     3733.00	        0.00	     8607.00	        1.00	     3417.00	      316.00
  1.48	     3796.00	        0.00	     8595.00	        1.00	     3480.00	      316.00
  1.49	     3852.00	        0.00	     8583.00	        1.00	     3536.00	      316.00
  1.50	     3918.00	        0.00	     8570.00	        1.00	     3602.00	      316.00
  1.51	     3974.00	        0.00	     8566.00	        1.00	     3658.00	      316.00
  1.52	     4033.00	        0.00	     8555.00	        1.00	     3717.00	      316.00
  1.53	     4100.00	        0.00	     8549.00	        1.00	     3784.00	      316.00
  1.54	     4168.00	        0.00	     8542.00	        1.00	     3852.00	      316.00
  1.55	     4250.00	        0.00	     8535.00	        1.00	     3934.00	      316.00
  1.56	     4326.00	        0.00	     8529.00	        1.00	     4010.00	      316.00
  1.57	     4408.00	        0.00	     8526.00	        1.00	     4092.00	      316.00
  1.58	     4473.00	        0.00	     8513.00	        1.00	     4157.00	      316.00
  1.59	     4545.00	        0.00	     8504.00	        1.00	     4229.00	      316.00
  1.60	     4629.00	        0.00	     8489.00	        1.00	     4313.00	      316.00
  1.61	     4697.00	        0.00	     8484.00	        1.00	     4381.00	      316.00
  1.62	     4779.00	        0.00	     8474.00	        1.00	     4463.00	      316.00
  1.63	     4863.00	        0.00	     8467.00	        1.00	     4547.00	      316.00
  1.64	     4931.00	        0.00	     8459.00	        1.00	     4615.00	      316.00
  1.65	     5028.00	        0.00	     8450.00	        1.00	     4712.00	      316.00
  1.66	     5116.00	        0.00	     8443.00	        1.00	     4800.00	      316.00
  1.67	     5202.00	        0.00	     8436.00	        1.00	     4886.00	      316.00
  1.68	     5294.00	        0.00	     8428.00	        1.00	     4978.00	      316.00
  1.69	     5398.00	        0.00	     8424.00	        1.00	     5082.00	      316.00
  1.70	     5472.00	        0.00	     8421.00	        1.00	     5156.00	      316.00
  1.71	     5568.00	        0.00	     8410.00	        1.00	     5252.00	      316.00
  1.72	     5657.00	        0.00	     8399.00	        1.00	     5341.00	      316.00
  1.73	     5753.00	        0.00	     8388.00	        1.00	     5437.00	      316.00
  1.74	     5837.00	        0.00	     8382.00	        1.00	     5521.00	      316.00
  1.75	     5929.00	        0.00	     8375.00	        1.00	     5613.00	      316.00
  1.76	     6024.00	        0.00	     8367.00	        1.00	     5708.00	      316.00
  1.77	     6135.00	        0.00	     8360.00	        1.00	     5819.00	      316.00
  1.78	     6236.00	        0.00	     8348.00	        1.00	     5920.00	      316.00
  1.79	     6347.00	        0.00	     8344.00	        1.00	     6031.00	      316.00
  1.80	     6460.00	        0.00	     8337.00	        1.00	     6144.00	      316.00
  1.81	     6567.00	        0.00	     8330.00	        1.00	     6251.00	      316.00
  1.82	     6665.00	        0.00	     8323.00	        1.00	     6349.00	      316.00
  1.83	     6760.00	        0.00	     8311.00	        1.00	     6444.00	      316.00
  1.84	     6882.00	        0.00	     8300.00	        1.00	     6566.00	      316.00
  1.85	     6990.00	        0.00	     8292.00	        1.00	     6674.00	      316.00
  1.86	     7100.00	        0.00	     8282.00	        1.00	     6784.00	      316.00
  1.87	     7226.00	        0.00	     8277.00	        1.00	     6910.00	      316.00
  1.88	     7349.00	        0.00	     8272.00	        1.00	     7033.00	      316.00
  1.89	     7494.00	        0.00	     8262.00	        1.00	     7178.00	      316.00
  1.90	     7625.00	        0.00	     8256.00	        1.00	     7309.00	      316.00
  1.91	     7749.00	        0.00	     8248.00	        1.00	     7433.00	      316.00
  1.92	     7874.00	        0.00	     8239.00	        1.00	     7558.00	      316.00
  1.93	     7991.00	        0.00	     8230.00	        1.00	     7675.00	      316.00
  1.94	     8112.00	        0.00	     8221.00	        1.00	     7796.00	      316.00
  1.95	     8255.00	        0.00	     8209.00	        1.00	     7939.00	      316.00
  1.96	     8384.00	        0.00	     8202.00	        1.00	     8068.00	      316.00
  1.97	     8521.00	        0.00	     8190.00	        1.00	     8205.00	      316.00
  1.98	     8669.00	        0.00	     8182.00	        1.00	     8353.00	      316.00
  1.99	     8803.00	        0.00	     8176.00	        1.00	     8487.00	      316.00
  2.00	     8956.00	        0.00	     8174.00	        1.00	     8640.00	      316.00
  2.01	     9097.00	        0.00	     8167.00	        1.00	     8781.00	      316.00
  2.02	     9253.00	        0.00	     8160.00	        1.00	     8937.00	      316.00
  2.03	     9409.00	        0.00	     8150.00	        1.00	     9093.00	      316.00
  2.04	     9577.00	        0.00	     8136.00	        1.00	     9261.00	      316.00
  2.05	     9733.00	        0.00	     8127.00	        1.00	     9417.00	      316.00
  2.06	     9889.00	        0.00	     8112.00	        1.00	     9573.00	      316.00
  2.07	    10056.00	        0.00	     8099.00	        1.00	     9740.00	      316.00
  2.08	    10219.00	        0.00	     8093.00	        1.00	     9903.00	      316.00
  2.09	    10362.00	        0.00	     8086.00	        1.00	    10046.00	      316.00
  2.10	    10526.00	        0.00	     8078.00	        1.00	    10210.00	      316.00
  2.11	    10699.00	        0.00	     8067.00	        1.00	    10383.00	      316.00
  2.12	    10863.00	        0.00	     8062.00	        1.00	    10547.00	      316.00
  2.13	    11051.00	        0.00	     8056.00	        1.00	    10735.00	      316.00
  2.14	    11232.00	        0.00	     8047.00	        1.00	    10916.00	      316.00
  2.15	    11440.00	        0.00	     8044.00	        1.00	    11124.00	      316.00
  2.16	    11649.00	        0.00	     8035.00	        1.00	    11333.00	      316.00
  2.17	    11859.00	        0.00	     8023.00	        1.00	    11543.00	      316.00
  2.18	    12037.00	        0.00	     8015.00	        1.00	    11721.00	      316.00
  2.19	    12236.00	        0.00	     8008.00	        1.00	    11920.00	      316.00
  2.20	    12438.00	        0.00	     7996.00	        1.00	    12122.00	      316.00
  2.21	    12661.00	        0.00	     7987.00	        1.00	    12345.00	      316.00
  2.22	    12866.00	        0.00	     7975.00	        1.00	    12550.00	      316.00
  2.23	    13072.00	        0.00	     7965.00	        1.00	    12756.00	      316.00
  2.24	    13294.00	        0.00	     7953.00	        1.00	    12978.00	      316.00
  2.25	    13500.00	        0.00	     7944.00	        1.00	    13184.00	      316.00
  2.26	    13730.00	        0.00	     7935.00	        1.00	    13414.00	      316.00
  2.27	    13954.00	        0.00	     7927.00	        1.00	    13638.00	      316.00
  2.28	    14169.00	        0.00	     7919.00	        1.00	    13853.00	      316.00
  2.29	    14386.00	        0.00	     7912.00	        1.00	    14070.00	      316.00
  2.30	    14613.00	        1.00	     7901.00	        1.00	    14298.00	      316.00
  2.31	    14896.00	        1.00	     7894.00	        1.00	    14581.00	      316.00
  2.32	    15163.00	        1.00	     7888.00	        1.00	    14848.00	      316.00
  2.33	    15393.00	        1.00	     7886.00	        1.00	    15078.00	      316.00
  2.34	    15614.00	        1.00	     7883.00	        1.00	    15299.00	      316.00
  2.35	    15861.00	        0.00	     7975.00	        1.00	    15546.00	      316.00
  2.36	    16141.00	        0.00	     7964.00	        1.00	    15826.00	      316.00
  2.37	    16417.00	        0.00	     7958.00	        1.00	    16102.00	      316.00
  2.38	    16656.00	        0.00	     7950.00	        1.00	    16341.00	      316.00
  2.39	    16969.00	        0.00	     7942.00	        1.00	    16654.00	      316.00
  2.40	    17237.00	        0.00	     7931.00	        1.00	    16922.00	      316.00
  2.41	    17522.00	        0.00	     7923.00	        1.00	    17207.00	      316.00
  2.42	    17810.00	        0.00	     7919.00	        1.00	    17495.00	      316.00
  2.43	    18111.00	        0.00	     7906.00	        1.00	    17796.00	      316.00
  2.44	    18444.00	        0.00	     7902.00	        1.00	    18129.00	      316.00
  2.45	    18720.00	        0.00	     7894.00	        1.00	    18405.00	      316.00
  2.46	    19070.00	        0.00	     7886.00	        1.00	    18755.00	      316.00
  2.47	    19360.00	        0.00	     7880.00	        1.00	    19045.00	      316.00
  2.48	    19685.00	        0.00	     7872.00	        1.00	    19370.00	      316.00
  2.49	    20035.00	        0.00	     7867.00	        1.00	    19720.00	      316.00
  2.50	    20355.00	        0.00	     7857.00	        1.00	    20040.00	      316.00
  2.51	    20689.00	        0.00	     7848.00	        1.00	    20374.00	      316.00
  2.52	    21025.00	        0.00	     7840.00	        1.00	    20710.00	      316.00
  2.53	    21370.00	        0.00	     7831.00	        1.00	    21055.00	      316.00
  2.54	    21744.00	        0.00	     7827.00	        1.00	    21429.00	      316.00
  2.55	    22129.00	        0.00	     7822.00	        1.00	    21814.00	      316.00
  2.56	    22508.00	        0.00	     7812.00	        1.00	    22193.00	      316.00
  2.57	    22921.00	        0.00	     7804.00	        1.00	    22606.00	      316.00
  2.58	    23326.00	        0.00	     7791.00	        1.00	    23011.00	      316.00
  2.59	    23717.00	        0.00	     7777.00	        1.00	    23402.00	      316.00
  2.60	    24108.00	        0.00	     7768.00	        1.00	    23793.00	      316.00
  2.61	    24493.00	        0.00	     7762.00	        1.00	    24178.00	      316.00
  2.62	    24901.00	        0.00	     7748.00	        1.00	    24586.00	      316.00
  2.63	    25320.00	        0.00	     7739.00	        1.00	    25005.00	      316.00
  2.64	    25728.00	        0.00	     7727.00	        1.00	    25413.00	      316.00
  2.65	    26178.00	        0.00	     7715.00	        1.00	    25863.00	      316.00
  2.66	    26622.00	        0.00	     7709.00	        1.00	    26307.00	      316.00
  2.67	    27033.00	        0.00	     7700.00	        1.00	    26718.00	      316.00
  2.68	    27475.00	        0.00	     7695.00	        1.00	    27160.00	      316.00
  2.69	    27925.00	        0.00	     7688.00	        1.00	    27610.00	      316.00
  2.70	    28357.00	        0.00	     7682.00	        1.00	    28042.00	      316.00
  2.71	    28842.00	        0.00	     7674.00	        1.00	    28527.00	      316.00
  2.72	    29331.00	        0.00	     7668.00	        1.00	    29016.00	      316.00
  2.73	    29852.00	        0.00	     7661.00	        1.00	    29537.00	      316.00
  2.74	    30408.00	        0.00	     7658.00	        1.00	    30093.00	      316.00
  2.75	    30886.00	        0.00	     7651.00	        1.00	    30571.00	      316.00
  2.76	    31401.00	        0.00	     7639.00	        1.00	    31086.00	      316.00
  2.77	    31931.00	        0.00	     7635.00	        1.00	    31616.00	      316.00
  2.78	    32458.00	        0.00	     7621.00	        1.00	    32143.00	      316.00
  2.79	    32984.00	        0.00	     7613.00	        1.00	    32669.00	      316.00
  2.80	    33520.00	        0.00	     7607.00	        1.00	    33205.00	      316.00
  2.81	    34088.00	        0.00	     7596.00	        1.00	    33773.00	      316.00
  2.82	    34669.00	        0.00	     7586.00	        1.00	    34354.00	      316.00
  2.83	    35248.00	        0.00	     7577.00	        1.00	    34933.00	      316.00
  2.84	    35815.00	        0.00	     7567.00	        1.00	    35500.00	      316.00
  2.85	    36416.00	        0.00	     7552.00	        1.00	    36101.00	      316.00
  2.86	    37037.00	        0.00	     7539.00	        1.00	    36722.00	      316.00
  2.87	    37636.00	        0.00	     7533.00	        1.00	    37321.00	      316.00
  2.88	    38239.00	        0.00	     7525.00	        1.00	    37924.00	      316.00
  2.89	    38908.00	        0.00	     7521.00	        1.00	    38593.00	      316.00
  2.90	    39573.00	        0.00	     7513.00	        1.00	    39258.00	      316.00
  2.91	    40253.00	        0.00	     7506.00	        1.00	    39938.00	      316.00
  2.92	    40877.00	        0.00	     7493.00	        1.00	    40562.00	      316.00
  2.93	    41562.00	        0.00	     7487.00	        1.00	    41247.00	      316.00
  2.94	    42268.00	        0.00	     7478.00	        1.00	    41953.00	      316.00
  2.95	    42975.00	        0.00	     7475.00	        1.00	    42660.00	      316.00
  2.96	    43692.00	        0.00	     7469.00	        1.00	    43377.00	      316.00
  2.97	    44454.00	        0.00	     7465.00	        1.00	    44139.00	      316.00
  2.98	    45192.00	        0.00	     7454.00	        1.00	    44877.00	      316.00
  2.99	    45965.00	        0.00	     7450.00	        1.00	    45650.00	      316.00
  3.00	    46742.00	        1.00	     7441.00	        1.00	    46428.00	      316.00
  3.01	    47544.00	        1.00	     7432.00	        1.00	    47230.00	      316.00
  3.02	    48314.00	        0.00	     7520.00	        1.00	    48000.00	      316.00
  3.03	    49099.00	        0.00	     7511.00	        1.00	    48785.00	      316.00
  3.04	    49934.00	        0.00	     7509.00	        1.00	    49620.00	      316.00
  3.05	    50815.00	        0.00	     7496.00	        1.00	    50501.00	      316.00
  3.06	    51710.00	        0.00	     7485.00	        1.00	    51396.00	      316.00
  3.07	    52594.00	        0.00	     7476.00	        1.00	    52280.00	      316.00
  3.08	    53497.00	        0.00	     7471.00	        1.00	    53183.00	      316.00
  3.09	    54451.00	        0.00	     7462.00	        1.00	    54137.00	      316.00
  3.10	    55361.00	        0.00	     7452.00	        1.00	    55047.00	      316.00
  3.11	    56304.00	        0.00	     7438.00	        1.00	    55990.00	      316.00
  3.12	    57274.00	        0.00	     7424.00	        1.00	    56960.00	      316.00
  3.13	    58227.00	        0.00	     7415.00	        1.00	    57913.00	      316.00
  3.14	    59218.00	        0.00	     7408.00	        1.00	    58904.00	      316.00
  3.15	    60197.00	        0.00	     7402.00	        1.00	    59883.00	      316.00
  3.16	    61163.00	        0.00	     7392.00	        1.00	    60849.00	      316.00
  3.17	    62171.00	        0.00	     7385.00	        1.00	    61857.00	      316.00
  3.18	    63167.00	        0.00	     7377.00	        1.00	    62853.00	      316.00
  3.19	    64195.00	        0.00	     7368.00	        1.00	    63881.00	      316.00
  3.20	    65198.00	        0.00	     7361.00	        1.00	    64884.00	      316.00
  3.21	    66284.00	        0.00	     7355.00	        1.00	    65970.00	      316.00
  3.22	    67419.00	        0.00	     7346.00	        1.00	    67105.00	      316.00
  3.23	    68570.00	        0.00	     7344.00	        1.00	    68256.00	      316.00
  3.24	    69737.00	        0.00	     7334.00	        1.00	    69423.00	      316.00
  3.25	    70907.00	        0.00	     7331.00	        1.00	    70593.00	      316.00
  3.26	    72097.00	        0.00	     7324.00	        1.00	    71783.00	      316.00
  3.27	    73282.00	        0.00	     7320.00	        1.00	    72968.00	      316.00
  3.28	    74531.00	        0.00	     7310.00	        1.00	    74217.00	      316.00
  3.29	    75724.00	        1.00	     7300.00	        1.00	    75411.00	      316.00
  3.30	    76976.00	        1.00	     7293.00	        1.00	    76663.00	      316.00
  3.31	    78233.00	        0.00	     7389.00	        1.00	    77920.00	      316.00
  3.32	    79492.00	        0.00	     7377.00	        1.00	    79179.00	      316.00
  3.33	    80870.00	        0.00	     7371.00	        1.00	    80557.00	      316.00
  3.34	    82264.00	        0.00	     7358.00	        1.00	    81951.00	      316.00
  3.35	    83604.00	        0.00	     7344.00	        1.00	    83291.00	      316.00
  3.36	    85029.00	        0.00	     7337.00	        1.00	    84716.00	      316.00
  3.37	    86428.00	        0.00	     7332.00	        1.00	    86115.00	      316.00
  3.38	    87815.00	        0.00	     7326.00	        1.00	    87502.00	      316.00
  3.39	    89252.00	        0.00	     7317.00	        1.00	    88939.00	      316.00
  3.40	    90769.00	        0.00	     7310.00	        1.00	    90456.00	      316.00
  3.41	    92321.00	        0.00	     7301.00	        1.00	    92008.00	      316.00
  3.42	    93835.00	        0.00	     7295.00	        1.00	    93522.00	      316.00
  3.43	    95352.00	        0.00	     7286.00	        1.00	    95039.00	      316.00
  3.44	    97006.00	        0.00	     7275.00	        1.00	    96693.00	      316.00
  3.45	    98646.00	        0.00	     7267.00	        1.00	    98333.00	      316.00
  3.46	   100270.00	        0.00	     7259.00	        1.00	    99957.00	      316.00
  3.47	   102025.00	        0.00	     7251.00	        1.00	   101712.00	      316.00
  3.48	   103800.00	        1.00	     7245.00	        1.00	   103488.00	      316.00
  3.49	   105536.00	        1.00	     7240.00	        1.00	   105224.00	      316.00
  3.50	   107294.00	        1.00	     7231.00	        1.00	   106982.00	      316.00
  3.51	   109136.00	        1.00	     7225.00	        1.00	   108824.00	      316.00
  3.52	   110935.00	        1.00	     7218.00	        1.00	   110623.00	      316.00
  3.53	   112864.00	        1.00	     7212.00	        1.00	   112552.00	      316.00
  3.54	   114837.00	        1.00	     7207.00	        1.00	   114525.00	      316.00
  3.55	   116771.00	        1.00	     7200.00	        1.00	   116459.00	      316.00
  3.56	   118720.00	        1.00	     7196.00	        1.00	   118408.00	      316.00
  3.57	   120700.00	        1.00	     7193.00	        1.00	   120388.00	      316.00
  3.58	   122747.00	        1.00	     7186.00	        1.00	   122435.00	      316.00
  3.59	   124837.00	        0.00	     7277.00	        1.00	   124525.00	      316.00
  3.60	   126983.00	        0.00	     7271.00	        1.00	   126671.00	      316.00
  3.61	   129042.00	        0.00	     7268.00	        1.00	   128730.00	      316.00
  3.62	   131270.00	        0.00	     7258.00	        1.00	   130958.00	      316.00
  3.63	   133456.00	        0.00	     7252.00	        1.00	   133144.00	      316.00
  3.64	   135661.00	        0.00	     7242.00	        1.00	   135349.00	      316.00
  3.65	   137963.00	        0.00	     7235.00	        1.00	   137651.00	      316.00
  3.66	   140212.00	        0.00	     7223.00	        1.00	   139900.00	      316.00
  3.67	   142582.00	        0.00	     7214.00	        1.00	   142270.00	      316.00
  3.68	   144872.00	        0.00	     7209.00	        1.00	   144560.00	      316.00
  3.69	   147334.00	        0.00	     7204.00	        1.00	   147022.00	      316.00
  3.70	   149758.00	        0.00	     7196.00	        1.00	   149446.00	      316.00
  3.71	   152328.00	        0.00	     7193.00	        1.00	   152016.00	      316.00
  3.72	   154809.00	        0.00	     7186.00	        1.00	   154497.00	      316.00
  3.73	   157414.00	        0.00	     7185.00	        1.00	   157102.00	      316.00
  3.74	   160052.00	        0.00	     7179.00	        1.00	   159740.00	      316.00
  3.75	   162715.00	        0.00	     7171.00	        1.00	   162403.00	      316.00
  3.76	   165442.00	        0.00	     7166.00	        1.00	   165130.00	      316.00
  3.77	   168323.00	        0.00	     7158.00	        1.00	   168011.00	      316.00
  3.78	   171190.00	        1.00	     7147.00	        1.00	   170879.00	      316.00
  3.79	   174020.00	        0.00	     7236.00	        1.00	   173709.00	      316.00
  3.80	   176864.00	        0.00	     7232.00	        1.00	   176553.00	      316.00
  3.81	   179800.00	        0.00	     7224.00	        1.00	   179489.00	      316.00
  3.82	   182791.00	        0.00	     7215.00	        1.00	   182480.00	      316.00
  3.83	   185771.00	        0.00	     7207.00	        1.00	   185460.00	      316.00
  3.84	   188817.00	        0.00	     7198.00	        1.00	   188506.00	      316.00
  3.85	   192064.00	        0.00	     7190.00	        1.00	   191753.00	      316.00
  3.86	   195235.00	        0.00	     7180.00	        1.00	   194924.00	      316.00
  3.87	   198528.00	        0.00	     7175.00	        1.00	   198217.00	      316.00
  3.88	   201811.00	        0.00	     7167.00	        1.00	   201500.00	      316.00
  3.89	   205115.00	        0.00	     7155.00	        1.00	   204804.00	      316.00
  3.90	   208500.00	        0.00	     7141.00	        1.00	   208189.00	      316.00
  3.91	   211973.00	        0.00	     7133.00	        1.00	   211662.00	      316.00
  3.92	   215595.00	        3.00	     7119.00	        1.00	   215287.00	      316.00
  3.93	   219205.00	        1.00	     7313.00	        1.00	   218897.00	      316.00
  3.94	   222887.00	        1.00	     7309.00	        1.00	   222579.00	      316.00
  3.95	   226558.00	        2.00	     7303.00	        1.00	   226251.00	      316.00
  3.96	   230357.00	        2.00	     7299.00	        1.00	   230050.00	      316.00
  3.97	   234138.00	        2.00	     7288.00	        1.00	   233831.00	      316.00
  3.98	   238138.00	        1.00	     7378.00	        1.00	   237831.00	      316.00
  3.99	   242197.00	        2.00	     7370.00	        1.00	   241891.00	      316.00
  4.00	   246280.00	        2.00	     7360.00	        1.00	   245974.00	      316.00
  4.01	   250416.00	        2.00	     7354.00	        1.00	   250110.00	      316.00
  4.02	   254536.00	        2.00	     7341.00	        1.00	   254230.00	      316.00
  4.03	   258819.00	        2.00	     7332.00	        1.00	   258513.00	      316.00
  4.04	   263108.00	        3.00	     7317.00	        1.00	   262803.00	      316.00
  4.05	   267617.00	        2.00	     7413.00	        1.00	   267312.00	      316.00
  4.06	   272033.00	        2.00	     7403.00	        1.00	   271728.00	      316.00
  4.07	   276693.00	        1.00	     7494.00	        1.00	   276388.00	      316.00
  4.08	   281324.00	        1.00	     7586.00	        1.00	   281020.00	      316.00
  4.09	   286090.00	        0.00	     7682.00	        1.00	   285786.00	      316.00
  4.10	   290862.00	        0.00	     7675.00	        1.00	   290558.00	      316.00
  4.11	   295732.00	        0.00	     7666.00	        1.00	   295428.00	      316.00
  4.12	   300806.00	        0.00	     7659.00	        1.00	   300502.00	      316.00
  4.13	   305741.00	        0.00	     7652.00	        1.00	   305437.00	      316.00
  4.14	   310694.00	        0.00	     7643.00	        1.00	   310390.00	      316.00
  4.15	   315849.00	        0.00	     7636.00	        1.00	   315545.00	      316.00
  4.16	   321106.00	        1.00	     7631.00	        1.00	   320803.00	      316.00
  4.17	   326430.00	        1.00	     7623.00	        1.00	   326127.00	      316.00
  4.18	   331858.00	        1.00	     7717.00	        1.00	   331556.00	      316.00
  4.19	   337367.00	        1.00	     7713.00	        1.00	   337065.00	      316.00
  4.20	   342980.00	        2.00	     7705.00	        1.00	   342679.00	      316.00
  4.21	   348901.00	        2.00	     7698.00	        1.00	   348600.00	      316.00
  4.22	   354744.00	        2.00	     7688.00	        1.00	   354443.00	      316.00
  4.23	   360700.00	        4.00	     7678.00	        1.00	   360401.00	      316.00
  4.24	   366689.00	        4.00	     7667.00	        1.00	   366390.00	      316.00
  4.25	   372790.00	        3.00	     7759.00	        1.00	   372491.00	      316.00
  4.26	   378960.00	        3.00	     7841.00	        1.00	   378662.00	      316.00
  4.27	   385147.00	        3.00	     7832.00	        1.00	   384849.00	      316.00
  4.28	   391712.00	        2.00	     7927.00	        1.00	   391414.00	      316.00
  4.29	   398342.00	        2.00	     7921.00	        1.00	   398044.00	      316.00
  4.30	   404966.00	        1.00	     8008.00	        1.00	   404668.00	      316.00
  4.31	   411831.00	        1.00	     8002.00	        1.00	   411533.00	      316.00
  4.32	   418667.00	        1.00	     7997.00	        1.00	   418369.00	      316.00
  4.33	   425775.00	        2.00	     7987.00	        1.00	   425478.00	      316.00
  4.34	   432957.00	        2.00	     7974.00	        1.00	   432660.00	      316.00
  4.35	   440300.00	        1.00	     8063.00	        1.00	   440003.00	      316.00
  4.36	   447535.00	        1.00	     8057.00	        1.00	   447238.00	      316.00
  4.37	   455134.00	        1.00	     8047.00	        1.00	   454837.00	      316.00
  4.38	   462828.00	        1.00	     8039.00	        1.00	   462531.00	      316.00
  4.39	   470571.00	        0.00	     8133.00	        1.00	   470274.00	      316.00
  4.40	   478450.00	        1.00	     8124.00	        1.00	   478154.00	      316.00
  4.41	   486391.00	        1.00	     8217.00	        1.00	   486096.00	      316.00
  4.42	   494677.00	        2.00	     8207.00	        1.00	   494383.00	      316.00
  4.43	   503108.00	        3.00	     8197.00	        1.00	   502815.00	      316.00
  4.44	   511634.00	        4.00	     8185.00	        1.00	   511342.00	      316.00
  4.45	   520260.00	        4.00	     8172.00	        1.00	   519968.00	      316.00
  4.46	   529095.00	        5.00	     8262.00	        1.00	   528805.00	      316.00
  4.47	   538082.00	        5.00	     8257.00	        1.00	   537792.00	      316.00
  4.48	   547072.00	        5.00	     8248.00	        1.00	   546782.00	      316.00
  4.49	   556203.00	        3.00	     8438.00	        1.00	   555913.00	      316.00
  4.50	   565601.00	        2.00	     8529.00	        1.00	   565311.00	      316.00
  4.51	   575123.00	        3.00	     8520.00	        1.00	   574834.00	      316.00
  4.52	   584914.00	        2.00	     8609.00	        1.00	   584625.00	      316.00
  4.53	   594834.00	        2.00	     8599.00	        1.00	   594545.00	      316.00
  4.54	   604892.00	        1.00	     8692.00	        1.00	   604603.00	      316.00
  4.55	   615156.00	        1.00	     8682.00	        1.00	   614867.00	      316.00
  4.56	   625402.00	        1.00	     8678.00	        1.00	   625113.00	      316.00
  4.57	   636051.00	        0.00	     8774.00	        1.00	   635762.00	      316.00
  4.58	   646586.00	        0.00	     8770.00	        1.00	   646297.00	      316.00
  4.59	   657370.00	        0.00	     8759.00	        1.00	   657081.00	      316.00
  4.60	   668506.00	        0.00	     8753.00	        1.00	   668217.00	      316.00
  4.61	   679813.00	        1.00	     8743.00	        1.00	   679525.00	      316.00
  4.62	   691046.00	        2.00	     8735.00	        1.00	   690759.00	      316.00
  4.63	   702643.00	        2.00	     8731.00	        1.00	   702356.00	      316.00
  4.64	   714331.00	        4.00	     8722.00	        1.00	   714046.00	      316.00
  4.65	   726188.00	        5.00	     8809.00	        1.00	   725905.00	      316.00
  4.66	   738394.00	        5.00	     8800.00	        1.00	   738111.00	      316.00
  4.67	   750795.00	        7.00	     8789.00	        1.00	   750514.00	      316.00
  4.68	   763454.00	        7.00	     8973.00	        1.00	   763175.00	      316.00
  4.69	   776213.00	        8.00	     8964.00	        1.00	   775935.00	      316.00
  4.70	   789190.00	        7.00	     9057.00	        1.00	   788912.00	      316.00
  4.71	   802280.00	        5.00	     9249.00	        1.00	   802002.00	      316.00
  4.72	   815916.00	        6.00	     9342.00	        1.00	   815640.00	      316.00
  4.73	   829669.00	        7.00	     9331.00	        1.00	   829394.00	      316.00
  4.74	   843481.00	        6.00	     9413.00	        1.00	   843206.00	      316.00
  4.75	   857670.00	        6.00	     9506.00	        1.00	   857396.00	      316.00
  4.76	   872015.00	        6.00	     9599.00	        1.00	   871742.00	      316.00
  4.77	   886623.00	        9.00	     9589.00	        1.00	   886353.00	      316.00
  4.78	   901514.00	        9.00	     9580.00	        1.00	   901244.00	      316.00
  4.79	   916773.00	        7.00	     9762.00	        1.00	   916503.00	      316.00
  4.80	   932043.00	        6.00	     9949.00	        1.00	   931774.00	      316.00
  4.81	   947745.00	        6.00	    10040.00	        1.00	   947477.00	      316.00
  4.82	   963617.00	        5.00	    10127.00	        1.00	   963349.00	      316.00
  4.83	   979746.00	        6.00	    10212.00	        1.00	   979480.00	      316.00
  4.84	   996205.00	        8.00	    10201.00	        1.00	   995941.00	      316.00
  4.85	  1013026.00	        8.00	    10290.00	        1.00	  1012763.00	      316.00
  4.86	  1029940.00	        8.00	    10478.00	        1.00	  1029679.00	      316.00
  4.87	  1047169.00	       10.00	    10555.00	        1.00	  1046911.00	      316.00
  4.88	  1064808.00	       10.00	    10641.00	        1.00	  1064551.00	      316.00
  4.89	  1082574.00	       10.00	    10726.00	        1.00	  1082318.00	      316.00
  4.90	  1100762.00	        9.00	    10819.00	        1.00	  1100506.00	      316.00
  4.91	  1119196.00	        8.00	    11009.00	        1.00	  1118941.00	      316.00
  4.92	  1138150.00	        7.00	    11194.00	        1.00	  1137896.00	      316.00
  4.93	  1157455.00	        8.00	    11182.00	        1.00	  1157202.00	      316.00
  4.94	  1176706.00	        9.00	    11170.00	        1.00	  1176454.00	      316.00
  4.95	  1196547.00	       10.00	    11259.00	        1.00	  1196297.00	      316.00
  4.96	  1216674.00	        8.00	    11446.00	        1.00	  1216424.00	      316.00
  4.97	  1237139.00	        8.00	    11435.00	        1.00	  1236889.00	      316.00
  4.98	  1257973.00	        6.00	    11624.00	        1.00	  1257723.00	      316.00
  4.99	  1279258.00	        6.00	    11709.00	        1.00	  1279009.00	      316.00
  5.00	  1300591.00	        9.00	    11694.00	        1.00	  1300345.00	      316.00
  5.01	  1322344.00	        8.00	    11780.00	        1.00	  1322098.00	      316.00
  5.02	  1344406.00	       13.00	    11861.00	        1.00	  1344166.00	      316.00
  5.03	  1366773.00	       15.00	    11947.00	        1.00	  1366536.00	      316.00
  5.04	  1389727.00	       17.00	    12134.00	        1.00	  1389494.00	      316.00
  5.05	  1412875.00	       15.00	    12515.00	        1.00	  1412644.00	      316.00
  5.06	  1436703.00	       14.00	    12605.00	        1.00	  1436472.00	      316.00
  5.07	  1460475.00	       15.00	    12585.00	        1.00	  1460245.00	      316.00
  5.08	  1484929.00	       14.00	    12967.00	        1.00	  1484702.00	      316.00
  5.09	  1509907.00	       11.00	    13254.00	        1.00	  1509680.00	      316.00
  5.10	  1535095.00	       11.00	    13440.00	        1.00	  1534870.00	      316.00
  5.11	  1560741.00	       10.00	    13624.00	        1.00	  1560517.00	      316.00
  5.12	  1586814.00	       12.00	    13803.00	        1.00	  1586594.00	      316.00
  5.13	  1613436.00	       11.00	    14088.00	        1.00	  1613218.00	      316.00
  5.14	  1640415.00	       10.00	    14274.00	        1.00	  1640198.00	      316.00
  5.15	  1668123.00	       12.00	    14553.00	        1.00	  1667911.00	      316.00
  5.16	  1696493.00	       14.00	    14525.00	        1.00	  1696283.00	      316.00
  5.17	  1725051.00	       13.00	    14618.00	        1.00	  1724841.00	      316.00
  5.18	  1754267.00	       13.00	    14901.00	        1.00	  1754060.00	      316.00
  5.19	  1783462.00	       16.00	    15177.00	        1.00	  1783261.00	      316.00
  5.20	  1813818.00	       15.00	    15466.00	        1.00	  1813619.00	      316.00
  5.21	  1844441.00	       18.00	    15549.00	        1.00	  1844246.00	      316.00
  5.22	  1875443.00	       14.00	    16036.00	        1.00	  1875249.00	      316.00
  5.23	  1906658.00	       12.00	    16616.00	        1.00	  1906468.00	      316.00
  5.24	  1938637.00	       12.00	    16796.00	        1.00	  1938449.00	      316.00
  5.25	  1971112.00	       13.00	    16871.00	        1.00	  1970926.00	      316.00
  5.26	  2004396.00	       17.00	    16949.00	        1.00	  2004215.00	      316.00
  5.27	  2037745.00	       17.00	    17130.00	        1.00	  2037566.00	      316.00
  5.28	  2072140.00	       20.00	    17304.00	        1.00	  2071966.00	      316.00
  5.29	  2107412.00	       22.00	    17483.00	        1.00	  2107242.00	      316.00
  5.30	  2142575.00	       19.00	    17958.00	        1.00	  2142407.00	      316.00
  5.31	  2178663.00	       17.00	    18530.00	        1.00	  2178499.00	      316.00
  5.32	  2215112.00	       21.00	    18706.00	        1.00	  2214954.00	      316.00
  5.33	  2252158.00	       18.00	    19283.00	        1.00	  2252003.00	      316.00
  5.34	  2290299.00	       23.00	    19554.00	        1.00	  2290152.00	      316.00
  5.35	  2328622.00	       24.00	    19729.00	        1.00	  2328478.00	      316.00
  5.36	  2367516.00	       29.00	    19703.00	        1.00	  2367377.00	      316.00
  5.37	  2407391.00	       24.00	    20389.00	        1.00	  2407254.00	      316.00
  5.38	  2447906.00	       26.00	    20862.00	        1.00	  2447776.00	      316.00
  5.39	  2489062.00	       27.00	    20928.00	        1.00	  2488934.00	      316.00
  5.40	  2530878.00	       27.00	    21299.00	        1.00	  2530754.00	      316.00
  5.41	  2573339.00	       25.00	    21877.00	        1.00	  2573219.00	      316.00
  5.42	  2616205.00	       25.00	    22447.00	        1.00	  2616091.00	      316.00
  5.43	  2660041.00	       27.00	    22621.00	        1.00	  2659931.00	      316.00
  5.44	  2704223.00	       29.00	    22990.00	        1.00	  2704119.00	      316.00
  5.45	  2749814.00	       27.00	    23561.00	        1.00	  2749714.00	      316.00
  5.46	  2795809.00	       29.00	    24037.00	        1.00	  2795716.00	      316.00
  5.47	  2842582.00	       30.00	    24406.00	        1.00	  2842494.00	      316.00
  5.48	  2890614.00	       34.00	    24776.00	        1.00	  2890534.00	      316.00
  5.49	  2939052.00	       40.00	    25045.00	        1.00	  2938981.00	      316.00
  5.50	  2988287.00	       45.00	    25219.00	        1.00	  2988223.00	      316.00
  5.51	  3037977.00	       46.00	    25784.00	        1.00	  3037920.00	      316.00
  5.52	  3088883.00	       48.00	    26349.00	        1.00	  3088834.00	      316.00
  5.53	  3141012.00	       41.00	    27920.00	        1.00	  3140972.00	      316.00
  5.54	  3193491.00	       39.00	    28780.00	        1.00	  3193458.00	      316.00
  5.55	  3246878.00	       41.00	    29439.00	        1.00	  3246854.00	      316.00
  5.56	  3301808.00	       43.00	    29705.00	        1.00	  3301789.00	      316.00
  5.57	  3357337.00	       48.00	    29964.00	        1.00	  3357326.00	      316.00
  5.58	  3413543.00	       51.00	    30628.00	        1.00	  3413542.00	      316.00
  5.59	  3470737.00	       50.00	    31589.00	        1.00	  3470745.00	      316.00
  5.60	  3528900.00	       50.00	    32259.00	        1.00	  3528915.00	      316.00
  5.61	  3588185.00	       52.00	    33211.00	        1.00	  3588212.00	      316.00
  5.62	  3648486.00	       49.00	    34079.00	        1.00	  3648519.00	      316.00
  5.63	  3709533.00	       59.00	    34436.00	        1.00	  3709580.00	      316.00
  5.64	  3771326.00	       58.00	    35292.00	        1.00	  3771381.00	      316.00
  5.65	  3833863.00	       63.00	    36145.00	        1.00	  3833932.00	      316.00
  5.66	  3898257.00	       63.00	    37098.00	        1.00	  3898336.00	      316.00
  5.67	  3963733.00	       66.00	    38032.00	        1.00	  3963825.00	      316.00
  5.68	  4030358.00	       74.00	    38882.00	        1.00	  4030467.00	      316.00
  5.69	  4097730.00	       76.00	    40232.00	        1.00	  4097855.00	      316.00
  5.70	  4166538.00	       75.00	    42069.00	        1.00	  4166681.00	      316.00
  5.71	  4236529.00	       87.00	    42914.00	        1.00	  4236693.00	      316.00
  5.72	  4307636.00	       93.00	    44262.00	        1.00	  4307820.00	      316.00
  5.73	  4379921.00	       91.00	    45817.00	        1.00	  4380119.00	      316.00
  5.74	  4453327.00	       91.00	    47650.00	        1.00	  4453544.00	      316.00
  5.75	  4528143.00	       97.00	    48884.00	        1.00	  4528379.00	      316.00
  5.76	  4604295.00	      102.00	    50208.00	        1.00	  4604550.00	      316.00
  5.77	  4681815.00	      110.00	    51832.00	        1.00	  4682095.00	      316.00
  5.78	  4760837.00	      115.00	    53654.00	        1.00	  4761141.00	      316.00
  5.79	  4840294.00	      121.00	    55568.00	        1.00	  4840624.00	      316.00
  5.80	  4921082.00	      130.00	    57675.00	        1.00	  4921443.00	      316.00
  5.81	  5003661.00	      131.00	    60299.00	        1.00	  5004050.00	      316.00
  5.82	  5087666.00	      139.00	    63113.00	        1.00	  5088092.00	      316.00
  5.83	  5173204.00	      146.00	    65025.00	        1.00	  5173657.00	      316.00
  5.84	  5259936.00	      159.00	    67331.00	        1.00	  5260426.00	      316.00
  5.85	  5348149.00	      167.00	    70716.00	        1.00	  5348682.00	      316.00
  5.86	  5437951.00	      174.00	    72906.00	        1.00	  5438514.00	      316.00
  5.87	  5529307.00	      182.00	    76199.00	        1.00	  5529912.00	      316.00
  5.88	  5622430.00	      194.00	    78802.00	        1.00	  5623074.00	      316.00
  5.89	  5716342.00	      199.00	    82276.00	        1.00	  5717027.00	      316.00
  5.90	  5812156.00	      212.00	    86518.00	        1.00	  5812898.00	      316.00
  5.91	  5909905.00	      232.00	    89503.00	        1.00	  5910698.00	      316.00
  5.92	  6009256.00	      255.00	    93554.00	        1.00	  6010114.00	      316.00
  5.93	  6110396.00	      282.00	    97491.00	        1.00	  6111322.00	      316.00
  5.94	  6213031.00	      297.00	   102811.00	        1.00	  6214027.00	      316.00
  5.95	  6316878.00	      318.00	   107635.00	        1.00	  6317945.00	      316.00
  5.96	  6422460.00	      322.00	   114258.00	        1.00	  6423599.00	      316.00
  5.97	  6530022.00	      338.00	   120745.00	        1.00	  6531244.00	      316.00
  5.98	  6639576.00	      372.00	   125250.00	        1.00	  6640879.00	      316.00
  5.99	  6750636.00	      400.00	   132710.00	        1.00	  6752044.00	      316.00
  6.00	  6863747.00	      417.00	   140987.00	        1.00	  6865257.00	      316.00
  6.01	  6979205.00	      422.00	   148252.00	        1.00	  6980795.00	      316.00
  6.02	  7096913.00	      435.00	   154717.00	        1.00	  7098583.00	      316.00
  6.03	  7215369.00	      456.00	   162260.00	        1.00	  7217138.00	      316.00
  6.04	  7335933.00	      490.00	   170980.00	        1.00	  7337826.00	      316.00
  6.05	  7459021.00	      535.00	   178976.00	        1.00	  7461042.00	      316.00
  6.06	  7583273.00	      585.00	   187538.00	        1.00	  7585433.00	      316.00
  6.07	  7710199.00	      625.00	   197786.00	        1.00	  7712505.00	      316.00
  6.08	  7839016.00	      694.00	   207406.00	        1.00	  7841491.00	      316.00
  6.09	  7970350.00	      736.00	   218431.00	        1.00	  7972981.00	      316.00
  6.10	  8104192.00	      789.00	   230737.00	        1.00	  8107003.00	      316.00
  6.11	  8239519.00	      847.00	   243706.00	        1.00	  8242522.00	      316.00
  6.12	  8377253.00	      896.00	   260036.00	        1.00	  8380473.00	      316.00
  6.13	  8517395.00	      976.00	   274652.00	        1.00	  8520846.00	      316.00
  6.14	  8659845.00	     1046.00	   291142.00	        1.00	  8663536.00	      316.00
  6.15	  8804710.00	     1114.00	   307940.00	        1.00	  8808642.00	      316.00
  6.16	  8952191.00	     1204.00	   326268.00	        1.00	  8956402.00	      316.00
  6.17	  9101918.00	     1334.00	   344603.00	        1.00	  9106449.00	      316.00
  6.18	  9254679.00	     1413.00	   365319.00	        1.00	  9259502.00	      316.00
  6.19	  9409509.00	     1515.00	   389018.00	        1.00	  9414678.00	      316.00
  6.20	  9566538.00	     1614.00	   416856.00	        1.00	  9572092.00	      316.00
  6.21	  9725413.00	     1767.00	   442794.00	        1.00	  9731388.00	      316.00
  6.22	  9887654.00	     1902.00	   470595.00	        1.00	  9894051.00	      316.00
  6.23	 10052124.00	     2024.00	   503566.00	        1.00	 10058982.00	      316.00
  6.24	 10219530.00	     2218.00	   537333.00	        1.00	 10226930.00	      316.00
  6.25	 10389781.00	     2436.00	   572976.00	        1.00	 10397767.00	      316.00
  6.26	 10562932.00	     2558.00	   619371.00	        1.00	 10571516.00	      316.00
  6.27	 10739317.00	     2759.00	   665342.00	        1.00	 10748575.00	      316.00
  6.28	 10918889.00	     3069.00	   710128.00	        1.00	 10928919.00	      316.00
  6.29	 11100673.00	     3370.00	   761025.00	        1.00	 11111529.00	      316.00
  6.30	 11286323.00	     3659.00	   821005.00	        1.00	 11298085.00	      316.00
  6.31	 11474631.00	     3980.00	   881947.00	        1.00	 11487341.00	      316.00
  6.32	 11665870.00	     4387.00	   952566.00	        1.00	 11679714.00	      316.00
  6.33	 11859887.00	     4767.00	  1025711.00	        1.00	 11874863.00	      316.00
  6.34	 12057584.00	     5177.00	  1106968.00	        1.00	 12073806.00	      316.00
  6.35	 12257706.00	     5710.00	  1189182.00	        1.00	 12275308.00	      316.00
  6.36	 12461446.00	     6245.00	  1285527.00	        1.00	 12480574.00	      316.00
  6.37	 12668103.00	     6898.00	  1388712.00	        1.00	 12688946.00	      316.00
  6.38	 12878429.00	     7632.00	  1500121.00	        1.00	 12901153.00	      316.00
  6.39	 13091781.00	     8324.00	  1625745.00	        1.00	 13116488.00	      316.00
  6.40	 13308602.00	     9012.00	  1772753.00	        1.00	 13335506.00	      316.00
  6.41	 13529998.00	     9910.00	  1924164.00	        1.00	 13559357.00	      316.00
  6.42	 13752762.00	    11180.00	  2079235.00	        1.00	 13784991.00	      316.00
  6.43	 13979629.00	    12152.00	  2267398.00	        1.00	 14014763.00	      316.00
  6.44	 14210328.00	    13274.00	  2478427.00	        1.00	 14248750.00	      316.00
  6.45	 14444700.00	    14527.00	  2709370.00	        1.00	 14486747.00	      316.00
  6.46	 14682248.00	    16078.00	  2955368.00	        1.00	 14728375.00	      316.00
  6.47	 14924364.00	    17783.00	  3230308.00	        1.00	 14975020.00	      316.00
  6.48	 15169884.00	    19699.00	  3531608.00	        1.00	 15225553.00	      316.00
  6.49	 15417353.00	    21833.00	  3867750.00	        1.00	 15478611.00	      316.00
  6.50	 15669185.00	    24331.00	  4229959.00	        1.00	 15736665.00	      316.00
  6.51	 15924951.00	    26960.00	  4639541.00	        1.00	 15999269.00	      316.00
  6.52	 16183438.00	    30058.00	  5093277.00	        1.00	 16265516.00	      316.00
  6.53	 16444566.00	    33421.00	  5604447.00	        1.00	 16535257.00	      316.00
  6.54	 16708510.00	    37204.00	  6174346.00	        1.00	 16808838.00	      316.00
  6.55	 16977552.00	    41524.00	  6790378.00	        1.00	 17088532.00	      316.00
  6.56	 17249123.00	    46373.00	  7484875.00	        1.00	 17372088.00	      316.00
  6.57	 17523869.00	    51810.00	  8268455.00	        1.00	 17660319.00	      316.00
  6.58	 17802215.00	    57843.00	  9142399.00	        1.00	 17953674.00	      316.00
  6.59	 18082410.00	    64847.00	 10119942.00	        1.00	 18250916.00	      316.00
  6.60	 18366152.00	    72724.00	 11219554.00	        1.00	 18553828.00	      316.00
  6.61	 18652256.00	    81760.00	 12448496.00	        1.00	 18861591.00	      316.00
  6.62	 18940500.00	    92001.00	 13834808.00	        1.00	 19174315.00	      316.00
  6.63	 19229427.00	   103441.00	 15382949.00	        1.00	 19490581.00	      316.00
  6.64	 19519192.00	   116358.00	 17145154.00	        1.00	 19811357.00	      316.00
  6.65	 19809085.00	   131517.00	 19104839.00	        1.00	 20136539.00	      316.00
  6.66	 20099738.00	   148262.00	 21354093.00	        1.00	 20467030.00	      316.00
  6.67	 20390340.00	   167741.00	 23856791.00	        1.00	 20802820.00	      316.00
  6.68	 20679714.00	   189392.00	 26712122.00	        1.00	 21143162.00	      316.00
  6.69	 20967793.00	   214768.00	 29905784.00	        1.00	 21489421.00	      316.00
  6.70	 21251282.00	   243269.00	 33545478.00	        1.00	 21838790.00	      316.00
  6.71	 21530574.00	   275623.00	 37681106.00	        1.00	 22192897.00	      316.00
  6.72	 21804285.00	   313507.00	 42363755.00	        1.00	 22552582.00	      316.00
  6.73	 22070645.00	   357072.00	 47666763.00	        1.00	 22916979.00	      316.00
  6.74	 22327656.00	   405425.00	 53767534.00	        1.00	 23284979.00	      316.00
  6.75	 22573422.00	   461231.00	 60659521.00	        1.00	 23657327.00	      316.00
  6.76	 22805418.00	   525414.00	 68473696.00	        1.00	 24033760.00	      316.00
  6.77	 23020680.00	   598331.00	 77400458.00	        1.00	 24413611.00	      316.00
  6.78	 23215073.00	   681909.00	 87582115.00	        1.00	 24796151.00	      316.00
  6.79	 23386932.00	   776483.00	 99278597.00	        1.00	 25182685.00	      316.00
  6.80	 23531512.00	   884982.00	112492016.00	        1.00	 25571470.00	      316.00
  6.81	 23643837.00	  1008188.00	127607185.00	        1.00	 25962226.00	      316.00
  6.82	 23718410.00	  1150198.00	144700616.00	        1.00	 26354408.00	      316.00
  6.83	 23751607.00	  1309413.00	164269828.00	        1.00	 26747824.00	      316.00
  6.84	 23736103.00	  1489761.00	186634880.00	        1.00	 27142380.00	      316.00
  6.85	 23664202.00	  1695087.00	211984758.00	        1.00	 27536231.00	      316.00
  6.86	 23528841.00	  1925954.00	240773893.00	        1.00	 27927516.00	      316.00
  6.87	 23323809.00	  2182130.00	273524481.00	        1.00	 28315142.00	      316.00
  6.88	 23042827.00	  2467492.00	310496956.00	        1.00	 28699438.00	      316.00
  6.89	 22676147.00	  2784196.00	352360832.00	        1.00	 29079676.00	      316.00
  6.90	 22218251.00	  3130136.00	399543384.00	        1.00	 29452629.00	      316.00
  6.91	 21662256.00	  3507943.00	452415649.00	        1.00	 29817955.00	      316.00
  6.92	 21005823.00	  3909524.00	511701405.00	        1.00	 30172550.00	      316.00
  6.93	 20242670.00	  4339563.00	577493416.00	        1.00	 30515991.00	      316.00
  6.94	 19375494.00	  4787182.00	650342986.00	        1.00	 30845691.00	      316.00
  6.95	 18404118.00	  5248841.00	730550031.00	        1.00	 31161107.00	      316.00
  6.96	 17337974.00	  5713305.00	817973463.00	        1.00	 31459076.00	      316.00
  6.97	 16187060.00	  6168215.00	912826318.00	        1.00	 31739478.00	      316.00
  6.98	 14968107.00	  6596643.00	1014889824.00	        1.00	 31999886.00	      316.00
  6.99	 13695140.00	  6988631.00	1123660261.00	        1.00	 32239395.00	      316.00
  7.00	 12390787.00	  7330430.00	1238271928.00	        1.00	 32458112.00	      316.00
  7.01	 11080800.00	  7601985.00	1358026920.00	        1.00	 32654589.00	      316.00
  7.02	  9789977.00	  7792988.00	1481533478.00	        1.00	 32829236.00	      316.00
  7.03	  8543295.00	  7893709.00	1607394477.00	        1.00	 32983010.00	      316.00
  7.04	  7362610.00	  7898353.00	1734067845.00	        1.00	 33116313.00	      316.00
  7.05	  6263709.00	  7806257.00	1860194383.00	        1.00	 33230354.00	      316.00
  7.06	  5264953.00	  7619806.00	1984022290.00	        1.00	 33327981.00	      316.00
  7.07	  4372532.00	  7349058.00	2103974717.00	        1.00	 33409355.00	      316.00
  7.08	  3587865.00	  7004066.00	2219142225.00	        1.00	 33476556.00	      316.00
  7.09	  2912197.00	  6598620.00	2328248413.00	        1.00	 33531581.00	      316.00
  7.10	  2337971.00	  6152201.00	2430252909.00	        1.00	 33575708.00	      316.00
  7.11	  1858296.00	  5678796.00	2524675127.00	        1.00	 33611038.00	      316.00
  7.12	  1462756.00	  5193602.00	2611206009.00	        1.00	 33639110.00	      316.00
  7.13	  1143278.00	  4708286.00	2689616895.00	        1.00	 33661130.00	      316.00
  7.14	   885991.00	  4233746.00	2760314109.00	        1.00	 33678156.00	      316.00
  7.15	   682668.00	  3779014.00	2823337868.00	        1.00	 33691318.00	      316.00
  7.16	   523227.00	  3350820.00	2879123715.00	        1.00	 33701670.00	      316.00
  7.17	   398850.00	  2954909.00	2928008331.00	        1.00	 33709520.00	      316.00
  7.18	   302426.00	  2593304.00	2970567623.00	        1.00	 33715569.00	      316.00
  7.19	   228357.00	  2264803.00	3007504581.00	        1.00	 33720109.00	      316.00
  7.20	   171807.00	  1970327.00	3039236655.00	        1.00	 33723509.00	      316.00
  7.21	   128584.00	  1706724.00	3066525153.00	        1.00	 33726040.00	      316.00
  7.22	    96537.00	  1473759.00	3089621187.00	        1.00	 33727899.00	      316.00
  7.23	    72259.00	  1270164.00	3109000428.00	        1.00	 33729224.00	      316.00
  7.24	    53818.00	  1091586.00	3125306579.00	        1.00	 33730261.00	      316.00
  7.25	    39969.00	   935906.00	3138877733.00	        1.00	 33731002.00	      316.00
  7.26	    29732.00	   800855.00	3150043477.00	        1.00	 33731590.00	      316.00
  7.27	    22010.00	   684494.00	3159097029.00	        1.00	 33732012.00	      316.00
  7.28	    16215.00	   584500.00	3166343155.00	        1.00	 33732317.00	      316.00
  7.29	    12136.00	   497870.00	3172096475.00	        1.00	 33732547.00	      316.00
  7.30	     9018.00	   423518.00	3176543579.00	        1.00	 33732736.00	      316.00
  7.31	     6630.00	   359895.00	3179855686.00	        1.00	 33732870.00	      316.00
  7.32	     4917.00	   305865.00	3182152632.00	        1.00	 33732966.00	      316.00
  7.33	     3619.00	   260059.00	3183598399.00	        1.00	 33733025.00	      316.00
  7.34	     2637.00	   220530.00	3184394996.00	        1.00	 33733086.00	      316.00
  7.35	     1928.00	   187068.00	3184566233.00	        1.00	 33733130.00	      316.00
  7.36	     1424.00	   158657.00	3184223019.00	        1.00	 33733160.00	      316.00
  7.37	     1035.00	   134299.00	3183472318.00	        1.00	 33733182.00	      316.00
  7.38	      762.00	   113682.00	3182339720.00	        1.00	 33733208.00	      316.00
  7.39	      592.00	    96135.00	3180898371.00	        1.00	 33733227.00	      316.00
  7.40	      458.00	    81471.00	3179172594.00	        1.00	 33733240.00	      316.00
  7.41	      343.00	    69018.00	3177225398.00	        1.00	 33733250.00	      316.00
  7.42	      253.00	    58477.00	3175091637.00	        1.00	 33733257.00	      316.00
  7.43	      182.00	    49514.00	3172803078.00	        1.00	 33733257.00	      316.00
  7.44	      136.00	    42006.00	3170373699.00	        1.00	 33733262.00	      316.00
  7.45	      101.00	    35591.00	3167836456.00	        1.00	 33733265.00	      316.00
  7.46	       75.00	    30017.00	3165218489.00	        1.00	 33733266.00	      316.00
  7.47	       57.00	    25399.00	3162508035.00	        1.00	 33733267.00	      316.00
  7.48	       42.00	    21547.00	3159728674.00	        1.00	 33733268.00	      316.00
  7.49	       33.00	    18199.00	3156898954.00	        1.00	 33733269.00	      316.00
  7.50	       23.00	    15391.00	3154018374.00	        1.00	 33733270.00	      316.00
  7.51	       17.00	    13025.00	3151097786.00	        1.00	 33733271.00	      316.00
  7.52	       11.00	    11015.00	3148145392.00	        1.00	 33733271.00	      316.00
  7.53	        7.00	     9267.00	3145165691.00	        1.00	 33733271.00	      316.00
  7.54	        6.00	     7794.00	3142169895.00	        1.00	 33733271.00	      316.00
  7.55	        4.00	     6594.00	3139146037.00	        1.00	 33733271.00	      316.00
  7.56	        4.00	     5572.00	3136108483.00	        1.00	 33733271.00	      316.00
  7.57	        3.00	     4730.00	3133055653.00	        1.00	 33733272.00	      316.00
  7.58	        3.00	     4019.00	3129992398.00	        1.00	 33733272.00	      316.00
  7.59	        3.00	     3415.00	3126921909.00	        1.00	 33733272.00	      316.00
  7.60	        1.00	     2848.00	3123850907.00	        1.00	 33733272.00	      316.00
  7.61	        1.00	     2384.00	3120776287.00	        1.00	 33733272.00	      316.00
  7.62	        1.00	     2048.00	3117691942.00	        1.00	 33733272.00	      316.00
  7.63	        0.00	     1745.00	3114607357.00	        0.00	 33733272.00	      316.00
  7.64	        0.00	     1500.00	3111519544.00	        0.00	 33733272.00	      316.00
  7.65	        0.00	     1285.00	3108429162.00	        0.00	 33733272.00	      316.00
  7.66	        0.00	     1087.00	3105340600.00	        0.00	 33733272.00	      316.00
  7.67	        0.00	      936.00	3102252955.00	        0.00	 33733272.00	      316.00
  7.68	        0.00	      795.00	3099164198.00	        0.00	 33733272.00	      316.00
  7.69	        0.00	      677.00	3096079183.00	        0.00	 33733272.00	      316.00
  7.70	        0.00	      585.00	3092991774.00	        0.00	 33733272.00	      316.00
  7.71	        0.00	      498.00	3089908609.00	        0.00	 33733272.00	      316.00
  7.72	        0.00	      414.00	3086829539.00	        0.00	 33733272.00	      316.00
  7.73	        0.00	      349.00	3083749538.00	        0.00	 33733272.00	      316.00
  7.74	        0.00	      297.00	3080671668.00	        0.00	 33733272.00	      297.00
  7.75	        0.00	      253.00	3077599100.00	        0.00	 33733272.00	      253.00
  7.76	        0.00	      208.00	3074524261.00	        0.00	 33733272.00	      208.00
  7.77	        0.00	      182.00	3071452083.00	        0.00	 33733272.00	      182.00
  7.78	        0.00	      152.00	3068383624.00	        0.00	 33733272.00	      152.00
  7.79	        0.00	      133.00	3065319686.00	        0.00	 33733272.00	      133.00
  7.80	        0.00	      115.00	3062255521.00	        0.00	 33733272.00	      115.00
  7.81	        0.00	      100.00	3059196061.00	        0.00	 33733272.00	      100.00
  7.82	        0.00	       81.00	3056141867.00	        0.00	 33733272.00	       81.00
  7.83	        0.00	       71.00	3053086829.00	        0.00	 33733272.00	       71.00
  7.84	        0.00	       61.00	3050035251.00	        0.00	 33733272.00	       61.00
  7.85	        0.00	       51.00	3046986628.00	        0.00	 33733272.00	       51.00
  7.86	        0.00	       44.00	3043942003.00	        0.00	 33733272.00	       44.00
  7.87	        0.00	       40.00	3040899317.00	        0.00	 33733272.00	       40.00
  7.88	        0.00	       37.00	3037860753.00	        0.00	 33733272.00	       37.00
  7.89	        0.00	       31.00	3034820911.00	        0.00	 33733272.00	       31.00
  7.90	        0.00	       24.00	3031786348.00	        0.00	 33733272.00	       24.00
  7.91	        0.00	       21.00	3028757269.00	        0.00	 33733272.00	       21.00
  7.92	        0.00	       19.00	3025731882.00	        0.00	 33733272.00	       19.00
  7.93	        0.00	       15.00	3022706849.00	        0.00	 33733272.00	       15.00
  7.94	        0.00	       12.00	3019686056.00	        0.00	 33733272.00	       12.00
  7.95	        0.00	       10.00	3016666371.00	        0.00	 33733272.00	       10.00
  7.96	        0.00	        8.00	3013649580.00	        0.00	 33733272.00	        8.00
  7.97	        0.00	        8.00	3010634912.00	        0.00	 33733272.00	        8.00
  7.98	        0.00	        7.00	3007626547.00	        0.00	 33733272.00	        7.00
  7.99	        0.00	        6.00	3004622538.00	        0.00	 33733272.00	        6.00
  8.00	        0.00	        5.00	3001618215.00	        0.00	 33733272.00	        5.00
  8.01	        0.00	        5.00	2998620402.00	        0.00	 33733272.00	        5.00
  8.02	        0.00	        5.00	2995621783.00	        0.00	 33733272.00	        5.00
  8.03	        0.00	        5.00	2992627921.00	        0.00	 33733272.00	        5.00
  8.04	        0.00	        4.00	2989634395.00	        0.00	 33733272.00	        4.00
  8.05	        0.00	        3.00	2986644829.00	        0.00	 33733272.00	        3.00
  8.06	        0.00	        1.00	2983658649.00	        0.00	 33733272.00	        1.00
  8.07	        0.00	        0.00	2980676119.00	        0.00	 33733272.00	        0.00
