Datatype: PopulationSize
  0.00	  3162278.00	        0.00	1000000000.00	        1.00	        0.00	  3162278.00
  0.01	  2906788.00	        0.00	1029359696.00	        1.00	    51329.00	  2891071.00
  0.02	  2665228.00	        0.00	1056854830.00	        1.00	    98057.00	  2647562.00
  0.03	  2435423.00	        0.00	1082763531.00	        1.00	   140766.00	  2417969.00
  0.04	  2221319.00	        0.00	1106727764.00	        1.00	   179792.00	  2203975.00
  0.05	  2021375.00	        0.00	1128945774.00	        1.00	   215569.00	  2004418.00
  0.06	  1835351.00	        0.00	1149445953.00	        1.00	   248138.00	  1818704.00
  0.07	  1663041.00	        0.00	1168269310.00	        1.00	   277693.00	  1646696.00
  0.08	  1504418.00	        0.00	1185441074.00	        1.00	   304418.00	  1488511.00
  0.09	  1358817.00	        0.00	1201082745.00	        1.00	   328885.00	  1342968.00
  0.10	  1225253.00	        0.00	1215241274.00	        1.00	   350535.00	  1209917.00
  0.11	  1102979.00	        0.00	1228026481.00	        1.00	   369752.00	  1088245.00
  0.12	   991932.00	        0.00	1239523537.00	        1.00	   387307.00	   977333.00
  0.13	   891239.00	        0.00	1249800860.00	        1.00	   402995.00	   876938.00
  0.14	   799879.00	        0.00	1258991503.00	        1.00	   417143.00	   785863.00
  0.15	   717953.00	        0.00	1267111529.00	        0.99	   430001.00	   704155.00
  0.16	   643418.00	        0.00	1274359771.00	        0.99	   441537.00	   630143.00
  0.17	   575799.00	        0.00	1280793564.00	        0.98	   451825.00	   562814.00
  0.18	   515052.00	        0.00	1286430234.00	        0.97	   460991.00	   502552.00
  0.19	   461418.00	        0.00	1291279563.00	        0.96	   469371.00	   449206.00
  0.20	   412562.00	        0.00	1295540981.00	        0.95	   476631.00	   400887.00
  0.21	   368583.00	        0.00	1299240620.00	        0.93	   483116.00	   357412.00
  0.22	   329308.00	        0.00	1302402839.00	        0.90	   488921.00	   318417.00
  0.23	   294042.00	        0.00	1305115010.00	        0.87	   494208.00	   283608.00
  0.24	   262382.00	        0.00	1307404966.00	        0.84	   498883.00	   252510.00
  0.25	   234337.00	        0.00	1309291459.00	        0.81	   503101.00	   224977.00
  0.26	   209004.00	        0.00	1310854603.00	        0.77	   506805.00	   200173.00
  0.27	   186307.00	        0.00	1312112220.00	        0.73	   510071.00	   177971.00
  0.28	   166332.00	        0.00	1313069556.00	        0.69	   513026.00	   158428.00
  0.29	   148031.00	        0.00	1313821955.00	        0.65	   515595.00	   140597.00
  0.30	   132043.00	        0.00	1314323857.00	        0.60	   517976.00	   125063.00
  0.31	   118004.00	        0.00	1314609442.00	        0.56	   520098.00	   111349.00
  0.32	   105350.00	        0.00	1314731295.00	        0.52	   521963.00	    99152.00
  0.33	    93927.00	        0.00	1314714410.00	        0.48	   523621.00	    88130.00
  0.34	    83710.00	        0.00	1314563619.00	        0.44	   525155.00	    78293.00
  0.35	    74594.00	        0.00	1314285914.00	        0.41	   526512.00	    69571.00
  0.36	    66580.00	        0.00	1313887088.00	        0.37	   527723.00	    61830.00
  0.37	    59430.00	        0.00	1313381927.00	        0.34	   528757.00	    55037.00
  0.38	    52909.00	        0.00	1312804110.00	        0.31	   529671.00	    48928.00
  0.39	    47266.00	        0.00	1312136041.00	        0.28	   530567.00	    43552.00
  0.40	    42100.00	        0.00	1311411011.00	        0.25	   531326.00	    38666.00
  0.41	    37477.00	        0.00	1310626260.00	        0.23	   532008.00	    34344.00
  0.42	    33279.00	        0.00	1309789484.00	        0.21	   532583.00	    30474.00
  0.43	    29762.00	        0.00	1308887877.00	        0.19	   533175.00	    27143.00
  0.44	    26492.00	        0.00	1307952022.00	        0.17	   533672.00	    24091.00
  0.45	    23569.00	        0.00	1306972574.00	        0.15	   534035.00	    21396.00
  0.46	    21023.00	        0.00	1305955715.00	        0.14	   534421.00	    19036.00
  0.47	    18822.00	        0.00	1304897669.00	        0.12	   534724.00	    17021.00
  0.48	    16766.00	        0.00	1303825640.00	        0.11	   535014.00	    15168.00
  0.49	    15066.00	        0.00	1302717512.00	        0.10	   535270.00	    13590.00
  0.50	    13464.00	        0.00	1301597432.00	        0.09	   535496.00	    12120.00
  0.51	    12058.00	        0.00	1300457148.00	        0.08	   535726.00	    10786.00
  0.52	    10747.00	        0.00	1299304734.00	        0.07	   535915.00	     9601.00
  0.53	     9647.00	        0.00	1298132321.00	        0.06	   536085.00	     8587.00
  0.54	     8638.00	        0.00	1296948083.00	        0.06	   536247.00	     7671.00
  0.55	     7663.00	        0.00	1295762028.00	        0.05	   536378.00	     6783.00
  0.56	     6863.00	        0.00	1294558571.00	        0.05	   536499.00	     6072.00
  0.57	     6143.00	        0.00	1293347309.00	        0.04	   536612.00	     5423.00
  0.58	     5469.00	        0.00	1292131492.00	        0.04	   536715.00	     4818.00
  0.59	     4886.00	        0.00	1290906169.00	        0.03	   536805.00	     4314.00
  0.60	     4340.00	        0.00	1289677584.00	        0.03	   536885.00	     3838.00
  0.61	     3828.00	        0.00	1288447651.00	        0.03	   536939.00	     3410.00
  0.62	     3429.00	        0.00	1287203514.00	        0.02	   537006.00	     3060.00
  0.63	     3083.00	        0.00	1285957586.00	        0.02	   537071.00	     2743.00
  0.64	     2772.00	        0.00	1284706802.00	        0.02	   537119.00	     2460.00
  0.65	     2476.00	        0.00	1283456175.00	        0.02	   537157.00	     2199.00
  0.66	     2208.00	        0.00	1282203411.00	        0.02	   537193.00	     1950.00
  0.67	     1962.00	        0.00	1280951970.00	        0.01	   537223.00	     1727.00
  0.68	     1746.00	        0.00	1279695664.00	        0.01	   537251.00	     1543.00
  0.69	     1563.00	        0.00	1278438148.00	        0.01	   537281.00	     1381.00
  0.70	     1431.00	        0.00	1277177503.00	        0.01	   537306.00	     1255.00
  0.71	     1295.00	        0.00	1275916285.00	        0.01	   537321.00	     1140.00
  0.72	     1147.00	        0.00	1274656578.00	        0.01	   537348.00	     1010.00
  0.73	     1023.00	        0.00	1273395648.00	        0.01	   537360.00	      905.00
  0.74	      910.00	        0.00	1272134447.00	        0.01	   537366.00	      813.00
  0.75	      819.00	        0.00	1270873265.00	        0.01	   537376.00	      739.00
  0.76	      746.00	        0.00	1269610591.00	        0.01	   537392.00	      663.00
  0.77	      669.00	        0.00	1268350364.00	        0.00	   537399.00	      594.00
  0.78	      594.00	        0.00	1267092321.00	        0.00	   537408.00	      533.00
  0.79	      522.00	        0.00	1265835916.00	        0.00	   537422.00	      460.00
  0.80	      474.00	        0.00	1264576004.00	        0.00	   537436.00	      414.00
  0.81	      413.00	        0.00	1263319811.00	        0.00	   537446.00	      359.00
  0.82	      373.00	        0.00	1262060406.00	        0.00	   537456.00	      324.00
  0.83	      336.00	        0.00	1260802647.00	        0.00	   537463.00	      287.00
  0.84	      301.00	        0.00	1259547266.00	        0.00	   537465.00	      257.00
  0.85	      276.00	        0.00	1258291484.00	        0.00	   537468.00	      234.00
  0.86	      237.00	        0.00	1257036152.00	        0.00	   537472.00	      202.00
  0.87	      208.00	        0.00	1255781006.00	        0.00	   537474.00	      178.00
  0.88	      190.00	        0.00	1254528264.00	        0.00	   537475.00	      163.00
  0.89	      177.00	        0.00	1253276777.00	        0.00	   537482.00	      146.00
  0.90	      158.00	        0.00	1252028096.00	        0.00	   537487.00	      132.00
  0.91	      133.00	        0.00	1250780973.00	        0.00	   537488.00	      112.00
  0.92	      118.00	        0.00	1249533085.00	        0.00	   537489.00	      101.00
  0.93	      110.00	        0.00	1248286252.00	        0.00	   537492.00	       93.00
  0.94	       96.00	        0.00	1247041138.00	        0.00	   537495.00	       80.00
  0.95	       86.00	        0.00	1245796388.00	        0.00	   537497.00	       73.00
  0.96	       74.00	        0.00	1244553895.00	        0.00	   537499.00	       64.00
  0.97	       62.00	        0.00	1243310198.00	        0.00	   537499.00	       54.00
  0.98	       57.00	        0.00	1242069073.00	        0.00	   537501.00	       49.00
  0.99	       49.00	        0.00	1240828579.00	        0.00	   537502.00	       43.00
  1.00	       47.00	        0.00	1239589018.00	        0.00	   537504.00	       40.00
  1.01	       41.00	        0.00	1238350615.00	        0.00	   537504.00	       36.00
  1.02	       38.00	        0.00	1237112149.00	        0.00	   537504.00	       33.00
  1.03	       31.00	        0.00	1235876132.00	        0.00	   537505.00	       25.00
  1.04	       26.00	        0.00	1234644759.00	        0.00	   537505.00	       21.00
  1.05	       24.00	        0.00	1233409925.00	        0.00	   537506.00	       20.00
  1.06	       23.00	        0.00	1232177500.00	        0.00	   537506.00	       19.00
  1.07	       19.00	        0.00	1230947388.00	        0.00	   537507.00	       16.00
  1.08	       16.00	        0.00	1229717315.00	        0.00	   537507.00	       14.00
  1.09	       16.00	        0.00	1228488336.00	        0.00	   537508.00	       13.00
  1.10	       15.00	        0.00	1227259234.00	        0.00	   537508.00	       12.00
  1.11	       13.00	        0.00	1226032339.00	        0.00	   537508.00	       11.00
  1.12	       10.00	        0.00	1224806142.00	        0.00	   537508.00	        9.00
  1.13	       10.00	        0.00	1223582258.00	        0.00	   537508.00	        9.00
  1.14	       10.00	        0.00	1222358088.00	        0.00	   537509.00	        9.00
  1.15	        9.00	        0.00	1221135982.00	        0.00	   537509.00	        8.00
  1.16	        7.00	        0.00	1219915477.00	        0.00	   537509.00	        7.00
  1.17	        6.00	        0.00	1218694179.00	        0.00	   537509.00	        6.00
  1.18	        6.00	        0.00	1217476671.00	        0.00	   537509.00	        6.00
  1.19	        4.00	        0.00	1216262067.00	        0.00	   537509.00	        4.00
  1.20	        4.00	        0.00	1215046863.00	        0.00	   537509.00	        4.00
  1.21	        3.00	        0.00	1213833241.00	        0.00	   537509.00	        3.00
  1.22	        1.00	        0.00	1212619840.00	        0.00	   537509.00	        1.00
  1.23	        1.00	        0.00	1211409233.00	        0.00	   537509.00	        1.00
  1.24	        1.00	        0.00	1210197753.00	        0.00	   537509.00	        1.00
  1.25	        1.00	        0.00	1208988504.00	        0.00	   537509.00	        1.00
  1.26	        1.00	        0.00	1207781916.00	        0.00	   537509.00	        1.00
  1.27	        1.00	        0.00	1206574216.00	        0.00	   537509.00	        1.00
  1.28	        1.00	        0.00	1205369312.00	        0.00	   537509.00	        1.00
  1.29	        1.00	        0.00	1204165643.00	        0.00	   537509.00	        1.00
  1.30	        1.00	        0.00	1202960410.00	        0.00	   537509.00	        1.00
  1.31	        0.00	        0.00	1201757461.00	        0.00	   537509.00	        0.00
