Datatype: PopulationSize
  0.00	        3.00	        0.00	      316.00	        1.00	        0.00	        3.00
  0.01	        3.00	        0.00	      315.00	        1.00	        0.00	        3.00
  0.02	        3.00	        0.00	      315.00	        1.00	        0.00	        3.00
  0.03	        3.00	        0.00	      315.00	        1.00	        0.00	        3.00
  0.04	        3.00	        0.00	      315.00	        1.00	        0.00	        3.00
  0.05	        4.00	        0.00	      315.00	        1.00	        1.00	        3.00
  0.06	        4.00	        0.00	      314.00	        1.00	        1.00	        3.00
  0.07	        4.00	        0.00	      313.00	        1.00	        1.00	        3.00
  0.08	        4.00	        0.00	      313.00	        1.00	        1.00	        3.00
  0.09	        4.00	        0.00	      313.00	        1.00	        1.00	        3.00
  0.10	        4.00	        0.00	      312.00	        1.00	        1.00	        3.00
  0.11	        4.00	        0.00	      312.00	        1.00	        1.00	        3.00
  0.12	        4.00	        0.00	      312.00	        1.00	        1.00	        3.00
  0.13	        4.00	        0.00	      312.00	        1.00	        1.00	        3.00
  0.14	        4.00	        0.00	      312.00	        1.00	        1.00	        3.00
  0.15	        4.00	        0.00	      311.00	        1.00	        1.00	        3.00
  0.16	        4.00	        0.00	      309.00	        1.00	        1.00	        3.00
  0.17	        4.00	        0.00	      309.00	        1.00	        1.00	        3.00
  0.18	        4.00	        0.00	      309.00	        1.00	        1.00	        3.00
  0.19	        4.00	        0.00	      308.00	        1.00	        1.00	        3.00
  0.20	        4.00	        0.00	      308.00	        1.00	        1.00	        3.00
  0.21	        4.00	        0.00	      308.00	        1.00	        1.00	        3.00
  0.22	        5.00	        0.00	      308.00	        1.00	        2.00	        3.00
  0.23	        5.00	        0.00	      308.00	        1.00	        2.00	        3.00
  0.24	        5.00	        0.00	      308.00	        1.00	        2.00	        3.00
  0.25	        5.00	        0.00	      308.00	        1.00	        2.00	        3.00
  0.26	        5.00	        0.00	      308.00	        1.00	        2.00	        3.00
  0.27	        5.00	        0.00	      308.00	        1.00	        2.00	        3.00
  0.28	        5.00	        0.00	      307.00	        1.00	        2.00	        3.00
  0.29	        5.00	        0.00	      307.00	        1.00	        2.00	        3.00
  0.30	        5.00	        0.00	      307.00	        1.00	        2.00	        3.00
  0.31	        5.00	        0.00	      307.00	        1.00	        2.00	        3.00
  0.32	        5.00	        0.00	      305.00	        1.00	        2.00	        3.00
  0.33	        5.00	        0.00	      303.00	        1.00	        2.00	        3.00
  0.34	        5.00	        0.00	      302.00	        1.00	        2.00	        3.00
  0.35	        6.00	        0.00	      302.00	        1.00	        3.00	        3.00
  0.36	        6.00	        0.00	      301.00	        1.00	        3.00	        3.00
  0.37	        6.00	        0.00	      301.00	        1.00	        3.00	        3.00
  0.38	        6.00	        0.00	      301.00	        1.00	        3.00	        3.00
  0.39	        6.00	        0.00	      299.00	        1.00	        3.00	        3.00
  0.40	        6.00	        0.00	      299.00	        1.00	        3.00	        3.00
  0.41	        6.00	        0.00	      299.00	        1.00	        3.00	        3.00
  0.42	        6.00	        0.00	      299.00	        1.00	        3.00	        3.00
  0.43	        6.00	        0.00	      299.00	        1.00	        3.00	        3.00
  0.44	        6.00	        0.00	      299.00	        1.00	        3.00	        3.00
  0.45	        7.00	        0.00	      299.00	        1.00	        4.00	        3.00
  0.46	        7.00	        0.00	      298.00	        1.00	        4.00	        3.00
  0.47	        7.00	        0.00	      297.00	        1.00	        4.00	        3.00
  0.48	        7.00	        0.00	      297.00	        1.00	        4.00	        3.00
  0.49	        7.00	        0.00	      297.00	        1.00	        4.00	        3.00
  0.50	        8.00	        0.00	      297.00	        1.00	        5.00	        3.00
  0.51	        8.00	        0.00	      297.00	        1.00	        5.00	        3.00
  0.52	        8.00	        0.00	      297.00	        1.00	        5.00	        3.00
  0.53	        9.00	        0.00	      297.00	        1.00	        6.00	        3.00
  0.54	        9.00	        0.00	      297.00	        1.00	        6.00	        3.00
  0.55	        9.00	        0.00	      297.00	        1.00	        6.00	        3.00
  0.56	        9.00	        0.00	      296.00	        1.00	        6.00	        3.00
  0.57	       10.00	        0.00	      294.00	        1.00	        7.00	        3.00
  0.58	       10.00	        0.00	      294.00	        1.00	        7.00	        3.00
  0.59	       10.00	        0.00	      294.00	        1.00	        7.00	        3.00
  0.60	       10.00	        0.00	      294.00	        1.00	        7.00	        3.00
  0.61	       10.00	        0.00	      293.00	        1.00	        7.00	        3.00
  0.62	       11.00	        0.00	      293.00	        1.00	        8.00	        3.00
  0.63	       12.00	        0.00	      293.00	        1.00	        9.00	        3.00
  0.64	       12.00	        0.00	      293.00	        1.00	        9.00	        3.00
  0.65	       12.00	        0.00	      293.00	        1.00	        9.00	        3.00
  0.66	       13.00	        0.00	      293.00	        1.00	       10.00	        3.00
  0.67	       13.00	        0.00	      293.00	        1.00	       10.00	        3.00
  0.68	       13.00	        0.00	      293.00	        1.00	       10.00	        3.00
  0.69	       14.00	        0.00	      293.00	        1.00	       11.00	        3.00
  0.70	       14.00	        0.00	      293.00	        1.00	       11.00	        3.00
  0.71	       14.00	        0.00	      292.00	        1.00	       11.00	        3.00
  0.72	       14.00	        0.00	      291.00	        1.00	       11.00	        3.00
  0.73	       14.00	        0.00	      291.00	        1.00	       11.00	        3.00
  0.74	       14.00	        0.00	      290.00	        1.00	       11.00	        3.00
  0.75	       15.00	        0.00	      290.00	        1.00	       12.00	        3.00
  0.76	       15.00	        0.00	      290.00	        1.00	       12.00	        3.00
  0.77	       16.00	        0.00	      289.00	        1.00	       13.00	        3.00
  0.78	       16.00	        0.00	      289.00	        1.00	       13.00	        3.00
  0.79	       17.00	        0.00	      289.00	        1.00	       14.00	        3.00
  0.80	       18.00	        0.00	      289.00	        1.00	       15.00	        3.00
  0.81	       18.00	        0.00	      288.00	        1.00	       15.00	        3.00
  0.82	       18.00	        0.00	      287.00	        1.00	       15.00	        3.00
  0.83	       18.00	        0.00	      287.00	        1.00	       15.00	        3.00
  0.84	       18.00	        0.00	      286.00	        1.00	       15.00	        3.00
  0.85	       19.00	        0.00	      286.00	        1.00	       16.00	        3.00
  0.86	       20.00	        0.00	      286.00	        1.00	       17.00	        3.00
  0.87	       21.00	        0.00	      286.00	        1.00	       18.00	        3.00
  0.88	       22.00	        0.00	      285.00	        1.00	       19.00	        3.00
  0.89	       22.00	        0.00	      284.00	        1.00	       19.00	        3.00
  0.90	       22.00	        0.00	      283.00	        1.00	       19.00	        3.00
  0.91	       23.00	        0.00	      282.00	        1.00	       20.00	        3.00
  0.92	       23.00	        0.00	      281.00	        1.00	       20.00	        3.00
  0.93	       24.00	        0.00	      281.00	        1.00	       21.00	        3.00
  0.94	       24.00	        0.00	      281.00	        1.00	       21.00	        3.00
  0.95	       24.00	        0.00	      278.00	        1.00	       21.00	        3.00
  0.96	       26.00	        0.00	      277.00	        1.00	       23.00	        3.00
  0.97	       26.00	        0.00	      277.00	        1.00	       23.00	        3.00
  0.98	       26.00	        0.00	      277.00	        1.00	       23.00	        3.00
  0.99	       27.00	        0.00	      277.00	        1.00	       24.00	        3.00
  1.00	       28.00	        0.00	      277.00	        1.00	       25.00	        3.00
  1.01	       28.00	        0.00	      277.00	        1.00	       25.00	        3.00
  1.02	       28.00	        0.00	      277.00	        1.00	       25.00	        3.00
  1.03	       28.00	        0.00	      277.00	        1.00	       25.00	        3.00
  1.04	       28.00	        0.00	      277.00	        1.00	       25.00	        3.00
  1.05	       29.00	        0.00	      277.00	        1.00	       26.00	        3.00
  1.06	       30.00	        0.00	      276.00	        1.00	       27.00	        3.00
  1.07	       30.00	        0.00	      276.00	        1.00	       27.00	        3.00
  1.08	       30.00	        0.00	      276.00	        1.00	       27.00	        3.00
  1.09	       30.00	        0.00	      276.00	        1.00	       27.00	        3.00
  1.10	       30.00	        0.00	      276.00	        1.00	       27.00	        3.00
  1.11	       32.00	        0.00	      275.00	        1.00	       29.00	        3.00
  1.12	       32.00	        0.00	      275.00	        1.00	       29.00	        3.00
  1.13	       32.00	        0.00	      275.00	        1.00	       29.00	        3.00
  1.14	       32.00	        0.00	      275.00	        1.00	       29.00	        3.00
  1.15	       33.00	        0.00	      274.00	        1.00	       30.00	        3.00
  1.16	       33.00	        0.00	      274.00	        1.00	       30.00	        3.00
  1.17	       34.00	        0.00	      274.00	        1.00	       31.00	        3.00
  1.18	       34.00	        0.00	      273.00	        1.00	       31.00	        3.00
  1.19	       34.00	        0.00	      273.00	        1.00	       31.00	        3.00
  1.20	       34.00	        0.00	      273.00	        1.00	       31.00	        3.00
  1.21	       35.00	        0.00	      273.00	        1.00	       32.00	        3.00
  1.22	       36.00	        0.00	      273.00	        1.00	       33.00	        3.00
  1.23	       39.00	        0.00	      273.00	        1.00	       36.00	        3.00
  1.24	       40.00	        0.00	      271.00	        1.00	       37.00	        3.00
  1.25	       40.00	        0.00	      271.00	        1.00	       37.00	        3.00
  1.26	       43.00	        0.00	      271.00	        1.00	       40.00	        3.00
  1.27	       43.00	        0.00	      271.00	        1.00	       40.00	        3.00
  1.28	       43.00	        0.00	      271.00	        1.00	       40.00	        3.00
  1.29	       44.00	        0.00	      271.00	        1.00	       41.00	        3.00
  1.30	       44.00	        0.00	      270.00	        1.00	       41.00	        3.00
  1.31	       46.00	        0.00	      268.00	        1.00	       43.00	        3.00
  1.32	       46.00	        0.00	      267.00	        1.00	       43.00	        3.00
  1.33	       46.00	        0.00	      267.00	        1.00	       43.00	        3.00
  1.34	       49.00	        0.00	      267.00	        1.00	       46.00	        3.00
  1.35	       50.00	        0.00	      267.00	        1.00	       47.00	        3.00
  1.36	       50.00	        0.00	      267.00	        1.00	       47.00	        3.00
  1.37	       51.00	        0.00	      267.00	        1.00	       48.00	        3.00
  1.38	       53.00	        0.00	      267.00	        1.00	       50.00	        3.00
  1.39	       53.00	        0.00	      265.00	        1.00	       50.00	        3.00
  1.40	       55.00	        0.00	      265.00	        1.00	       52.00	        3.00
  1.41	       55.00	        0.00	      265.00	        1.00	       52.00	        3.00
  1.42	       55.00	        0.00	      264.00	        1.00	       52.00	        3.00
  1.43	       56.00	        0.00	      264.00	        1.00	       53.00	        3.00
  1.44	       57.00	        0.00	      264.00	        1.00	       54.00	        3.00
  1.45	       57.00	        0.00	      263.00	        1.00	       54.00	        3.00
  1.46	       58.00	        0.00	      263.00	        1.00	       55.00	        3.00
  1.47	       58.00	        0.00	      263.00	        1.00	       55.00	        3.00
  1.48	       58.00	        0.00	      263.00	        1.00	       55.00	        3.00
  1.49	       60.00	        0.00	      263.00	        1.00	       57.00	        3.00
  1.50	       60.00	        0.00	      263.00	        1.00	       57.00	        3.00
  1.51	       60.00	        0.00	      263.00	        1.00	       57.00	        3.00
  1.52	       60.00	        0.00	      263.00	        1.00	       57.00	        3.00
  1.53	       60.00	        0.00	      263.00	        1.00	       57.00	        3.00
  1.54	       64.00	        0.00	      263.00	        1.00	       61.00	        3.00
  1.55	       66.00	        0.00	      263.00	        1.00	       63.00	        3.00
  1.56	       68.00	        0.00	      262.00	        1.00	       65.00	        3.00
  1.57	       68.00	        0.00	      262.00	        1.00	       65.00	        3.00
  1.58	       68.00	        0.00	      262.00	        1.00	       65.00	        3.00
  1.59	       69.00	        0.00	      262.00	        1.00	       66.00	        3.00
  1.60	       73.00	        0.00	      262.00	        1.00	       70.00	        3.00
  1.61	       75.00	        0.00	      262.00	        1.00	       72.00	        3.00
  1.62	       78.00	        0.00	      262.00	        1.00	       75.00	        3.00
  1.63	       79.00	        0.00	      261.00	        1.00	       76.00	        3.00
  1.64	       80.00	        0.00	      261.00	        1.00	       77.00	        3.00
  1.65	       81.00	        0.00	      261.00	        1.00	       78.00	        3.00
  1.66	       83.00	        0.00	      261.00	        1.00	       80.00	        3.00
  1.67	       85.00	        0.00	      261.00	        1.00	       82.00	        3.00
  1.68	       86.00	        0.00	      261.00	        1.00	       83.00	        3.00
  1.69	       88.00	        0.00	      261.00	        1.00	       85.00	        3.00
  1.70	       92.00	        0.00	      261.00	        1.00	       89.00	        3.00
  1.71	       92.00	        0.00	      261.00	        1.00	       89.00	        3.00
  1.72	       95.00	        0.00	      261.00	        1.00	       92.00	        3.00
  1.73	       97.00	        0.00	      261.00	        1.00	       94.00	        3.00
  1.74	       97.00	        0.00	      261.00	        1.00	       94.00	        3.00
  1.75	      100.00	        0.00	      261.00	        1.00	       97.00	        3.00
  1.76	      103.00	        0.00	      261.00	        1.00	      100.00	        3.00
  1.77	      104.00	        0.00	      260.00	        1.00	      101.00	        3.00
  1.78	      105.00	        0.00	      259.00	        1.00	      102.00	        3.00
  1.79	      106.00	        0.00	      259.00	        1.00	      103.00	        3.00
  1.80	      109.00	        0.00	      259.00	        1.00	      106.00	        3.00
  1.81	      113.00	        0.00	      259.00	        1.00	      110.00	        3.00
  1.82	      118.00	        0.00	      259.00	        1.00	      115.00	        3.00
  1.83	      120.00	        0.00	      259.00	        1.00	      117.00	        3.00
  1.84	      126.00	        0.00	      259.00	        1.00	      123.00	        3.00
  1.85	      128.00	        0.00	      259.00	        1.00	      125.00	        3.00
  1.86	      129.00	        0.00	      259.00	        1.00	      126.00	        3.00
  1.87	      131.00	        0.00	      258.00	        1.00	      128.00	        3.00
  1.88	      133.00	        0.00	      258.00	        1.00	      130.00	        3.00
  1.89	      135.00	        0.00	      257.00	        1.00	      132.00	        3.00
  1.90	      135.00	        0.00	      256.00	        1.00	      132.00	        3.00
  1.91	      135.00	        0.00	      256.00	        1.00	      132.00	        3.00
  1.92	      135.00	        0.00	      255.00	        1.00	      132.00	        3.00
  1.93	      137.00	        0.00	      255.00	        1.00	      134.00	        3.00
  1.94	      140.00	        0.00	      255.00	        1.00	      137.00	        3.00
  1.95	      141.00	        0.00	      255.00	        1.00	      138.00	        3.00
  1.96	      142.00	        0.00	      255.00	        1.00	      139.00	        3.00
  1.97	      142.00	        0.00	      255.00	        1.00	      139.00	        3.00
  1.98	      143.00	        0.00	      255.00	        1.00	      140.00	        3.00
  1.99	      146.00	        0.00	      255.00	        1.00	      143.00	        3.00
  2.00	      148.00	        0.00	      255.00	        1.00	      145.00	        3.00
  2.01	      150.00	        0.00	      255.00	        1.00	      147.00	        3.00
  2.02	      155.00	        0.00	      255.00	        1.00	      152.00	        3.00
  2.03	      159.00	        0.00	      255.00	        1.00	      156.00	        3.00
  2.04	      161.00	        0.00	      253.00	        1.00	      158.00	        3.00
  2.05	      166.00	        0.00	      253.00	        1.00	      163.00	        3.00
  2.06	      174.00	        0.00	      253.00	        1.00	      171.00	        3.00
  2.07	      174.00	        0.00	      253.00	        1.00	      171.00	        3.00
  2.08	      176.00	        0.00	      253.00	        1.00	      173.00	        3.00
  2.09	      178.00	        0.00	      253.00	        1.00	      175.00	        3.00
  2.10	      180.00	        0.00	      253.00	        1.00	      177.00	        3.00
  2.11	      183.00	        0.00	      253.00	        1.00	      180.00	        3.00
  2.12	      186.00	        0.00	      253.00	        1.00	      183.00	        3.00
  2.13	      192.00	        0.00	      253.00	        1.00	      189.00	        3.00
  2.14	      195.00	        0.00	      253.00	        1.00	      192.00	        3.00
  2.15	      197.00	        0.00	      253.00	        1.00	      194.00	        3.00
  2.16	      198.00	        0.00	      252.00	        1.00	      195.00	        3.00
  2.17	      201.00	        0.00	      252.00	        1.00	      198.00	        3.00
  2.18	      204.00	        0.00	      252.00	        1.00	      201.00	        3.00
  2.19	      207.00	        0.00	      252.00	        1.00	      204.00	        3.00
  2.20	      210.00	        0.00	      252.00	        1.00	      207.00	        3.00
  2.21	      218.00	        0.00	      252.00	        1.00	      215.00	        3.00
  2.22	      221.00	        0.00	      251.00	        1.00	      218.00	        3.00
  2.23	      228.00	        0.00	      251.00	        1.00	      225.00	        3.00
  2.24	      231.00	        0.00	      251.00	        1.00	      228.00	        3.00
  2.25	      237.00	        0.00	      251.00	        1.00	      234.00	        3.00
  2.26	      238.00	        0.00	      251.00	        1.00	      235.00	        3.00
  2.27	      243.00	        0.00	      251.00	        1.00	      240.00	        3.00
  2.28	      246.00	        0.00	      250.00	        1.00	      243.00	        3.00
  2.29	      249.00	        0.00	      250.00	        1.00	      246.00	        3.00
  2.30	      252.00	        0.00	      250.00	        1.00	      249.00	        3.00
  2.31	      259.00	        0.00	      250.00	        1.00	      256.00	        3.00
  2.32	      262.00	        0.00	      250.00	        1.00	      259.00	        3.00
  2.33	      267.00	        0.00	      250.00	        1.00	      264.00	        3.00
  2.34	      273.00	        0.00	      250.00	        1.00	      270.00	        3.00
  2.35	      276.00	        0.00	      250.00	        1.00	      273.00	        3.00
  2.36	      278.00	        0.00	      250.00	        1.00	      275.00	        3.00
  2.37	      280.00	        0.00	      250.00	        1.00	      277.00	        3.00
  2.38	      284.00	        0.00	      250.00	        1.00	      281.00	        3.00
  2.39	      287.00	        0.00	      249.00	        1.00	      284.00	        3.00
  2.40	      297.00	        0.00	      249.00	        1.00	      294.00	        3.00
  2.41	      301.00	        0.00	      249.00	        1.00	      298.00	        3.00
  2.42	      307.00	        0.00	      249.00	        1.00	      304.00	        3.00
  2.43	      312.00	        0.00	      248.00	        1.00	      309.00	        3.00
  2.44	      316.00	        0.00	      248.00	        1.00	      313.00	        3.00
  2.45	      319.00	        0.00	      247.00	        1.00	      316.00	        3.00
  2.46	      323.00	        0.00	      247.00	        1.00	      320.00	        3.00
  2.47	      330.00	        0.00	      246.00	        1.00	      327.00	        3.00
  2.48	      333.00	        0.00	      246.00	        1.00	      330.00	        3.00
  2.49	      337.00	        0.00	      246.00	        1.00	      334.00	        3.00
  2.50	      342.00	        0.00	      246.00	        1.00	      339.00	        3.00
  2.51	      346.00	        0.00	      246.00	        1.00	      343.00	        3.00
  2.52	      352.00	        0.00	      245.00	        1.00	      349.00	        3.00
  2.53	      359.00	        0.00	      245.00	        1.00	      356.00	        3.00
  2.54	      367.00	        0.00	      245.00	        1.00	      364.00	        3.00
  2.55	      379.00	        0.00	      245.00	        1.00	      376.00	        3.00
  2.56	      386.00	        0.00	      245.00	        1.00	      383.00	        3.00
  2.57	      393.00	        0.00	      245.00	        1.00	      390.00	        3.00
  2.58	      396.00	        0.00	      245.00	        1.00	      393.00	        3.00
  2.59	      405.00	        0.00	      244.00	        1.00	      402.00	        3.00
  2.60	      412.00	        0.00	      244.00	        1.00	      409.00	        3.00
  2.61	      418.00	        0.00	      244.00	        1.00	      415.00	        3.00
  2.62	      421.00	        0.00	      244.00	        1.00	      418.00	        3.00
  2.63	      431.00	        0.00	      244.00	        1.00	      428.00	        3.00
  2.64	      441.00	        0.00	      243.00	        1.00	      438.00	        3.00
  2.65	      448.00	        0.00	      243.00	        1.00	      445.00	        3.00
  2.66	      456.00	        0.00	      243.00	        1.00	      453.00	        3.00
  2.67	      463.00	        0.00	      243.00	        1.00	      460.00	        3.00
  2.68	      472.00	        0.00	      243.00	        1.00	      469.00	        3.00
  2.69	      480.00	        0.00	      243.00	        1.00	      477.00	        3.00
  2.70	      485.00	        0.00	      242.00	        1.00	      482.00	        3.00
  2.71	      494.00	        0.00	      242.00	        1.00	      491.00	        3.00
  2.72	      498.00	        0.00	      241.00	        1.00	      495.00	        3.00
  2.73	      511.00	        0.00	      240.00	        1.00	      508.00	        3.00
  2.74	      518.00	        0.00	      240.00	        1.00	      515.00	        3.00
  2.75	      523.00	        0.00	      239.00	        1.00	      520.00	        3.00
  2.76	      535.00	        0.00	      239.00	        1.00	      532.00	        3.00
  2.77	      543.00	        0.00	      239.00	        1.00	      540.00	        3.00
  2.78	      557.00	        0.00	      238.00	        1.00	      554.00	        3.00
  2.79	      564.00	        0.00	      238.00	        1.00	      561.00	        3.00
  2.80	      573.00	        0.00	      238.00	        1.00	      570.00	        3.00
  2.81	      587.00	        0.00	      238.00	        1.00	      584.00	        3.00
  2.82	      599.00	        0.00	      238.00	        1.00	      596.00	        3.00
  2.83	      611.00	        0.00	      238.00	        1.00	      608.00	        3.00
  2.84	      623.00	        0.00	      238.00	        1.00	      620.00	        3.00
  2.85	      637.00	        0.00	      238.00	        1.00	      634.00	        3.00
  2.86	      642.00	        0.00	      238.00	        1.00	      639.00	        3.00
  2.87	      651.00	        0.00	      238.00	        1.00	      648.00	        3.00
  2.88	      662.00	        0.00	      238.00	        1.00	      659.00	        3.00
  2.89	      688.00	        0.00	      238.00	        1.00	      685.00	        3.00
  2.90	      705.00	        0.00	      238.00	        1.00	      702.00	        3.00
  2.91	      720.00	        0.00	      238.00	        1.00	      717.00	        3.00
  2.92	      731.00	        0.00	      238.00	        1.00	      728.00	        3.00
  2.93	      748.00	        0.00	      237.00	        1.00	      745.00	        3.00
  2.94	      762.00	        0.00	      237.00	        1.00	      759.00	        3.00
  2.95	      771.00	        0.00	      237.00	        1.00	      768.00	        3.00
  2.96	      779.00	        0.00	      237.00	        1.00	      776.00	        3.00
  2.97	      798.00	        0.00	      237.00	        1.00	      795.00	        3.00
  2.98	      813.00	        0.00	      237.00	        1.00	      810.00	        3.00
  2.99	      834.00	        0.00	      237.00	        1.00	      831.00	        3.00
  3.00	      845.00	        0.00	      237.00	        1.00	      842.00	        3.00
  3.01	      856.00	        0.00	      237.00	        1.00	      853.00	        3.00
  3.02	      872.00	        0.00	      236.00	        1.00	      869.00	        3.00
  3.03	      887.00	        0.00	      236.00	        1.00	      884.00	        3.00
  3.04	      900.00	        0.00	      236.00	        1.00	      897.00	        3.00
  3.05	      919.00	        0.00	      236.00	        1.00	      916.00	        3.00
  3.06	      928.00	        0.00	      236.00	        1.00	      925.00	        3.00
  3.07	      946.00	        0.00	      236.00	        1.00	      943.00	        3.00
  3.08	      961.00	        0.00	      236.00	        1.00	      958.00	        3.00
  3.09	      981.00	        0.00	      236.00	        1.00	      978.00	        3.00
  3.10	      998.00	        0.00	      235.00	        1.00	      995.00	        3.00
  3.11	     1011.00	        0.00	      234.00	        1.00	     1008.00	        3.00
  3.12	     1029.00	        0.00	      233.00	        1.00	     1026.00	        3.00
  3.13	     1043.00	        0.00	      233.00	        1.00	     1040.00	        3.00
  3.14	     1065.00	        0.00	      233.00	        1.00	     1062.00	        3.00
  3.15	     1083.00	        0.00	      233.00	        1.00	     1080.00	        3.00
  3.16	     1106.00	        0.00	      233.00	        1.00	     1103.00	        3.00
  3.17	     1123.00	        0.00	      233.00	        1.00	     1120.00	        3.00
  3.18	     1140.00	        0.00	      233.00	        1.00	     1137.00	        3.00
  3.19	     1157.00	        0.00	      232.00	        1.00	     1154.00	        3.00
  3.20	     1170.00	        0.00	      232.00	        1.00	     1167.00	        3.00
  3.21	     1189.00	        0.00	      232.00	        1.00	     1186.00	        3.00
  3.22	     1209.00	        0.00	      232.00	        1.00	     1206.00	        3.00
  3.23	     1231.00	        0.00	      231.00	        1.00	     1228.00	        3.00
  3.24	     1252.00	        0.00	      231.00	        1.00	     1249.00	        3.00
  3.25	     1266.00	        0.00	      231.00	        1.00	     1263.00	        3.00
  3.26	     1293.00	        0.00	      231.00	        1.00	     1290.00	        3.00
  3.27	     1308.00	        0.00	      231.00	        1.00	     1305.00	        3.00
  3.28	     1339.00	        0.00	      230.00	        1.00	     1336.00	        3.00
  3.29	     1360.00	        0.00	      230.00	        1.00	     1357.00	        3.00
  3.30	     1386.00	        0.00	      229.00	        1.00	     1383.00	        3.00
  3.31	     1412.00	        0.00	      229.00	        1.00	     1409.00	        3.00
  3.32	     1429.00	        0.00	      229.00	        1.00	     1426.00	        3.00
  3.33	     1445.00	        0.00	      229.00	        1.00	     1442.00	        3.00
  3.34	     1470.00	        0.00	      229.00	        1.00	     1467.00	        3.00
  3.35	     1494.00	        0.00	      229.00	        1.00	     1491.00	        3.00
  3.36	     1514.00	        0.00	      229.00	        1.00	     1511.00	        3.00
  3.37	     1534.00	        0.00	      229.00	        1.00	     1531.00	        3.00
  3.38	     1554.00	        0.00	      227.00	        1.00	     1551.00	        3.00
  3.39	     1580.00	        0.00	      227.00	        1.00	     1577.00	        3.00
  3.40	     1622.00	        0.00	      227.00	        1.00	     1619.00	        3.00
  3.41	     1647.00	        0.00	      227.00	        1.00	     1644.00	        3.00
  3.42	     1678.00	        0.00	      226.00	        1.00	     1675.00	        3.00
  3.43	     1700.00	        0.00	      226.00	        1.00	     1697.00	        3.00
  3.44	     1738.00	        0.00	      226.00	        1.00	     1735.00	        3.00
  3.45	     1768.00	        0.00	      225.00	        1.00	     1765.00	        3.00
  3.46	     1801.00	        0.00	      225.00	        1.00	     1798.00	        3.00
  3.47	     1835.00	        0.00	      225.00	        1.00	     1832.00	        3.00
  3.48	     1858.00	        0.00	      225.00	        1.00	     1855.00	        3.00
  3.49	     1878.00	        0.00	      225.00	        1.00	     1875.00	        3.00
  3.50	     1918.00	        0.00	      224.00	        1.00	     1915.00	        3.00
  3.51	     1952.00	        0.00	      223.00	        1.00	     1949.00	        3.00
  3.52	     1985.00	        0.00	      223.00	        1.00	     1982.00	        3.00
  3.53	     2007.00	        0.00	      223.00	        1.00	     2004.00	        3.00
  3.54	     2044.00	        0.00	      223.00	        1.00	     2041.00	        3.00
  3.55	     2070.00	        0.00	      223.00	        1.00	     2067.00	        3.00
  3.56	     2102.00	        0.00	      223.00	        1.00	     2099.00	        3.00
  3.57	     2138.00	        0.00	      222.00	        1.00	     2135.00	        3.00
  3.58	     2178.00	        0.00	      222.00	        1.00	     2175.00	        3.00
  3.59	     2212.00	        0.00	      222.00	        1.00	     2209.00	        3.00
  3.60	     2245.00	        0.00	      221.00	        1.00	     2242.00	        3.00
  3.61	     2288.00	        0.00	      221.00	        1.00	     2285.00	        3.00
  3.62	     2333.00	        0.00	      221.00	        1.00	     2330.00	        3.00
  3.63	     2379.00	        0.00	      220.00	        1.00	     2376.00	        3.00
  3.64	     2415.00	        0.00	      220.00	        1.00	     2412.00	        3.00
  3.65	     2455.00	        0.00	      220.00	        1.00	     2452.00	        3.00
  3.66	     2493.00	        0.00	      220.00	        1.00	     2490.00	        3.00
  3.67	     2528.00	        0.00	      220.00	        1.00	     2525.00	        3.00
  3.68	     2571.00	        0.00	      220.00	        1.00	     2568.00	        3.00
  3.69	     2603.00	        0.00	      219.00	        1.00	     2600.00	        3.00
  3.70	     2654.00	        0.00	      219.00	        1.00	     2651.00	        3.00
  3.71	     2697.00	        0.00	      219.00	        1.00	     2694.00	        3.00
  3.72	     2735.00	        0.00	      219.00	        1.00	     2732.00	        3.00
  3.73	     2783.00	        0.00	      219.00	        1.00	     2780.00	        3.00
  3.74	     2829.00	        0.00	      219.00	        1.00	     2826.00	        3.00
  3.75	     2873.00	        0.00	      219.00	        1.00	     2870.00	        3.00
  3.76	     2922.00	        0.00	      219.00	        1.00	     2919.00	        3.00
  3.77	     2967.00	        0.00	      218.00	        1.00	     2964.00	        3.00
  3.78	     3013.00	        0.00	      218.00	        1.00	     3010.00	        3.00
  3.79	     3066.00	        0.00	      218.00	        1.00	     3063.00	        3.00
  3.80	     3108.00	        0.00	      218.00	        1.00	     3105.00	        3.00
  3.81	     3139.00	        0.00	      218.00	        1.00	     3136.00	        3.00
  3.82	     3196.00	        0.00	      218.00	        1.00	     3193.00	        3.00
  3.83	     3258.00	        0.00	      218.00	        1.00	     3255.00	        3.00
  3.84	     3308.00	        0.00	      218.00	        1.00	     3305.00	        3.00
  3.85	     3372.00	        0.00	      218.00	        1.00	     3369.00	        3.00
  3.86	     3439.00	        0.00	      218.00	        1.00	     3436.00	        3.00
  3.87	     3508.00	        0.00	      218.00	        1.00	     3505.00	        3.00
  3.88	     3557.00	        0.00	      218.00	        1.00	     3554.00	        3.00
  3.89	     3634.00	        0.00	      218.00	        1.00	     3631.00	        3.00
  3.90	     3691.00	        0.00	      217.00	        1.00	     3688.00	        3.00
  3.91	     3749.00	        0.00	      217.00	        1.00	     3746.00	        3.00
  3.92	     3804.00	        0.00	      217.00	        1.00	     3801.00	        3.00
  3.93	     3876.00	        0.00	      216.00	        1.00	     3873.00	        3.00
  3.94	     3939.00	        0.00	      216.00	        1.00	     3936.00	        3.00
  3.95	     4005.00	        0.00	      215.00	        1.00	     4002.00	        3.00
  3.96	     4064.00	        0.00	      215.00	        1.00	     4061.00	        3.00
  3.97	     4155.00	        0.00	      215.00	        1.00	     4152.00	        3.00
  3.98	     4210.00	        0.00	      215.00	        1.00	     4207.00	        3.00
  3.99	     4281.00	        0.00	      214.00	        1.00	     4278.00	        3.00
  4.00	     4360.00	        0.00	      214.00	        1.00	     4357.00	        3.00
  4.01	     4428.00	        0.00	      214.00	        1.00	     4425.00	        3.00
  4.02	     4498.00	        0.00	      214.00	        1.00	     4495.00	        3.00
  4.03	     4576.00	        0.00	      214.00	        1.00	     4573.00	        3.00
  4.04	     4662.00	        0.00	      214.00	        1.00	     4659.00	        3.00
  4.05	     4757.00	        0.00	      214.00	        1.00	     4754.00	        3.00
  4.06	     4840.00	        0.00	      213.00	        1.00	     4837.00	        3.00
  4.07	     4919.00	        0.00	      213.00	        1.00	     4916.00	        3.00
  4.08	     4993.00	        0.00	      213.00	        1.00	     4990.00	        3.00
  4.09	     5075.00	        0.00	      213.00	        1.00	     5072.00	        3.00
  4.10	     5165.00	        0.00	      213.00	        1.00	     5162.00	        3.00
  4.11	     5261.00	        0.00	      213.00	        1.00	     5258.00	        3.00
  4.12	     5368.00	        0.00	      213.00	        1.00	     5365.00	        3.00
  4.13	     5459.00	        0.00	      212.00	        1.00	     5456.00	        3.00
  4.14	     5556.00	        0.00	      210.00	        1.00	     5553.00	        3.00
  4.15	     5654.00	        0.00	      210.00	        1.00	     5651.00	        3.00
  4.16	     5763.00	        0.00	      210.00	        1.00	     5760.00	        3.00
  4.17	     5864.00	        0.00	      210.00	        1.00	     5861.00	        3.00
  4.18	     5967.00	        0.00	      209.00	        1.00	     5964.00	        3.00
  4.19	     6059.00	        0.00	      209.00	        1.00	     6056.00	        3.00
  4.20	     6151.00	        0.00	      208.00	        1.00	     6148.00	        3.00
  4.21	     6252.00	        0.00	      208.00	        1.00	     6249.00	        3.00
  4.22	     6349.00	        0.00	      208.00	        1.00	     6346.00	        3.00
  4.23	     6449.00	        0.00	      207.00	        1.00	     6446.00	        3.00
  4.24	     6543.00	        0.00	      207.00	        1.00	     6540.00	        3.00
  4.25	     6647.00	        0.00	      207.00	        1.00	     6644.00	        3.00
  4.26	     6771.00	        0.00	      207.00	        1.00	     6768.00	        3.00
  4.27	     6871.00	        0.00	      207.00	        1.00	     6868.00	        3.00
  4.28	     6977.00	        0.00	      207.00	        1.00	     6974.00	        3.00
  4.29	     7108.00	        0.00	      206.00	        1.00	     7105.00	        3.00
  4.30	     7243.00	        0.00	      206.00	        1.00	     7240.00	        3.00
  4.31	     7379.00	        0.00	      206.00	        1.00	     7376.00	        3.00
  4.32	     7511.00	        0.00	      206.00	        1.00	     7508.00	        3.00
  4.33	     7625.00	        0.00	      206.00	        1.00	     7622.00	        3.00
  4.34	     7757.00	        0.00	      206.00	        1.00	     7754.00	        3.00
  4.35	     7906.00	        0.00	      206.00	        1.00	     7903.00	        3.00
  4.36	     8048.00	        0.00	      206.00	        1.00	     8045.00	        3.00
  4.37	     8165.00	        0.00	      206.00	        1.00	     8162.00	        3.00
  4.38	     8308.00	        0.00	      206.00	        1.00	     8305.00	        3.00
  4.39	     8441.00	        0.00	      206.00	        1.00	     8438.00	        3.00
  4.40	     8567.00	        0.00	      206.00	        1.00	     8564.00	        3.00
  4.41	     8710.00	        0.00	      206.00	        1.00	     8707.00	        3.00
  4.42	     8856.00	        0.00	      206.00	        1.00	     8853.00	        3.00
  4.43	     8994.00	        0.00	      206.00	        1.00	     8991.00	        3.00
  4.44	     9135.00	        0.00	      205.00	        1.00	     9132.00	        3.00
  4.45	     9305.00	        0.00	      204.00	        1.00	     9302.00	        3.00
  4.46	     9442.00	        0.00	      204.00	        1.00	     9439.00	        3.00
  4.47	     9610.00	        0.00	      204.00	        1.00	     9607.00	        3.00
  4.48	     9762.00	        0.00	      204.00	        1.00	     9759.00	        3.00
  4.49	     9940.00	        0.00	      204.00	        1.00	     9937.00	        3.00
  4.50	    10107.00	        0.00	      204.00	        1.00	    10104.00	        3.00
  4.51	    10267.00	        0.00	      203.00	        1.00	    10264.00	        3.00
  4.52	    10444.00	        0.00	      202.00	        1.00	    10441.00	        3.00
  4.53	    10610.00	        0.00	      201.00	        1.00	    10607.00	        3.00
  4.54	    10789.00	        0.00	      201.00	        1.00	    10786.00	        3.00
  4.55	    10986.00	        0.00	      201.00	        1.00	    10983.00	        3.00
  4.56	    11172.00	        0.00	      201.00	        1.00	    11169.00	        3.00
  4.57	    11360.00	        0.00	      201.00	        1.00	    11357.00	        3.00
  4.58	    11549.00	        0.00	      201.00	        1.00	    11546.00	        3.00
  4.59	    11739.00	        0.00	      200.00	        1.00	    11736.00	        3.00
  4.60	    11947.00	        0.00	      200.00	        1.00	    11944.00	        3.00
  4.61	    12138.00	        0.00	      200.00	        1.00	    12135.00	        3.00
  4.62	    12337.00	        0.00	      199.00	        1.00	    12334.00	        3.00
  4.63	    12536.00	        0.00	      198.00	        1.00	    12533.00	        3.00
  4.64	    12742.00	        0.00	      198.00	        1.00	    12739.00	        3.00
  4.65	    12959.00	        0.00	      197.00	        1.00	    12956.00	        3.00
  4.66	    13198.00	        0.00	      197.00	        1.00	    13195.00	        3.00
  4.67	    13438.00	        0.00	      197.00	        1.00	    13435.00	        3.00
  4.68	    13670.00	        0.00	      197.00	        1.00	    13667.00	        3.00
  4.69	    13915.00	        0.00	      197.00	        1.00	    13912.00	        3.00
  4.70	    14180.00	        0.00	      197.00	        1.00	    14177.00	        3.00
  4.71	    14416.00	        0.00	      197.00	        1.00	    14413.00	        3.00
  4.72	    14682.00	        0.00	      197.00	        1.00	    14679.00	        3.00
  4.73	    14929.00	        0.00	      196.00	        1.00	    14926.00	        3.00
  4.74	    15161.00	        0.00	      196.00	        1.00	    15158.00	        3.00
  4.75	    15439.00	        0.00	      196.00	        1.00	    15436.00	        3.00
  4.76	    15704.00	        0.00	      196.00	        1.00	    15701.00	        3.00
  4.77	    15947.00	        0.00	      196.00	        1.00	    15944.00	        3.00
  4.78	    16200.00	        0.00	      196.00	        1.00	    16197.00	        3.00
  4.79	    16502.00	        0.00	      196.00	        1.00	    16499.00	        3.00
  4.80	    16769.00	        0.00	      196.00	        1.00	    16766.00	        3.00
  4.81	    17040.00	        0.00	      196.00	        1.00	    17037.00	        3.00
  4.82	    17309.00	        0.00	      196.00	        1.00	    17306.00	        3.00
  4.83	    17618.00	        0.00	      195.00	        1.00	    17615.00	        3.00
  4.84	    17918.00	        0.00	      195.00	        1.00	    17915.00	        3.00
  4.85	    18197.00	        0.00	      195.00	        1.00	    18194.00	        3.00
  4.86	    18505.00	        0.00	      195.00	        1.00	    18502.00	        3.00
  4.87	    18810.00	        0.00	      195.00	        1.00	    18807.00	        3.00
  4.88	    19136.00	        0.00	      195.00	        1.00	    19133.00	        3.00
  4.89	    19461.00	        0.00	      195.00	        1.00	    19458.00	        3.00
  4.90	    19765.00	        0.00	      195.00	        1.00	    19762.00	        3.00
  4.91	    20090.00	        0.00	      195.00	        1.00	    20087.00	        3.00
  4.92	    20443.00	        0.00	      195.00	        1.00	    20440.00	        3.00
  4.93	    20792.00	        0.00	      195.00	        1.00	    20789.00	        3.00
  4.94	    21115.00	        0.00	      195.00	        1.00	    21112.00	        3.00
  4.95	    21436.00	        0.00	      195.00	        1.00	    21433.00	        3.00
  4.96	    21781.00	        0.00	      195.00	        1.00	    21778.00	        3.00
  4.97	    22132.00	        0.00	      195.00	        1.00	    22129.00	        3.00
  4.98	    22515.00	        0.00	      195.00	        1.00	    22512.00	        3.00
  4.99	    22901.00	        0.00	      195.00	        1.00	    22898.00	        3.00
  5.00	    23307.00	        0.00	      195.00	        1.00	    23304.00	        3.00
  5.01	    23661.00	        0.00	      195.00	        1.00	    23658.00	        3.00
  5.02	    24068.00	        0.00	      195.00	        1.00	    24065.00	        3.00
  5.03	    24451.00	        0.00	      195.00	        1.00	    24448.00	        3.00
  5.04	    24845.00	        0.00	      194.00	        1.00	    24842.00	        3.00
  5.05	    25293.00	        0.00	      193.00	        1.00	    25290.00	        3.00
  5.06	    25720.00	        0.00	      193.00	        1.00	    25717.00	        3.00
  5.07	    26160.00	        0.00	      193.00	        1.00	    26157.00	        3.00
  5.08	    26583.00	        0.00	      193.00	        1.00	    26580.00	        3.00
  5.09	    27010.00	        0.00	      193.00	        1.00	    27007.00	        3.00
  5.10	    27474.00	        0.00	      193.00	        1.00	    27471.00	        3.00
  5.11	    27923.00	        0.00	      193.00	        1.00	    27920.00	        3.00
  5.12	    28390.00	        0.00	      193.00	        1.00	    28387.00	        3.00
  5.13	    28856.00	        0.00	      193.00	        1.00	    28853.00	        3.00
  5.14	    29297.00	        0.00	      193.00	        1.00	    29294.00	        3.00
  5.15	    29788.00	        0.00	      192.00	        1.00	    29785.00	        3.00
  5.16	    30263.00	        0.00	      191.00	        1.00	    30260.00	        3.00
  5.17	    30777.00	        0.00	      191.00	        1.00	    30774.00	        3.00
  5.18	    31286.00	        0.00	      191.00	        1.00	    31283.00	        3.00
  5.19	    31828.00	        0.00	      191.00	        1.00	    31825.00	        3.00
  5.20	    32397.00	        0.00	      190.00	        1.00	    32394.00	        3.00
  5.21	    32951.00	        0.00	      190.00	        1.00	    32948.00	        3.00
  5.22	    33515.00	        0.00	      190.00	        1.00	    33512.00	        3.00
  5.23	    34079.00	        0.00	      190.00	        1.00	    34076.00	        3.00
  5.24	    34649.00	        0.00	      190.00	        1.00	    34646.00	        3.00
  5.25	    35221.00	        0.00	      190.00	        1.00	    35218.00	        3.00
  5.26	    35824.00	        0.00	      190.00	        1.00	    35821.00	        3.00
  5.27	    36429.00	        0.00	      190.00	        1.00	    36426.00	        3.00
  5.28	    37053.00	        0.00	      190.00	        1.00	    37050.00	        3.00
  5.29	    37694.00	        0.00	      190.00	        1.00	    37691.00	        3.00
  5.30	    38329.00	        0.00	      189.00	        1.00	    38326.00	        3.00
  5.31	    39008.00	        0.00	      189.00	        1.00	    39005.00	        3.00
  5.32	    39649.00	        0.00	      188.00	        1.00	    39646.00	        3.00
  5.33	    40340.00	        0.00	      188.00	        1.00	    40337.00	        3.00
  5.34	    41010.00	        0.00	      188.00	        1.00	    41007.00	        3.00
  5.35	    41696.00	        0.00	      188.00	        1.00	    41693.00	        3.00
  5.36	    42382.00	        0.00	      188.00	        1.00	    42379.00	        3.00
  5.37	    43118.00	        0.00	      188.00	        1.00	    43115.00	        3.00
  5.38	    43807.00	        0.00	      188.00	        1.00	    43804.00	        3.00
  5.39	    44538.00	        0.00	      188.00	        1.00	    44535.00	        3.00
  5.40	    45279.00	        0.00	      188.00	        1.00	    45276.00	        3.00
  5.41	    46045.00	        0.00	      188.00	        1.00	    46042.00	        3.00
  5.42	    46808.00	        0.00	      188.00	        1.00	    46805.00	        3.00
  5.43	    47572.00	        0.00	      187.00	        1.00	    47569.00	        3.00
  5.44	    48385.00	        0.00	      187.00	        1.00	    48382.00	        3.00
  5.45	    49249.00	        0.00	      187.00	        1.00	    49246.00	        3.00
  5.46	    50055.00	        0.00	      187.00	        1.00	    50052.00	        3.00
  5.47	    50900.00	        0.00	      186.00	        1.00	    50897.00	        3.00
  5.48	    51753.00	        0.00	      186.00	        1.00	    51750.00	        3.00
  5.49	    52638.00	        0.00	      186.00	        1.00	    52635.00	        3.00
  5.50	    53558.00	        0.00	      185.00	        1.00	    53555.00	        3.00
  5.51	    54446.00	        0.00	      185.00	        1.00	    54443.00	        3.00
  5.52	    55396.00	        0.00	      185.00	        1.00	    55393.00	        3.00
  5.53	    56301.00	        0.00	      185.00	        1.00	    56298.00	        3.00
  5.54	    57203.00	        0.00	      185.00	        1.00	    57200.00	        3.00
  5.55	    58127.00	        0.00	      185.00	        1.00	    58124.00	        3.00
  5.56	    59170.00	        0.00	      185.00	        1.00	    59167.00	        3.00
  5.57	    60114.00	        0.00	      185.00	        1.00	    60111.00	        3.00
  5.58	    61096.00	        0.00	      185.00	        1.00	    61093.00	        3.00
  5.59	    62105.00	        0.00	      185.00	        1.00	    62102.00	        3.00
  5.60	    63100.00	        0.00	      185.00	        1.00	    63097.00	        3.00
  5.61	    64152.00	        0.00	      184.00	        1.00	    64149.00	        3.00
  5.62	    65249.00	        0.00	      182.00	        1.00	    65246.00	        3.00
  5.63	    66384.00	        0.00	      182.00	        1.00	    66381.00	        3.00
  5.64	    67552.00	        0.00	      182.00	        1.00	    67549.00	        3.00
  5.65	    68672.00	        0.00	      182.00	        1.00	    68669.00	        3.00
  5.66	    69805.00	        0.00	      181.00	        1.00	    69802.00	        3.00
  5.67	    71022.00	        0.00	      180.00	        1.00	    71019.00	        3.00
  5.68	    72216.00	        0.00	      180.00	        1.00	    72213.00	        3.00
  5.69	    73414.00	        0.00	      180.00	        1.00	    73411.00	        3.00
  5.70	    74589.00	        0.00	      180.00	        1.00	    74586.00	        3.00
  5.71	    75818.00	        0.00	      180.00	        1.00	    75815.00	        3.00
  5.72	    77045.00	        0.00	      180.00	        1.00	    77042.00	        3.00
  5.73	    78347.00	        0.00	      180.00	        1.00	    78344.00	        3.00
  5.74	    79684.00	        0.00	      180.00	        1.00	    79681.00	        3.00
  5.75	    80975.00	        0.00	      179.00	        1.00	    80972.00	        3.00
  5.76	    82364.00	        0.00	      178.00	        1.00	    82361.00	        3.00
  5.77	    83737.00	        0.00	      178.00	        1.00	    83734.00	        3.00
  5.78	    85108.00	        0.00	      178.00	        1.00	    85105.00	        3.00
  5.79	    86523.00	        0.00	      177.00	        1.00	    86520.00	        3.00
  5.80	    88002.00	        0.00	      177.00	        1.00	    87999.00	        3.00
  5.81	    89503.00	        0.00	      177.00	        1.00	    89500.00	        3.00
  5.82	    90936.00	        0.00	      177.00	        1.00	    90933.00	        3.00
  5.83	    92410.00	        0.00	      177.00	        1.00	    92407.00	        3.00
  5.84	    93973.00	        0.00	      177.00	        1.00	    93970.00	        3.00
  5.85	    95515.00	        0.00	      177.00	        1.00	    95512.00	        3.00
  5.86	    97081.00	        0.00	      177.00	        1.00	    97078.00	        3.00
  5.87	    98666.00	        0.00	      177.00	        1.00	    98663.00	        3.00
  5.88	   100363.00	        0.00	      177.00	        1.00	   100360.00	        3.00
  5.89	   102068.00	        0.00	      176.00	        1.00	   102065.00	        3.00
  5.90	   103716.00	        0.00	      176.00	        1.00	   103713.00	        3.00
  5.91	   105491.00	        0.00	      176.00	        1.00	   105488.00	        3.00
  5.92	   107270.00	        0.00	      175.00	        1.00	   107267.00	        3.00
  5.93	   109055.00	        0.00	      175.00	        1.00	   109052.00	        3.00
  5.94	   110848.00	        0.00	      175.00	        1.00	   110845.00	        3.00
  5.95	   112745.00	        0.00	      175.00	        1.00	   112742.00	        3.00
  5.96	   114730.00	        0.00	      175.00	        1.00	   114727.00	        3.00
  5.97	   116584.00	        0.00	      175.00	        1.00	   116581.00	        3.00
  5.98	   118513.00	        0.00	      175.00	        1.00	   118510.00	        3.00
  5.99	   120522.00	        0.00	      174.00	        1.00	   120519.00	        3.00
  6.00	   122612.00	        0.00	      174.00	        1.00	   122609.00	        3.00
  6.01	   124668.00	        0.00	      174.00	        1.00	   124665.00	        3.00
  6.02	   126729.00	        0.00	      174.00	        1.00	   126726.00	        3.00
  6.03	   128858.00	        0.00	      172.00	        1.00	   128855.00	        3.00
  6.04	   130919.00	        0.00	      172.00	        1.00	   130916.00	        3.00
  6.05	   133088.00	        0.00	      171.00	        1.00	   133085.00	        3.00
  6.06	   135324.00	        0.00	      171.00	        1.00	   135321.00	        3.00
  6.07	   137475.00	        0.00	      171.00	        1.00	   137472.00	        3.00
  6.08	   139791.00	        0.00	      170.00	        1.00	   139788.00	        3.00
  6.09	   142143.00	        0.00	      170.00	        1.00	   142140.00	        3.00
  6.10	   144448.00	        0.00	      170.00	        1.00	   144445.00	        3.00
  6.11	   146864.00	        0.00	      169.00	        1.00	   146861.00	        3.00
  6.12	   149397.00	        0.00	      169.00	        1.00	   149394.00	        3.00
  6.13	   151903.00	        0.00	      169.00	        1.00	   151900.00	        3.00
  6.14	   154468.00	        0.00	      169.00	        1.00	   154465.00	        3.00
  6.15	   157027.00	        0.00	      169.00	        1.00	   157024.00	        3.00
  6.16	   159644.00	        0.00	      169.00	        1.00	   159641.00	        3.00
  6.17	   162321.00	        0.00	      169.00	        1.00	   162318.00	        3.00
  6.18	   164962.00	        0.00	      169.00	        1.00	   164959.00	        3.00
  6.19	   167715.00	        0.00	      169.00	        1.00	   167712.00	        3.00
  6.20	   170456.00	        0.00	      169.00	        1.00	   170453.00	        3.00
  6.21	   173326.00	        0.00	      169.00	        1.00	   173323.00	        3.00
  6.22	   176231.00	        0.00	      168.00	        1.00	   176228.00	        3.00
  6.23	   179117.00	        0.00	      168.00	        1.00	   179114.00	        3.00
  6.24	   182063.00	        0.00	      168.00	        1.00	   182060.00	        3.00
  6.25	   185198.00	        0.00	      168.00	        1.00	   185195.00	        3.00
  6.26	   188170.00	        0.00	      167.00	        1.00	   188167.00	        3.00
  6.27	   191349.00	        0.00	      167.00	        1.00	   191346.00	        3.00
  6.28	   194563.00	        0.00	      167.00	        1.00	   194560.00	        3.00
  6.29	   197930.00	        0.00	      167.00	        1.00	   197927.00	        3.00
  6.30	   201295.00	        0.00	      167.00	        1.00	   201292.00	        3.00
  6.31	   204736.00	        0.00	      167.00	        1.00	   204733.00	        3.00
  6.32	   208187.00	        0.00	      167.00	        1.00	   208184.00	        3.00
  6.33	   211591.00	        0.00	      167.00	        1.00	   211588.00	        3.00
  6.34	   215133.00	        0.00	      167.00	        1.00	   215130.00	        3.00
  6.35	   218807.00	        0.00	      167.00	        1.00	   218804.00	        3.00
  6.36	   222457.00	        0.00	      167.00	        1.00	   222454.00	        3.00
  6.37	   226181.00	        0.00	      167.00	        1.00	   226178.00	        3.00
  6.38	   230033.00	        0.00	      167.00	        1.00	   230030.00	        3.00
  6.39	   233835.00	        0.00	      167.00	        1.00	   233832.00	        3.00
  6.40	   237742.00	        0.00	      166.00	        1.00	   237739.00	        3.00
  6.41	   241735.00	        0.00	      166.00	        1.00	   241732.00	        3.00
  6.42	   245844.00	        0.00	      166.00	        1.00	   245841.00	        3.00
  6.43	   249962.00	        0.00	      166.00	        1.00	   249959.00	        3.00
  6.44	   254115.00	        0.00	      166.00	        1.00	   254112.00	        3.00
  6.45	   258382.00	        0.00	      165.00	        1.00	   258379.00	        3.00
  6.46	   262665.00	        0.00	      165.00	        1.00	   262662.00	        3.00
  6.47	   267044.00	        0.00	      165.00	        1.00	   267041.00	        3.00
  6.48	   271643.00	        0.00	      164.00	        1.00	   271640.00	        3.00
  6.49	   276232.00	        0.00	      164.00	        1.00	   276229.00	        3.00
  6.50	   280869.00	        0.00	      164.00	        1.00	   280866.00	        3.00
  6.51	   285608.00	        0.00	      164.00	        1.00	   285605.00	        3.00
  6.52	   290410.00	        0.00	      164.00	        1.00	   290407.00	        3.00
  6.53	   295257.00	        0.00	      164.00	        1.00	   295254.00	        3.00
  6.54	   300031.00	        0.00	      164.00	        1.00	   300028.00	        3.00
  6.55	   304967.00	        0.00	      164.00	        1.00	   304964.00	        3.00
  6.56	   310088.00	        0.00	      164.00	        1.00	   310085.00	        3.00
  6.57	   315308.00	        0.00	      164.00	        1.00	   315305.00	        3.00
  6.58	   320626.00	        0.00	      164.00	        1.00	   320623.00	        3.00
  6.59	   326048.00	        0.00	      164.00	        1.00	   326045.00	        3.00
  6.60	   331399.00	        0.00	      164.00	        1.00	   331396.00	        3.00
  6.61	   336886.00	        0.00	      163.00	        1.00	   336883.00	        3.00
  6.62	   342557.00	        0.00	      163.00	        1.00	   342554.00	        3.00
  6.63	   348244.00	        0.00	      163.00	        1.00	   348241.00	        3.00
  6.64	   354010.00	        0.00	      162.00	        1.00	   354007.00	        3.00
  6.65	   359962.00	        0.00	      162.00	        1.00	   359959.00	        3.00
  6.66	   365982.00	        0.00	      161.00	        1.00	   365979.00	        3.00
  6.67	   372369.00	        0.00	      161.00	        1.00	   372366.00	        3.00
  6.68	   378755.00	        0.00	      161.00	        1.00	   378752.00	        3.00
  6.69	   384927.00	        0.00	      161.00	        1.00	   384924.00	        3.00
  6.70	   391515.00	        0.00	      161.00	        1.00	   391512.00	        3.00
  6.71	   397996.00	        0.00	      161.00	        1.00	   397993.00	        3.00
  6.72	   404779.00	        0.00	      161.00	        1.00	   404776.00	        3.00
  6.73	   411603.00	        0.00	      161.00	        1.00	   411600.00	        3.00
  6.74	   418627.00	        0.00	      161.00	        1.00	   418624.00	        3.00
  6.75	   425571.00	        0.00	      161.00	        1.00	   425568.00	        3.00
  6.76	   432782.00	        0.00	      159.00	        1.00	   432779.00	        3.00
  6.77	   440121.00	        0.00	      159.00	        1.00	   440118.00	        3.00
  6.78	   447656.00	        0.00	      158.00	        1.00	   447653.00	        3.00
  6.79	   455188.00	        0.00	      158.00	        1.00	   455185.00	        3.00
  6.80	   462883.00	        0.00	      158.00	        1.00	   462880.00	        3.00
  6.81	   470676.00	        0.00	      158.00	        1.00	   470673.00	        3.00
  6.82	   478621.00	        0.00	      157.00	        1.00	   478618.00	        3.00
  6.83	   486755.00	        0.00	      157.00	        1.00	   486752.00	        3.00
  6.84	   494799.00	        0.00	      157.00	        1.00	   494796.00	        3.00
  6.85	   503086.00	        0.00	      157.00	        1.00	   503083.00	        3.00
  6.86	   511622.00	        0.00	      157.00	        1.00	   511619.00	        3.00
  6.87	   520332.00	        0.00	      157.00	        1.00	   520329.00	        3.00
  6.88	   529083.00	        0.00	      157.00	        1.00	   529080.00	        3.00
  6.89	   538023.00	        0.00	      156.00	        1.00	   538020.00	        3.00
  6.90	   547327.00	        0.00	      156.00	        1.00	   547324.00	        3.00
  6.91	   556453.00	        0.00	      156.00	        1.00	   556450.00	        3.00
  6.92	   565865.00	        0.00	      156.00	        1.00	   565862.00	        3.00
  6.93	   575464.00	        0.00	      156.00	        1.00	   575461.00	        3.00
  6.94	   585078.00	        0.00	      156.00	        1.00	   585075.00	        3.00
  6.95	   594772.00	        0.00	      156.00	        1.00	   594769.00	        3.00
  6.96	   604864.00	        0.00	      156.00	        1.00	   604861.00	        3.00
  6.97	   614857.00	        0.00	      154.00	        1.00	   614854.00	        3.00
  6.98	   625088.00	        0.00	      154.00	        1.00	   625085.00	        3.00
  6.99	   635568.00	        0.00	      154.00	        1.00	   635565.00	        3.00
  7.00	   646071.00	        0.00	      154.00	        1.00	   646068.00	        3.00
  7.01	   656883.00	        0.00	      154.00	        1.00	   656880.00	        3.00
  7.02	   667934.00	        0.00	      153.00	        1.00	   667931.00	        3.00
  7.03	   679040.00	        0.00	      152.00	        1.00	   679037.00	        3.00
  7.04	   690287.00	        0.00	      152.00	        1.00	   690284.00	        3.00
  7.05	   701938.00	        0.00	      152.00	        1.00	   701935.00	        3.00
  7.06	   713718.00	        0.00	      152.00	        1.00	   713715.00	        3.00
  7.07	   725763.00	        0.00	      152.00	        1.00	   725760.00	        3.00
  7.08	   738031.00	        0.00	      152.00	        1.00	   738028.00	        3.00
  7.09	   750487.00	        0.00	      151.00	        1.00	   750484.00	        3.00
  7.10	   763167.00	        0.00	      151.00	        1.00	   763164.00	        3.00
  7.11	   775959.00	        0.00	      151.00	        1.00	   775956.00	        3.00
  7.12	   788923.00	        0.00	      151.00	        1.00	   788920.00	        3.00
  7.13	   802170.00	        0.00	      151.00	        1.00	   802167.00	        3.00
  7.14	   815556.00	        0.00	      151.00	        1.00	   815553.00	        3.00
  7.15	   829296.00	        0.00	      151.00	        1.00	   829293.00	        3.00
  7.16	   843262.00	        0.00	      151.00	        1.00	   843259.00	        3.00
  7.17	   857287.00	        0.00	      151.00	        1.00	   857284.00	        3.00
  7.18	   871650.00	        0.00	      151.00	        1.00	   871647.00	        3.00
  7.19	   886322.00	        0.00	      151.00	        1.00	   886319.00	        3.00
  7.20	   901099.00	        0.00	      151.00	        1.00	   901096.00	        3.00
  7.21	   916128.00	        0.00	      151.00	        1.00	   916125.00	        3.00
  7.22	   931486.00	        0.00	      151.00	        1.00	   931483.00	        3.00
  7.23	   947209.00	        0.00	      151.00	        1.00	   947206.00	        3.00
  7.24	   962977.00	        0.00	      151.00	        1.00	   962974.00	        3.00
  7.25	   979305.00	        0.00	      150.00	        1.00	   979302.00	        3.00
  7.26	   995690.00	        0.00	      149.00	        1.00	   995687.00	        3.00
  7.27	  1012259.00	        0.00	      149.00	        1.00	  1012256.00	        3.00
  7.28	  1029193.00	        0.00	      149.00	        1.00	  1029190.00	        3.00
  7.29	  1046566.00	        0.00	      148.00	        1.00	  1046563.00	        3.00
  7.30	  1064126.00	        0.00	      148.00	        1.00	  1064123.00	        3.00
  7.31	  1081798.00	        0.00	      148.00	        1.00	  1081795.00	        3.00
  7.32	  1099868.00	        0.00	      148.00	        1.00	  1099865.00	        3.00
  7.33	  1118429.00	        0.00	      147.00	        1.00	  1118426.00	        3.00
  7.34	  1136993.00	        0.00	      147.00	        1.00	  1136990.00	        3.00
  7.35	  1156045.00	        0.00	      147.00	        1.00	  1156042.00	        3.00
  7.36	  1175527.00	        0.00	      147.00	        1.00	  1175524.00	        3.00
  7.37	  1195191.00	        0.00	      147.00	        1.00	  1195188.00	        3.00
  7.38	  1215458.00	        0.00	      147.00	        1.00	  1215455.00	        3.00
  7.39	  1235759.00	        0.00	      146.00	        1.00	  1235756.00	        3.00
  7.40	  1256781.00	        0.00	      146.00	        1.00	  1256778.00	        3.00
  7.41	  1277822.00	        0.00	      146.00	        1.00	  1277819.00	        3.00
  7.42	  1299357.00	        0.00	      146.00	        1.00	  1299354.00	        3.00
  7.43	  1321229.00	        0.00	      146.00	        1.00	  1321226.00	        3.00
  7.44	  1343418.00	        0.00	      145.00	        1.00	  1343415.00	        3.00
  7.45	  1366047.00	        0.00	      145.00	        1.00	  1366044.00	        3.00
  7.46	  1388798.00	        0.00	      145.00	        1.00	  1388795.00	        3.00
  7.47	  1412257.00	        0.00	      145.00	        1.00	  1412254.00	        3.00
  7.48	  1436234.00	        0.00	      145.00	        1.00	  1436231.00	        3.00
  7.49	  1460291.00	        0.00	      145.00	        1.00	  1460288.00	        3.00
  7.50	  1484530.00	        0.00	      145.00	        1.00	  1484527.00	        3.00
  7.51	  1509515.00	        0.00	      145.00	        1.00	  1509512.00	        3.00
  7.52	  1534661.00	        0.00	      145.00	        1.00	  1534658.00	        3.00
  7.53	  1560490.00	        0.00	      145.00	        1.00	  1560487.00	        3.00
  7.54	  1586579.00	        0.00	      145.00	        1.00	  1586576.00	        3.00
  7.55	  1613377.00	        0.00	      145.00	        1.00	  1613374.00	        3.00
  7.56	  1640507.00	        0.00	      144.00	        1.00	  1640504.00	        3.00
  7.57	  1667975.00	        0.00	      144.00	        1.00	  1667972.00	        3.00
  7.58	  1696329.00	        0.00	      144.00	        1.00	  1696326.00	        3.00
  7.59	  1724777.00	        0.00	      144.00	        1.00	  1724774.00	        3.00
  7.60	  1753733.00	        0.00	      144.00	        1.00	  1753730.00	        3.00
  7.61	  1783019.00	        0.00	      144.00	        1.00	  1783016.00	        3.00
  7.62	  1812851.00	        0.00	      144.00	        1.00	  1812848.00	        3.00
  7.63	  1843080.00	        0.00	      143.00	        1.00	  1843077.00	        3.00
  7.64	  1874132.00	        0.00	      142.00	        1.00	  1874129.00	        3.00
  7.65	  1905417.00	        0.00	      142.00	        1.00	  1905414.00	        3.00
  7.66	  1937150.00	        0.00	      142.00	        1.00	  1937147.00	        3.00
  7.67	  1969543.00	        0.00	      142.00	        1.00	  1969540.00	        3.00
  7.68	  2002650.00	        0.00	      142.00	        1.00	  2002647.00	        3.00
  7.69	  2036140.00	        0.00	      142.00	        1.00	  2036137.00	        3.00
  7.70	  2070244.00	        0.00	      142.00	        1.00	  2070241.00	        3.00
  7.71	  2105345.00	        0.00	      142.00	        1.00	  2105342.00	        3.00
  7.72	  2140536.00	        0.00	      141.00	        1.00	  2140533.00	        3.00
  7.73	  2176433.00	        0.00	      141.00	        1.00	  2176430.00	        3.00
  7.74	  2212970.00	        0.00	      141.00	        1.00	  2212967.00	        3.00
  7.75	  2250422.00	        0.00	      141.00	        1.00	  2250419.00	        3.00
  7.76	  2288145.00	        0.00	      140.00	        1.00	  2288142.00	        3.00
  7.77	  2326465.00	        0.00	      140.00	        1.00	  2326462.00	        3.00
  7.78	  2365280.00	        0.00	      140.00	        1.00	  2365277.00	        3.00
  7.79	  2404871.00	        0.00	      139.00	        1.00	  2404868.00	        3.00
  7.80	  2445028.00	        0.00	      139.00	        1.00	  2445025.00	        3.00
  7.81	  2486347.00	        0.00	      139.00	        1.00	  2486344.00	        3.00
  7.82	  2528185.00	        0.00	      139.00	        1.00	  2528182.00	        3.00
  7.83	  2570813.00	        0.00	      139.00	        1.00	  2570810.00	        3.00
  7.84	  2613901.00	        0.00	      137.00	        1.00	  2613898.00	        3.00
  7.85	  2657938.00	        0.00	      137.00	        1.00	  2657935.00	        3.00
  7.86	  2702021.00	        0.00	      136.00	        1.00	  2702018.00	        3.00
  7.87	  2747105.00	        0.00	      136.00	        1.00	  2747102.00	        3.00
  7.88	  2792855.00	        0.00	      135.00	        1.00	  2792852.00	        3.00
  7.89	  2839683.00	        0.00	      134.00	        1.00	  2839680.00	        3.00
  7.90	  2887261.00	        0.00	      134.00	        1.00	  2887258.00	        3.00
  7.91	  2935328.00	        0.00	      134.00	        1.00	  2935325.00	        3.00
  7.92	  2984652.00	        0.00	      134.00	        1.00	  2984649.00	        3.00
  7.93	  3034325.00	        0.00	      134.00	        1.00	  3034322.00	        3.00
  7.94	  3085366.00	        0.00	      134.00	        1.00	  3085363.00	        3.00
  7.95	  3136727.00	        0.00	      134.00	        1.00	  3136724.00	        3.00
  7.96	  3189584.00	        0.00	      134.00	        1.00	  3189581.00	        3.00
  7.97	  3243040.00	        0.00	      134.00	        1.00	  3243037.00	        3.00
  7.98	  3297893.00	        0.00	      133.00	        1.00	  3297890.00	        3.00
  7.99	  3352925.00	        0.00	      133.00	        1.00	  3352922.00	        3.00
  8.00	  3409045.00	        0.00	      133.00	        1.00	  3409042.00	        3.00
  8.01	  3466372.00	        0.00	      133.00	        1.00	  3466369.00	        3.00
  8.02	  3524858.00	        0.00	      133.00	        1.00	  3524855.00	        3.00
  8.03	  3584199.00	        0.00	      133.00	        1.00	  3584196.00	        3.00
  8.04	  3644351.00	        0.00	      133.00	        1.00	  3644348.00	        3.00
  8.05	  3705926.00	        0.00	      133.00	        1.00	  3705923.00	        3.00
  8.06	  3768036.00	        0.00	      133.00	        1.00	  3768033.00	        3.00
  8.07	  3831180.00	        0.00	      133.00	        1.00	  3831177.00	        3.00
  8.08	  3895540.00	        0.00	      133.00	        1.00	  3895537.00	        3.00
  8.09	  3961214.00	        0.00	      133.00	        1.00	  3961211.00	        3.00
  8.10	  4027538.00	        0.00	      133.00	        1.00	  4027535.00	        3.00
  8.11	  4094729.00	        0.00	      132.00	        1.00	  4094726.00	        3.00
  8.12	  4164033.00	        0.00	      132.00	        1.00	  4164030.00	        3.00
  8.13	  4234299.00	        0.00	      132.00	        1.00	  4234296.00	        3.00
  8.14	  4305255.00	        0.00	      132.00	        1.00	  4305252.00	        3.00
  8.15	  4377118.00	        0.00	      132.00	        1.00	  4377115.00	        3.00
  8.16	  4450320.00	        0.00	      132.00	        1.00	  4450317.00	        3.00
  8.17	  4524474.00	        0.00	      132.00	        1.00	  4524471.00	        3.00
  8.18	  4600207.00	        0.00	      132.00	        1.00	  4600204.00	        3.00
  8.19	  4677821.00	        0.00	      131.00	        1.00	  4677818.00	        3.00
  8.20	  4756690.00	        0.00	      131.00	        1.00	  4756687.00	        3.00
  8.21	  4836807.00	        0.00	      131.00	        1.00	  4836804.00	        3.00
  8.22	  4917805.00	        0.00	      131.00	        1.00	  4917802.00	        3.00
  8.23	  5000009.00	        0.00	      131.00	        1.00	  5000006.00	        3.00
  8.24	  5084145.00	        0.00	      131.00	        1.00	  5084142.00	        3.00
  8.25	  5169637.00	        0.00	      131.00	        1.00	  5169634.00	        3.00
  8.26	  5256169.00	        0.00	      229.00	        1.00	  5256167.00	        3.00
  8.27	  5344836.00	        0.00	      229.00	        1.00	  5344834.00	        3.00
  8.28	  5434372.00	        0.00	      229.00	        1.00	  5434370.00	        3.00
  8.29	  5525279.00	        0.00	      229.00	        1.00	  5525277.00	        3.00
  8.30	  5617865.00	        0.00	      229.00	        1.00	  5617863.00	        3.00
  8.31	  5712345.00	        0.00	      229.00	        1.00	  5712343.00	        3.00
  8.32	  5808400.00	        0.00	      229.00	        1.00	  5808398.00	        3.00
  8.33	  5905547.00	        0.00	      228.00	        1.00	  5905545.00	        3.00
  8.34	  6004078.00	        0.00	      227.00	        1.00	  6004076.00	        3.00
  8.35	  6104704.00	        0.00	      326.00	        1.00	  6104703.00	        3.00
  8.36	  6206945.00	        0.00	      325.00	        1.00	  6206944.00	        3.00
  8.37	  6311387.00	        0.00	      423.00	        1.00	  6311387.00	        3.00
  8.38	  6416603.00	        0.00	      423.00	        1.00	  6416603.00	        3.00
  8.39	  6524494.00	        0.00	      423.00	        1.00	  6524494.00	        3.00
  8.40	  6633708.00	        0.00	      423.00	        1.00	  6633708.00	        3.00
  8.41	  6744896.00	        0.00	      422.00	        1.00	  6744896.00	        3.00
  8.42	  6857807.00	        0.00	      521.00	        1.00	  6857808.00	        3.00
  8.43	  6972975.00	        0.00	      620.00	        1.00	  6972977.00	        3.00
  8.44	  7090174.00	        0.00	      719.00	        1.00	  7090177.00	        3.00
  8.45	  7209190.00	        0.00	      718.00	        1.00	  7209193.00	        3.00
  8.46	  7329798.00	        0.00	      817.00	        1.00	  7329802.00	        3.00
  8.47	  7453232.00	        0.00	      817.00	        1.00	  7453236.00	        3.00
  8.48	  7578602.00	        0.00	      816.00	        1.00	  7578606.00	        3.00
  8.49	  7705404.00	        0.00	      816.00	        1.00	  7705408.00	        3.00
  8.50	  7834446.00	        0.00	      816.00	        1.00	  7834450.00	        3.00
  8.51	  7965475.00	        0.00	      915.00	        1.00	  7965480.00	        3.00
  8.52	  8099125.00	        0.00	      913.00	        1.00	  8099130.00	        3.00
  8.53	  8234740.00	        0.00	      911.00	        1.00	  8234745.00	        3.00
  8.54	  8372643.00	        0.00	     1009.00	        1.00	  8372649.00	        3.00
  8.55	  8512843.00	        0.00	     1007.00	        1.00	  8512849.00	        3.00
  8.56	  8655518.00	        0.00	     1006.00	        1.00	  8655524.00	        3.00
  8.57	  8800781.00	        0.00	     1004.00	        1.00	  8800787.00	        3.00
  8.58	  8948354.00	        0.00	     1102.00	        1.00	  8948361.00	        3.00
  8.59	  9097771.00	        0.00	     1101.00	        1.00	  9097778.00	        3.00
  8.60	  9249538.00	        0.00	     1101.00	        1.00	  9249545.00	        3.00
  8.61	  9404456.00	        0.00	     1100.00	        1.00	  9404463.00	        3.00
  8.62	  9562246.00	        0.00	     1496.00	        1.00	  9562257.00	        3.00
  8.63	  9722590.00	        0.00	     1595.00	        1.00	  9722602.00	        3.00
  8.64	  9885427.00	        0.00	     1691.00	        1.00	  9885440.00	        3.00
  8.65	 10051339.00	        0.00	     1889.00	        1.00	 10051354.00	        3.00
  8.66	 10219700.00	        0.00	     2084.00	        1.00	 10219717.00	        3.00
  8.67	 10391167.00	        0.00	     2081.00	        1.00	 10391184.00	        3.00
  8.68	 10565476.00	        0.00	     2179.00	        1.00	 10565494.00	        3.00
  8.69	 10742572.00	        0.00	     2376.00	        1.00	 10742592.00	        3.00
  8.70	 10922297.00	        0.00	     2570.00	        1.00	 10922319.00	        3.00
  8.71	 11105162.00	        0.00	     2768.00	        1.00	 11105186.00	        3.00
  8.72	 11290958.00	        0.00	     2963.00	        1.00	 11290984.00	        3.00
  8.73	 11480378.00	        0.00	     3359.00	        1.00	 11480408.00	        3.00
  8.74	 11672156.00	        0.00	     3951.00	        1.00	 11672192.00	        3.00
  8.75	 11867384.00	        0.00	     4242.00	        1.00	 11867423.00	        3.00
  8.76	 12066019.00	        0.00	     4829.00	        1.00	 12066064.00	        3.00
  8.77	 12267916.00	        0.00	     5708.00	        1.00	 12267970.00	        3.00
  8.78	 12473127.00	        0.00	     6298.00	        1.00	 12473187.00	        3.00
  8.79	 12682716.00	        0.00	     7188.00	        1.00	 12682785.00	        3.00
  8.80	 12894959.00	        0.00	     8666.00	        1.00	 12895043.00	        3.00
  8.81	 13110745.00	        0.00	     9841.00	        1.00	 13110841.00	        3.00
  8.82	 13330572.00	        0.00	    11220.00	        1.00	 13330682.00	        3.00
  8.83	 13553890.00	        0.00	    13189.00	        1.00	 13554020.00	        3.00
  8.84	 13781092.00	        0.00	    15449.00	        1.00	 13781245.00	        3.00
  8.85	 14011557.00	        0.00	    17711.00	        1.00	 14011733.00	        3.00
  8.86	 14246583.00	        0.00	    20168.00	        1.00	 14246784.00	        3.00
  8.87	 14484684.00	        0.00	    22824.00	        1.00	 14484912.00	        3.00
  8.88	 14726730.00	        0.00	    26662.00	        1.00	 14726997.00	        3.00
  8.89	 14973073.00	        0.00	    29608.00	        1.00	 14973370.00	        3.00
  8.90	 15224083.00	        0.00	    34329.00	        1.00	 15224428.00	        3.00
  8.91	 15478691.00	        0.00	    39644.00	        1.00	 15479090.00	        3.00
  8.92	 15737823.00	        0.00	    45550.00	        1.00	 15738282.00	        3.00
  8.93	 16000660.00	        0.00	    53617.00	        1.00	 16001201.00	        3.00
  8.94	 16268523.00	        0.00	    62070.00	        1.00	 16269150.00	        3.00
  8.95	 16540943.00	        0.00	    74387.00	        1.00	 16541695.00	        3.00
  8.96	 16817816.00	        0.00	    86076.00	        1.00	 16818687.00	        3.00
  8.97	 17099878.00	        0.00	   102929.00	        1.00	 17100920.00	        3.00
  8.98	 17385389.00	        0.00	   121439.00	        1.00	 17386619.00	        3.00
  8.99	 17675659.00	        0.00	   142885.00	        1.00	 17677107.00	        3.00
  9.00	 17971687.00	        0.00	   168270.00	        1.00	 17973393.00	        3.00
  9.01	 18271443.00	        0.00	   200368.00	        1.00	 18273475.00	        3.00
  9.02	 18576733.00	        0.00	   236068.00	        1.00	 18579128.00	        3.00
  9.03	 18887809.00	        0.00	   282029.00	        1.00	 18890671.00	        3.00
  9.04	 19202540.00	        0.00	   335349.00	        1.00	 19205944.00	        3.00
  9.05	 19522161.00	        0.00	   405441.00	        1.00	 19526277.00	        3.00
  9.06	 19847907.00	        0.00	   491043.00	        1.00	 19852892.00	        3.00
  9.07	 20179570.00	        0.00	   590326.00	        1.00	 20185563.00	        3.00
  9.08	 20515780.00	        0.00	   728298.00	        1.00	 20523173.00	        3.00
  9.09	 20856391.00	        0.00	   889151.00	        1.00	 20865417.00	        3.00
  9.10	 21202686.00	        0.00	  1093404.00	        1.00	 21213785.00	        3.00
  9.11	 21555368.00	        0.00	  1343127.00	        1.00	 21569001.00	        3.00
  9.12	 21912268.00	        0.00	  1659058.00	        1.00	 21929107.00	        3.00
  9.13	 22273767.00	        0.00	  2045283.00	        1.00	 22294525.00	        3.00
  9.14	 22641053.00	        0.00	  2529469.00	        1.00	 22666724.00	        3.00
  9.15	 23014458.00	        0.00	  3139932.00	        1.00	 23046323.00	        3.00
  9.16	 23391341.00	        0.00	  3925354.00	        1.00	 23431173.00	        3.00
  9.17	 23772447.00	        0.00	  4913664.00	        1.00	 23822305.00	        3.00
  9.18	 24157061.00	        0.00	  6198440.00	        1.00	 24219951.00	        3.00
  9.19	 24544213.00	        0.00	  7850647.00	        1.00	 24623860.00	        3.00
  9.20	 24933013.00	        0.00	  9953446.00	        1.00	 25033987.00	        3.00
  9.21	 25322446.00	        0.00	 12643725.00	        1.00	 25450707.00	        3.00
  9.22	 25709870.00	        0.00	 16135984.00	        1.00	 25873548.00	        3.00
  9.23	 26094075.00	        0.00	 20643499.00	        1.00	 26303465.00	        3.00
  9.24	 26469469.00	        0.00	 26544771.00	        1.00	 26738699.00	        3.00
  9.25	 26832989.00	        0.00	 34289893.00	        1.00	 27180751.00	        3.00
  9.26	 27178142.00	        0.00	 44415837.00	        1.00	 27628570.00	        3.00
  9.27	 27495426.00	        0.00	 57760771.00	        1.00	 28081155.00	        3.00
  9.28	 27776539.00	        0.00	 75362536.00	        1.00	 28540708.00	        3.00
  9.29	 28004184.00	        0.00	 98489759.00	        1.00	 29002810.00	        3.00
  9.30	 28161609.00	        0.00	128914688.00	        1.00	 29468665.00	        3.00
  9.31	 28222403.00	        0.00	168959076.00	        1.00	 29935405.00	        3.00
  9.32	 28156500.00	        0.00	221500701.00	        1.00	 30402141.00	        3.00
  9.33	 27927028.00	        0.00	290125908.00	        1.00	 30868350.00	        3.00
  9.34	 27488294.00	        0.00	378823915.00	        1.00	 31328817.00	        3.00
  9.35	 26791706.00	        0.00	492157056.00	        1.00	 31781262.00	        3.00
  9.36	 25787659.00	        0.00	634460276.00	        1.00	 32220149.00	        3.00
  9.37	 24434534.00	        0.00	809228114.00	        1.00	 32639438.00	        3.00
  9.38	 22717895.00	        0.00	1017337280.00	        1.00	 33033896.00	        3.00
  9.39	 20652804.00	        0.00	1256717476.00	        1.00	 33397997.00	        3.00
  9.40	 18302570.00	        0.00	1520348730.00	        1.00	 33724445.00	        3.00
  9.41	 15775221.00	        0.00	1797286715.00	        1.00	 34010908.00	        3.00
  9.42	 13212147.00	        0.00	2073262149.00	        1.00	 34254755.00	        3.00
  9.43	 10755908.00	        0.00	2334244035.00	        1.00	 34456709.00	        3.00
  9.44	  8531108.00	        0.00	2568238181.00	        1.00	 34620046.00	        3.00
  9.45	  6609926.00	        0.00	2768461402.00	        1.00	 34748106.00	        3.00
  9.46	  5022364.00	        0.00	2932566588.00	        1.00	 34846814.00	        3.00
  9.47	  3756604.00	        0.00	3062276068.00	        1.00	 34921420.00	        3.00
  9.48	  2775501.00	        0.00	3161808647.00	        1.00	 34977047.00	        3.00
  9.49	  2031508.00	        0.00	3236335203.00	        1.00	 35018106.00	        3.00
  9.50	  1476424.00	        0.00	3290971636.00	        1.00	 35047814.00	        3.00
  9.51	  1066936.00	        0.00	3330340198.00	        1.00	 35069413.00	        3.00
  9.52	   768377.00	        0.00	3358088529.00	        1.00	 35084907.00	        3.00
  9.53	   552419.00	        0.00	3377214926.00	        1.00	 35096177.00	        3.00
  9.54	   396268.00	        0.00	3390081555.00	        1.00	 35104154.00	        3.00
  9.55	   283707.00	        0.00	3398402658.00	        1.00	 35109912.00	        3.00
  9.56	   203176.00	        0.00	3403375311.00	        1.00	 35113999.00	        3.00
  9.57	   145066.00	        0.00	3406022709.00	        1.00	 35117026.00	        3.00
  9.58	   103944.00	        0.00	3406899836.00	        1.00	 35119147.00	        3.00
  9.59	    74527.00	        0.00	3406548557.00	        1.00	 35120635.00	        3.00
  9.60	    53403.00	        0.00	3405340132.00	        1.00	 35121712.00	        3.00
  9.61	    38359.00	        0.00	3403501879.00	        1.00	 35122468.00	        3.00
  9.62	    27299.00	        0.00	3401254490.00	        1.00	 35123028.00	        3.00
  9.63	    19418.00	        0.00	3398670590.00	        1.00	 35123379.00	        3.00
  9.64	    13794.00	        0.00	3395854129.00	        1.00	 35123649.00	        3.00
  9.65	     9931.00	        0.00	3392862845.00	        1.00	 35123870.00	        3.00
  9.66	     7046.00	        0.00	3389770030.00	        1.00	 35123998.00	        3.00
  9.67	     5034.00	        0.00	3386593038.00	        1.00	 35124099.00	        3.00
  9.68	     3656.00	        0.00	3383352570.00	        1.00	 35124170.00	        3.00
  9.69	     2664.00	        0.00	3380078873.00	        1.00	 35124230.00	        3.00
  9.70	     1935.00	        0.00	3376775044.00	        1.00	 35124268.00	        3.00
  9.71	     1361.00	        0.00	3373461031.00	        1.00	 35124284.00	        3.00
  9.72	      958.00	        0.00	3370127408.00	        1.00	 35124300.00	        3.00
  9.73	      671.00	        0.00	3366789360.00	        1.00	 35124313.00	        3.00
  9.74	      515.00	        0.00	3363439348.00	        1.00	 35124321.00	        3.00
  9.75	      363.00	        0.00	3360091154.00	        1.00	 35124328.00	        3.00
  9.76	      268.00	        0.00	3356741115.00	        1.00	 35124333.00	        3.00
  9.77	      186.00	        0.00	3353391743.00	        1.00	 35124336.00	        3.00
  9.78	      129.00	        0.00	3350047091.00	        1.00	 35124341.00	        3.00
  9.79	       94.00	        0.00	3346703149.00	        1.00	 35124341.00	        3.00
  9.80	       71.00	        0.00	3343361470.00	        1.00	 35124341.00	        3.00
  9.81	       50.00	        0.00	3340019964.00	        1.00	 35124341.00	        3.00
  9.82	       40.00	        0.00	3336681439.00	        1.00	 35124342.00	        3.00
  9.83	       23.00	        0.00	3333346836.00	        1.00	 35124342.00	        3.00
  9.84	       18.00	        0.00	3330012043.00	        1.00	 35124342.00	        3.00
  9.85	       15.00	        0.00	3326681874.00	        1.00	 35124343.00	        3.00
  9.86	       10.00	        0.00	3323352323.00	        1.00	 35124343.00	        3.00
  9.87	        7.00	        0.00	3320030921.00	        1.00	 35124343.00	        3.00
  9.88	        5.00	        0.00	3316712064.00	        1.00	 35124343.00	        3.00
  9.89	        4.00	        0.00	3313395379.00	        1.00	 35124343.00	        3.00
  9.90	        4.00	        0.00	3310082248.00	        1.00	 35124343.00	        3.00
  9.91	        3.00	        0.00	3306774136.00	        1.00	 35124343.00	        3.00
  9.92	        0.00	        0.00	3303469374.00	        0.00	 35124343.00	        0.00
