Datatype: PopulationSize
  0.00	  3162278.00	        0.00	   100000.00	        1.00	        0.00	  3162278.00
  0.01	  3215210.00	        0.00	   103172.00	        1.00	    52965.00	  3162253.00
  0.02	  3268726.00	        0.00	   105926.00	        1.00	   106510.00	  3162237.00
  0.03	  3323625.00	        0.00	   109664.00	        1.00	   161448.00	  3162220.00
  0.04	  3379454.00	        0.00	   112734.00	        1.00	   217309.00	  3162213.00
  0.05	  3436139.00	        0.00	   115792.00	        1.00	   274026.00	  3162213.00
  0.06	  3493858.00	        0.00	   120030.00	        1.00	   331789.00	  3162211.00
  0.07	  3552454.00	        0.00	   125152.00	        1.00	   390438.00	  3162209.00
  0.08	  3611965.00	        0.00	   129083.00	        1.00	   449990.00	  3162209.00
  0.09	  3672221.00	        0.00	   134003.00	        1.00	   510297.00	  3162203.00
  0.10	  3733747.00	        0.00	   138021.00	        1.00	   571865.00	  3162201.00
  0.11	  3796580.00	        0.00	   143042.00	        1.00	   634750.00	  3162200.00
  0.12	  3860362.00	        0.00	   147558.00	        1.00	   698579.00	  3162199.00
  0.13	  3925232.00	        0.00	   152750.00	        1.00	   763503.00	  3162197.00
  0.14	  3991036.00	        0.00	   159703.00	        1.00	   829379.00	  3162197.00
  0.15	  4057661.00	        0.00	   165586.00	        1.00	   896065.00	  3162197.00
  0.16	  4125596.00	        0.00	   171151.00	        1.00	   964058.00	  3162196.00
  0.17	  4194206.00	        0.00	   177412.00	        1.00	  1032733.00	  3162195.00
  0.18	  4264516.00	        0.00	   184360.00	        1.00	  1103115.00	  3162194.00
  0.19	  4336014.00	        0.00	   192198.00	        1.00	  1174694.00	  3162194.00
  0.20	  4408977.00	        0.00	   199728.00	        1.00	  1247735.00	  3162194.00
  0.21	  4482638.00	        0.00	   209217.00	        1.00	  1321494.00	  3162194.00
  0.22	  4557622.00	        0.00	   217299.00	        1.00	  1396562.00	  3162194.00
  0.23	  4633845.00	        0.00	   226285.00	        1.00	  1472878.00	  3162194.00
  0.24	  4711705.00	        0.00	   236528.00	        1.00	  1550844.00	  3162194.00
  0.25	  4790770.00	        0.00	   248002.00	        1.00	  1630027.00	  3162194.00
  0.26	  4871089.00	        0.00	   260306.00	        1.00	  1710473.00	  3162194.00
  0.27	  4952954.00	        0.00	   273509.00	        1.00	  1792474.00	  3162194.00
  0.28	  5035714.00	        0.00	   287004.00	        1.00	  1875373.00	  3162194.00
  0.29	  5119738.00	        0.00	   303044.00	        1.00	  1959562.00	  3162194.00
  0.30	  5205892.00	        0.00	   320970.00	        1.00	  2045900.00	  3162194.00
  0.31	  5293133.00	        0.00	   337961.00	        1.00	  2133316.00	  3162194.00
  0.32	  5381535.00	        0.00	   356130.00	        1.00	  2221905.00	  3162194.00
  0.33	  5471254.00	        0.00	   375083.00	        1.00	  2311819.00	  3162194.00
  0.34	  5562789.00	        0.00	   396487.00	        1.00	  2403574.00	  3162194.00
  0.35	  5656134.00	        0.00	   417566.00	        1.00	  2497136.00	  3162194.00
  0.36	  5750983.00	        0.00	   441192.00	        1.00	  2592228.00	  3162194.00
  0.37	  5847446.00	        0.00	   464991.00	        1.00	  2688936.00	  3162194.00
  0.38	  5945318.00	        0.00	   492551.00	        1.00	  2787091.00	  3162194.00
  0.39	  6044771.00	        0.00	   523136.00	        1.00	  2886858.00	  3162194.00
  0.40	  6145885.00	        0.00	   556582.00	        1.00	  2988315.00	  3162194.00
  0.41	  6248208.00	        0.00	   588753.00	        1.00	  3090969.00	  3162194.00
  0.42	  6352056.00	        0.00	   626060.00	        1.00	  3195200.00	  3162194.00
  0.43	  6457704.00	        0.00	   666014.00	        1.00	  3301258.00	  3162194.00
  0.44	  6565523.00	        0.00	   708635.00	        1.00	  3409514.00	  3162194.00
  0.45	  6675050.00	        0.00	   755874.00	        1.00	  3519526.00	  3162194.00
  0.46	  6786124.00	        0.00	   809762.00	        1.00	  3631152.00	  3162194.00
  0.47	  6899054.00	        0.00	   865117.00	        1.00	  3744650.00	  3162194.00
  0.48	  7014803.00	        0.00	   930977.00	        1.00	  3861073.00	  3162194.00
  0.49	  7132181.00	        0.00	   997325.00	        1.00	  3979131.00	  3162194.00
  0.50	  7251338.00	        0.00	  1065711.00	        1.00	  4098989.00	  3162194.00
  0.51	  7371676.00	        0.00	  1140441.00	        1.00	  4220093.00	  3162194.00
  0.52	  7494005.00	        0.00	  1232132.00	        1.00	  4343360.00	  3162194.00
  0.53	  7618758.00	        0.00	  1328530.00	        1.00	  4469100.00	  3162194.00
  0.54	  7745304.00	        0.00	  1433228.00	        1.00	  4596717.00	  3162194.00
  0.55	  7874103.00	        0.00	  1542236.00	        1.00	  4726632.00	  3162194.00
  0.56	  8004537.00	        0.00	  1664878.00	        1.00	  4858320.00	  3162194.00
  0.57	  8137661.00	        0.00	  1802966.00	        1.00	  4992856.00	  3162194.00
  0.58	  8272467.00	        0.00	  1952249.00	        1.00	  5129189.00	  3162194.00
  0.59	  8409621.00	        0.00	  2117610.00	        1.00	  5268034.00	  3162194.00
  0.60	  8548505.00	        0.00	  2298814.00	        1.00	  5408771.00	  3162194.00
  0.61	  8689549.00	        0.00	  2493227.00	        1.00	  5551802.00	  3162194.00
  0.62	  8833044.00	        0.00	  2706285.00	        1.00	  5697476.00	  3162192.00
  0.63	  8979003.00	        0.00	  2953540.00	        1.00	  5845961.00	  3162192.00
  0.64	  9126220.00	        0.00	  3225789.00	        1.00	  5995960.00	  3162192.00
  0.65	  9276282.00	        0.00	  3521667.00	        1.00	  6149045.00	  3162192.00
  0.66	  9428171.00	        0.00	  3843272.00	        1.00	  6304219.00	  3162190.00
  0.67	  9581986.00	        0.00	  4202009.00	        1.00	  6461698.00	  3162188.00
  0.68	  9738786.00	        0.00	  4604515.00	        1.00	  6622607.00	  3162188.00
  0.69	  9897609.00	        0.00	  5051251.00	        1.00	  6785991.00	  3162185.00
  0.70	 10058361.00	        0.00	  5564702.00	        1.00	  6951982.00	  3162183.00
  0.71	 10220948.00	        0.00	  6130084.00	        1.00	  7120338.00	  3162181.00
  0.72	 10386161.00	        0.00	  6748944.00	        1.00	  7291867.00	  3162168.00
  0.73	 10553275.00	        0.00	  7441749.00	        1.00	  7466049.00	  3162159.00
  0.74	 10722571.00	        0.00	  8198250.00	        1.00	  7643065.00	  3162148.00
  0.75	 10893443.00	        0.00	  9050441.00	        1.00	  7822633.00	  3162136.00
  0.76	 11066542.00	        0.00	 10016513.00	        1.00	  8005586.00	  3162126.00
  0.77	 11240980.00	        0.00	 11081787.00	        1.00	  8190889.00	  3162105.00
  0.78	 11416725.00	        0.00	 12277617.00	        1.00	  8378829.00	  3162080.00
  0.79	 11594312.00	        0.00	 13631066.00	        1.00	  8570216.00	  3162052.00
  0.80	 11773695.00	        0.00	 15155609.00	        1.00	  8765142.00	  3162009.00
  0.81	 11954838.00	        0.00	 16832936.00	        1.00	  8963387.00	  3161975.00
  0.82	 12135042.00	        0.00	 18701839.00	        1.00	  9162648.00	  3161916.00
  0.83	 12315894.00	        0.00	 20815742.00	        1.00	  9365049.00	  3161861.00
  0.84	 12497821.00	        0.00	 23172044.00	        1.00	  9570996.00	  3161768.00
  0.85	 12680064.00	        0.00	 25837207.00	        1.00	  9780402.00	  3161653.00
  0.86	 12861835.00	        0.00	 28859392.00	        1.00	  9992971.00	  3161501.00
  0.87	 13043284.00	        0.00	 32225480.00	        1.00	 10208726.00	  3161352.00
  0.88	 13222797.00	        0.00	 36036738.00	        1.00	 10427080.00	  3161136.00
  0.89	 13399948.00	        0.00	 40316178.00	        1.00	 10647836.00	  3160878.00
  0.90	 13575430.00	        0.00	 45110873.00	        1.00	 10872172.00	  3160585.00
  0.91	 13747110.00	        0.00	 50507410.00	        1.00	 11098838.00	  3160200.00
  0.92	 13915515.00	        0.00	 56580404.00	        1.00	 11329120.00	  3159722.00
  0.93	 14079145.00	        0.00	 63363054.00	        1.00	 11561857.00	  3159200.00
  0.94	 14237114.00	        0.00	 70979787.00	        1.00	 11797434.00	  3158639.00
  0.95	 14388475.00	        0.00	 79478481.00	        1.00	 12035388.00	  3157965.00
  0.96	 14531156.00	        0.00	 89046226.00	        1.00	 12275547.00	  3157125.00
  0.97	 14665494.00	        0.00	 99700312.00	        1.00	 12518447.00	  3156063.00
  0.98	 14789332.00	        0.00	111595962.00	        1.00	 12763506.00	  3154783.00
  0.99	 14899694.00	        0.00	124923287.00	        1.00	 13009665.00	  3153246.00
  1.00	 14997607.00	        0.00	139744504.00	        1.00	 13258602.00	  3151322.00
  1.01	 15080200.00	        0.00	156197683.00	        1.00	 13508869.00	  3148870.00
  1.02	 15144993.00	        0.00	174471509.00	        1.00	 13759894.00	  3146036.00
  1.03	 15189745.00	        0.00	194771263.00	        1.00	 14011540.00	  3142583.00
  1.04	 15213779.00	        0.00	217209147.00	        1.00	 14264278.00	  3138456.00
  1.05	 15215923.00	        0.00	241869458.00	        1.00	 14517807.00	  3133578.00
  1.06	 15190538.00	        0.00	269118844.00	        1.00	 14770225.00	  3127898.00
  1.07	 15138335.00	        0.00	298951919.00	        1.00	 15022183.00	  3121027.00
  1.08	 15055438.00	        0.00	331738178.00	        1.00	 15273609.00	  3113014.00
  1.09	 14940402.00	        0.00	367485995.00	        1.00	 15523154.00	  3103394.00
  1.10	 14792177.00	        0.00	406231002.00	        1.00	 15770169.00	  3092362.00
  1.11	 14607633.00	        0.00	448299210.00	        1.00	 16014827.00	  3079009.00
  1.12	 14384591.00	        0.00	493756904.00	        1.00	 16255676.00	  3063589.00
  1.13	 14123248.00	        0.00	542601981.00	        1.00	 16492895.00	  3045619.00
  1.14	 13822763.00	        0.00	594824421.00	        1.00	 16725592.00	  3025354.00
  1.15	 13482584.00	        0.00	650487925.00	        1.00	 16953902.00	  3001944.00
  1.16	 13099839.00	        0.00	709726094.00	        1.00	 17176327.00	  2974979.00
  1.17	 12678737.00	        0.00	772043206.00	        1.00	 17392108.00	  2943948.00
  1.18	 12221029.00	        0.00	837163915.00	        1.00	 17600239.00	  2909392.00
  1.19	 11724182.00	        0.00	905254014.00	        1.00	 17799908.00	  2870091.00
  1.20	 11194602.00	        0.00	975650594.00	        1.00	 17990813.00	  2825203.00
  1.21	 10635567.00	        0.00	1048051928.00	        1.00	 18173260.00	  2774073.00
  1.22	 10051931.00	        0.00	1121880195.00	        0.99	 18346240.00	  2716846.00
  1.23	  9446254.00	        0.00	1196803118.00	        0.99	 18508978.00	  2652859.00
  1.24	  8827662.00	        0.00	1271947708.00	        0.99	 18661813.00	  2582328.00
  1.25	  8198479.00	        0.00	1347053950.00	        0.99	 18804439.00	  2504747.00
  1.26	  7563704.00	        0.00	1421540373.00	        0.98	 18935951.00	  2420258.00
  1.27	  6933865.00	        0.00	1494477940.00	        0.98	 19057519.00	  2328829.00
  1.28	  6313185.00	        0.00	1565391431.00	        0.97	 19168526.00	  2230904.00
  1.29	  5707755.00	        0.00	1633748547.00	        0.97	 19269661.00	  2126749.00
  1.30	  5122863.00	        0.00	1699034985.00	        0.96	 19360991.00	  2017275.00
  1.31	  4564158.00	        0.00	1760652522.00	        0.95	 19442092.00	  1901747.00
  1.32	  4038577.00	        0.00	1818069078.00	        0.94	 19514505.00	  1783468.00
  1.33	  3546114.00	        0.00	1871262546.00	        0.93	 19577944.00	  1660817.00
  1.34	  3093225.00	        0.00	1919771217.00	        0.92	 19634152.00	  1537791.00
  1.35	  2677297.00	        0.00	1963822938.00	        0.90	 19682742.00	  1412545.00
  1.36	  2302310.00	        0.00	2003128645.00	        0.88	 19724786.00	  1288114.00
  1.37	  1966870.00	        0.00	2037871872.00	        0.86	 19760672.00	  1166145.00
  1.38	  1669674.00	        0.00	2068266441.00	        0.84	 19791244.00	  1046959.00
  1.39	  1410240.00	        0.00	2094473851.00	        0.81	 19817556.00	   932770.00
  1.40	  1183578.00	        0.00	2116997532.00	        0.78	 19839640.00	   824201.00
  1.41	   988276.00	        0.00	2136025244.00	        0.75	 19857980.00	   722150.00
  1.42	   822175.00	        0.00	2151829471.00	        0.72	 19873167.00	   627903.00
  1.43	   681770.00	        0.00	2164823267.00	        0.69	 19885791.00	   542072.00
  1.44	   563278.00	        0.00	2175433191.00	        0.65	 19896381.00	   464409.00
  1.45	   464094.00	        0.00	2183933002.00	        0.61	 19905056.00	   395195.00
  1.46	   382350.00	        0.00	2190544408.00	        0.57	 19912162.00	   334808.00
  1.47	   314553.00	        0.00	2195648034.00	        0.53	 19918087.00	   281987.00
  1.48	   258060.00	        0.00	2199520812.00	        0.49	 19922898.00	   236006.00
  1.49	   211834.00	        0.00	2202289554.00	        0.45	 19926846.00	   196646.00
  1.50	   173670.00	        0.00	2204188686.00	        0.41	 19930134.00	   163180.00
  1.51	   142257.00	        0.00	2205357023.00	        0.38	 19932786.00	   135012.00
  1.52	   116698.00	        0.00	2205891214.00	        0.34	 19934906.00	   111557.00
  1.53	    95850.00	        0.00	2205921436.00	        0.31	 19936639.00	    92023.00
  1.54	    78784.00	        0.00	2205554623.00	        0.27	 19938163.00	    75744.00
  1.55	    64745.00	        0.00	2204861714.00	        0.24	 19939414.00	    62292.00
  1.56	    53276.00	        0.00	2203894010.00	        0.21	 19940455.00	    51233.00
  1.57	    43861.00	        0.00	2202703858.00	        0.19	 19941265.00	    42153.00
  1.58	    36200.00	        0.00	2201323248.00	        0.16	 19941915.00	    34737.00
  1.59	    29887.00	        0.00	2199806731.00	        0.14	 19942502.00	    28639.00
  1.60	    24782.00	        0.00	2198158417.00	        0.12	 19942961.00	    23732.00
  1.61	    20462.00	        0.00	2196425784.00	        0.11	 19943354.00	    19548.00
  1.62	    16889.00	        0.00	2194615139.00	        0.09	 19943668.00	    16125.00
  1.63	    13974.00	        0.00	2192736478.00	        0.08	 19943933.00	    13278.00
  1.64	    11571.00	        0.00	2190803375.00	        0.07	 19944132.00	    10952.00
  1.65	     9685.00	        0.00	2188817426.00	        0.06	 19944319.00	     9135.00
  1.66	     8053.00	        0.00	2186804343.00	        0.05	 19944478.00	     7570.00
  1.67	     6688.00	        0.00	2184768560.00	        0.04	 19944618.00	     6268.00
  1.68	     5550.00	        0.00	2182705554.00	        0.04	 19944708.00	     5203.00
  1.69	     4615.00	        0.00	2180623053.00	        0.03	 19944799.00	     4337.00
  1.70	     3811.00	        0.00	2178528031.00	        0.03	 19944861.00	     3580.00
  1.71	     3207.00	        0.00	2176415999.00	        0.02	 19944911.00	     3023.00
  1.72	     2675.00	        0.00	2174295749.00	        0.02	 19944945.00	     2517.00
  1.73	     2232.00	        0.00	2172172054.00	        0.02	 19944978.00	     2097.00
  1.74	     1902.00	        0.00	2170033912.00	        0.01	 19945014.00	     1775.00
  1.75	     1594.00	        0.00	2167898294.00	        0.01	 19945044.00	     1492.00
  1.76	     1321.00	        0.00	2165761231.00	        0.01	 19945065.00	     1236.00
  1.77	     1064.00	        0.00	2163623113.00	        0.01	 19945080.00	      996.00
  1.78	      906.00	        0.00	2161474931.00	        0.01	 19945095.00	      851.00
  1.79	      775.00	        0.00	2159330037.00	        0.01	 19945107.00	      726.00
  1.80	      633.00	        0.00	2157186408.00	        0.00	 19945116.00	      591.00
  1.81	      528.00	        0.00	2155040948.00	        0.00	 19945127.00	      491.00
  1.82	      438.00	        0.00	2152896111.00	        0.00	 19945143.00	      397.00
  1.83	      375.00	        0.00	2150750804.00	        0.00	 19945151.00	      338.00
  1.84	      318.00	        0.00	2148606141.00	        0.00	 19945155.00	      286.00
  1.85	      271.00	        0.00	2146463618.00	        0.00	 19945156.00	      248.00
  1.86	      229.00	        0.00	2144323021.00	        0.00	 19945158.00	      212.00
  1.87	      196.00	        0.00	2142183036.00	        0.00	 19945166.00	      177.00
  1.88	      163.00	        0.00	2140046460.00	        0.00	 19945170.00	      146.00
  1.89	      141.00	        0.00	2137906009.00	        0.00	 19945173.00	      127.00
  1.90	      124.00	        0.00	2135772388.00	        0.00	 19945177.00	      109.00
  1.91	       98.00	        0.00	2133640574.00	        0.00	 19945178.00	       90.00
  1.92	       86.00	        0.00	2131509428.00	        0.00	 19945178.00	       82.00
  1.93	       67.00	        0.00	2129379607.00	        0.00	 19945179.00	       62.00
  1.94	       54.00	        0.00	2127251909.00	        0.00	 19945179.00	       52.00
  1.95	       51.00	        0.00	2125123339.00	        0.00	 19945179.00	       49.00
  1.96	       40.00	        0.00	2122998814.00	        0.00	 19945179.00	       39.00
  1.97	       33.00	        0.00	2120876645.00	        0.00	 19945179.00	       32.00
  1.98	       29.00	        0.00	2118754827.00	        0.00	 19945179.00	       29.00
  1.99	       23.00	        0.00	2116635749.00	        0.00	 19945179.00	       23.00
  2.00	       18.00	        0.00	2114519957.00	        0.00	 19945179.00	       18.00
  2.01	       13.00	        0.00	2112407315.00	        0.00	 19945179.00	       13.00
  2.02	        9.00	        0.00	2110296822.00	        0.00	 19945180.00	        9.00
  2.03	        6.00	        0.00	2108190930.00	        0.00	 19945180.00	        6.00
  2.04	        6.00	        0.00	2106083486.00	        0.00	 19945180.00	        6.00
  2.05	        6.00	        0.00	2103979158.00	        0.00	 19945180.00	        6.00
  2.06	        6.00	        0.00	2101876781.00	        0.00	 19945180.00	        6.00
  2.07	        6.00	        0.00	2099778311.00	        0.00	 19945181.00	        5.00
  2.08	        4.00	        0.00	2097678285.00	        0.00	 19945181.00	        4.00
  2.09	        3.00	        0.00	2095583190.00	        0.00	 19945181.00	        3.00
  2.10	        2.00	        0.00	2093486738.00	        0.00	 19945181.00	        2.00
  2.11	        2.00	        0.00	2091393240.00	        0.00	 19945181.00	        2.00
  2.12	        1.00	        0.00	2089302784.00	        0.00	 19945181.00	        1.00
  2.13	        1.00	        0.00	2087214451.00	        0.00	 19945181.00	        1.00
  2.14	        1.00	        0.00	2085129369.00	        0.00	 19945181.00	        1.00
  2.15	        0.00	        0.00	2083044735.00	        0.00	 19945181.00	        0.00
