Datatype: PopulationSize
  0.00	        1.00	        0.00	        0.00	        1.00	        0.00	        1.00
  0.01	        1.00	        0.00	        0.00	        1.00	        0.00	        1.00
  0.02	        1.00	        0.00	        0.00	        1.00	        0.00	        1.00
  0.03	        1.00	        0.00	        0.00	        1.00	        0.00	        1.00
  0.04	        1.00	        0.00	        0.00	        1.00	        0.00	        1.00
  0.05	        1.00	        0.00	        0.00	        1.00	        0.00	        1.00
  0.06	        1.00	        0.00	        0.00	        1.00	        0.00	        1.00
  0.07	        1.00	        0.00	        0.00	        1.00	        0.00	        1.00
  0.08	        1.00	        0.00	        0.00	        1.00	        0.00	        1.00
  0.09	        1.00	        0.00	        0.00	        1.00	        0.00	        1.00
  0.10	        1.00	        0.00	        0.00	        1.00	        0.00	        1.00
  0.11	        1.00	        0.00	        0.00	        1.00	        0.00	        1.00
  0.12	        1.00	        0.00	        0.00	        1.00	        0.00	        1.00
  0.13	        1.00	        0.00	        0.00	        1.00	        0.00	        1.00
  0.14	        1.00	        0.00	        0.00	        1.00	        0.00	        1.00
  0.15	        1.00	        0.00	        0.00	        1.00	        0.00	        1.00
  0.16	        1.00	        0.00	        0.00	        1.00	        0.00	        1.00
  0.17	        1.00	        0.00	        0.00	        1.00	        0.00	        1.00
  0.18	        1.00	        0.00	        0.00	        1.00	        0.00	        1.00
  0.19	        1.00	        0.00	        0.00	        1.00	        0.00	        1.00
  0.20	        1.00	        0.00	        0.00	        1.00	        0.00	        1.00
  0.21	        1.00	        0.00	        0.00	        1.00	        0.00	        1.00
  0.22	        1.00	        0.00	        0.00	        1.00	        0.00	        1.00
  0.23	        1.00	        0.00	        0.00	        1.00	        0.00	        1.00
  0.24	        1.00	        0.00	        0.00	        1.00	        0.00	        1.00
  0.25	        1.00	        0.00	        0.00	        1.00	        0.00	        1.00
  0.26	        1.00	        0.00	        0.00	        1.00	        0.00	        1.00
  0.27	        1.00	        0.00	        0.00	        1.00	        0.00	        1.00
  0.28	        1.00	        0.00	        0.00	        1.00	        0.00	        1.00
  0.29	        1.00	        0.00	        0.00	        1.00	        0.00	        1.00
  0.30	        1.00	        0.00	        0.00	        1.00	        0.00	        1.00
  0.31	        1.00	        0.00	        0.00	        1.00	        0.00	        1.00
  0.32	        1.00	        0.00	        0.00	        1.00	        0.00	        1.00
  0.33	        1.00	        0.00	        0.00	        1.00	        0.00	        1.00
  0.34	        1.00	        0.00	        0.00	        1.00	        0.00	        1.00
  0.35	        1.00	        0.00	        0.00	        1.00	        0.00	        1.00
  0.36	        1.00	        0.00	        0.00	        1.00	        0.00	        1.00
  0.37	        1.00	        0.00	        0.00	        1.00	        0.00	        1.00
  0.38	        1.00	        0.00	        0.00	        1.00	        0.00	        1.00
  0.39	        1.00	        0.00	        0.00	        1.00	        0.00	        1.00
  0.40	        1.00	        0.00	        0.00	        1.00	        0.00	        1.00
  0.41	        1.00	        0.00	        0.00	        1.00	        0.00	        1.00
  0.42	        1.00	        0.00	        0.00	        1.00	        0.00	        1.00
  0.43	        1.00	        0.00	        0.00	        1.00	        0.00	        1.00
  0.44	        1.00	        0.00	        0.00	        1.00	        0.00	        1.00
  0.45	        1.00	        0.00	        0.00	        1.00	        0.00	        1.00
  0.46	        1.00	        0.00	        0.00	        1.00	        0.00	        1.00
  0.47	        1.00	        0.00	        0.00	        1.00	        0.00	        1.00
  0.48	        1.00	        0.00	        0.00	        1.00	        0.00	        1.00
  0.49	        1.00	        0.00	        0.00	        1.00	        0.00	        1.00
  0.50	        1.00	        0.00	        0.00	        1.00	        0.00	        1.00
  0.51	        1.00	        0.00	        0.00	        1.00	        0.00	        1.00
  0.52	        1.00	        0.00	        0.00	        1.00	        0.00	        1.00
  0.53	        1.00	        0.00	        0.00	        1.00	        0.00	        1.00
  0.54	        1.00	        0.00	        0.00	        1.00	        0.00	        1.00
  0.55	        1.00	        0.00	        0.00	        1.00	        0.00	        1.00
  0.56	        1.00	        0.00	        0.00	        1.00	        0.00	        1.00
  0.57	        1.00	        0.00	        0.00	        1.00	        0.00	        1.00
  0.58	        1.00	        0.00	        0.00	        1.00	        0.00	        1.00
  0.59	        1.00	        0.00	        0.00	        1.00	        0.00	        1.00
  0.60	        1.00	        0.00	        0.00	        1.00	        0.00	        1.00
  0.61	        1.00	        0.00	        0.00	        1.00	        0.00	        1.00
  0.62	        1.00	        0.00	        0.00	        1.00	        0.00	        1.00
  0.63	        1.00	        0.00	        0.00	        1.00	        0.00	        1.00
  0.64	        1.00	        0.00	        0.00	        1.00	        0.00	        1.00
  0.65	        1.00	        0.00	        0.00	        1.00	        0.00	        1.00
  0.66	        1.00	        0.00	        0.00	        1.00	        0.00	        1.00
  0.67	        1.00	        0.00	        0.00	        1.00	        0.00	        1.00
  0.68	        1.00	        0.00	        0.00	        1.00	        0.00	        1.00
  0.69	        1.00	        0.00	        0.00	        1.00	        0.00	        1.00
  0.70	        1.00	        0.00	        0.00	        1.00	        0.00	        1.00
  0.71	        1.00	        0.00	        0.00	        1.00	        0.00	        1.00
  0.72	        1.00	        0.00	        0.00	        1.00	        0.00	        1.00
  0.73	        1.00	        0.00	        0.00	        1.00	        0.00	        1.00
  0.74	        1.00	        0.00	        0.00	        1.00	        0.00	        1.00
  0.75	        1.00	        0.00	        0.00	        1.00	        0.00	        1.00
  0.76	        1.00	        0.00	        0.00	        1.00	        0.00	        1.00
  0.77	        1.00	        0.00	        0.00	        1.00	        0.00	        1.00
  0.78	        2.00	        0.00	        0.00	        1.00	        1.00	        1.00
  0.79	        2.00	        0.00	        0.00	        1.00	        1.00	        1.00
  0.80	        2.00	        0.00	        0.00	        1.00	        1.00	        1.00
  0.81	        2.00	        0.00	        0.00	        1.00	        1.00	        1.00
  0.82	        2.00	        0.00	        0.00	        1.00	        1.00	        1.00
  0.83	        2.00	        0.00	        0.00	        1.00	        1.00	        1.00
  0.84	        2.00	        0.00	        0.00	        1.00	        1.00	        1.00
  0.85	        2.00	        0.00	        0.00	        1.00	        1.00	        1.00
  0.86	        2.00	        0.00	        0.00	        1.00	        1.00	        1.00
  0.87	        2.00	        0.00	        0.00	        1.00	        1.00	        1.00
  0.88	        2.00	        0.00	        0.00	        1.00	        1.00	        1.00
  0.89	        2.00	        0.00	        0.00	        1.00	        1.00	        1.00
  0.90	        2.00	        0.00	        0.00	        1.00	        1.00	        1.00
  0.91	        2.00	        0.00	        0.00	        1.00	        1.00	        1.00
  0.92	        3.00	        0.00	        0.00	        1.00	        2.00	        1.00
  0.93	        3.00	        0.00	        0.00	        1.00	        2.00	        1.00
  0.94	        3.00	        0.00	        0.00	        1.00	        2.00	        1.00
  0.95	        3.00	        0.00	        0.00	        1.00	        2.00	        1.00
  0.96	        3.00	        0.00	        0.00	        1.00	        2.00	        1.00
  0.97	        3.00	        0.00	        0.00	        1.00	        2.00	        1.00
  0.98	        3.00	        0.00	        0.00	        1.00	        2.00	        1.00
  0.99	        3.00	        0.00	        0.00	        1.00	        2.00	        1.00
  1.00	        4.00	        0.00	        0.00	        1.00	        3.00	        1.00
  1.01	        4.00	        0.00	        0.00	        1.00	        3.00	        1.00
  1.02	        5.00	        0.00	        0.00	        1.00	        4.00	        1.00
  1.03	        5.00	        0.00	        0.00	        1.00	        4.00	        1.00
  1.04	        5.00	        0.00	        0.00	        1.00	        4.00	        1.00
  1.05	        5.00	        0.00	        0.00	        1.00	        4.00	        1.00
  1.06	        5.00	        0.00	        0.00	        1.00	        4.00	        1.00
  1.07	        5.00	        0.00	        0.00	        1.00	        4.00	        1.00
  1.08	        5.00	        0.00	        0.00	        1.00	        4.00	        1.00
  1.09	        5.00	        0.00	        0.00	        1.00	        4.00	        1.00
  1.10	        5.00	        0.00	        0.00	        1.00	        4.00	        1.00
  1.11	        5.00	        0.00	        0.00	        1.00	        4.00	        1.00
  1.12	        5.00	        0.00	        0.00	        1.00	        4.00	        1.00
  1.13	        5.00	        0.00	        0.00	        1.00	        4.00	        1.00
  1.14	        5.00	        0.00	        0.00	        1.00	        4.00	        1.00
  1.15	        5.00	        0.00	        0.00	        1.00	        4.00	        1.00
  1.16	        5.00	        0.00	        0.00	        1.00	        4.00	        1.00
  1.17	        5.00	        0.00	        0.00	        1.00	        4.00	        1.00
  1.18	        5.00	        0.00	        0.00	        1.00	        4.00	        1.00
  1.19	        5.00	        0.00	        0.00	        1.00	        4.00	        1.00
  1.20	        5.00	        0.00	        0.00	        1.00	        4.00	        1.00
  1.21	        5.00	        0.00	        0.00	        1.00	        4.00	        1.00
  1.22	        5.00	        0.00	        0.00	        1.00	        4.00	        1.00
  1.23	        6.00	        0.00	        0.00	        1.00	        5.00	        1.00
  1.24	        6.00	        0.00	        0.00	        1.00	        5.00	        1.00
  1.25	        7.00	        0.00	        0.00	        1.00	        6.00	        1.00
  1.26	        7.00	        0.00	        0.00	        1.00	        6.00	        1.00
  1.27	        7.00	        0.00	        0.00	        1.00	        6.00	        1.00
  1.28	        7.00	        0.00	        0.00	        1.00	        6.00	        1.00
  1.29	        7.00	        0.00	        0.00	        1.00	        6.00	        1.00
  1.30	        7.00	        0.00	        0.00	        1.00	        6.00	        1.00
  1.31	        7.00	        0.00	        0.00	        1.00	        6.00	        1.00
  1.32	        7.00	        0.00	        0.00	        1.00	        6.00	        1.00
  1.33	        7.00	        0.00	        0.00	        1.00	        6.00	        1.00
  1.34	        7.00	        0.00	        0.00	        1.00	        6.00	        1.00
  1.35	        8.00	        0.00	        0.00	        1.00	        7.00	        1.00
  1.36	        8.00	        0.00	        0.00	        1.00	        7.00	        1.00
  1.37	        8.00	        0.00	        0.00	        1.00	        7.00	        1.00
  1.38	        8.00	        0.00	        0.00	        1.00	        7.00	        1.00
  1.39	        9.00	        0.00	        0.00	        1.00	        8.00	        1.00
  1.40	        9.00	        0.00	        0.00	        1.00	        8.00	        1.00
  1.41	        9.00	        0.00	        0.00	        1.00	        8.00	        1.00
  1.42	        9.00	        0.00	        0.00	        1.00	        8.00	        1.00
  1.43	        9.00	        0.00	        0.00	        1.00	        8.00	        1.00
  1.44	        9.00	        0.00	        0.00	        1.00	        8.00	        1.00
  1.45	        9.00	        0.00	        0.00	        1.00	        8.00	        1.00
  1.46	        9.00	        0.00	        0.00	        1.00	        8.00	        1.00
  1.47	        9.00	        0.00	        0.00	        1.00	        8.00	        1.00
  1.48	        9.00	        0.00	        0.00	        1.00	        8.00	        1.00
  1.49	        9.00	        0.00	        0.00	        1.00	        8.00	        1.00
  1.50	        9.00	        0.00	        0.00	        1.00	        8.00	        1.00
  1.51	        9.00	        0.00	        0.00	        1.00	        8.00	        1.00
  1.52	        9.00	        0.00	        0.00	        1.00	        8.00	        1.00
  1.53	        9.00	        0.00	        0.00	        1.00	        8.00	        1.00
  1.54	        9.00	        0.00	        0.00	        1.00	        8.00	        1.00
  1.55	        9.00	        0.00	        0.00	        1.00	        8.00	        1.00
  1.56	        9.00	        0.00	        0.00	        1.00	        8.00	        1.00
  1.57	       10.00	        0.00	        0.00	        1.00	        9.00	        1.00
  1.58	       10.00	        0.00	        0.00	        1.00	        9.00	        1.00
  1.59	       10.00	        0.00	        0.00	        1.00	        9.00	        1.00
  1.60	       10.00	        0.00	        0.00	        1.00	        9.00	        1.00
  1.61	       10.00	        0.00	        0.00	        1.00	        9.00	        1.00
  1.62	       10.00	        0.00	        0.00	        1.00	        9.00	        1.00
  1.63	       10.00	        0.00	        0.00	        1.00	        9.00	        1.00
  1.64	       10.00	        0.00	        0.00	        1.00	        9.00	        1.00
  1.65	       10.00	        0.00	        0.00	        1.00	        9.00	        1.00
  1.66	       10.00	        0.00	        0.00	        1.00	        9.00	        1.00
  1.67	       10.00	        0.00	        0.00	        1.00	        9.00	        1.00
  1.68	       10.00	        0.00	        0.00	        1.00	        9.00	        1.00
  1.69	       10.00	        0.00	        0.00	        1.00	        9.00	        1.00
  1.70	       10.00	        0.00	        0.00	        1.00	        9.00	        1.00
  1.71	       10.00	        0.00	        0.00	        1.00	        9.00	        1.00
  1.72	       10.00	        0.00	        0.00	        1.00	        9.00	        1.00
  1.73	       10.00	        0.00	        0.00	        1.00	        9.00	        1.00
  1.74	       10.00	        0.00	        0.00	        1.00	        9.00	        1.00
  1.75	       10.00	        0.00	        0.00	        1.00	        9.00	        1.00
  1.76	       10.00	        0.00	        0.00	        1.00	        9.00	        1.00
  1.77	       10.00	        0.00	        0.00	        1.00	        9.00	        1.00
  1.78	       10.00	        0.00	        0.00	        1.00	        9.00	        1.00
  1.79	       10.00	        0.00	        0.00	        1.00	        9.00	        1.00
  1.80	       10.00	        0.00	        0.00	        1.00	        9.00	        1.00
  1.81	       11.00	        0.00	        0.00	        1.00	       10.00	        1.00
  1.82	       11.00	        0.00	        0.00	        1.00	       10.00	        1.00
  1.83	       13.00	        0.00	        0.00	        1.00	       12.00	        1.00
  1.84	       14.00	        0.00	        0.00	        1.00	       13.00	        1.00
  1.85	       14.00	        0.00	        0.00	        1.00	       13.00	        1.00
  1.86	       14.00	        0.00	        0.00	        1.00	       13.00	        1.00
  1.87	       14.00	        0.00	        0.00	        1.00	       13.00	        1.00
  1.88	       15.00	        0.00	        0.00	        1.00	       14.00	        1.00
  1.89	       15.00	        0.00	        0.00	        1.00	       14.00	        1.00
  1.90	       17.00	        0.00	        0.00	        1.00	       16.00	        1.00
  1.91	       17.00	        0.00	        0.00	        1.00	       16.00	        1.00
  1.92	       17.00	        0.00	        0.00	        1.00	       16.00	        1.00
  1.93	       20.00	        0.00	        0.00	        1.00	       19.00	        1.00
  1.94	       20.00	        0.00	        0.00	        1.00	       19.00	        1.00
  1.95	       20.00	        0.00	        0.00	        1.00	       19.00	        1.00
  1.96	       20.00	        0.00	        0.00	        1.00	       19.00	        1.00
  1.97	       20.00	        0.00	        0.00	        1.00	       19.00	        1.00
  1.98	       20.00	        0.00	        0.00	        1.00	       19.00	        1.00
  1.99	       20.00	        0.00	        0.00	        1.00	       19.00	        1.00
  2.00	       20.00	        0.00	        0.00	        1.00	       19.00	        1.00
  2.01	       20.00	        0.00	        0.00	        1.00	       19.00	        1.00
  2.02	       20.00	        0.00	        0.00	        1.00	       19.00	        1.00
  2.03	       21.00	        0.00	        0.00	        1.00	       20.00	        1.00
  2.04	       22.00	        0.00	        0.00	        1.00	       21.00	        1.00
  2.05	       22.00	        0.00	        0.00	        1.00	       21.00	        1.00
  2.06	       22.00	        0.00	        0.00	        1.00	       21.00	        1.00
  2.07	       22.00	        0.00	        0.00	        1.00	       21.00	        1.00
  2.08	       22.00	        0.00	        0.00	        1.00	       21.00	        1.00
  2.09	       22.00	        0.00	        0.00	        1.00	       21.00	        1.00
  2.10	       22.00	        0.00	        0.00	        1.00	       21.00	        1.00
  2.11	       22.00	        0.00	        0.00	        1.00	       21.00	        1.00
  2.12	       22.00	        0.00	        0.00	        1.00	       21.00	        1.00
  2.13	       22.00	        0.00	        0.00	        1.00	       21.00	        1.00
  2.14	       22.00	        0.00	        0.00	        1.00	       21.00	        1.00
  2.15	       22.00	        0.00	        0.00	        1.00	       21.00	        1.00
  2.16	       22.00	        0.00	        0.00	        1.00	       21.00	        1.00
  2.17	       22.00	        0.00	        0.00	        1.00	       21.00	        1.00
  2.18	       22.00	        0.00	        0.00	        1.00	       21.00	        1.00
  2.19	       24.00	        0.00	        0.00	        1.00	       23.00	        1.00
  2.20	       24.00	        0.00	        0.00	        1.00	       23.00	        1.00
  2.21	       25.00	        0.00	        0.00	        1.00	       24.00	        1.00
  2.22	       26.00	        0.00	        0.00	        1.00	       25.00	        1.00
  2.23	       28.00	        0.00	        0.00	        1.00	       27.00	        1.00
  2.24	       29.00	        0.00	        0.00	        1.00	       28.00	        1.00
  2.25	       29.00	        0.00	        0.00	        1.00	       28.00	        1.00
  2.26	       29.00	        0.00	        0.00	        1.00	       28.00	        1.00
  2.27	       29.00	        0.00	        0.00	        1.00	       28.00	        1.00
  2.28	       32.00	        0.00	        0.00	        1.00	       31.00	        1.00
  2.29	       33.00	        0.00	        0.00	        1.00	       32.00	        1.00
  2.30	       33.00	        0.00	        0.00	        1.00	       32.00	        1.00
  2.31	       34.00	        0.00	        0.00	        1.00	       33.00	        1.00
  2.32	       35.00	        0.00	        0.00	        1.00	       34.00	        1.00
  2.33	       35.00	        0.00	        0.00	        1.00	       34.00	        1.00
  2.34	       36.00	        0.00	        0.00	        1.00	       35.00	        1.00
  2.35	       36.00	        0.00	        0.00	        1.00	       35.00	        1.00
  2.36	       37.00	        0.00	        0.00	        1.00	       36.00	        1.00
  2.37	       38.00	        0.00	        0.00	        1.00	       37.00	        1.00
  2.38	       38.00	        0.00	        0.00	        1.00	       37.00	        1.00
  2.39	       41.00	        0.00	        0.00	        1.00	       40.00	        1.00
  2.40	       41.00	        0.00	        0.00	        1.00	       40.00	        1.00
  2.41	       41.00	        0.00	        0.00	        1.00	       40.00	        1.00
  2.42	       41.00	        0.00	        0.00	        1.00	       40.00	        1.00
  2.43	       41.00	        0.00	        0.00	        1.00	       40.00	        1.00
  2.44	       41.00	        0.00	        0.00	        1.00	       40.00	        1.00
  2.45	       42.00	        0.00	        0.00	        1.00	       41.00	        1.00
  2.46	       42.00	        0.00	        0.00	        1.00	       41.00	        1.00
  2.47	       43.00	        0.00	        0.00	        1.00	       42.00	        1.00
  2.48	       44.00	        0.00	        0.00	        1.00	       43.00	        1.00
  2.49	       44.00	        0.00	        0.00	        1.00	       43.00	        1.00
  2.50	       45.00	        0.00	        0.00	        1.00	       44.00	        1.00
  2.51	       45.00	        0.00	        0.00	        1.00	       44.00	        1.00
  2.52	       46.00	        0.00	        0.00	        1.00	       45.00	        1.00
  2.53	       47.00	        0.00	        0.00	        1.00	       46.00	        1.00
  2.54	       47.00	        0.00	        0.00	        1.00	       46.00	        1.00
  2.55	       47.00	        0.00	        0.00	        1.00	       46.00	        1.00
  2.56	       53.00	        0.00	        0.00	        1.00	       52.00	        1.00
  2.57	       54.00	        0.00	        0.00	        1.00	       53.00	        1.00
  2.58	       57.00	        0.00	        0.00	        1.00	       56.00	        1.00
  2.59	       57.00	        0.00	        0.00	        1.00	       56.00	        1.00
  2.60	       57.00	        0.00	        0.00	        1.00	       56.00	        1.00
  2.61	       58.00	        0.00	        0.00	        1.00	       57.00	        1.00
  2.62	       58.00	        0.00	        0.00	        1.00	       57.00	        1.00
  2.63	       58.00	        0.00	        0.00	        1.00	       57.00	        1.00
  2.64	       58.00	        0.00	        0.00	        1.00	       57.00	        1.00
  2.65	       59.00	        0.00	        0.00	        1.00	       58.00	        1.00
  2.66	       60.00	        0.00	        0.00	        1.00	       59.00	        1.00
  2.67	       60.00	        0.00	        0.00	        1.00	       59.00	        1.00
  2.68	       61.00	        0.00	        0.00	        1.00	       60.00	        1.00
  2.69	       62.00	        0.00	        0.00	        1.00	       61.00	        1.00
  2.70	       64.00	        0.00	        0.00	        1.00	       63.00	        1.00
  2.71	       65.00	        0.00	        0.00	        1.00	       64.00	        1.00
  2.72	       66.00	        0.00	        0.00	        1.00	       65.00	        1.00
  2.73	       66.00	        0.00	        0.00	        1.00	       65.00	        1.00
  2.74	       68.00	        0.00	        0.00	        1.00	       67.00	        1.00
  2.75	       68.00	        0.00	        0.00	        1.00	       67.00	        1.00
  2.76	       70.00	        0.00	        0.00	        1.00	       69.00	        1.00
  2.77	       72.00	        0.00	        0.00	        1.00	       71.00	        1.00
  2.78	       74.00	        0.00	        0.00	        1.00	       73.00	        1.00
  2.79	       74.00	        0.00	        0.00	        1.00	       73.00	        1.00
  2.80	       75.00	        0.00	        0.00	        1.00	       74.00	        1.00
  2.81	       76.00	        0.00	        0.00	        1.00	       75.00	        1.00
  2.82	       77.00	        0.00	        0.00	        1.00	       76.00	        1.00
  2.83	       78.00	        0.00	        0.00	        1.00	       77.00	        1.00
  2.84	       80.00	        0.00	        0.00	        1.00	       79.00	        1.00
  2.85	       83.00	        0.00	        0.00	        1.00	       82.00	        1.00
  2.86	       83.00	        0.00	        0.00	        1.00	       82.00	        1.00
  2.87	       84.00	        0.00	        0.00	        1.00	       83.00	        1.00
  2.88	       86.00	        0.00	        0.00	        1.00	       85.00	        1.00
  2.89	       88.00	        0.00	        0.00	        1.00	       87.00	        1.00
  2.90	       88.00	        0.00	        0.00	        1.00	       87.00	        1.00
  2.91	       88.00	        0.00	        0.00	        1.00	       87.00	        1.00
  2.92	       90.00	        0.00	        0.00	        1.00	       89.00	        1.00
  2.93	       92.00	        0.00	        0.00	        1.00	       91.00	        1.00
  2.94	       94.00	        0.00	        0.00	        1.00	       93.00	        1.00
  2.95	       95.00	        0.00	        0.00	        1.00	       94.00	        1.00
  2.96	       96.00	        0.00	        0.00	        1.00	       95.00	        1.00
  2.97	       97.00	        0.00	        0.00	        1.00	       96.00	        1.00
  2.98	       99.00	        0.00	        0.00	        1.00	       98.00	        1.00
  2.99	      100.00	        0.00	        0.00	        1.00	       99.00	        1.00
  3.00	      101.00	        0.00	        0.00	        1.00	      100.00	        1.00
  3.01	      102.00	        0.00	        0.00	        1.00	      101.00	        1.00
  3.02	      108.00	        0.00	        0.00	        1.00	      107.00	        1.00
  3.03	      109.00	        0.00	        0.00	        1.00	      108.00	        1.00
  3.04	      114.00	        0.00	        0.00	        1.00	      113.00	        1.00
  3.05	      114.00	        0.00	        0.00	        1.00	      113.00	        1.00
  3.06	      115.00	        0.00	        0.00	        1.00	      114.00	        1.00
  3.07	      115.00	        0.00	        0.00	        1.00	      114.00	        1.00
  3.08	      119.00	        0.00	        0.00	        1.00	      118.00	        1.00
  3.09	      122.00	        0.00	        0.00	        1.00	      121.00	        1.00
  3.10	      125.00	        0.00	        0.00	        1.00	      124.00	        1.00
  3.11	      127.00	        0.00	        0.00	        1.00	      126.00	        1.00
  3.12	      128.00	        0.00	        0.00	        1.00	      127.00	        1.00
  3.13	      129.00	        0.00	        0.00	        1.00	      128.00	        1.00
  3.14	      131.00	        0.00	        0.00	        1.00	      130.00	        1.00
  3.15	      133.00	        0.00	        0.00	        1.00	      132.00	        1.00
  3.16	      137.00	        0.00	        0.00	        1.00	      136.00	        1.00
  3.17	      142.00	        0.00	        0.00	        1.00	      141.00	        1.00
  3.18	      147.00	        0.00	        0.00	        1.00	      146.00	        1.00
  3.19	      147.00	        0.00	        0.00	        1.00	      146.00	        1.00
  3.20	      150.00	        0.00	        0.00	        1.00	      149.00	        1.00
  3.21	      151.00	        0.00	        0.00	        1.00	      150.00	        1.00
  3.22	      151.00	        0.00	        0.00	        1.00	      150.00	        1.00
  3.23	      153.00	        0.00	        0.00	        1.00	      152.00	        1.00
  3.24	      158.00	        0.00	        0.00	        1.00	      157.00	        1.00
  3.25	      160.00	        0.00	        0.00	        1.00	      159.00	        1.00
  3.26	      163.00	        0.00	        0.00	        1.00	      162.00	        1.00
  3.27	      167.00	        0.00	        0.00	        1.00	      166.00	        1.00
  3.28	      169.00	        0.00	        0.00	        1.00	      168.00	        1.00
  3.29	      173.00	        0.00	        0.00	        1.00	      172.00	        1.00
  3.30	      174.00	        0.00	        0.00	        1.00	      173.00	        1.00
  3.31	      176.00	        0.00	        0.00	        1.00	      175.00	        1.00
  3.32	      181.00	        0.00	        0.00	        1.00	      180.00	        1.00
  3.33	      185.00	        0.00	        0.00	        1.00	      184.00	        1.00
  3.34	      187.00	        0.00	        0.00	        1.00	      186.00	        1.00
  3.35	      187.00	        0.00	        0.00	        1.00	      186.00	        1.00
  3.36	      191.00	        0.00	        0.00	        1.00	      190.00	        1.00
  3.37	      197.00	        0.00	        0.00	        1.00	      196.00	        1.00
  3.38	      202.00	        0.00	        0.00	        1.00	      201.00	        1.00
  3.39	      207.00	        0.00	        0.00	        1.00	      206.00	        1.00
  3.40	      211.00	        0.00	        0.00	        1.00	      210.00	        1.00
  3.41	      215.00	        0.00	        0.00	        1.00	      214.00	        1.00
  3.42	      219.00	        0.00	        0.00	        1.00	      218.00	        1.00
  3.43	      222.00	        0.00	        0.00	        1.00	      221.00	        1.00
  3.44	      224.00	        0.00	        0.00	        1.00	      223.00	        1.00
  3.45	      228.00	        0.00	        0.00	        1.00	      227.00	        1.00
  3.46	      232.00	        0.00	        0.00	        1.00	      231.00	        1.00
  3.47	      237.00	        0.00	        0.00	        1.00	      236.00	        1.00
  3.48	      242.00	        0.00	        0.00	        1.00	      241.00	        1.00
  3.49	      245.00	        0.00	        0.00	        1.00	      244.00	        1.00
  3.50	      249.00	        0.00	        0.00	        1.00	      248.00	        1.00
  3.51	      252.00	        0.00	        0.00	        1.00	      251.00	        1.00
  3.52	      254.00	        0.00	        0.00	        1.00	      253.00	        1.00
  3.53	      257.00	        0.00	        0.00	        1.00	      256.00	        1.00
  3.54	      261.00	        0.00	        0.00	        1.00	      260.00	        1.00
  3.55	      266.00	        0.00	        0.00	        1.00	      265.00	        1.00
  3.56	      272.00	        0.00	        0.00	        1.00	      271.00	        1.00
  3.57	      278.00	        0.00	        0.00	        1.00	      277.00	        1.00
  3.58	      283.00	        0.00	        0.00	        1.00	      282.00	        1.00
  3.59	      290.00	        0.00	        0.00	        1.00	      289.00	        1.00
  3.60	      294.00	        0.00	        0.00	        1.00	      293.00	        1.00
  3.61	      301.00	        0.00	        0.00	        1.00	      300.00	        1.00
  3.62	      306.00	        0.00	        0.00	        1.00	      305.00	        1.00
  3.63	      309.00	        0.00	        0.00	        1.00	      308.00	        1.00
  3.64	      315.00	        0.00	        0.00	        1.00	      314.00	        1.00
  3.65	      320.00	        0.00	        0.00	        1.00	      319.00	        1.00
  3.66	      325.00	        0.00	        0.00	        1.00	      324.00	        1.00
  3.67	      334.00	        0.00	        0.00	        1.00	      333.00	        1.00
  3.68	      337.00	        0.00	        0.00	        1.00	      336.00	        1.00
  3.69	      345.00	        0.00	        0.00	        1.00	      344.00	        1.00
  3.70	      347.00	        0.00	        0.00	        1.00	      346.00	        1.00
  3.71	      349.00	        0.00	        0.00	        1.00	      348.00	        1.00
  3.72	      355.00	        0.00	        0.00	        1.00	      354.00	        1.00
  3.73	      366.00	        0.00	        0.00	        1.00	      365.00	        1.00
  3.74	      373.00	        0.00	        0.00	        1.00	      372.00	        1.00
  3.75	      377.00	        0.00	        0.00	        1.00	      376.00	        1.00
  3.76	      388.00	        0.00	        0.00	        1.00	      387.00	        1.00
  3.77	      393.00	        0.00	        0.00	        1.00	      392.00	        1.00
  3.78	      399.00	        0.00	        0.00	        1.00	      398.00	        1.00
  3.79	      402.00	        0.00	        0.00	        1.00	      401.00	        1.00
  3.80	      409.00	        0.00	        0.00	        1.00	      408.00	        1.00
  3.81	      412.00	        0.00	        0.00	        1.00	      411.00	        1.00
  3.82	      424.00	        0.00	        0.00	        1.00	      423.00	        1.00
  3.83	      430.00	        0.00	        0.00	        1.00	      429.00	        1.00
  3.84	      440.00	        0.00	        0.00	        1.00	      439.00	        1.00
  3.85	      453.00	        0.00	        0.00	        1.00	      452.00	        1.00
  3.86	      462.00	        0.00	        0.00	        1.00	      461.00	        1.00
  3.87	      467.00	        0.00	        0.00	        1.00	      466.00	        1.00
  3.88	      472.00	        0.00	        0.00	        1.00	      471.00	        1.00
  3.89	      479.00	        0.00	        0.00	        1.00	      478.00	        1.00
  3.90	      488.00	        0.00	        0.00	        1.00	      487.00	        1.00
  3.91	      494.00	        0.00	        0.00	        1.00	      493.00	        1.00
  3.92	      500.00	        0.00	        0.00	        1.00	      499.00	        1.00
  3.93	      513.00	        0.00	        0.00	        1.00	      512.00	        1.00
  3.94	      521.00	        0.00	        0.00	        1.00	      520.00	        1.00
  3.95	      541.00	        0.00	        0.00	        1.00	      540.00	        1.00
  3.96	      554.00	        0.00	        0.00	        1.00	      553.00	        1.00
  3.97	      562.00	        0.00	        0.00	        1.00	      561.00	        1.00
  3.98	      565.00	        0.00	        0.00	        1.00	      564.00	        1.00
  3.99	      579.00	        0.00	        0.00	        1.00	      578.00	        1.00
  4.00	      585.00	        0.00	   599998.00	        1.00	      584.00	        1.00
  4.01	      590.00	        0.00	   599978.00	        1.00	      589.00	        1.00
  4.02	      599.00	        0.00	   599958.00	        1.00	      598.00	        1.00
  4.03	      612.00	        0.00	   599940.00	        1.00	      611.00	        1.00
  4.04	      628.00	        0.00	   599920.00	        1.00	      627.00	        1.00
  4.05	      638.00	        0.00	   599897.00	        1.00	      637.00	        1.00
  4.06	      645.00	        0.00	   599881.00	        1.00	      644.00	        1.00
  4.07	      657.00	        0.00	   599862.00	        1.00	      656.00	        1.00
  4.08	      666.00	        0.00	   599849.00	        1.00	      665.00	        1.00
  4.09	      671.00	        0.00	   599833.00	        1.00	      670.00	        1.00
  4.10	      679.00	        0.00	   599812.00	        1.00	      678.00	        1.00
  4.11	      692.00	        0.00	   599796.00	        1.00	      691.00	        1.00
  4.12	      704.00	        0.00	   599776.00	        1.00	      703.00	        1.00
  4.13	      714.00	        0.00	   599758.00	        1.00	      713.00	        1.00
  4.14	      727.00	        0.00	   599738.00	        1.00	      726.00	        1.00
  4.15	      743.00	        0.00	   599721.00	        1.00	      742.00	        1.00
  4.16	      750.00	        1.00	   599701.00	        1.00	      750.00	        1.00
  4.17	      758.00	        1.00	   599684.00	        1.00	      758.00	        1.00
  4.18	      773.00	        1.00	   599664.00	        1.00	      773.00	        1.00
  4.19	      782.00	        1.00	   599638.00	        1.00	      782.00	        1.00
  4.20	      798.00	        1.00	   599623.00	        1.00	      798.00	        1.00
  4.21	      805.00	        1.00	   599602.00	        1.00	      805.00	        1.00
  4.22	      817.00	        1.00	   599582.00	        1.00	      817.00	        1.00
  4.23	      830.00	        1.00	   599562.00	        1.00	      830.00	        1.00
  4.24	      841.00	        1.00	   599540.00	        1.00	      841.00	        1.00
  4.25	      851.00	        1.00	   599519.00	        1.00	      851.00	        1.00
  4.26	      866.00	        1.00	   599502.00	        1.00	      866.00	        1.00
  4.27	      882.00	        1.00	   599490.00	        1.00	      882.00	        1.00
  4.28	      896.00	        1.00	   599470.00	        1.00	      896.00	        1.00
  4.29	      905.00	        1.00	   599460.00	        1.00	      905.00	        1.00
  4.30	      918.00	        1.00	   599442.00	        1.00	      918.00	        1.00
  4.31	      941.00	        1.00	   599422.00	        1.00	      941.00	        1.00
  4.32	      953.00	        1.00	   599404.00	        1.00	      953.00	        1.00
  4.33	      972.00	        1.00	   599384.00	        1.00	      972.00	        1.00
  4.34	      989.00	        1.00	   599362.00	        1.00	      989.00	        1.00
  4.35	     1003.00	        1.00	   599347.00	        1.00	     1003.00	        1.00
  4.36	     1023.00	        1.00	   599322.00	        1.00	     1023.00	        1.00
  4.37	     1040.00	        1.00	   599300.00	        1.00	     1040.00	        1.00
  4.38	     1055.00	        1.00	   599267.00	        1.00	     1055.00	        1.00
  4.39	     1066.00	        2.00	   599245.00	        1.00	     1067.00	        1.00
  4.40	     1093.00	        2.00	   599235.00	        1.00	     1094.00	        1.00
  4.41	     1114.00	        2.00	   599218.00	        1.00	     1115.00	        1.00
  4.42	     1130.00	        2.00	   599203.00	        1.00	     1131.00	        1.00
  4.43	     1145.00	        2.00	   599182.00	        1.00	     1146.00	        1.00
  4.44	     1161.00	        2.00	   599170.00	        1.00	     1162.00	        1.00
  4.45	     1176.00	        2.00	   599153.00	        1.00	     1177.00	        1.00
  4.46	     1199.00	        2.00	   599133.00	        1.00	     1200.00	        1.00
  4.47	     1219.00	        2.00	   599118.00	        1.00	     1220.00	        1.00
  4.48	     1244.00	        2.00	   599100.00	        1.00	     1245.00	        1.00
  4.49	     1259.00	        2.00	   599088.00	        1.00	     1260.00	        1.00
  4.50	     1285.00	        2.00	   599073.00	        1.00	     1286.00	        1.00
  4.51	     1305.00	        2.00	   599061.00	        1.00	     1306.00	        1.00
  4.52	     1326.00	        2.00	   599033.00	        1.00	     1327.00	        1.00
  4.53	     1347.00	        2.00	   599017.00	        1.00	     1348.00	        1.00
  4.54	     1362.00	        2.00	   599000.00	        1.00	     1363.00	        1.00
  4.55	     1386.00	        2.00	   598986.00	        1.00	     1387.00	        1.00
  4.56	     1409.00	        2.00	   598968.00	        1.00	     1410.00	        1.00
  4.57	     1441.00	        2.00	   598956.00	        1.00	     1442.00	        1.00
  4.58	     1463.00	        2.00	   598939.00	        1.00	     1464.00	        1.00
  4.59	     1480.00	        2.00	   598922.00	        1.00	     1481.00	        1.00
  4.60	     1508.00	        2.00	   598904.00	        1.00	     1509.00	        1.00
  4.61	     1533.00	        2.00	   598892.00	        1.00	     1534.00	        1.00
  4.62	     1551.00	        2.00	   598877.00	        1.00	     1552.00	        1.00
  4.63	     1578.00	        2.00	   598853.00	        1.00	     1579.00	        1.00
  4.64	     1605.00	        2.00	   598833.00	        1.00	     1606.00	        1.00
  4.65	     1636.00	        2.00	   598811.00	        1.00	     1637.00	        1.00
  4.66	     1658.00	        2.00	   598794.00	        1.00	     1659.00	        1.00
  4.67	     1683.00	        2.00	   598774.00	        1.00	     1684.00	        1.00
  4.68	     1711.00	        2.00	   598748.00	        1.00	     1712.00	        1.00
  4.69	     1737.00	        2.00	   598733.00	        1.00	     1738.00	        1.00
  4.70	     1777.00	        2.00	   598713.00	        1.00	     1778.00	        1.00
  4.71	     1817.00	        2.00	   598692.00	        1.00	     1818.00	        1.00
  4.72	     1839.00	        2.00	   598676.00	        1.00	     1840.00	        1.00
  4.73	     1874.00	        2.00	   598664.00	        1.00	     1875.00	        1.00
  4.74	     1919.00	        2.00	   598644.00	        1.00	     1920.00	        1.00
  4.75	     1958.00	        2.00	   598625.00	        1.00	     1959.00	        1.00
  4.76	     1994.00	        2.00	   598612.00	        1.00	     1995.00	        1.00
  4.77	     2017.00	        5.00	   598587.00	        1.00	     2021.00	        1.00
  4.78	     2048.00	        5.00	   598568.00	        1.00	     2052.00	        1.00
  4.79	     2073.00	        5.00	   598550.00	        1.00	     2077.00	        1.00
  4.80	     2107.00	        5.00	   598534.00	        1.00	     2111.00	        1.00
  4.81	     2144.00	        5.00	   598519.00	        1.00	     2148.00	        1.00
  4.82	     2175.00	        5.00	   598505.00	        1.00	     2179.00	        1.00
  4.83	     2210.00	        5.00	   598489.00	        1.00	     2214.00	        1.00
  4.84	     2254.00	        5.00	   598472.00	        1.00	     2258.00	        1.00
  4.85	     2283.00	        5.00	   598451.00	        1.00	     2287.00	        1.00
  4.86	     2326.00	        5.00	   598430.00	        1.00	     2330.00	        1.00
  4.87	     2382.00	        5.00	   598416.00	        1.00	     2386.00	        1.00
  4.88	     2419.00	        5.00	   598395.00	        1.00	     2423.00	        1.00
  4.89	     2464.00	        5.00	   598373.00	        1.00	     2468.00	        1.00
  4.90	     2501.00	        5.00	   598353.00	        1.00	     2505.00	        1.00
  4.91	     2547.00	        6.00	   598332.00	        1.00	     2552.00	        1.00
  4.92	     2583.00	        6.00	   598316.00	        1.00	     2588.00	        1.00
  4.93	     2618.00	        6.00	   598294.00	        1.00	     2623.00	        1.00
  4.94	     2662.00	        6.00	   598279.00	        1.00	     2667.00	        1.00
  4.95	     2702.00	        6.00	   598264.00	        1.00	     2707.00	        1.00
  4.96	     2752.00	        6.00	   598244.00	        1.00	     2757.00	        1.00
  4.97	     2791.00	        6.00	   598224.00	        1.00	     2796.00	        1.00
  4.98	     2847.00	        6.00	   598202.00	        1.00	     2852.00	        1.00
  4.99	     2901.00	        6.00	   598183.00	        1.00	     2906.00	        1.00
  5.00	     2951.00	        6.00	   598163.00	        1.00	     2956.00	        1.00
  5.01	     3001.00	        6.00	   598147.00	        1.00	     3006.00	        1.00
  5.02	     3042.00	        6.00	   598133.00	        1.00	     3047.00	        1.00
  5.03	     3091.00	        6.00	   598116.00	        1.00	     3096.00	        1.00
  5.04	     3156.00	        6.00	   598100.00	        1.00	     3161.00	        1.00
  5.05	     3224.00	        6.00	   598078.00	        1.00	     3229.00	        1.00
  5.06	     3282.00	        6.00	   598060.00	        1.00	     3287.00	        1.00
  5.07	     3339.00	        6.00	   598044.00	        1.00	     3344.00	        1.00
  5.08	     3408.00	        6.00	   598028.00	        1.00	     3413.00	        1.00
  5.09	     3465.00	        6.00	   598008.00	        1.00	     3470.00	        1.00
  5.10	     3511.00	        6.00	   597988.00	        1.00	     3516.00	        1.00
  5.11	     3567.00	        6.00	   597966.00	        1.00	     3572.00	        1.00
  5.12	     3629.00	        6.00	   597945.00	        1.00	     3634.00	        1.00
  5.13	     3705.00	        6.00	   597928.00	        1.00	     3710.00	        1.00
  5.14	     3758.00	        6.00	   597914.00	        1.00	     3763.00	        1.00
  5.15	     3821.00	        8.00	   597894.00	        1.00	     3828.00	        1.00
  5.16	     3878.00	       10.00	   597879.00	        1.00	     3887.00	        1.00
  5.17	     3942.00	       10.00	   597861.00	        1.00	     3951.00	        1.00
  5.18	     4012.00	       10.00	   597842.00	        1.00	     4021.00	        1.00
  5.19	     4089.00	       10.00	   597816.00	        1.00	     4098.00	        1.00
  5.20	     4169.00	       10.00	   597792.00	        1.00	     4178.00	        1.00
  5.21	     4225.00	       11.00	   597782.00	        1.00	     4235.00	        1.00
  5.22	     4303.00	       11.00	   597771.00	        1.00	     4313.00	        1.00
  5.23	     4375.00	       11.00	   597763.00	        1.00	     4385.00	        1.00
  5.24	     4441.00	       12.00	   597748.00	        1.00	     4452.00	        1.00
  5.25	     4523.00	       12.00	   597728.00	        1.00	     4534.00	        1.00
  5.26	     4593.00	       12.00	   597711.00	        1.00	     4604.00	        1.00
  5.27	     4661.00	       12.00	   597698.00	        1.00	     4672.00	        1.00
  5.28	     4740.00	       12.00	   597674.00	        1.00	     4751.00	        1.00
  5.29	     4810.00	       15.00	   597651.00	        1.00	     4824.00	        1.00
  5.30	     4886.00	       15.00	   597637.00	        1.00	     4900.00	        1.00
  5.31	     4974.00	       15.00	   597618.00	        1.00	     4988.00	        1.00
  5.32	     5046.00	       15.00	   597594.00	        1.00	     5060.00	        1.00
  5.33	     5126.00	       15.00	   597572.00	        1.00	     5140.00	        1.00
  5.34	     5218.00	       15.00	   597552.00	        1.00	     5232.00	        1.00
  5.35	     5311.00	       15.00	   597536.00	        1.00	     5325.00	        1.00
  5.36	     5390.00	       15.00	   597517.00	        1.00	     5404.00	        1.00
  5.37	     5488.00	       16.00	   597493.00	        1.00	     5503.00	        1.00
  5.38	     5579.00	       16.00	   597472.00	        1.00	     5594.00	        1.00
  5.39	     5670.00	       16.00	   597458.00	        1.00	     5685.00	        1.00
  5.40	     5760.00	       16.00	   597447.00	        1.00	     5775.00	        1.00
  5.41	     5859.00	       16.00	   597434.00	        1.00	     5874.00	        1.00
  5.42	     5941.00	       16.00	   597411.00	        1.00	     5956.00	        1.00
  5.43	     6035.00	       16.00	   597391.00	        1.00	     6050.00	        1.00
  5.44	     6135.00	       16.00	   597376.00	        1.00	     6150.00	        1.00
  5.45	     6250.00	       16.00	   597363.00	        1.00	     6265.00	        1.00
  5.46	     6347.00	       17.00	   597346.00	        1.00	     6363.00	        1.00
  5.47	     6454.00	       17.00	   597332.00	        1.00	     6470.00	        1.00
  5.48	     6572.00	       17.00	   597311.00	        1.00	     6588.00	        1.00
  5.49	     6466.00	      216.00	   597486.00	        1.00	     6682.00	        1.00
  5.50	     6554.00	      220.00	   597452.00	        1.00	     6774.00	        1.00
  5.51	     6660.00	      220.00	   597434.00	        1.00	     6880.00	        1.00
  5.52	     6584.00	      407.00	   597614.00	        1.00	     6992.00	        1.00
  5.53	     6704.00	      409.00	   597592.00	        1.00	     7114.00	        1.00
  5.54	     6804.00	      411.00	   597575.00	        1.00	     7216.00	        1.00
  5.55	     6922.00	      412.00	   597549.00	        1.00	     7335.00	        1.00
  5.56	     7041.00	      413.00	   597533.00	        1.00	     7455.00	        1.00
  5.57	     7148.00	      413.00	   597512.00	        1.00	     7562.00	        1.00
  5.58	     7251.00	      414.00	   597489.00	        1.00	     7666.00	        1.00
  5.59	     7366.00	      415.00	   597471.00	        1.00	     7782.00	        1.00
  5.60	     7488.00	      418.00	   597451.00	        1.00	     7907.00	        1.00
  5.61	     7605.00	      418.00	   597426.00	        1.00	     8024.00	        1.00
  5.62	     7745.00	      418.00	   597411.00	        1.00	     8164.00	        1.00
  5.63	     7859.00	      418.00	   597385.00	        1.00	     8278.00	        1.00
  5.64	     7998.00	      420.00	   597364.00	        1.00	     8419.00	        1.00
  5.65	     8108.00	      420.00	   597344.00	        1.00	     8529.00	        1.00
  5.66	     8056.00	      597.00	   597529.00	        1.00	     8655.00	        1.00
  5.67	     8196.00	      598.00	   597514.00	        1.00	     8796.00	        1.00
  5.68	     8322.00	      600.00	   597495.00	        1.00	     8924.00	        1.00
  5.69	     8464.00	      601.00	   597473.00	        1.00	     9067.00	        1.00
  5.70	     8592.00	      601.00	   597456.00	        1.00	     9195.00	        1.00
  5.71	     8723.00	      601.00	   597434.00	        1.00	     9326.00	        1.00
  5.72	     8876.00	      601.00	   597414.00	        1.00	     9479.00	        1.00
  5.73	     8854.00	      779.00	   597590.00	        1.00	     9636.00	        1.00
  5.74	     8999.00	      780.00	   597574.00	        1.00	     9782.00	        1.00
  5.75	     9133.00	      782.00	   597552.00	        1.00	     9918.00	        1.00
  5.76	     9303.00	      782.00	   597540.00	        1.00	    10088.00	        1.00
  5.77	     9432.00	      783.00	   597522.00	        1.00	    10218.00	        1.00
  5.78	     9577.00	      783.00	   597503.00	        1.00	    10363.00	        1.00
  5.79	     9733.00	      783.00	   597485.00	        1.00	    10519.00	        1.00
  5.80	     9888.00	      783.00	   597462.00	        1.00	    10674.00	        1.00
  5.81	     9885.00	      947.00	   597646.00	        1.00	    10836.00	        1.00
  5.82	    10062.00	      947.00	   597625.00	        1.00	    11013.00	        1.00
  5.83	    10222.00	      948.00	   597613.00	        1.00	    11174.00	        1.00
  5.84	    10381.00	      952.00	   597585.00	        1.00	    11337.00	        1.00
  5.85	    10555.00	      954.00	   597561.00	        1.00	    11513.00	        1.00
  5.86	    10709.00	      954.00	   597540.00	        1.00	    11667.00	        1.00
  5.87	    10725.00	     1114.00	   597709.00	        1.00	    11844.00	        1.00
  5.88	    10891.00	     1114.00	   597686.00	        1.00	    12010.00	        1.00
  5.89	    11058.00	     1116.00	   597663.00	        1.00	    12179.00	        1.00
  5.90	    11224.00	     1118.00	   597646.00	        1.00	    12347.00	        1.00
  5.91	    11422.00	     1119.00	   597632.00	        1.00	    12546.00	        1.00
  5.92	    11613.00	     1121.00	   597614.00	        1.00	    12739.00	        1.00
  5.93	    11439.00	     1481.00	   597990.00	        1.00	    12927.00	        1.00
  5.94	    11624.00	     1481.00	   597977.00	        1.00	    13112.00	        1.00
  5.95	    11787.00	     1482.00	   597950.00	        1.00	    13276.00	        1.00
  5.96	    11997.00	     1487.00	   597930.00	        1.00	    13491.00	        1.00
  5.97	    12010.00	     1665.00	   598114.00	        1.00	    13683.00	        1.00
  5.98	    12194.00	     1666.00	   598094.00	        1.00	    13868.00	        1.00
  5.99	    12392.00	     1668.00	   598078.00	        1.00	    14068.00	        1.00
  6.00	    12416.00	     1841.00	   598265.00	        1.00	    14266.00	        1.00
  6.01	    12430.00	     2022.00	   598439.00	        1.00	    14462.00	        1.00
  6.02	    12620.00	     2023.00	   598419.00	        1.00	    14653.00	        1.00
  6.03	    12846.00	     2024.00	   598395.00	        1.00	    14880.00	        1.00
  6.04	    12900.00	     2193.00	   598575.00	        1.00	    15104.00	        1.00
  6.05	    12785.00	     2527.00	   598968.00	        1.00	    15325.00	        1.00
  6.06	    12661.00	     2858.00	   599344.00	        1.00	    15534.00	        1.00
  6.07	    12715.00	     3023.00	   599513.00	        1.00	    15754.00	        1.00
  6.08	    12752.00	     3187.00	   599691.00	        1.00	    15956.00	        1.00
  6.09	    12624.00	     3519.00	   600072.00	        1.00	    16162.00	        1.00
  6.10	    12680.00	     3683.00	   600244.00	        1.00	    16383.00	        1.00
  6.11	    12530.00	     4032.00	   600616.00	        1.00	    16584.00	        1.00
  6.12	    12292.00	     4459.00	   601201.00	        1.00	    16776.00	        1.00
  6.13	    12338.00	     4606.00	   601371.00	        1.00	    16970.00	        1.00
  6.14	    12261.00	     4896.00	   601736.00	        1.00	    17185.00	        1.00
  6.15	    12032.00	     5333.00	   602308.00	        1.00	    17396.00	        1.00
  6.16	    11776.00	     5776.00	   602880.00	        1.00	    17586.00	        1.00
  6.17	    11572.00	     6165.00	   603450.00	        1.00	    17774.00	        1.00
  6.18	    11640.00	     6294.00	   603622.00	        1.00	    17972.00	        1.00
  6.19	    11433.00	     6690.00	   604185.00	        1.00	    18164.00	        1.00
  6.20	    11483.00	     6831.00	   604348.00	        1.00	    18356.00	        1.00
  6.21	    11406.00	     7080.00	   604717.00	        1.00	    18530.00	        1.00
  6.22	    10954.00	     7696.00	   605685.00	        1.00	    18699.00	        1.00
  6.23	    11116.00	     7707.00	   605651.00	        1.00	    18872.00	        1.00
  6.24	    11063.00	     7948.00	   606024.00	        1.00	    19062.00	        1.00
  6.25	    11129.00	     8056.00	   606192.00	        1.00	    19237.00	        1.00
  6.26	    10953.00	     8395.00	   606769.00	        1.00	    19403.00	        1.00
  6.27	    10777.00	     8760.00	   607333.00	        1.00	    19595.00	        1.00
  6.28	    10949.00	     8766.00	   607309.00	        1.00	    19773.00	        1.00
  6.29	    10352.00	     9533.00	   608673.00	        1.00	    19950.00	        1.00
  6.30	    10199.00	     9857.00	   609245.00	        1.00	    20124.00	        1.00
  6.31	     9458.00	    10749.00	   611005.00	        1.00	    20284.00	        1.00
  6.32	     9197.00	    11136.00	   611773.00	        1.00	    20414.00	        1.00
  6.33	     9078.00	    11404.00	   612319.00	        1.00	    20566.00	        1.00
  6.34	     8843.00	    11771.00	   613068.00	        1.00	    20702.00	        1.00
  6.35	     7944.00	    12768.00	   615434.00	        1.00	    20812.00	        1.00
  6.36	     7880.00	    12951.00	   615779.00	        1.00	    20933.00	        1.00
  6.37	     7892.00	    13039.00	   615928.00	        1.00	    21034.00	        1.00
  6.38	     7730.00	    13338.00	   616684.00	        1.00	    21175.00	        1.00
  6.39	     7457.00	    13712.00	   617618.00	        1.00	    21281.00	        1.00
  6.40	     7129.00	    14154.00	   618972.00	        1.00	    21402.00	        1.00
  6.41	     6849.00	    14536.00	   620108.00	        1.00	    21510.00	        1.00
  6.42	     6720.00	    14778.00	   620851.00	        1.00	    21627.00	        1.00
  6.43	     6237.00	    15347.00	   622779.00	        1.00	    21723.00	        1.00
  6.44	     5651.00	    16001.00	   624918.00	        1.00	    21802.00	        1.00
  6.45	     5143.00	    16587.00	   627038.00	        1.00	    21891.00	        1.00
  6.46	     4648.00	    17150.00	   629357.00	        1.00	    21971.00	        1.00
  6.47	     4260.00	    17587.00	   631277.00	        1.00	    22030.00	        1.00
  6.48	     3977.00	    17931.00	   632987.00	        1.00	    22100.00	        1.00
  6.49	     3531.00	    18425.00	   635897.00	        1.00	    22163.00	        1.00
  6.50	     3071.00	    18926.00	   638993.00	        1.00	    22220.00	        1.00
  6.51	     2793.00	    19239.00	   641086.00	        1.00	    22266.00	        1.00
  6.52	     2498.00	    19564.00	   643784.00	        1.00	    22310.00	        1.00
  6.53	     2102.00	    19975.00	   647078.00	        1.00	    22342.00	        1.00
  6.54	     1919.00	    20180.00	   649358.00	        1.00	    22376.00	        1.00
  6.55	     1671.00	    20442.00	   652458.00	        1.00	    22406.00	        1.00
  6.56	     1472.00	    20656.00	   655107.00	        1.00	    22435.00	        1.00
  6.57	     1252.00	    20884.00	   658771.00	        1.00	    22462.00	        1.00
  6.58	     1008.00	    21120.00	   663032.00	        1.00	    22476.00	        1.00
  6.59	      797.00	    21321.00	   668269.00	        1.00	    22493.00	        1.00
  6.60	      666.00	    21443.00	   672105.00	        1.00	    22504.00	        1.00
  6.61	      575.00	    21525.00	   675142.00	        1.00	    22511.00	        1.00
  6.62	      488.00	    21601.00	   678790.00	        1.00	    22519.00	        1.00
  6.63	      397.00	    21682.00	   682608.00	        1.00	    22529.00	        1.00
  6.64	      316.00	    21740.00	   687415.00	        1.00	    22531.00	        1.00
  6.65	      272.00	    21771.00	   690418.00	        1.00	    22534.00	        1.00
  6.66	      214.00	    21805.00	   695413.00	        1.00	    22536.00	        1.00
  6.67	      148.00	    21831.00	   704410.00	        1.00	    22542.00	        1.00
  6.68	      106.00	    21846.00	   710156.00	        1.00	    22545.00	        1.00
  6.69	       83.00	    21841.00	   716317.00	        1.00	    22549.00	        1.00
  6.70	       68.00	    21823.00	   722849.00	        1.00	    22550.00	        1.00
  6.71	       61.00	    21806.00	   727588.00	        1.00	    22551.00	        1.00
  6.72	       42.00	    21789.00	   734917.00	        1.00	    22553.00	        1.00
  6.73	       29.00	    21766.00	   741849.00	        1.00	    22553.00	        1.00
  6.74	       24.00	    21739.00	   747970.00	        1.00	    22553.00	        1.00
  6.75	       17.00	    21702.00	   756626.00	        1.00	    22554.00	        1.00
  6.76	       14.00	    21657.00	   765892.00	        1.00	    22554.00	        1.00
  6.77	       10.00	    21617.00	   774321.00	        1.00	    22554.00	        1.00
  6.78	        7.00	    21580.00	   781988.00	        1.00	    22554.00	        1.00
  6.79	        4.00	    21537.00	   790833.00	        1.00	    22554.00	        1.00
  6.80	        3.00	    21491.00	   800060.00	        1.00	    22555.00	        1.00
  6.81	        2.00	    21432.00	   811660.00	        1.00	    22555.00	        1.00
  6.82	        1.00	    21380.00	   821849.00	        1.00	    22555.00	        1.00
  6.83	        1.00	    21338.00	   829778.00	        1.00	    22555.00	        1.00
  6.84	        1.00	    21265.00	   843938.00	        1.00	    22555.00	        1.00
  6.85	        1.00	    21196.00	   857267.00	        1.00	    22555.00	        1.00
  6.86	        1.00	    21139.00	   868189.00	        1.00	    22555.00	        1.00
  6.87	        0.00	    21062.00	   883273.00	        0.00	    22555.00	        1.00
  6.88	        0.00	    20995.00	   896137.00	        0.00	    22555.00	        1.00
  6.89	        0.00	    20910.00	   912574.00	        0.00	    22555.00	        1.00
  6.90	        0.00	    20836.00	   926751.00	        0.00	    22555.00	        1.00
  6.91	        0.00	    20750.00	   943323.00	        0.00	    22555.00	        1.00
  6.92	        0.00	    20663.00	   960092.00	        0.00	    22555.00	        1.00
  6.93	        0.00	    20573.00	   977462.00	        0.00	    22555.00	        1.00
  6.94	        0.00	    20472.00	   996927.00	        0.00	    22555.00	        1.00
  6.95	        0.00	    20382.00	  1014170.00	        0.00	    22555.00	        1.00
  6.96	        0.00	    20285.00	  1032798.00	        0.00	    22555.00	        1.00
  6.97	        0.00	    20194.00	  1050222.00	        0.00	    22555.00	        1.00
  6.98	        0.00	    20085.00	  1071217.00	        0.00	    22555.00	        1.00
  6.99	        0.00	    19962.00	  1094943.00	        0.00	    22555.00	        1.00
  7.00	        0.00	    19858.00	  1114886.00	        0.00	    22555.00	        1.00
  7.01	        0.00	    19723.00	  1140929.00	        0.00	    22555.00	        1.00
  7.02	        0.00	    19592.00	  1166209.00	        0.00	    22555.00	        1.00
  7.03	        0.00	    19462.00	  1191229.00	        0.00	    22555.00	        1.00
  7.04	        0.00	    19323.00	  1218006.00	        0.00	    22555.00	        1.00
  7.05	        0.00	    19200.00	  1241568.00	        0.00	    22555.00	        1.00
  7.06	        0.00	    19063.00	  1267860.00	        0.00	    22555.00	        1.00
  7.07	        0.00	    18912.00	  1296901.00	        0.00	    22555.00	        1.00
  7.08	        0.00	    18770.00	  1324073.00	        0.00	    22555.00	        1.00
  7.09	        0.00	    18620.00	  1352886.00	        0.00	    22555.00	        1.00
  7.10	        0.00	    18480.00	  1379671.00	        0.00	    22555.00	        1.00
  7.11	        0.00	    18333.00	  1407754.00	        0.00	    22555.00	        1.00
  7.12	        0.00	    18158.00	  1441456.00	        0.00	    22555.00	        1.00
  7.13	        0.00	    18001.00	  1471507.00	        0.00	    22555.00	        1.00
  7.14	        0.00	    17853.00	  1499710.00	        0.00	    22555.00	        1.00
  7.15	        0.00	    17690.00	  1530842.00	        0.00	    22555.00	        1.00
  7.16	        0.00	    17518.00	  1563763.00	        0.00	    22555.00	        1.00
  7.17	        0.00	    17357.00	  1594447.00	        0.00	    22555.00	        1.00
  7.18	        0.00	    17186.00	  1627168.00	        0.00	    22555.00	        1.00
  7.19	        0.00	    17012.00	  1660502.00	        0.00	    22555.00	        1.00
  7.20	        0.00	    16840.00	  1693356.00	        0.00	    22555.00	        1.00
  7.21	        0.00	    16667.00	  1726333.00	        0.00	    22555.00	        1.00
  7.22	        0.00	    16493.00	  1759484.00	        0.00	    22555.00	        1.00
  7.23	        0.00	    16306.00	  1795173.00	        0.00	    22555.00	        1.00
  7.24	        0.00	    16092.00	  1836325.00	        0.00	    22555.00	        1.00
  7.25	        0.00	    15901.00	  1872810.00	        0.00	    22555.00	        1.00
  7.26	        0.00	    15714.00	  1908426.00	        0.00	    22555.00	        1.00
  7.27	        0.00	    15548.00	  1939938.00	        0.00	    22555.00	        1.00
  7.28	        0.00	    15315.00	  1984746.00	        0.00	    22555.00	        1.00
  7.29	        0.00	    15093.00	  2027283.00	        0.00	    22555.00	        1.00
  7.30	        0.00	    14886.00	  2066850.00	        0.00	    22555.00	        1.00
  7.31	        0.00	    14670.00	  2108129.00	        0.00	    22555.00	        1.00
  7.32	        0.00	    14463.00	  2147547.00	        0.00	    22555.00	        1.00
  7.33	        0.00	    14265.00	  2185252.00	        0.00	    22555.00	        1.00
  7.34	        0.00	    14078.00	  2220669.00	        0.00	    22555.00	        1.00
  7.35	        0.00	    13848.00	  2264664.00	        0.00	    22555.00	        1.00
  7.36	        0.00	    13631.00	  2306122.00	        0.00	    22555.00	        1.00
  7.37	        0.00	    13422.00	  2345964.00	        0.00	    22555.00	        1.00
  7.38	        0.00	    13192.00	  2389827.00	        0.00	    22555.00	        1.00
  7.39	        0.00	    12972.00	  2431719.00	        0.00	    22555.00	        1.00
  7.40	        0.00	    12750.00	  2474050.00	        0.00	    22555.00	        1.00
  7.41	        0.00	    12525.00	  2517018.00	        0.00	    22555.00	        1.00
  7.42	        0.00	    12323.00	  2555311.00	        0.00	    22555.00	        1.00
  7.43	        0.00	    12083.00	  2601154.00	        0.00	    22555.00	        1.00
  7.44	        0.00	    11858.00	  2643986.00	        0.00	    22555.00	        1.00
  7.45	        0.00	    11663.00	  2680839.00	        0.00	    22555.00	        1.00
  7.46	        0.00	    11441.00	  2723105.00	        0.00	    22555.00	        1.00
  7.47	        0.00	    11237.00	  2761751.00	        0.00	    22555.00	        1.00
  7.48	        0.00	    11025.00	  2802017.00	        0.00	    22555.00	        1.00
  7.49	        0.00	    10800.00	  2844941.00	        0.00	    22555.00	        1.00
  7.50	        0.00	    10598.00	  2883207.00	        0.00	    22555.00	        1.00
  7.51	        0.00	    10393.00	  2922001.00	        0.00	    22555.00	        1.00
  7.52	        0.00	    10204.00	  2957679.00	        0.00	    22555.00	        1.00
  7.53	        0.00	     9967.00	  3002922.00	        0.00	    22555.00	        1.00
  7.54	        0.00	     9764.00	  3041416.00	        0.00	    22555.00	        1.00
  7.55	        0.00	     9551.00	  3081885.00	        0.00	    22555.00	        1.00
  7.56	        0.00	     9333.00	  3123302.00	        0.00	    22555.00	        1.00
  7.57	        0.00	     9130.00	  3161695.00	        0.00	    22555.00	        1.00
  7.58	        0.00	     8931.00	  3199362.00	        0.00	    22555.00	        1.00
  7.59	        0.00	     8733.00	  3236870.00	        0.00	    22555.00	        1.00
  7.60	        0.00	     8531.00	  3275189.00	        0.00	    22555.00	        1.00
  7.61	        0.00	     8341.00	  3311153.00	        0.00	    22555.00	        1.00
  7.62	        0.00	     8160.00	  3345291.00	        0.00	    22555.00	        1.00
  7.63	        0.00	     7963.00	  3382560.00	        0.00	    22555.00	        1.00
  7.64	        0.00	     7783.00	  3416545.00	        0.00	    22555.00	        1.00
  7.65	        0.00	     7597.00	  3451793.00	        0.00	    22555.00	        1.00
  7.66	        0.00	     7411.00	  3487028.00	        0.00	    22555.00	        1.00
  7.67	        0.00	     7237.00	  3519791.00	        0.00	    22555.00	        1.00
  7.68	        0.00	     7058.00	  3553618.00	        0.00	    22555.00	        1.00
  7.69	        0.00	     6874.00	  3588524.00	        0.00	    22555.00	        1.00
  7.70	        0.00	     6708.00	  3619807.00	        0.00	    22555.00	        1.00
  7.71	        0.00	     6535.00	  3652504.00	        0.00	    22555.00	        1.00
  7.72	        0.00	     6380.00	  3681623.00	        0.00	    22555.00	        1.00
  7.73	        0.00	     6219.00	  3711940.00	        0.00	    22555.00	        1.00
  7.74	        0.00	     6061.00	  3741668.00	        0.00	    22555.00	        1.00
  7.75	        0.00	     5912.00	  3769654.00	        0.00	    22555.00	        1.00
  7.76	        0.00	     5764.00	  3797474.00	        0.00	    22555.00	        1.00
  7.77	        0.00	     5619.00	  3824663.00	        0.00	    22555.00	        1.00
  7.78	        0.00	     5480.00	  3850738.00	        0.00	    22555.00	        1.00
  7.79	        0.00	     5320.00	  3881045.00	        0.00	    22555.00	        1.00
  7.80	        0.00	     5172.00	  3908941.00	        0.00	    22555.00	        1.00
  7.81	        0.00	     5035.00	  3934667.00	        0.00	    22555.00	        1.00
  7.82	        0.00	     4871.00	  3965822.00	        0.00	    22555.00	        1.00
  7.83	        0.00	     4711.00	  3996123.00	        0.00	    22555.00	        1.00
  7.84	        0.00	     4590.00	  4018643.00	        0.00	    22555.00	        1.00
  7.85	        0.00	     4452.00	  4044628.00	        0.00	    22555.00	        1.00
  7.86	        0.00	     4299.00	  4073657.00	        0.00	    22555.00	        1.00
  7.87	        0.00	     4176.00	  4096743.00	        0.00	    22555.00	        1.00
  7.88	        0.00	     4061.00	  4118315.00	        0.00	    22555.00	        1.00
  7.89	        0.00	     3934.00	  4142220.00	        0.00	    22555.00	        1.00
  7.90	        0.00	     3809.00	  4165738.00	        0.00	    22555.00	        1.00
  7.91	        0.00	     3687.00	  4188694.00	        0.00	    22555.00	        1.00
  7.92	        0.00	     3583.00	  4208050.00	        0.00	    22555.00	        1.00
  7.93	        0.00	     3487.00	  4225903.00	        0.00	    22555.00	        1.00
  7.94	        0.00	     3379.00	  4246117.00	        0.00	    22555.00	        1.00
  7.95	        0.00	     3291.00	  4262370.00	        0.00	    22555.00	        1.00
  7.96	        0.00	     3172.00	  4284927.00	        0.00	    22555.00	        1.00
  7.97	        0.00	     3063.00	  4305441.00	        0.00	    22555.00	        1.00
  7.98	        0.00	     2953.00	  4326217.00	        0.00	    22555.00	        1.00
  7.99	        0.00	     2859.00	  4343845.00	        0.00	    22555.00	        1.00
  8.00	        0.00	     2749.00	  4364626.00	        0.00	    22555.00	        1.00
  8.01	        0.00	     2664.00	  4380447.00	        0.00	    22555.00	        1.00
  8.02	        0.00	     2551.00	  4401874.00	        0.00	    22555.00	        1.00
  8.03	        0.00	     2475.00	  4415948.00	        0.00	    22555.00	        1.00
  8.04	        0.00	     2382.00	  4433526.00	        0.00	    22555.00	        1.00
  8.05	        0.00	     2276.00	  4453651.00	        0.00	    22555.00	        1.00
  8.06	        0.00	     2197.00	  4468382.00	        0.00	    22555.00	        1.00
  8.07	        0.00	     2121.00	  4482538.00	        0.00	    22555.00	        1.00
  8.08	        0.00	     2060.00	  4493694.00	        0.00	    22555.00	        1.00
  8.09	        0.00	     1992.00	  4506305.00	        0.00	    22555.00	        1.00
  8.10	        0.00	     1934.00	  4516935.00	        0.00	    22555.00	        1.00
  8.11	        0.00	     1862.00	  4530372.00	        0.00	    22555.00	        1.00
  8.12	        0.00	     1790.00	  4543818.00	        0.00	    22555.00	        1.00
  8.13	        0.00	     1738.00	  4553344.00	        0.00	    22555.00	        1.00
  8.14	        0.00	     1665.00	  4567053.00	        0.00	    22555.00	        1.00
  8.15	        0.00	     1610.00	  4577137.00	        0.00	    22555.00	        1.00
  8.16	        0.00	     1544.00	  4589487.00	        0.00	    22555.00	        1.00
  8.17	        0.00	     1486.00	  4600312.00	        0.00	    22555.00	        1.00
  8.18	        0.00	     1435.00	  4609732.00	        0.00	    22555.00	        1.00
  8.19	        0.00	     1384.00	  4619162.00	        0.00	    22555.00	        1.00
  8.20	        0.00	     1323.00	  4630591.00	        0.00	    22555.00	        1.00
  8.21	        0.00	     1264.00	  4641591.00	        0.00	    22555.00	        1.00
  8.22	        0.00	     1227.00	  4648255.00	        0.00	    22555.00	        1.00
  8.23	        0.00	     1173.00	  4658342.00	        0.00	    22555.00	        1.00
  8.24	        0.00	     1116.00	  4669056.00	        0.00	    22555.00	        1.00
  8.25	        0.00	     1063.00	  4678996.00	        0.00	    22555.00	        1.00
  8.26	        0.00	     1021.00	  4686755.00	        0.00	    22555.00	        1.00
  8.27	        0.00	      980.00	  4694322.00	        0.00	    22555.00	        1.00
  8.28	        0.00	      949.00	  4699842.00	        0.00	    22555.00	        1.00
  8.29	        0.00	      916.00	  4705851.00	        0.00	    22555.00	        1.00
  8.30	        0.00	      878.00	  4712811.00	        0.00	    22555.00	        1.00
  8.31	        0.00	      847.00	  4718386.00	        0.00	    22555.00	        1.00
  8.32	        0.00	      804.00	  4726374.00	        0.00	    22555.00	        1.00
  8.33	        0.00	      776.00	  4731431.00	        0.00	    22555.00	        1.00
  8.34	        0.00	      752.00	  4735694.00	        0.00	    22555.00	        1.00
  8.35	        0.00	      717.00	  4742191.00	        0.00	    22555.00	        1.00
  8.36	        0.00	      692.00	  4746683.00	        0.00	    22555.00	        1.00
  8.37	        0.00	      656.00	  4753404.00	        0.00	    22555.00	        1.00
  8.38	        0.00	      637.00	  4756645.00	        0.00	    22555.00	        1.00
  8.39	        0.00	      615.00	  4760556.00	        0.00	    22555.00	        1.00
  8.40	        0.00	      589.00	  4765278.00	        0.00	    22555.00	        1.00
  8.41	        0.00	      567.00	  4769189.00	        0.00	    22555.00	        1.00
  8.42	        0.00	      542.00	  4773730.00	        0.00	    22555.00	        1.00
  8.43	        0.00	      530.00	  4775685.00	        0.00	    22555.00	        1.00
  8.44	        0.00	      501.00	  4781039.00	        0.00	    22555.00	        1.00
  8.45	        0.00	      485.00	  4783842.00	        0.00	    22555.00	        1.00
  8.46	        0.00	      468.00	  4786804.00	        0.00	    22555.00	        1.00
  8.47	        0.00	      447.00	  4790566.00	        0.00	    22555.00	        1.00
  8.48	        0.00	      434.00	  4792751.00	        0.00	    22555.00	        1.00
  8.49	        0.00	      417.00	  4795754.00	        0.00	    22555.00	        1.00
  8.50	        0.00	      398.00	  4799176.00	        0.00	    22555.00	        1.00
  8.51	        0.00	      376.00	  4803190.00	        0.00	    22555.00	        1.00
  8.52	        0.00	      360.00	  4806030.00	        0.00	    22555.00	        1.00
  8.53	        0.00	      344.00	  4808875.00	        0.00	    22555.00	        1.00
  8.54	        0.00	      329.00	  4811503.00	        0.00	    22555.00	        1.00
  8.55	        0.00	      315.00	  4813960.00	        0.00	    22555.00	        1.00
  8.56	        0.00	      304.00	  4815825.00	        0.00	    22555.00	        1.00
  8.57	        0.00	      290.00	  4818309.00	        0.00	    22555.00	        1.00
  8.58	        0.00	      274.00	  4821213.00	        0.00	    22555.00	        1.00
  8.59	        0.00	      260.00	  4823676.00	        0.00	    22555.00	        1.00
  8.60	        0.00	      249.00	  4825564.00	        0.00	    22555.00	        1.00
  8.61	        0.00	      236.00	  4827853.00	        0.00	    22555.00	        1.00
  8.62	        0.00	      225.00	  4829742.00	        0.00	    22555.00	        1.00
  8.63	        0.00	      216.00	  4831247.00	        0.00	    22555.00	        1.00
  8.64	        0.00	      207.00	  4832718.00	        0.00	    22555.00	        1.00
  8.65	        0.00	      198.00	  4834258.00	        0.00	    22555.00	        1.00
  8.66	        0.00	      188.00	  4835993.00	        0.00	    22555.00	        1.00
  8.67	        0.00	      183.00	  4836709.00	        0.00	    22555.00	        1.00
  8.68	        0.00	      180.00	  4837014.00	        0.00	    22555.00	        1.00
  8.69	        0.00	      177.00	  4837356.00	        0.00	    22555.00	        1.00
  8.70	        0.00	      167.00	  4839092.00	        0.00	    22555.00	        1.00
  8.71	        0.00	      160.00	  4840233.00	        0.00	    22555.00	        1.00
  8.72	        0.00	      151.00	  4841764.00	        0.00	    22555.00	        1.00
  8.73	        0.00	      142.00	  4843312.00	        0.00	    22555.00	        1.00
  8.74	        0.00	      134.00	  4844676.00	        0.00	    22555.00	        1.00
  8.75	        0.00	      131.00	  4845039.00	        0.00	    22555.00	        1.00
  8.76	        0.00	      124.00	  4846195.00	        0.00	    22555.00	        1.00
  8.77	        0.00	      117.00	  4847373.00	        0.00	    22555.00	        1.00
  8.78	        0.00	      113.00	  4847923.00	        0.00	    22555.00	        1.00
  8.79	        0.00	      106.00	  4849095.00	        0.00	    22555.00	        1.00
  8.80	        0.00	      102.00	  4849679.00	        0.00	    22555.00	        1.00
  8.81	        0.00	       98.00	  4850252.00	        0.00	    22555.00	        1.00
  8.82	        0.00	       91.00	  4851395.00	        0.00	    22555.00	        1.00
  8.83	        0.00	       87.00	  4851934.00	        0.00	    22555.00	        1.00
  8.84	        0.00	       82.00	  4852696.00	        0.00	    22555.00	        1.00
  8.85	        0.00	       75.00	  4853854.00	        0.00	    22555.00	        1.00
  8.86	        0.00	       71.00	  4854450.00	        0.00	    22555.00	        1.00
  8.87	        0.00	       69.00	  4854635.00	        0.00	    22555.00	        1.00
  8.88	        0.00	       67.00	  4854831.00	        0.00	    22555.00	        1.00
  8.89	        0.00	       62.00	  4855622.00	        0.00	    22555.00	        1.00
  8.90	        0.00	       56.00	  4856604.00	        0.00	    22555.00	        1.00
  8.91	        0.00	       54.00	  4856799.00	        0.00	    22555.00	        1.00
  8.92	        0.00	       53.00	  4856812.00	        0.00	    22555.00	        1.00
  8.93	        0.00	       50.00	  4857224.00	        0.00	    22555.00	        1.00
  8.94	        0.00	       48.00	  4857444.00	        0.00	    22555.00	        1.00
  8.95	        0.00	       45.00	  4857858.00	        0.00	    22555.00	        1.00
  8.96	        0.00	       42.00	  4858248.00	        0.00	    22555.00	        1.00
  8.97	        0.00	       41.00	  4858264.00	        0.00	    22555.00	        1.00
  8.98	        0.00	       39.00	  4858473.00	        0.00	    22555.00	        1.00
  8.99	        0.00	       39.00	  4858277.00	        0.00	    22555.00	        1.00
  9.00	        0.00	       38.00	  4858290.00	        0.00	    22555.00	        1.00
  9.01	        0.00	       33.00	  4859119.00	        0.00	    22555.00	        1.00
  9.02	        0.00	       31.00	  4859333.00	        0.00	    22555.00	        1.00
  9.03	        0.00	       30.00	  4859362.00	        0.00	    22555.00	        1.00
  9.04	        0.00	       26.00	  4859977.00	        0.00	    22555.00	        1.00
  9.05	        0.00	       24.00	  4860183.00	        0.00	    22555.00	        1.00
  9.06	        0.00	       23.00	  4860178.00	        0.00	    22555.00	        1.00
  9.07	        0.00	       22.00	  4860200.00	        0.00	    22555.00	        1.00
  9.08	        0.00	       20.00	  4860420.00	        0.00	    22555.00	        1.00
  9.09	        0.00	       20.00	  4860225.00	        0.00	    22555.00	        1.00
  9.10	        0.00	       18.00	  4860447.00	        0.00	    22555.00	        1.00
  9.11	        0.00	       17.00	  4860468.00	        0.00	    22555.00	        1.00
  9.12	        0.00	       17.00	  4860265.00	        0.00	    22555.00	        1.00
  9.13	        0.00	       17.00	  4860093.00	        0.00	    22555.00	        1.00
  9.14	        0.00	       14.00	  4860512.00	        0.00	    22555.00	        1.00
  9.15	        0.00	       13.00	  4860552.00	        0.00	    22555.00	        1.00
  9.16	        0.00	       12.00	  4860582.00	        0.00	    22555.00	        1.00
  9.17	        0.00	       11.00	  4860596.00	        0.00	    22555.00	        1.00
  9.18	        0.00	       11.00	  4860427.00	        0.00	    22555.00	        1.00
  9.19	        0.00	       11.00	  4860241.00	        0.00	    22555.00	        1.00
  9.20	        0.00	       11.00	  4860071.00	        0.00	    22555.00	        1.00
  9.21	        0.00	        9.00	  4860310.00	        0.00	    22555.00	        1.00
  9.22	        0.00	        9.00	  4860134.00	        0.00	    22555.00	        1.00
  9.23	        0.00	        8.00	  4860164.00	        0.00	    22555.00	        1.00
  9.24	        0.00	        8.00	  4859991.00	        0.00	    22555.00	        1.00
  9.25	        0.00	        7.00	  4860029.00	        0.00	    22555.00	        1.00
  9.26	        0.00	        6.00	  4860045.00	        0.00	    22555.00	        1.00
  9.27	        0.00	        6.00	  4859870.00	        0.00	    22555.00	        1.00
  9.28	        0.00	        6.00	  4859719.00	        0.00	    22555.00	        1.00
  9.29	        0.00	        6.00	  4859552.00	        0.00	    22555.00	        1.00
  9.30	        0.00	        6.00	  4859398.00	        0.00	    22555.00	        1.00
  9.31	        0.00	        6.00	  4859251.00	        0.00	    22555.00	        1.00
  9.32	        0.00	        6.00	  4859112.00	        0.00	    22555.00	        1.00
  9.33	        0.00	        6.00	  4858955.00	        0.00	    22555.00	        1.00
  9.34	        0.00	        6.00	  4858790.00	        0.00	    22555.00	        1.00
  9.35	        0.00	        6.00	  4858631.00	        0.00	    22555.00	        1.00
  9.36	        0.00	        6.00	  4858465.00	        0.00	    22555.00	        1.00
  9.37	        0.00	        6.00	  4858312.00	        0.00	    22555.00	        1.00
  9.38	        0.00	        6.00	  4858143.00	        0.00	    22555.00	        1.00
  9.39	        0.00	        5.00	  4858182.00	        0.00	    22555.00	        1.00
  9.40	        0.00	        3.00	  4858419.00	        0.00	    22555.00	        1.00
  9.41	        0.00	        3.00	  4858251.00	        0.00	    22555.00	        1.00
  9.42	        0.00	        2.00	  4858283.00	        0.00	    22555.00	        1.00
  9.43	        0.00	        2.00	  4858116.00	        0.00	    22555.00	        1.00
  9.44	        0.00	        2.00	  4857952.00	        0.00	    22555.00	        1.00
  9.45	        0.00	        2.00	  4857820.00	        0.00	    22555.00	        1.00
  9.46	        0.00	        2.00	  4857670.00	        0.00	    22555.00	        1.00
  9.47	        0.00	        2.00	  4857499.00	        0.00	    22555.00	        1.00
  9.48	        0.00	        2.00	  4857339.00	        0.00	    22555.00	        1.00
  9.49	        0.00	        2.00	  4857187.00	        0.00	    22555.00	        1.00
  9.50	        0.00	        2.00	  4857021.00	        0.00	    22555.00	        1.00
  9.51	        0.00	        2.00	  4856858.00	        0.00	    22555.00	        1.00
  9.52	        0.00	        2.00	  4856709.00	        0.00	    22555.00	        1.00
  9.53	        0.00	        2.00	  4856539.00	        0.00	    22555.00	        1.00
  9.54	        0.00	        2.00	  4856371.00	        0.00	    22555.00	        1.00
  9.55	        0.00	        2.00	  4856203.00	        0.00	    22555.00	        1.00
  9.56	        0.00	        1.00	  4856249.00	        0.00	    22555.00	        1.00
  9.57	        0.00	        1.00	  4856103.00	        0.00	    22555.00	        1.00
  9.58	        0.00	        1.00	  4855963.00	        0.00	    22555.00	        1.00
  9.59	        0.00	        1.00	  4855822.00	        0.00	    22555.00	        1.00
  9.60	        0.00	        1.00	  4855662.00	        0.00	    22555.00	        1.00
  9.61	        0.00	        1.00	  4855511.00	        0.00	    22555.00	        1.00
  9.62	        0.00	        1.00	  4855373.00	        0.00	    22555.00	        1.00
  9.63	        0.00	        0.00	  4855412.00	        0.00	    22555.00	        0.00
