Datatype: PopulationSize
  0.00	        1.00	        0.00	   600000.00	        1.00	        0.00	        1.00
  0.01	        1.00	        0.00	   599981.00	        1.00	        0.00	        1.00
  0.02	        1.00	        0.00	   599960.00	        1.00	        0.00	        1.00
  0.03	        1.00	        0.00	   599936.00	        1.00	        0.00	        1.00
  0.04	        1.00	        0.00	   599915.00	        1.00	        0.00	        1.00
  0.05	        1.00	        0.00	   599905.00	        1.00	        0.00	        1.00
  0.06	        1.00	        0.00	   599893.00	        1.00	        0.00	        1.00
  0.07	        1.00	        0.00	   599875.00	        1.00	        0.00	        1.00
  0.08	        1.00	        0.00	   599863.00	        1.00	        0.00	        1.00
  0.09	        1.00	        0.00	   599848.00	        1.00	        0.00	        1.00
  0.10	        1.00	        0.00	   599830.00	        1.00	        0.00	        1.00
  0.11	        1.00	        0.00	   599810.00	        1.00	        0.00	        1.00
  0.12	        1.00	        0.00	   599788.00	        1.00	        0.00	        1.00
  0.13	        1.00	        0.00	   599772.00	        1.00	        0.00	        1.00
  0.14	        1.00	        0.00	   599759.00	        1.00	        0.00	        1.00
  0.15	        1.00	        0.00	   599736.00	        1.00	        0.00	        1.00
  0.16	        1.00	        0.00	   599719.00	        1.00	        0.00	        1.00
  0.17	        1.00	        0.00	   599700.00	        1.00	        0.00	        1.00
  0.18	        1.00	        0.00	   599682.00	        1.00	        0.00	        1.00
  0.19	        1.00	        0.00	   599667.00	        1.00	        0.00	        1.00
  0.20	        1.00	        0.00	   599647.00	        1.00	        0.00	        1.00
  0.21	        1.00	        0.00	   599633.00	        1.00	        0.00	        1.00
  0.22	        1.00	        0.00	   599609.00	        1.00	        0.00	        1.00
  0.23	        1.00	        0.00	   599591.00	        1.00	        0.00	        1.00
  0.24	        1.00	        0.00	   599573.00	        1.00	        0.00	        1.00
  0.25	        1.00	        0.00	   599555.00	        1.00	        0.00	        1.00
  0.26	        0.00	        1.00	   599532.00	        0.00	        0.00	        1.00
  0.27	        0.00	        1.00	   599517.00	        0.00	        0.00	        1.00
  0.28	        0.00	        1.00	   599498.00	        0.00	        0.00	        1.00
  0.29	        0.00	        1.00	   599479.00	        0.00	        0.00	        1.00
  0.30	        0.00	        1.00	   599463.00	        0.00	        0.00	        1.00
  0.31	        0.00	        1.00	   599446.00	        0.00	        0.00	        1.00
  0.32	        0.00	        1.00	   599430.00	        0.00	        0.00	        1.00
  0.33	        0.00	        1.00	   599408.00	        0.00	        0.00	        1.00
  0.34	        0.00	        1.00	   599396.00	        0.00	        0.00	        1.00
  0.35	        0.00	        1.00	   599380.00	        0.00	        0.00	        1.00
  0.36	        0.00	        1.00	   599362.00	        0.00	        0.00	        1.00
  0.37	        0.00	        1.00	   599347.00	        0.00	        0.00	        1.00
  0.38	        0.00	        1.00	   599335.00	        0.00	        0.00	        1.00
  0.39	        0.00	        1.00	   599314.00	        0.00	        0.00	        1.00
  0.40	        0.00	        1.00	   599293.00	        0.00	        0.00	        1.00
  0.41	        0.00	        1.00	   599276.00	        0.00	        0.00	        1.00
  0.42	        0.00	        1.00	   599265.00	        0.00	        0.00	        1.00
  0.43	        0.00	        1.00	   599248.00	        0.00	        0.00	        1.00
  0.44	        0.00	        1.00	   599228.00	        0.00	        0.00	        1.00
  0.45	        0.00	        1.00	   599209.00	        0.00	        0.00	        1.00
  0.46	        0.00	        1.00	   599191.00	        0.00	        0.00	        1.00
  0.47	        0.00	        1.00	   599174.00	        0.00	        0.00	        1.00
  0.48	        0.00	        1.00	   599157.00	        0.00	        0.00	        1.00
  0.49	        0.00	        1.00	   599143.00	        0.00	        0.00	        1.00
  0.50	        0.00	        1.00	   599127.00	        0.00	        0.00	        1.00
  0.51	        0.00	        1.00	   599106.00	        0.00	        0.00	        1.00
  0.52	        0.00	        1.00	   599091.00	        0.00	        0.00	        1.00
  0.53	        0.00	        1.00	   599067.00	        0.00	        0.00	        1.00
  0.54	        0.00	        1.00	   599050.00	        0.00	        0.00	        1.00
  0.55	        0.00	        1.00	   599036.00	        0.00	        0.00	        1.00
  0.56	        0.00	        1.00	   599023.00	        0.00	        0.00	        1.00
  0.57	        0.00	        1.00	   599004.00	        0.00	        0.00	        1.00
  0.58	        0.00	        1.00	   598987.00	        0.00	        0.00	        1.00
  0.59	        0.00	        1.00	   598967.00	        0.00	        0.00	        1.00
  0.60	        0.00	        1.00	   598952.00	        0.00	        0.00	        1.00
  0.61	        0.00	        1.00	   598934.00	        0.00	        0.00	        1.00
  0.62	        0.00	        1.00	   598915.00	        0.00	        0.00	        1.00
  0.63	        0.00	        1.00	   598903.00	        0.00	        0.00	        1.00
  0.64	        0.00	        1.00	   598890.00	        0.00	        0.00	        1.00
  0.65	        0.00	        1.00	   598875.00	        0.00	        0.00	        1.00
  0.66	        0.00	        1.00	   598860.00	        0.00	        0.00	        1.00
  0.67	        0.00	        1.00	   598836.00	        0.00	        0.00	        1.00
  0.68	        0.00	        1.00	   598823.00	        0.00	        0.00	        1.00
  0.69	        0.00	        1.00	   598807.00	        0.00	        0.00	        1.00
  0.70	        0.00	        1.00	   598786.00	        0.00	        0.00	        1.00
  0.71	        0.00	        1.00	   598771.00	        0.00	        0.00	        1.00
  0.72	        0.00	        1.00	   598757.00	        0.00	        0.00	        1.00
  0.73	        0.00	        1.00	   598740.00	        0.00	        0.00	        1.00
  0.74	        0.00	        1.00	   598706.00	        0.00	        0.00	        1.00
  0.75	        0.00	        1.00	   598694.00	        0.00	        0.00	        1.00
  0.76	        0.00	        1.00	   598678.00	        0.00	        0.00	        1.00
  0.77	        0.00	        1.00	   598664.00	        0.00	        0.00	        1.00
  0.78	        0.00	        1.00	   598645.00	        0.00	        0.00	        1.00
  0.79	        0.00	        1.00	   598619.00	        0.00	        0.00	        1.00
  0.80	        0.00	        1.00	   598598.00	        0.00	        0.00	        1.00
  0.81	        0.00	        1.00	   598573.00	        0.00	        0.00	        1.00
  0.82	        0.00	        1.00	   598555.00	        0.00	        0.00	        1.00
  0.83	        0.00	        1.00	   598541.00	        0.00	        0.00	        1.00
  0.84	        0.00	        1.00	   598520.00	        0.00	        0.00	        1.00
  0.85	        0.00	        1.00	   598506.00	        0.00	        0.00	        1.00
  0.86	        0.00	        1.00	   598490.00	        0.00	        0.00	        1.00
  0.87	        0.00	        1.00	   598471.00	        0.00	        0.00	        1.00
  0.88	        0.00	        1.00	   598452.00	        0.00	        0.00	        1.00
  0.89	        0.00	        1.00	   598439.00	        0.00	        0.00	        1.00
  0.90	        0.00	        1.00	   598415.00	        0.00	        0.00	        1.00
  0.91	        0.00	        1.00	   598401.00	        0.00	        0.00	        1.00
  0.92	        0.00	        1.00	   598378.00	        0.00	        0.00	        1.00
  0.93	        0.00	        1.00	   598360.00	        0.00	        0.00	        1.00
  0.94	        0.00	        1.00	   598337.00	        0.00	        0.00	        1.00
  0.95	        0.00	        1.00	   598317.00	        0.00	        0.00	        1.00
  0.96	        0.00	        1.00	   598292.00	        0.00	        0.00	        1.00
  0.97	        0.00	        1.00	   598279.00	        0.00	        0.00	        1.00
  0.98	        0.00	        1.00	   598261.00	        0.00	        0.00	        1.00
  0.99	        0.00	        1.00	   598249.00	        0.00	        0.00	        1.00
  1.00	        0.00	        1.00	   598229.00	        0.00	        0.00	        1.00
  1.01	        0.00	        1.00	   598210.00	        0.00	        0.00	        1.00
  1.02	        0.00	        1.00	   598188.00	        0.00	        0.00	        1.00
  1.03	        0.00	        1.00	   598171.00	        0.00	        0.00	        1.00
  1.04	        0.00	        1.00	   598159.00	        0.00	        0.00	        1.00
  1.05	        0.00	        1.00	   598143.00	        0.00	        0.00	        1.00
  1.06	        0.00	        1.00	   598134.00	        0.00	        0.00	        1.00
  1.07	        0.00	        1.00	   598116.00	        0.00	        0.00	        1.00
  1.08	        0.00	        1.00	   598100.00	        0.00	        0.00	        1.00
  1.09	        0.00	        1.00	   598074.00	        0.00	        0.00	        1.00
  1.10	        0.00	        1.00	   598058.00	        0.00	        0.00	        1.00
  1.11	        0.00	        1.00	   598041.00	        0.00	        0.00	        1.00
  1.12	        0.00	        1.00	   598025.00	        0.00	        0.00	        1.00
  1.13	        0.00	        1.00	   598009.00	        0.00	        0.00	        1.00
  1.14	        0.00	        1.00	   597989.00	        0.00	        0.00	        1.00
  1.15	        0.00	        1.00	   597954.00	        0.00	        0.00	        1.00
  1.16	        0.00	        1.00	   597938.00	        0.00	        0.00	        1.00
  1.17	        0.00	        1.00	   597920.00	        0.00	        0.00	        1.00
  1.18	        0.00	        1.00	   597900.00	        0.00	        0.00	        1.00
  1.19	        0.00	        1.00	   597872.00	        0.00	        0.00	        1.00
  1.20	        0.00	        1.00	   597846.00	        0.00	        0.00	        1.00
  1.21	        0.00	        1.00	   597827.00	        0.00	        0.00	        1.00
  1.22	        0.00	        1.00	   597808.00	        0.00	        0.00	        1.00
  1.23	        0.00	        1.00	   597789.00	        0.00	        0.00	        1.00
  1.24	        0.00	        1.00	   597775.00	        0.00	        0.00	        1.00
  1.25	        0.00	        1.00	   597755.00	        0.00	        0.00	        1.00
  1.26	        0.00	        1.00	   597743.00	        0.00	        0.00	        1.00
  1.27	        0.00	        1.00	   597731.00	        0.00	        0.00	        1.00
  1.28	        0.00	        1.00	   597713.00	        0.00	        0.00	        1.00
  1.29	        0.00	        1.00	   597692.00	        0.00	        0.00	        1.00
  1.30	        0.00	        1.00	   597672.00	        0.00	        0.00	        1.00
  1.31	        0.00	        1.00	   597653.00	        0.00	        0.00	        1.00
  1.32	        0.00	        1.00	   597639.00	        0.00	        0.00	        1.00
  1.33	        0.00	        1.00	   597614.00	        0.00	        0.00	        1.00
  1.34	        0.00	        1.00	   597597.00	        0.00	        0.00	        1.00
  1.35	        0.00	        1.00	   597578.00	        0.00	        0.00	        1.00
  1.36	        0.00	        1.00	   597559.00	        0.00	        0.00	        1.00
  1.37	        0.00	        1.00	   597540.00	        0.00	        0.00	        1.00
  1.38	        0.00	        1.00	   597528.00	        0.00	        0.00	        1.00
  1.39	        0.00	        1.00	   597515.00	        0.00	        0.00	        1.00
  1.40	        0.00	        1.00	   597498.00	        0.00	        0.00	        1.00
  1.41	        0.00	        1.00	   597477.00	        0.00	        0.00	        1.00
  1.42	        0.00	        1.00	   597462.00	        0.00	        0.00	        1.00
  1.43	        0.00	        1.00	   597441.00	        0.00	        0.00	        1.00
  1.44	        0.00	        1.00	   597414.00	        0.00	        0.00	        1.00
  1.45	        0.00	        1.00	   597404.00	        0.00	        0.00	        1.00
  1.46	        0.00	        1.00	   597388.00	        0.00	        0.00	        1.00
  1.47	        0.00	        1.00	   597373.00	        0.00	        0.00	        1.00
  1.48	        0.00	        1.00	   597348.00	        0.00	        0.00	        1.00
  1.49	        0.00	        1.00	   597321.00	        0.00	        0.00	        1.00
  1.50	        0.00	        1.00	   597302.00	        0.00	        0.00	        1.00
  1.51	        0.00	        1.00	   597281.00	        0.00	        0.00	        1.00
  1.52	        0.00	        1.00	   597260.00	        0.00	        0.00	        1.00
  1.53	        0.00	        1.00	   597240.00	        0.00	        0.00	        1.00
  1.54	        0.00	        1.00	   597224.00	        0.00	        0.00	        1.00
  1.55	        0.00	        1.00	   597207.00	        0.00	        0.00	        1.00
  1.56	        0.00	        1.00	   597188.00	        0.00	        0.00	        1.00
  1.57	        0.00	        1.00	   597166.00	        0.00	        0.00	        1.00
  1.58	        0.00	        1.00	   597143.00	        0.00	        0.00	        1.00
  1.59	        0.00	        1.00	   597126.00	        0.00	        0.00	        1.00
  1.60	        0.00	        0.00	   597312.00	        0.00	        0.00	        0.00
