Datatype: PopulationSize
  0.00	        1.00	        0.00	        0.00	        1.00	        0.00	        1.00
  0.01	        1.00	        0.00	        0.00	        1.00	        0.00	        1.00
  0.02	        1.00	        0.00	        0.00	        1.00	        0.00	        1.00
  0.03	        1.00	        0.00	        0.00	        1.00	        0.00	        1.00
  0.04	        1.00	        0.00	        0.00	        1.00	        0.00	        1.00
  0.05	        1.00	        0.00	        0.00	        1.00	        0.00	        1.00
  0.06	        1.00	        0.00	        0.00	        1.00	        0.00	        1.00
  0.07	        1.00	        0.00	        0.00	        1.00	        0.00	        1.00
  0.08	        1.00	        0.00	        0.00	        1.00	        0.00	        1.00
  0.09	        1.00	        0.00	        0.00	        1.00	        0.00	        1.00
  0.10	        1.00	        0.00	        0.00	        1.00	        0.00	        1.00
  0.11	        1.00	        0.00	        0.00	        1.00	        0.00	        1.00
  0.12	        1.00	        0.00	        0.00	        1.00	        0.00	        1.00
  0.13	        1.00	        0.00	        0.00	        1.00	        0.00	        1.00
  0.14	        1.00	        0.00	        0.00	        1.00	        0.00	        1.00
  0.15	        1.00	        0.00	        0.00	        1.00	        0.00	        1.00
  0.16	        1.00	        0.00	        0.00	        1.00	        0.00	        1.00
  0.17	        1.00	        0.00	        0.00	        1.00	        0.00	        1.00
  0.18	        1.00	        0.00	        0.00	        1.00	        0.00	        1.00
  0.19	        1.00	        0.00	        0.00	        1.00	        0.00	        1.00
  0.20	        1.00	        0.00	        0.00	        1.00	        0.00	        1.00
  0.21	        1.00	        0.00	        0.00	        1.00	        0.00	        1.00
  0.22	        1.00	        0.00	        0.00	        1.00	        0.00	        1.00
  0.23	        1.00	        0.00	        0.00	        1.00	        0.00	        1.00
  0.24	        1.00	        0.00	        0.00	        1.00	        0.00	        1.00
  0.25	        1.00	        0.00	        0.00	        1.00	        0.00	        1.00
  0.26	        1.00	        0.00	        0.00	        1.00	        0.00	        1.00
  0.27	        1.00	        0.00	        0.00	        1.00	        0.00	        1.00
  0.28	        1.00	        0.00	        0.00	        1.00	        0.00	        1.00
  0.29	        1.00	        0.00	        0.00	        1.00	        0.00	        1.00
  0.30	        1.00	        0.00	        0.00	        1.00	        0.00	        1.00
  0.31	        1.00	        0.00	        0.00	        1.00	        0.00	        1.00
  0.32	        1.00	        0.00	        0.00	        1.00	        0.00	        1.00
  0.33	        1.00	        0.00	        0.00	        1.00	        0.00	        1.00
  0.34	        1.00	        0.00	        0.00	        1.00	        0.00	        1.00
  0.35	        1.00	        0.00	        0.00	        1.00	        0.00	        1.00
  0.36	        1.00	        0.00	        0.00	        1.00	        0.00	        1.00
  0.37	        1.00	        0.00	        0.00	        1.00	        0.00	        1.00
  0.38	        1.00	        0.00	        0.00	        1.00	        0.00	        1.00
  0.39	        1.00	        0.00	        0.00	        1.00	        0.00	        1.00
  0.40	        1.00	        0.00	        0.00	        1.00	        0.00	        1.00
  0.41	        1.00	        0.00	        0.00	        1.00	        0.00	        1.00
  0.42	        1.00	        0.00	        0.00	        1.00	        0.00	        1.00
  0.43	        1.00	        0.00	        0.00	        1.00	        0.00	        1.00
  0.44	        1.00	        0.00	        0.00	        1.00	        0.00	        1.00
  0.45	        1.00	        0.00	        0.00	        1.00	        0.00	        1.00
  0.46	        1.00	        0.00	        0.00	        1.00	        0.00	        1.00
  0.47	        1.00	        0.00	        0.00	        1.00	        0.00	        1.00
  0.48	        1.00	        0.00	        0.00	        1.00	        0.00	        1.00
  0.49	        1.00	        0.00	        0.00	        1.00	        0.00	        1.00
  0.50	        1.00	        0.00	        0.00	        1.00	        0.00	        1.00
  0.51	        1.00	        0.00	        0.00	        1.00	        0.00	        1.00
  0.52	        1.00	        0.00	        0.00	        1.00	        0.00	        1.00
  0.53	        1.00	        0.00	        0.00	        1.00	        0.00	        1.00
  0.54	        1.00	        0.00	        0.00	        1.00	        0.00	        1.00
  0.55	        1.00	        0.00	        0.00	        1.00	        0.00	        1.00
  0.56	        1.00	        0.00	        0.00	        1.00	        0.00	        1.00
  0.57	        1.00	        0.00	        0.00	        1.00	        0.00	        1.00
  0.58	        1.00	        0.00	        0.00	        1.00	        0.00	        1.00
  0.59	        1.00	        0.00	        0.00	        1.00	        0.00	        1.00
  0.60	        1.00	        0.00	        0.00	        1.00	        0.00	        1.00
  0.61	        1.00	        0.00	        0.00	        1.00	        0.00	        1.00
  0.62	        1.00	        0.00	        0.00	        1.00	        0.00	        1.00
  0.63	        1.00	        0.00	        0.00	        1.00	        0.00	        1.00
  0.64	        1.00	        0.00	        0.00	        1.00	        0.00	        1.00
  0.65	        1.00	        0.00	        0.00	        1.00	        0.00	        1.00
  0.66	        1.00	        0.00	        0.00	        1.00	        0.00	        1.00
  0.67	        1.00	        0.00	        0.00	        1.00	        0.00	        1.00
  0.68	        1.00	        0.00	        0.00	        1.00	        0.00	        1.00
  0.69	        1.00	        0.00	        0.00	        1.00	        0.00	        1.00
  0.70	        1.00	        0.00	        0.00	        1.00	        0.00	        1.00
  0.71	        1.00	        0.00	        0.00	        1.00	        0.00	        1.00
  0.72	        1.00	        0.00	        0.00	        1.00	        0.00	        1.00
  0.73	        1.00	        0.00	        0.00	        1.00	        0.00	        1.00
  0.74	        1.00	        0.00	        0.00	        1.00	        0.00	        1.00
  0.75	        1.00	        0.00	        0.00	        1.00	        0.00	        1.00
  0.76	        1.00	        0.00	        0.00	        1.00	        0.00	        1.00
  0.77	        1.00	        0.00	        0.00	        1.00	        0.00	        1.00
  0.78	        1.00	        0.00	        0.00	        1.00	        0.00	        1.00
  0.79	        1.00	        0.00	        0.00	        1.00	        0.00	        1.00
  0.80	        1.00	        0.00	        0.00	        1.00	        0.00	        1.00
  0.81	        1.00	        0.00	        0.00	        1.00	        0.00	        1.00
  0.82	        1.00	        0.00	        0.00	        1.00	        0.00	        1.00
  0.83	        1.00	        0.00	        0.00	        1.00	        0.00	        1.00
  0.84	        1.00	        0.00	        0.00	        1.00	        0.00	        1.00
  0.85	        1.00	        0.00	        0.00	        1.00	        0.00	        1.00
  0.86	        1.00	        0.00	        0.00	        1.00	        0.00	        1.00
  0.87	        1.00	        0.00	        0.00	        1.00	        0.00	        1.00
  0.88	        1.00	        0.00	        0.00	        1.00	        0.00	        1.00
  0.89	        1.00	        0.00	        0.00	        1.00	        0.00	        1.00
  0.90	        1.00	        0.00	        0.00	        1.00	        0.00	        1.00
  0.91	        1.00	        0.00	        0.00	        1.00	        0.00	        1.00
  0.92	        1.00	        0.00	        0.00	        1.00	        0.00	        1.00
  0.93	        2.00	        0.00	        0.00	        1.00	        1.00	        1.00
  0.94	        2.00	        0.00	        0.00	        1.00	        1.00	        1.00
  0.95	        2.00	        0.00	        0.00	        1.00	        1.00	        1.00
  0.96	        2.00	        0.00	        0.00	        1.00	        1.00	        1.00
  0.97	        2.00	        0.00	        0.00	        1.00	        1.00	        1.00
  0.98	        2.00	        0.00	        0.00	        1.00	        1.00	        1.00
  0.99	        2.00	        0.00	        0.00	        1.00	        1.00	        1.00
  1.00	        2.00	        0.00	        0.00	        1.00	        1.00	        1.00
  1.01	        2.00	        0.00	        0.00	        1.00	        1.00	        1.00
  1.02	        2.00	        0.00	        0.00	        1.00	        1.00	        1.00
  1.03	        2.00	        0.00	        0.00	        1.00	        1.00	        1.00
  1.04	        2.00	        0.00	        0.00	        1.00	        1.00	        1.00
  1.05	        2.00	        0.00	        0.00	        1.00	        1.00	        1.00
  1.06	        2.00	        0.00	        0.00	        1.00	        1.00	        1.00
  1.07	        2.00	        0.00	        0.00	        1.00	        1.00	        1.00
  1.08	        2.00	        0.00	        0.00	        1.00	        1.00	        1.00
  1.09	        2.00	        0.00	        0.00	        1.00	        1.00	        1.00
  1.10	        3.00	        0.00	        0.00	        1.00	        2.00	        1.00
  1.11	        3.00	        0.00	        0.00	        1.00	        2.00	        1.00
  1.12	        3.00	        0.00	        0.00	        1.00	        2.00	        1.00
  1.13	        3.00	        0.00	        0.00	        1.00	        2.00	        1.00
  1.14	        3.00	        0.00	        0.00	        1.00	        2.00	        1.00
  1.15	        3.00	        0.00	        0.00	        1.00	        2.00	        1.00
  1.16	        3.00	        0.00	        0.00	        1.00	        2.00	        1.00
  1.17	        3.00	        0.00	        0.00	        1.00	        2.00	        1.00
  1.18	        3.00	        0.00	        0.00	        1.00	        2.00	        1.00
  1.19	        3.00	        0.00	        0.00	        1.00	        2.00	        1.00
  1.20	        3.00	        0.00	        0.00	        1.00	        2.00	        1.00
  1.21	        3.00	        0.00	        0.00	        1.00	        2.00	        1.00
  1.22	        4.00	        0.00	        0.00	        1.00	        3.00	        1.00
  1.23	        4.00	        0.00	        0.00	        1.00	        3.00	        1.00
  1.24	        5.00	        0.00	        0.00	        1.00	        4.00	        1.00
  1.25	        5.00	        0.00	        0.00	        1.00	        4.00	        1.00
  1.26	        6.00	        0.00	        0.00	        1.00	        5.00	        1.00
  1.27	        6.00	        0.00	        0.00	        1.00	        5.00	        1.00
  1.28	        6.00	        0.00	        0.00	        1.00	        5.00	        1.00
  1.29	        6.00	        0.00	        0.00	        1.00	        5.00	        1.00
  1.30	        6.00	        0.00	        0.00	        1.00	        5.00	        1.00
  1.31	        6.00	        0.00	        0.00	        1.00	        5.00	        1.00
  1.32	        7.00	        0.00	        0.00	        1.00	        6.00	        1.00
  1.33	        7.00	        0.00	        0.00	        1.00	        6.00	        1.00
  1.34	        7.00	        0.00	        0.00	        1.00	        6.00	        1.00
  1.35	        7.00	        0.00	        0.00	        1.00	        6.00	        1.00
  1.36	        7.00	        0.00	        0.00	        1.00	        6.00	        1.00
  1.37	        7.00	        0.00	        0.00	        1.00	        6.00	        1.00
  1.38	        8.00	        0.00	        0.00	        1.00	        7.00	        1.00
  1.39	        8.00	        0.00	        0.00	        1.00	        7.00	        1.00
  1.40	        8.00	        0.00	        0.00	        1.00	        7.00	        1.00
  1.41	        8.00	        0.00	        0.00	        1.00	        7.00	        1.00
  1.42	        8.00	        0.00	        0.00	        1.00	        7.00	        1.00
  1.43	        8.00	        0.00	        0.00	        1.00	        7.00	        1.00
  1.44	        8.00	        0.00	        0.00	        1.00	        7.00	        1.00
  1.45	        8.00	        0.00	        0.00	        1.00	        7.00	        1.00
  1.46	        9.00	        0.00	        0.00	        1.00	        8.00	        1.00
  1.47	        9.00	        0.00	        0.00	        1.00	        8.00	        1.00
  1.48	        9.00	        0.00	        0.00	        1.00	        8.00	        1.00
  1.49	        9.00	        0.00	        0.00	        1.00	        8.00	        1.00
  1.50	       10.00	        0.00	        0.00	        1.00	        9.00	        1.00
  1.51	       10.00	        0.00	        0.00	        1.00	        9.00	        1.00
  1.52	       10.00	        0.00	        0.00	        1.00	        9.00	        1.00
  1.53	       10.00	        0.00	        0.00	        1.00	        9.00	        1.00
  1.54	       10.00	        0.00	        0.00	        1.00	        9.00	        1.00
  1.55	       10.00	        0.00	        0.00	        1.00	        9.00	        1.00
  1.56	       11.00	        0.00	        0.00	        1.00	       10.00	        1.00
  1.57	       13.00	        0.00	        0.00	        1.00	       12.00	        1.00
  1.58	       13.00	        0.00	        0.00	        1.00	       12.00	        1.00
  1.59	       13.00	        0.00	        0.00	        1.00	       12.00	        1.00
  1.60	       13.00	        0.00	        0.00	        1.00	       12.00	        1.00
  1.61	       14.00	        0.00	        0.00	        1.00	       13.00	        1.00
  1.62	       15.00	        0.00	        0.00	        1.00	       14.00	        1.00
  1.63	       15.00	        0.00	        0.00	        1.00	       14.00	        1.00
  1.64	       15.00	        0.00	        0.00	        1.00	       14.00	        1.00
  1.65	       16.00	        0.00	        0.00	        1.00	       15.00	        1.00
  1.66	       16.00	        0.00	        0.00	        1.00	       15.00	        1.00
  1.67	       17.00	        0.00	        0.00	        1.00	       16.00	        1.00
  1.68	       17.00	        0.00	        0.00	        1.00	       16.00	        1.00
  1.69	       17.00	        0.00	        0.00	        1.00	       16.00	        1.00
  1.70	       17.00	        0.00	        0.00	        1.00	       16.00	        1.00
  1.71	       17.00	        0.00	        0.00	        1.00	       16.00	        1.00
  1.72	       19.00	        0.00	        0.00	        1.00	       18.00	        1.00
  1.73	       19.00	        0.00	        0.00	        1.00	       18.00	        1.00
  1.74	       19.00	        0.00	        0.00	        1.00	       18.00	        1.00
  1.75	       19.00	        0.00	        0.00	        1.00	       18.00	        1.00
  1.76	       22.00	        0.00	        0.00	        1.00	       21.00	        1.00
  1.77	       22.00	        0.00	        0.00	        1.00	       21.00	        1.00
  1.78	       22.00	        0.00	        0.00	        1.00	       21.00	        1.00
  1.79	       23.00	        0.00	        0.00	        1.00	       22.00	        1.00
  1.80	       24.00	        0.00	        0.00	        1.00	       23.00	        1.00
  1.81	       24.00	        0.00	        0.00	        1.00	       23.00	        1.00
  1.82	       24.00	        0.00	        0.00	        1.00	       23.00	        1.00
  1.83	       24.00	        0.00	        0.00	        1.00	       23.00	        1.00
  1.84	       24.00	        0.00	        0.00	        1.00	       23.00	        1.00
  1.85	       25.00	        0.00	        0.00	        1.00	       24.00	        1.00
  1.86	       27.00	        0.00	        0.00	        1.00	       26.00	        1.00
  1.87	       27.00	        0.00	        0.00	        1.00	       26.00	        1.00
  1.88	       27.00	        0.00	        0.00	        1.00	       26.00	        1.00
  1.89	       27.00	        0.00	        0.00	        1.00	       26.00	        1.00
  1.90	       28.00	        0.00	        0.00	        1.00	       27.00	        1.00
  1.91	       29.00	        0.00	        0.00	        1.00	       28.00	        1.00
  1.92	       30.00	        0.00	        0.00	        1.00	       29.00	        1.00
  1.93	       31.00	        0.00	        0.00	        1.00	       30.00	        1.00
  1.94	       32.00	        0.00	        0.00	        1.00	       31.00	        1.00
  1.95	       32.00	        0.00	        0.00	        1.00	       31.00	        1.00
  1.96	       32.00	        0.00	        0.00	        1.00	       31.00	        1.00
  1.97	       32.00	        0.00	        0.00	        1.00	       31.00	        1.00
  1.98	       32.00	        0.00	        0.00	        1.00	       31.00	        1.00
  1.99	       33.00	        0.00	        0.00	        1.00	       32.00	        1.00
  2.00	       33.00	        0.00	        0.00	        1.00	       32.00	        1.00
  2.01	       33.00	        0.00	        0.00	        1.00	       32.00	        1.00
  2.02	       33.00	        0.00	        0.00	        1.00	       32.00	        1.00
  2.03	       33.00	        0.00	        0.00	        1.00	       32.00	        1.00
  2.04	       34.00	        0.00	        0.00	        1.00	       33.00	        1.00
  2.05	       35.00	        0.00	        0.00	        1.00	       34.00	        1.00
  2.06	       36.00	        0.00	        0.00	        1.00	       35.00	        1.00
  2.07	       36.00	        0.00	        0.00	        1.00	       35.00	        1.00
  2.08	       36.00	        0.00	        0.00	        1.00	       35.00	        1.00
  2.09	       37.00	        0.00	        0.00	        1.00	       36.00	        1.00
  2.10	       37.00	        0.00	        0.00	        1.00	       36.00	        1.00
  2.11	       39.00	        0.00	        0.00	        1.00	       38.00	        1.00
  2.12	       40.00	        0.00	        0.00	        1.00	       39.00	        1.00
  2.13	       41.00	        0.00	        0.00	        1.00	       40.00	        1.00
  2.14	       41.00	        0.00	        0.00	        1.00	       40.00	        1.00
  2.15	       41.00	        0.00	        0.00	        1.00	       40.00	        1.00
  2.16	       41.00	        0.00	        0.00	        1.00	       40.00	        1.00
  2.17	       45.00	        0.00	        0.00	        1.00	       44.00	        1.00
  2.18	       47.00	        0.00	        0.00	        1.00	       46.00	        1.00
  2.19	       48.00	        0.00	        0.00	        1.00	       47.00	        1.00
  2.20	       48.00	        0.00	        0.00	        1.00	       47.00	        1.00
  2.21	       50.00	        0.00	        0.00	        1.00	       49.00	        1.00
  2.22	       50.00	        0.00	        0.00	        1.00	       49.00	        1.00
  2.23	       53.00	        0.00	        0.00	        1.00	       52.00	        1.00
  2.24	       55.00	        0.00	        0.00	        1.00	       54.00	        1.00
  2.25	       55.00	        0.00	        0.00	        1.00	       54.00	        1.00
  2.26	       57.00	        0.00	        0.00	        1.00	       56.00	        1.00
  2.27	       62.00	        0.00	        0.00	        1.00	       61.00	        1.00
  2.28	       63.00	        0.00	        0.00	        1.00	       62.00	        1.00
  2.29	       64.00	        0.00	        0.00	        1.00	       63.00	        1.00
  2.30	       65.00	        0.00	        0.00	        1.00	       64.00	        1.00
  2.31	       66.00	        0.00	        0.00	        1.00	       65.00	        1.00
  2.32	       68.00	        0.00	        0.00	        1.00	       67.00	        1.00
  2.33	       69.00	        0.00	        0.00	        1.00	       68.00	        1.00
  2.34	       69.00	        0.00	        0.00	        1.00	       68.00	        1.00
  2.35	       69.00	        0.00	        0.00	        1.00	       68.00	        1.00
  2.36	       70.00	        0.00	        0.00	        1.00	       69.00	        1.00
  2.37	       71.00	        0.00	        0.00	        1.00	       70.00	        1.00
  2.38	       72.00	        0.00	        0.00	        1.00	       71.00	        1.00
  2.39	       72.00	        0.00	        0.00	        1.00	       71.00	        1.00
  2.40	       73.00	        0.00	        0.00	        1.00	       72.00	        1.00
  2.41	       75.00	        0.00	        0.00	        1.00	       74.00	        1.00
  2.42	       76.00	        0.00	        0.00	        1.00	       75.00	        1.00
  2.43	       78.00	        0.00	        0.00	        1.00	       77.00	        1.00
  2.44	       79.00	        0.00	        0.00	        1.00	       78.00	        1.00
  2.45	       81.00	        0.00	        0.00	        1.00	       80.00	        1.00
  2.46	       86.00	        0.00	        0.00	        1.00	       85.00	        1.00
  2.47	       87.00	        0.00	        0.00	        1.00	       86.00	        1.00
  2.48	       90.00	        0.00	        0.00	        1.00	       89.00	        1.00
  2.49	       93.00	        0.00	        0.00	        1.00	       92.00	        1.00
  2.50	       96.00	        0.00	        0.00	        1.00	       95.00	        1.00
  2.51	       98.00	        0.00	        0.00	        1.00	       97.00	        1.00
  2.52	       98.00	        0.00	        0.00	        1.00	       97.00	        1.00
  2.53	       99.00	        0.00	        0.00	        1.00	       98.00	        1.00
  2.54	      100.00	        0.00	        0.00	        1.00	       99.00	        1.00
  2.55	      101.00	        0.00	        0.00	        1.00	      100.00	        1.00
  2.56	      101.00	        0.00	        0.00	        1.00	      100.00	        1.00
  2.57	      101.00	        0.00	        0.00	        1.00	      100.00	        1.00
  2.58	      101.00	        0.00	        0.00	        1.00	      100.00	        1.00
  2.59	      103.00	        0.00	        0.00	        1.00	      102.00	        1.00
  2.60	      106.00	        0.00	        0.00	        1.00	      105.00	        1.00
  2.61	      108.00	        0.00	        0.00	        1.00	      107.00	        1.00
  2.62	      109.00	        0.00	        0.00	        1.00	      108.00	        1.00
  2.63	      110.00	        0.00	        0.00	        1.00	      109.00	        1.00
  2.64	      111.00	        0.00	        0.00	        1.00	      110.00	        1.00
  2.65	      113.00	        0.00	        0.00	        1.00	      112.00	        1.00
  2.66	      113.00	        0.00	        0.00	        1.00	      112.00	        1.00
  2.67	      116.00	        0.00	        0.00	        1.00	      115.00	        1.00
  2.68	      116.00	        0.00	        0.00	        1.00	      115.00	        1.00
  2.69	      117.00	        0.00	        0.00	        1.00	      116.00	        1.00
  2.70	      121.00	        0.00	        0.00	        1.00	      120.00	        1.00
  2.71	      124.00	        0.00	        0.00	        1.00	      123.00	        1.00
  2.72	      126.00	        0.00	        0.00	        1.00	      125.00	        1.00
  2.73	      128.00	        0.00	        0.00	        1.00	      127.00	        1.00
  2.74	      130.00	        0.00	        0.00	        1.00	      129.00	        1.00
  2.75	      133.00	        0.00	        0.00	        1.00	      132.00	        1.00
  2.76	      135.00	        0.00	        0.00	        1.00	      134.00	        1.00
  2.77	      137.00	        0.00	        0.00	        1.00	      136.00	        1.00
  2.78	      138.00	        0.00	        0.00	        1.00	      137.00	        1.00
  2.79	      139.00	        0.00	        0.00	        1.00	      138.00	        1.00
  2.80	      142.00	        0.00	        0.00	        1.00	      141.00	        1.00
  2.81	      146.00	        0.00	        0.00	        1.00	      145.00	        1.00
  2.82	      150.00	        0.00	        0.00	        1.00	      149.00	        1.00
  2.83	      153.00	        0.00	        0.00	        1.00	      152.00	        1.00
  2.84	      155.00	        0.00	        0.00	        1.00	      154.00	        1.00
  2.85	      156.00	        0.00	        0.00	        1.00	      155.00	        1.00
  2.86	      156.00	        0.00	        0.00	        1.00	      155.00	        1.00
  2.87	      158.00	        0.00	        0.00	        1.00	      157.00	        1.00
  2.88	      160.00	        0.00	        0.00	        1.00	      159.00	        1.00
  2.89	      162.00	        0.00	        0.00	        1.00	      161.00	        1.00
  2.90	      164.00	        0.00	        0.00	        1.00	      163.00	        1.00
  2.91	      165.00	        0.00	        0.00	        1.00	      164.00	        1.00
  2.92	      168.00	        0.00	        0.00	        1.00	      167.00	        1.00
  2.93	      176.00	        0.00	        0.00	        1.00	      175.00	        1.00
  2.94	      181.00	        0.00	        0.00	        1.00	      180.00	        1.00
  2.95	      183.00	        0.00	        0.00	        1.00	      182.00	        1.00
  2.96	      185.00	        0.00	        0.00	        1.00	      184.00	        1.00
  2.97	      188.00	        0.00	        0.00	        1.00	      187.00	        1.00
  2.98	      194.00	        0.00	        0.00	        1.00	      193.00	        1.00
  2.99	      200.00	        0.00	        0.00	        1.00	      199.00	        1.00
  3.00	      201.00	        0.00	   599999.00	        1.00	      200.00	        1.00
  3.01	      205.00	        0.00	   599982.00	        1.00	      204.00	        1.00
  3.02	      210.00	        0.00	   599965.00	        1.00	      209.00	        1.00
  3.03	      213.00	        0.00	   599947.00	        1.00	      212.00	        1.00
  3.04	      216.00	        0.00	   599927.00	        1.00	      215.00	        1.00
  3.05	      217.00	        0.00	   599909.00	        1.00	      216.00	        1.00
  3.06	      221.00	        0.00	   599893.00	        1.00	      220.00	        1.00
  3.07	      223.00	        0.00	   599881.00	        1.00	      222.00	        1.00
  3.08	      228.00	        0.00	   599865.00	        1.00	      227.00	        1.00
  3.09	      230.00	        0.00	   599849.00	        1.00	      229.00	        1.00
  3.10	      233.00	        0.00	   599836.00	        1.00	      232.00	        1.00
  3.11	      234.00	        0.00	   599818.00	        1.00	      233.00	        1.00
  3.12	      237.00	        0.00	   599793.00	        1.00	      236.00	        1.00
  3.13	      241.00	        0.00	   599777.00	        1.00	      240.00	        1.00
  3.14	      244.00	        0.00	   599757.00	        1.00	      243.00	        1.00
  3.15	      247.00	        0.00	   599740.00	        1.00	      246.00	        1.00
  3.16	      251.00	        0.00	   599724.00	        1.00	      250.00	        1.00
  3.17	      253.00	        0.00	   599708.00	        1.00	      252.00	        1.00
  3.18	      256.00	        0.00	   599688.00	        1.00	      255.00	        1.00
  3.19	      262.00	        0.00	   599669.00	        1.00	      261.00	        1.00
  3.20	      265.00	        0.00	   599653.00	        1.00	      264.00	        1.00
  3.21	      268.00	        0.00	   599633.00	        1.00	      267.00	        1.00
  3.22	      270.00	        0.00	   599610.00	        1.00	      269.00	        1.00
  3.23	      272.00	        0.00	   599592.00	        1.00	      271.00	        1.00
  3.24	      274.00	        0.00	   599577.00	        1.00	      273.00	        1.00
  3.25	      280.00	        0.00	   599559.00	        1.00	      279.00	        1.00
  3.26	      285.00	        0.00	   599539.00	        1.00	      284.00	        1.00
  3.27	      289.00	        0.00	   599522.00	        1.00	      288.00	        1.00
  3.28	      297.00	        0.00	   599504.00	        1.00	      296.00	        1.00
  3.29	      301.00	        0.00	   599486.00	        1.00	      300.00	        1.00
  3.30	      305.00	        0.00	   599469.00	        1.00	      304.00	        1.00
  3.31	      310.00	        0.00	   599456.00	        1.00	      309.00	        1.00
  3.32	      320.00	        0.00	   599431.00	        1.00	      319.00	        1.00
  3.33	      326.00	        0.00	   599413.00	        1.00	      325.00	        1.00
  3.34	      329.00	        0.00	   599393.00	        1.00	      328.00	        1.00
  3.35	      332.00	        0.00	   599370.00	        1.00	      331.00	        1.00
  3.36	      337.00	        0.00	   599351.00	        1.00	      336.00	        1.00
  3.37	      347.00	        0.00	   599337.00	        1.00	      346.00	        1.00
  3.38	      350.00	        0.00	   599325.00	        1.00	      349.00	        1.00
  3.39	      352.00	        0.00	   599309.00	        1.00	      351.00	        1.00
  3.40	      358.00	        0.00	   599287.00	        1.00	      357.00	        1.00
  3.41	      360.00	        0.00	   599268.00	        1.00	      359.00	        1.00
  3.42	      373.00	        0.00	   599253.00	        1.00	      372.00	        1.00
  3.43	      379.00	        1.00	   599238.00	        1.00	      379.00	        1.00
  3.44	      384.00	        1.00	   599218.00	        1.00	      384.00	        1.00
  3.45	      387.00	        1.00	   599204.00	        1.00	      387.00	        1.00
  3.46	      395.00	        1.00	   599187.00	        1.00	      395.00	        1.00
  3.47	      402.00	        1.00	   599160.00	        1.00	      402.00	        1.00
  3.48	      410.00	        1.00	   599139.00	        1.00	      410.00	        1.00
  3.49	      418.00	        1.00	   599124.00	        1.00	      418.00	        1.00
  3.50	      421.00	        1.00	   599104.00	        1.00	      421.00	        1.00
  3.51	      425.00	        1.00	   599089.00	        1.00	      425.00	        1.00
  3.52	      432.00	        1.00	   599073.00	        1.00	      432.00	        1.00
  3.53	      440.00	        1.00	   599053.00	        1.00	      440.00	        1.00
  3.54	      444.00	        1.00	   599039.00	        1.00	      444.00	        1.00
  3.55	      448.00	        1.00	   599016.00	        1.00	      448.00	        1.00
  3.56	      452.00	        1.00	   598998.00	        1.00	      452.00	        1.00
  3.57	      458.00	        1.00	   598975.00	        1.00	      458.00	        1.00
  3.58	      464.00	        1.00	   598958.00	        1.00	      464.00	        1.00
  3.59	      475.00	        1.00	   598938.00	        1.00	      475.00	        1.00
  3.60	      483.00	        1.00	   598920.00	        1.00	      483.00	        1.00
  3.61	      490.00	        2.00	   598904.00	        1.00	      491.00	        1.00
  3.62	      495.00	        2.00	   598881.00	        1.00	      496.00	        1.00
  3.63	      503.00	        2.00	   598863.00	        1.00	      504.00	        1.00
  3.64	      505.00	        2.00	   598847.00	        1.00	      506.00	        1.00
  3.65	      515.00	        2.00	   598826.00	        1.00	      516.00	        1.00
  3.66	      519.00	        2.00	   598803.00	        1.00	      520.00	        1.00
  3.67	      524.00	        2.00	   598791.00	        1.00	      525.00	        1.00
  3.68	      534.00	        2.00	   598774.00	        1.00	      535.00	        1.00
  3.69	      540.00	        2.00	   598748.00	        1.00	      541.00	        1.00
  3.70	      544.00	        2.00	   598733.00	        1.00	      545.00	        1.00
  3.71	      553.00	        2.00	   598710.00	        1.00	      554.00	        1.00
  3.72	      565.00	        2.00	   598686.00	        1.00	      566.00	        1.00
  3.73	      570.00	        4.00	   598668.00	        1.00	      573.00	        1.00
  3.74	      582.00	        4.00	   598650.00	        1.00	      585.00	        1.00
  3.75	      590.00	        4.00	   598636.00	        1.00	      593.00	        1.00
  3.76	      595.00	        6.00	   598617.00	        1.00	      600.00	        1.00
  3.77	      606.00	        6.00	   598596.00	        1.00	      611.00	        1.00
  3.78	      615.00	        8.00	   598570.00	        1.00	      622.00	        1.00
  3.79	      624.00	        8.00	   598556.00	        1.00	      631.00	        1.00
  3.80	      632.00	        8.00	   598542.00	        1.00	      639.00	        1.00
  3.81	      640.00	        8.00	   598528.00	        1.00	      647.00	        1.00
  3.82	      650.00	        8.00	   598515.00	        1.00	      657.00	        1.00
  3.83	      656.00	        8.00	   598498.00	        1.00	      663.00	        1.00
  3.84	      666.00	        8.00	   598479.00	        1.00	      673.00	        1.00
  3.85	      676.00	        8.00	   598462.00	        1.00	      683.00	        1.00
  3.86	      684.00	        8.00	   598442.00	        1.00	      691.00	        1.00
  3.87	      695.00	        8.00	   598425.00	        1.00	      702.00	        1.00
  3.88	      710.00	        8.00	   598407.00	        1.00	      717.00	        1.00
  3.89	      714.00	        8.00	   598392.00	        1.00	      721.00	        1.00
  3.90	      729.00	        8.00	   598369.00	        1.00	      736.00	        1.00
  3.91	      738.00	        8.00	   598356.00	        1.00	      745.00	        1.00
  3.92	      747.00	        8.00	   598345.00	        1.00	      754.00	        1.00
  3.93	      763.00	       10.00	   598326.00	        1.00	      772.00	        1.00
  3.94	      785.00	       10.00	   598316.00	        1.00	      794.00	        1.00
  3.95	      796.00	       10.00	   598304.00	        1.00	      805.00	        1.00
  3.96	      807.00	       10.00	   598287.00	        1.00	      816.00	        1.00
  3.97	      819.00	       10.00	   598272.00	        1.00	      828.00	        1.00
  3.98	      834.00	       10.00	   598257.00	        1.00	      843.00	        1.00
  3.99	      844.00	       10.00	   598238.00	        1.00	      853.00	        1.00
  4.00	      857.00	       10.00	   598224.00	        1.00	      866.00	        1.00
  4.01	      879.00	       10.00	   598204.00	        1.00	      888.00	        1.00
  4.02	      896.00	       10.00	   598185.00	        1.00	      905.00	        1.00
  4.03	      911.00	       10.00	   598172.00	        1.00	      920.00	        1.00
  4.04	      922.00	       10.00	   598151.00	        1.00	      931.00	        1.00
  4.05	      937.00	       10.00	   598127.00	        1.00	      946.00	        1.00
  4.06	      947.00	       10.00	   598109.00	        1.00	      956.00	        1.00
  4.07	      963.00	       10.00	   598076.00	        1.00	      972.00	        1.00
  4.08	      978.00	       10.00	   598049.00	        1.00	      987.00	        1.00
  4.09	      991.00	       10.00	   598024.00	        1.00	     1000.00	        1.00
  4.10	     1006.00	       10.00	   598000.00	        1.00	     1015.00	        1.00
  4.11	     1023.00	       10.00	   597983.00	        1.00	     1032.00	        1.00
  4.12	     1043.00	       10.00	   597962.00	        1.00	     1052.00	        1.00
  4.13	     1058.00	       10.00	   597944.00	        1.00	     1067.00	        1.00
  4.14	     1080.00	       10.00	   597923.00	        1.00	     1089.00	        1.00
  4.15	     1097.00	       10.00	   597899.00	        1.00	     1106.00	        1.00
  4.16	     1123.00	       10.00	   597877.00	        1.00	     1132.00	        1.00
  4.17	     1140.00	       10.00	   597867.00	        1.00	     1149.00	        1.00
  4.18	     1159.00	       13.00	   597853.00	        1.00	     1171.00	        1.00
  4.19	     1181.00	       13.00	   597833.00	        1.00	     1193.00	        1.00
  4.20	     1205.00	       13.00	   597818.00	        1.00	     1217.00	        1.00
  4.21	     1217.00	       14.00	   597798.00	        1.00	     1230.00	        1.00
  4.22	     1232.00	       14.00	   597781.00	        1.00	     1245.00	        1.00
  4.23	     1247.00	       15.00	   597764.00	        1.00	     1261.00	        1.00
  4.24	     1267.00	       15.00	   597752.00	        1.00	     1281.00	        1.00
  4.25	     1290.00	       15.00	   597734.00	        1.00	     1304.00	        1.00
  4.26	     1307.00	       17.00	   597709.00	        1.00	     1323.00	        1.00
  4.27	     1328.00	       17.00	   597692.00	        1.00	     1344.00	        1.00
  4.28	     1346.00	       17.00	   597671.00	        1.00	     1362.00	        1.00
  4.29	     1377.00	       17.00	   597651.00	        1.00	     1393.00	        1.00
  4.30	     1399.00	       18.00	   597635.00	        1.00	     1415.00	        1.00
  4.31	     1426.00	       18.00	   597622.00	        1.00	     1442.00	        1.00
  4.32	     1445.00	       18.00	   597606.00	        1.00	     1461.00	        1.00
  4.33	     1461.00	       18.00	   597591.00	        1.00	     1477.00	        1.00
  4.34	     1482.00	       18.00	   597576.00	        1.00	     1498.00	        1.00
  4.35	     1503.00	       20.00	   597563.00	        1.00	     1521.00	        1.00
  4.36	     1527.00	       20.00	   597545.00	        1.00	     1545.00	        1.00
  4.37	     1545.00	       20.00	   597530.00	        1.00	     1563.00	        1.00
  4.38	     1570.00	       20.00	   597516.00	        1.00	     1588.00	        1.00
  4.39	     1606.00	       20.00	   597500.00	        1.00	     1624.00	        1.00
  4.40	     1459.00	      198.00	   597680.00	        1.00	     1656.00	        1.00
  4.41	     1484.00	      198.00	   597658.00	        1.00	     1681.00	        1.00
  4.42	     1506.00	      200.00	   597639.00	        1.00	     1705.00	        1.00
  4.43	     1531.00	      202.00	   597624.00	        1.00	     1732.00	        1.00
  4.44	     1552.00	      202.00	   597608.00	        1.00	     1753.00	        1.00
  4.45	     1571.00	      203.00	   597592.00	        1.00	     1773.00	        1.00
  4.46	     1591.00	      203.00	   597577.00	        1.00	     1793.00	        1.00
  4.47	     1614.00	      203.00	   597559.00	        1.00	     1816.00	        1.00
  4.48	     1644.00	      203.00	   597537.00	        1.00	     1846.00	        1.00
  4.49	     1680.00	      203.00	   597516.00	        1.00	     1882.00	        1.00
  4.50	     1698.00	      203.00	   597494.00	        1.00	     1900.00	        1.00
  4.51	     1716.00	      203.00	   597477.00	        1.00	     1918.00	        1.00
  4.52	     1747.00	      204.00	   597463.00	        1.00	     1950.00	        1.00
  4.53	     1779.00	      204.00	   597450.00	        1.00	     1982.00	        1.00
  4.54	     1804.00	      204.00	   597434.00	        1.00	     2007.00	        1.00
  4.55	     1832.00	      204.00	   597412.00	        1.00	     2035.00	        1.00
  4.56	     1862.00	      204.00	   597392.00	        1.00	     2065.00	        1.00
  4.57	     1894.00	      204.00	   597374.00	        1.00	     2097.00	        1.00
  4.58	     1932.00	      204.00	   597359.00	        1.00	     2135.00	        1.00
  4.59	     1968.00	      204.00	   597341.00	        1.00	     2171.00	        1.00
  4.60	     1999.00	      205.00	   597321.00	        1.00	     2203.00	        1.00
  4.61	     2036.00	      205.00	   597309.00	        1.00	     2240.00	        1.00
  4.62	     2060.00	      205.00	   597293.00	        1.00	     2264.00	        1.00
  4.63	     1912.00	      392.00	   597469.00	        1.00	     2304.00	        1.00
  4.64	     1779.00	      547.00	   597653.00	        1.00	     2327.00	        1.00
  4.65	     1668.00	      683.00	   597833.00	        1.00	     2353.00	        1.00
  4.66	     1693.00	      683.00	   597814.00	        1.00	     2378.00	        1.00
  4.67	     1595.00	      800.00	   597998.00	        1.00	     2398.00	        1.00
  4.68	     1611.00	      800.00	   597978.00	        1.00	     2414.00	        1.00
  4.69	     1640.00	      800.00	   597962.00	        1.00	     2443.00	        1.00
  4.70	     1669.00	      801.00	   597935.00	        1.00	     2473.00	        1.00
  4.71	     1701.00	      801.00	   597923.00	        1.00	     2505.00	        1.00
  4.72	     1738.00	      801.00	   597913.00	        1.00	     2542.00	        1.00
  4.73	     1761.00	      801.00	   597894.00	        1.00	     2565.00	        1.00
  4.74	     1784.00	      802.00	   597876.00	        1.00	     2589.00	        1.00
  4.75	     1825.00	      802.00	   597854.00	        1.00	     2630.00	        1.00
  4.76	     1858.00	      802.00	   597840.00	        1.00	     2663.00	        1.00
  4.77	     1883.00	      802.00	   597829.00	        1.00	     2688.00	        1.00
  4.78	     1906.00	      804.00	   597814.00	        1.00	     2713.00	        1.00
  4.79	     1836.00	      905.00	   597997.00	        1.00	     2745.00	        1.00
  4.80	     1858.00	      905.00	   597980.00	        1.00	     2767.00	        1.00
  4.81	     1889.00	      906.00	   597961.00	        1.00	     2799.00	        1.00
  4.82	     1913.00	      906.00	   597937.00	        1.00	     2823.00	        1.00
  4.83	     1939.00	      906.00	   597920.00	        1.00	     2849.00	        1.00
  4.84	     1973.00	      906.00	   597904.00	        1.00	     2883.00	        1.00
  4.85	     2014.00	      906.00	   597888.00	        1.00	     2924.00	        1.00
  4.86	     2050.00	      906.00	   597866.00	        1.00	     2960.00	        1.00
  4.87	     2070.00	      907.00	   597843.00	        1.00	     2981.00	        1.00
  4.88	     2112.00	      907.00	   597824.00	        1.00	     3023.00	        1.00
  4.89	     2150.00	      907.00	   597812.00	        1.00	     3061.00	        1.00
  4.90	     2186.00	      908.00	   597793.00	        1.00	     3098.00	        1.00
  4.91	     2100.00	     1031.00	   597971.00	        1.00	     3136.00	        1.00
  4.92	     2134.00	     1031.00	   597952.00	        1.00	     3170.00	        1.00
  4.93	     2171.00	     1032.00	   597931.00	        1.00	     3208.00	        1.00
  4.94	     2206.00	     1032.00	   597913.00	        1.00	     3243.00	        1.00
  4.95	     2048.00	     1215.00	   598294.00	        1.00	     3270.00	        1.00
  4.96	     1986.00	     1303.00	   598478.00	        1.00	     3297.00	        1.00
  4.97	     1935.00	     1392.00	   598651.00	        1.00	     3336.00	        1.00
  4.98	     1957.00	     1392.00	   598641.00	        1.00	     3358.00	        1.00
  4.99	     1988.00	     1393.00	   598619.00	        1.00	     3390.00	        1.00
  5.00	     1941.00	     1474.00	   598797.00	        1.00	     3425.00	        1.00
  5.01	     1980.00	     1474.00	   598776.00	        1.00	     3464.00	        1.00
  5.02	     2014.00	     1475.00	   598759.00	        1.00	     3499.00	        1.00
  5.03	     1851.00	     1665.00	   599330.00	        1.00	     3529.00	        1.00
  5.04	     1819.00	     1722.00	   599510.00	        1.00	     3555.00	        1.00
  5.05	     1740.00	     1849.00	   599890.00	        1.00	     3605.00	        1.00
  5.06	     1653.00	     1962.00	   600264.00	        1.00	     3633.00	        1.00
  5.07	     1675.00	     1965.00	   600254.00	        1.00	     3658.00	        1.00
  5.08	     1702.00	     1966.00	   600238.00	        1.00	     3686.00	        1.00
  5.09	     1677.00	     2010.00	   600426.00	        1.00	     3706.00	        1.00
  5.10	     1638.00	     2065.00	   600605.00	        1.00	     3723.00	        1.00
  5.11	     1518.00	     2209.00	   601184.00	        1.00	     3750.00	        1.00
  5.12	     1433.00	     2314.00	   601763.00	        1.00	     3773.00	        1.00
  5.13	     1314.00	     2460.00	   602546.00	        1.00	     3804.00	        1.00
  5.14	     1212.00	     2577.00	   603318.00	        1.00	     3823.00	        1.00
  5.15	     1113.00	     2690.00	   604097.00	        1.00	     3841.00	        1.00
  5.16	     1079.00	     2740.00	   604481.00	        1.00	     3859.00	        1.00
  5.17	     1018.00	     2808.00	   605046.00	        1.00	     3869.00	        1.00
  5.18	      998.00	     2849.00	   605419.00	        1.00	     3892.00	        1.00
  5.19	      947.00	     2914.00	   606193.00	        1.00	     3910.00	        1.00
  5.20	      929.00	     2944.00	   606560.00	        1.00	     3924.00	        1.00
  5.21	      880.00	     3012.00	   607338.00	        1.00	     3947.00	        1.00
  5.22	      897.00	     3012.00	   607319.00	        1.00	     3964.00	        1.00
  5.23	      861.00	     3058.00	   607897.00	        1.00	     3977.00	        1.00
  5.24	      801.00	     3129.00	   608668.00	        1.00	     3992.00	        1.00
  5.25	      764.00	     3176.00	   609444.00	        1.00	     4006.00	        1.00
  5.26	      747.00	     3203.00	   609809.00	        1.00	     4018.00	        1.00
  5.27	      717.00	     3237.00	   610373.00	        1.00	     4025.00	        1.00
  5.28	      701.00	     3262.00	   610928.00	        1.00	     4037.00	        1.00
  5.29	      641.00	     3328.00	   611695.00	        1.00	     4047.00	        1.00
  5.30	      631.00	     3349.00	   612056.00	        1.00	     4060.00	        1.00
  5.31	      566.00	     3412.00	   613628.00	        1.00	     4066.00	        1.00
  5.32	      506.00	     3472.00	   615387.00	        1.00	     4075.00	        1.00
  5.33	      496.00	     3493.00	   615937.00	        1.00	     4089.00	        1.00
  5.34	      464.00	     3527.00	   616908.00	        1.00	     4096.00	        1.00
  5.35	      456.00	     3539.00	   617273.00	        1.00	     4102.00	        1.00
  5.36	      405.00	     3592.00	   618630.00	        1.00	     4111.00	        1.00
  5.37	      366.00	     3628.00	   619985.00	        1.00	     4115.00	        1.00
  5.38	      316.00	     3674.00	   621742.00	        1.00	     4120.00	        1.00
  5.39	      279.00	     3708.00	   623079.00	        1.00	     4124.00	        1.00
  5.40	      252.00	     3734.00	   624421.00	        1.00	     4130.00	        1.00
  5.41	      214.00	     3767.00	   626376.00	        1.00	     4135.00	        1.00
  5.42	      210.00	     3771.00	   626726.00	        1.00	     4137.00	        1.00
  5.43	      171.00	     3806.00	   628666.00	        1.00	     4143.00	        1.00
  5.44	      147.00	     3824.00	   630207.00	        1.00	     4145.00	        1.00
  5.45	      130.00	     3837.00	   631352.00	        1.00	     4147.00	        1.00
  5.46	      104.00	     3856.00	   633507.00	        1.00	     4151.00	        1.00
  5.47	       86.00	     3866.00	   635645.00	        1.00	     4154.00	        1.00
  5.48	       47.00	     3890.00	   638577.00	        1.00	     4154.00	        1.00
  5.49	       28.00	     3898.00	   640713.00	        1.00	     4154.00	        1.00
  5.50	       20.00	     3900.00	   642059.00	        1.00	     4155.00	        1.00
  5.51	       13.00	     3894.00	   644591.00	        1.00	     4155.00	        1.00
  5.52	        6.00	     3886.00	   647530.00	        1.00	     4155.00	        1.00
  5.53	        4.00	     3880.00	   649043.00	        1.00	     4155.00	        1.00
  5.54	        1.00	     3864.00	   652764.00	        1.00	     4155.00	        1.00
  5.55	        0.00	     3848.00	   656076.00	        0.00	     4155.00	        1.00
  5.56	        0.00	     3833.00	   659004.00	        0.00	     4155.00	        1.00
  5.57	        0.00	     3826.00	   660318.00	        0.00	     4155.00	        1.00
  5.58	        0.00	     3810.00	   663448.00	        0.00	     4155.00	        1.00
  5.59	        0.00	     3794.00	   666576.00	        0.00	     4155.00	        1.00
  5.60	        0.00	     3784.00	   668481.00	        0.00	     4155.00	        1.00
  5.61	        0.00	     3772.00	   670771.00	        0.00	     4155.00	        1.00
  5.62	        0.00	     3758.00	   673485.00	        0.00	     4155.00	        1.00
  5.63	        0.00	     3745.00	   675991.00	        0.00	     4155.00	        1.00
  5.64	        0.00	     3728.00	   679292.00	        0.00	     4155.00	        1.00
  5.65	        0.00	     3708.00	   683211.00	        0.00	     4155.00	        1.00
  5.66	        0.00	     3695.00	   685707.00	        0.00	     4155.00	        1.00
  5.67	        0.00	     3679.00	   688796.00	        0.00	     4155.00	        1.00
  5.68	        0.00	     3663.00	   691898.00	        0.00	     4155.00	        1.00
  5.69	        0.00	     3637.00	   696983.00	        0.00	     4155.00	        1.00
  5.70	        0.00	     3615.00	   701257.00	        0.00	     4155.00	        1.00
  5.71	        0.00	     3600.00	   704151.00	        0.00	     4155.00	        1.00
  5.72	        0.00	     3587.00	   706632.00	        0.00	     4155.00	        1.00
  5.73	        0.00	     3566.00	   710716.00	        0.00	     4155.00	        1.00
  5.74	        0.00	     3547.00	   714386.00	        0.00	     4155.00	        1.00
  5.75	        0.00	     3526.00	   718468.00	        0.00	     4155.00	        1.00
  5.76	        0.00	     3504.00	   722740.00	        0.00	     4155.00	        1.00
  5.77	        0.00	     3484.00	   726606.00	        0.00	     4155.00	        1.00
  5.78	        0.00	     3464.00	   730473.00	        0.00	     4155.00	        1.00
  5.79	        0.00	     3443.00	   734523.00	        0.00	     4155.00	        1.00
  5.80	        0.00	     3415.00	   739980.00	        0.00	     4155.00	        1.00
  5.81	        0.00	     3390.00	   744848.00	        0.00	     4155.00	        1.00
  5.82	        0.00	     3364.00	   749890.00	        0.00	     4155.00	        1.00
  5.83	        0.00	     3341.00	   754343.00	        0.00	     4155.00	        1.00
  5.84	        0.00	     3314.00	   759599.00	        0.00	     4155.00	        1.00
  5.85	        0.00	     3283.00	   765628.00	        0.00	     4155.00	        1.00
  5.86	        0.00	     3255.00	   771063.00	        0.00	     4155.00	        1.00
  5.87	        0.00	     3226.00	   776713.00	        0.00	     4155.00	        1.00
  5.88	        0.00	     3205.00	   780768.00	        0.00	     4155.00	        1.00
  5.89	        0.00	     3185.00	   784625.00	        0.00	     4155.00	        1.00
  5.90	        0.00	     3159.00	   789660.00	        0.00	     4155.00	        1.00
  5.91	        0.00	     3122.00	   796907.00	        0.00	     4155.00	        1.00
  5.92	        0.00	     3096.00	   801926.00	        0.00	     4155.00	        1.00
  5.93	        0.00	     3069.00	   807138.00	        0.00	     4155.00	        1.00
  5.94	        0.00	     3032.00	   814353.00	        0.00	     4155.00	        1.00
  5.95	        0.00	     3006.00	   819390.00	        0.00	     4155.00	        1.00
  5.96	        0.00	     2986.00	   823217.00	        0.00	     4155.00	        1.00
  5.97	        0.00	     2965.00	   827252.00	        0.00	     4155.00	        1.00
  5.98	        0.00	     2929.00	   834290.00	        0.00	     4155.00	        1.00
  5.99	        0.00	     2897.00	   840531.00	        0.00	     4155.00	        1.00
  6.00	        0.00	     2869.00	   845943.00	        0.00	     4155.00	        1.00
  6.01	        0.00	     2836.00	   852381.00	        0.00	     4155.00	        1.00
  6.02	        0.00	     2808.00	   857783.00	        0.00	     4155.00	        1.00
  6.03	        0.00	     2778.00	   863560.00	        0.00	     4155.00	        1.00
  6.04	        0.00	     2749.00	   869176.00	        0.00	     4155.00	        1.00
  6.05	        0.00	     2713.00	   876195.00	        0.00	     4155.00	        1.00
  6.06	        0.00	     2682.00	   882209.00	        0.00	     4155.00	        1.00
  6.07	        0.00	     2636.00	   891197.00	        0.00	     4155.00	        1.00
  6.08	        0.00	     2586.00	   901007.00	        0.00	     4155.00	        1.00
  6.09	        0.00	     2548.00	   908388.00	        0.00	     4155.00	        1.00
  6.10	        0.00	     2514.00	   914977.00	        0.00	     4155.00	        1.00
  6.11	        0.00	     2476.00	   922349.00	        0.00	     4155.00	        1.00
  6.12	        0.00	     2443.00	   928704.00	        0.00	     4155.00	        1.00
  6.13	        0.00	     2408.00	   935474.00	        0.00	     4155.00	        1.00
  6.14	        0.00	     2370.00	   942863.00	        0.00	     4155.00	        1.00
  6.15	        0.00	     2339.00	   948836.00	        0.00	     4155.00	        1.00
  6.16	        0.00	     2314.00	   953586.00	        0.00	     4155.00	        1.00
  6.17	        0.00	     2276.00	   960978.00	        0.00	     4155.00	        1.00
  6.18	        0.00	     2245.00	   966956.00	        0.00	     4155.00	        1.00
  6.19	        0.00	     2207.00	   974327.00	        0.00	     4155.00	        1.00
  6.20	        0.00	     2155.00	   984497.00	        0.00	     4155.00	        1.00
  6.21	        0.00	     2128.00	   989661.00	        0.00	     4155.00	        1.00
  6.22	        0.00	     2085.00	   998030.00	        0.00	     4155.00	        1.00
  6.23	        0.00	     2062.00	  1002398.00	        0.00	     4155.00	        1.00
  6.24	        0.00	     2024.00	  1009766.00	        0.00	     4155.00	        1.00
  6.25	        0.00	     1986.00	  1017133.00	        0.00	     4155.00	        1.00
  6.26	        0.00	     1942.00	  1025713.00	        0.00	     4155.00	        1.00
  6.27	        0.00	     1900.00	  1033856.00	        0.00	     4155.00	        1.00
  6.28	        0.00	     1867.00	  1040191.00	        0.00	     4155.00	        1.00
  6.29	        0.00	     1836.00	  1046138.00	        0.00	     4155.00	        1.00
  6.30	        0.00	     1795.00	  1054081.00	        0.00	     4155.00	        1.00
  6.31	        0.00	     1763.00	  1060235.00	        0.00	     4155.00	        1.00
  6.32	        0.00	     1727.00	  1067223.00	        0.00	     4155.00	        1.00
  6.33	        0.00	     1696.00	  1073164.00	        0.00	     4155.00	        1.00
  6.34	        0.00	     1653.00	  1081522.00	        0.00	     4155.00	        1.00
  6.35	        0.00	     1606.00	  1090663.00	        0.00	     4155.00	        1.00
  6.36	        0.00	     1576.00	  1096409.00	        0.00	     4155.00	        1.00
  6.37	        0.00	     1537.00	  1103955.00	        0.00	     4155.00	        1.00
  6.38	        0.00	     1503.00	  1110491.00	        0.00	     4155.00	        1.00
  6.39	        0.00	     1465.00	  1117860.00	        0.00	     4155.00	        1.00
  6.40	        0.00	     1431.00	  1124450.00	        0.00	     4155.00	        1.00
  6.41	        0.00	     1394.00	  1131623.00	        0.00	     4155.00	        1.00
  6.42	        0.00	     1359.00	  1138393.00	        0.00	     4155.00	        1.00
  6.43	        0.00	     1323.00	  1145368.00	        0.00	     4155.00	        1.00
  6.44	        0.00	     1282.00	  1153323.00	        0.00	     4155.00	        1.00
  6.45	        0.00	     1246.00	  1160294.00	        0.00	     4155.00	        1.00
  6.46	        0.00	     1221.00	  1165062.00	        0.00	     4155.00	        1.00
  6.47	        0.00	     1191.00	  1170832.00	        0.00	     4155.00	        1.00
  6.48	        0.00	     1159.00	  1177005.00	        0.00	     4155.00	        1.00
  6.49	        0.00	     1128.00	  1182978.00	        0.00	     4155.00	        1.00
  6.50	        0.00	     1103.00	  1187756.00	        0.00	     4155.00	        1.00
  6.51	        0.00	     1070.00	  1194138.00	        0.00	     4155.00	        1.00
  6.52	        0.00	     1043.00	  1199331.00	        0.00	     4155.00	        1.00
  6.53	        0.00	     1015.00	  1204731.00	        0.00	     4155.00	        1.00
  6.54	        0.00	      988.00	  1209944.00	        0.00	     4155.00	        1.00
  6.55	        0.00	      967.00	  1213945.00	        0.00	     4155.00	        1.00
  6.56	        0.00	      942.00	  1218767.00	        0.00	     4155.00	        1.00
  6.57	        0.00	      920.00	  1222967.00	        0.00	     4155.00	        1.00
  6.58	        0.00	      888.00	  1229155.00	        0.00	     4155.00	        1.00
  6.59	        0.00	      860.00	  1234553.00	        0.00	     4155.00	        1.00
  6.60	        0.00	      841.00	  1238167.00	        0.00	     4155.00	        1.00
  6.61	        0.00	      824.00	  1241395.00	        0.00	     4155.00	        1.00
  6.62	        0.00	      800.00	  1246016.00	        0.00	     4155.00	        1.00
  6.63	        0.00	      780.00	  1249831.00	        0.00	     4155.00	        1.00
  6.64	        0.00	      761.00	  1253440.00	        0.00	     4155.00	        1.00
  6.65	        0.00	      740.00	  1257485.00	        0.00	     4155.00	        1.00
  6.66	        0.00	      726.00	  1260107.00	        0.00	     4155.00	        1.00
  6.67	        0.00	      704.00	  1264340.00	        0.00	     4155.00	        1.00
  6.68	        0.00	      684.00	  1268158.00	        0.00	     4155.00	        1.00
  6.69	        0.00	      665.00	  1271796.00	        0.00	     4155.00	        1.00
  6.70	        0.00	      643.00	  1276036.00	        0.00	     4155.00	        1.00
  6.71	        0.00	      627.00	  1279069.00	        0.00	     4155.00	        1.00
  6.72	        0.00	      607.00	  1282895.00	        0.00	     4155.00	        1.00
  6.73	        0.00	      590.00	  1286154.00	        0.00	     4155.00	        1.00
  6.74	        0.00	      572.00	  1289615.00	        0.00	     4155.00	        1.00
  6.75	        0.00	      557.00	  1292479.00	        0.00	     4155.00	        1.00
  6.76	        0.00	      540.00	  1295728.00	        0.00	     4155.00	        1.00
  6.77	        0.00	      527.00	  1298160.00	        0.00	     4155.00	        1.00
  6.78	        0.00	      513.00	  1300806.00	        0.00	     4155.00	        1.00
  6.79	        0.00	      500.00	  1303269.00	        0.00	     4155.00	        1.00
  6.80	        0.00	      484.00	  1306329.00	        0.00	     4155.00	        1.00
  6.81	        0.00	      465.00	  1309977.00	        0.00	     4155.00	        1.00
  6.82	        0.00	      450.00	  1312821.00	        0.00	     4155.00	        1.00
  6.83	        0.00	      430.00	  1316674.00	        0.00	     4155.00	        1.00
  6.84	        0.00	      415.00	  1319546.00	        0.00	     4155.00	        1.00
  6.85	        0.00	      400.00	  1322412.00	        0.00	     4155.00	        1.00
  6.86	        0.00	      382.00	  1325891.00	        0.00	     4155.00	        1.00
  6.87	        0.00	      372.00	  1327762.00	        0.00	     4155.00	        1.00
  6.88	        0.00	      354.00	  1331249.00	        0.00	     4155.00	        1.00
  6.89	        0.00	      347.00	  1332530.00	        0.00	     4155.00	        1.00
  6.90	        0.00	      334.00	  1335009.00	        0.00	     4155.00	        1.00
  6.91	        0.00	      325.00	  1336693.00	        0.00	     4155.00	        1.00
  6.92	        0.00	      315.00	  1338590.00	        0.00	     4155.00	        1.00
  6.93	        0.00	      308.00	  1339874.00	        0.00	     4155.00	        1.00
  6.94	        0.00	      298.00	  1341758.00	        0.00	     4155.00	        1.00
  6.95	        0.00	      291.00	  1343047.00	        0.00	     4155.00	        1.00
  6.96	        0.00	      280.00	  1345150.00	        0.00	     4155.00	        1.00
  6.97	        0.00	      271.00	  1346844.00	        0.00	     4155.00	        1.00
  6.98	        0.00	      263.00	  1348321.00	        0.00	     4155.00	        1.00
  6.99	        0.00	      254.00	  1350041.00	        0.00	     4155.00	        1.00
  7.00	        0.00	      243.00	  1352153.00	        0.00	     4155.00	        1.00
  7.01	        0.00	      236.00	  1353453.00	        0.00	     4155.00	        1.00
  7.02	        0.00	      231.00	  1354359.00	        0.00	     4155.00	        1.00
  7.03	        0.00	      219.00	  1356662.00	        0.00	     4155.00	        1.00
  7.04	        0.00	      207.00	  1358957.00	        0.00	     4155.00	        1.00
  7.05	        0.00	      197.00	  1360860.00	        0.00	     4155.00	        1.00
  7.06	        0.00	      190.00	  1362160.00	        0.00	     4155.00	        1.00
  7.07	        0.00	      186.00	  1362874.00	        0.00	     4155.00	        1.00
  7.08	        0.00	      176.00	  1364798.00	        0.00	     4155.00	        1.00
  7.09	        0.00	      168.00	  1366319.00	        0.00	     4155.00	        1.00
  7.10	        0.00	      164.00	  1367028.00	        0.00	     4155.00	        1.00
  7.11	        0.00	      157.00	  1368342.00	        0.00	     4155.00	        1.00
  7.12	        0.00	      148.00	  1370066.00	        0.00	     4155.00	        1.00
  7.13	        0.00	      143.00	  1370996.00	        0.00	     4155.00	        1.00
  7.14	        0.00	      138.00	  1371921.00	        0.00	     4155.00	        1.00
  7.15	        0.00	      131.00	  1373227.00	        0.00	     4155.00	        1.00
  7.16	        0.00	      123.00	  1374737.00	        0.00	     4155.00	        1.00
  7.17	        0.00	      116.00	  1376058.00	        0.00	     4155.00	        1.00
  7.18	        0.00	      113.00	  1376587.00	        0.00	     4155.00	        1.00
  7.19	        0.00	      110.00	  1377116.00	        0.00	     4155.00	        1.00
  7.20	        0.00	      100.00	  1379042.00	        0.00	     4155.00	        1.00
  7.21	        0.00	       95.00	  1379988.00	        0.00	     4155.00	        1.00
  7.22	        0.00	       92.00	  1380521.00	        0.00	     4155.00	        1.00
  7.23	        0.00	       92.00	  1380451.00	        0.00	     4155.00	        1.00
  7.24	        0.00	       86.00	  1381563.00	        0.00	     4155.00	        1.00
  7.25	        0.00	       84.00	  1381891.00	        0.00	     4155.00	        1.00
  7.26	        0.00	       79.00	  1382822.00	        0.00	     4155.00	        1.00
  7.27	        0.00	       76.00	  1383352.00	        0.00	     4155.00	        1.00
  7.28	        0.00	       74.00	  1383684.00	        0.00	     4155.00	        1.00
  7.29	        0.00	       70.00	  1384416.00	        0.00	     4155.00	        1.00
  7.30	        0.00	       67.00	  1384945.00	        0.00	     4155.00	        1.00
  7.31	        0.00	       65.00	  1385268.00	        0.00	     4155.00	        1.00
  7.32	        0.00	       60.00	  1386205.00	        0.00	     4155.00	        1.00
  7.33	        0.00	       60.00	  1386140.00	        0.00	     4155.00	        1.00
  7.34	        0.00	       59.00	  1386275.00	        0.00	     4155.00	        1.00
  7.35	        0.00	       53.00	  1387407.00	        0.00	     4155.00	        1.00
  7.36	        0.00	       52.00	  1387523.00	        0.00	     4155.00	        1.00
  7.37	        0.00	       50.00	  1387862.00	        0.00	     4155.00	        1.00
  7.38	        0.00	       47.00	  1388415.00	        0.00	     4155.00	        1.00
  7.39	        0.00	       47.00	  1388353.00	        0.00	     4155.00	        1.00
  7.40	        0.00	       45.00	  1388692.00	        0.00	     4155.00	        1.00
  7.41	        0.00	       44.00	  1388828.00	        0.00	     4155.00	        1.00
  7.42	        0.00	       39.00	  1389774.00	        0.00	     4155.00	        1.00
  7.43	        0.00	       36.00	  1390320.00	        0.00	     4155.00	        1.00
  7.44	        0.00	       35.00	  1390469.00	        0.00	     4155.00	        1.00
  7.45	        0.00	       34.00	  1390609.00	        0.00	     4155.00	        1.00
  7.46	        0.00	       32.00	  1390963.00	        0.00	     4155.00	        1.00
  7.47	        0.00	       32.00	  1390901.00	        0.00	     4155.00	        1.00
  7.48	        0.00	       31.00	  1391047.00	        0.00	     4155.00	        1.00
  7.49	        0.00	       30.00	  1391204.00	        0.00	     4155.00	        1.00
  7.50	        0.00	       28.00	  1391553.00	        0.00	     4155.00	        1.00
  7.51	        0.00	       25.00	  1392094.00	        0.00	     4155.00	        1.00
  7.52	        0.00	       23.00	  1392437.00	        0.00	     4155.00	        1.00
  7.53	        0.00	       23.00	  1392390.00	        0.00	     4155.00	        1.00
  7.54	        0.00	       21.00	  1392732.00	        0.00	     4155.00	        1.00
  7.55	        0.00	       21.00	  1392680.00	        0.00	     4155.00	        1.00
  7.56	        0.00	       19.00	  1393020.00	        0.00	     4155.00	        1.00
  7.57	        0.00	       19.00	  1392964.00	        0.00	     4155.00	        1.00
  7.58	        0.00	       18.00	  1393112.00	        0.00	     4155.00	        1.00
  7.59	        0.00	       17.00	  1393266.00	        0.00	     4155.00	        1.00
  7.60	        0.00	       16.00	  1393412.00	        0.00	     4155.00	        1.00
  7.61	        0.00	       16.00	  1393352.00	        0.00	     4155.00	        1.00
  7.62	        0.00	       16.00	  1393301.00	        0.00	     4155.00	        1.00
  7.63	        0.00	       16.00	  1393252.00	        0.00	     4155.00	        1.00
  7.64	        0.00	       16.00	  1393198.00	        0.00	     4155.00	        1.00
  7.65	        0.00	       16.00	  1393148.00	        0.00	     4155.00	        1.00
  7.66	        0.00	       16.00	  1393106.00	        0.00	     4155.00	        1.00
  7.67	        0.00	       14.00	  1393451.00	        0.00	     4155.00	        1.00
  7.68	        0.00	       14.00	  1393397.00	        0.00	     4155.00	        1.00
  7.69	        0.00	       12.00	  1393741.00	        0.00	     4155.00	        1.00
  7.70	        0.00	       12.00	  1393688.00	        0.00	     4155.00	        1.00
  7.71	        0.00	       12.00	  1393646.00	        0.00	     4155.00	        1.00
  7.72	        0.00	       12.00	  1393592.00	        0.00	     4155.00	        1.00
  7.73	        0.00	       12.00	  1393549.00	        0.00	     4155.00	        1.00
  7.74	        0.00	       12.00	  1393495.00	        0.00	     4155.00	        1.00
  7.75	        0.00	       12.00	  1393440.00	        0.00	     4155.00	        1.00
  7.76	        0.00	       12.00	  1393398.00	        0.00	     4155.00	        1.00
  7.77	        0.00	       11.00	  1393543.00	        0.00	     4155.00	        1.00
  7.78	        0.00	       11.00	  1393490.00	        0.00	     4155.00	        1.00
  7.79	        0.00	       11.00	  1393442.00	        0.00	     4155.00	        1.00
  7.80	        0.00	       11.00	  1393408.00	        0.00	     4155.00	        1.00
  7.81	        0.00	       11.00	  1393356.00	        0.00	     4155.00	        1.00
  7.82	        0.00	       10.00	  1393502.00	        0.00	     4155.00	        1.00
  7.83	        0.00	        9.00	  1393669.00	        0.00	     4155.00	        1.00
  7.84	        0.00	        9.00	  1393622.00	        0.00	     4155.00	        1.00
  7.85	        0.00	        8.00	  1393762.00	        0.00	     4155.00	        1.00
  7.86	        0.00	        7.00	  1393915.00	        0.00	     4155.00	        1.00
  7.87	        0.00	        7.00	  1393866.00	        0.00	     4155.00	        1.00
  7.88	        0.00	        7.00	  1393810.00	        0.00	     4155.00	        1.00
  7.89	        0.00	        7.00	  1393755.00	        0.00	     4155.00	        1.00
  7.90	        0.00	        6.00	  1393916.00	        0.00	     4155.00	        1.00
  7.91	        0.00	        6.00	  1393866.00	        0.00	     4155.00	        1.00
  7.92	        0.00	        4.00	  1394217.00	        0.00	     4155.00	        1.00
  7.93	        0.00	        4.00	  1394170.00	        0.00	     4155.00	        1.00
  7.94	        0.00	        4.00	  1394129.00	        0.00	     4155.00	        1.00
  7.95	        0.00	        4.00	  1394087.00	        0.00	     4155.00	        1.00
  7.96	        0.00	        4.00	  1394042.00	        0.00	     4155.00	        1.00
  7.97	        0.00	        4.00	  1393986.00	        0.00	     4155.00	        1.00
  7.98	        0.00	        3.00	  1394135.00	        0.00	     4155.00	        1.00
  7.99	        0.00	        3.00	  1394081.00	        0.00	     4155.00	        1.00
  8.00	        0.00	        3.00	  1394043.00	        0.00	     4155.00	        1.00
  8.01	        0.00	        3.00	  1393999.00	        0.00	     4155.00	        1.00
  8.02	        0.00	        3.00	  1393961.00	        0.00	     4155.00	        1.00
  8.03	        0.00	        3.00	  1393927.00	        0.00	     4155.00	        1.00
  8.04	        0.00	        3.00	  1393880.00	        0.00	     4155.00	        1.00
  8.05	        0.00	        3.00	  1393837.00	        0.00	     4155.00	        1.00
  8.06	        0.00	        2.00	  1394002.00	        0.00	     4155.00	        1.00
  8.07	        0.00	        2.00	  1393962.00	        0.00	     4155.00	        1.00
  8.08	        0.00	        2.00	  1393918.00	        0.00	     4155.00	        1.00
  8.09	        0.00	        2.00	  1393855.00	        0.00	     4155.00	        1.00
  8.10	        0.00	        2.00	  1393810.00	        0.00	     4155.00	        1.00
  8.11	        0.00	        2.00	  1393760.00	        0.00	     4155.00	        1.00
  8.12	        0.00	        2.00	  1393712.00	        0.00	     4155.00	        1.00
  8.13	        0.00	        2.00	  1393675.00	        0.00	     4155.00	        1.00
  8.14	        0.00	        2.00	  1393640.00	        0.00	     4155.00	        1.00
  8.15	        0.00	        2.00	  1393597.00	        0.00	     4155.00	        1.00
  8.16	        0.00	        2.00	  1393547.00	        0.00	     4155.00	        1.00
  8.17	        0.00	        2.00	  1393501.00	        0.00	     4155.00	        1.00
  8.18	        0.00	        2.00	  1393452.00	        0.00	     4155.00	        1.00
  8.19	        0.00	        2.00	  1393409.00	        0.00	     4155.00	        1.00
  8.20	        0.00	        1.00	  1393563.00	        0.00	     4155.00	        1.00
  8.21	        0.00	        1.00	  1393523.00	        0.00	     4155.00	        1.00
  8.22	        0.00	        0.00	  1393676.00	        0.00	     4155.00	        0.00
