Datatype: PopulationSize
  0.00	        1.00	        0.00	        0.00	        1.00	        0.00	        1.00
  0.01	        1.00	        0.00	        0.00	        1.00	        0.00	        1.00
  0.02	        1.00	        0.00	        0.00	        1.00	        0.00	        1.00
  0.03	        1.00	        0.00	        0.00	        1.00	        0.00	        1.00
  0.04	        1.00	        0.00	        0.00	        1.00	        0.00	        1.00
  0.05	        1.00	        0.00	        0.00	        1.00	        0.00	        1.00
  0.06	        1.00	        0.00	        0.00	        1.00	        0.00	        1.00
  0.07	        1.00	        0.00	        0.00	        1.00	        0.00	        1.00
  0.08	        1.00	        0.00	        0.00	        1.00	        0.00	        1.00
  0.09	        1.00	        0.00	        0.00	        1.00	        0.00	        1.00
  0.10	        1.00	        0.00	        0.00	        1.00	        0.00	        1.00
  0.11	        1.00	        0.00	        0.00	        1.00	        0.00	        1.00
  0.12	        1.00	        0.00	        0.00	        1.00	        0.00	        1.00
  0.13	        1.00	        0.00	        0.00	        1.00	        0.00	        1.00
  0.14	        1.00	        0.00	        0.00	        1.00	        0.00	        1.00
  0.15	        1.00	        0.00	        0.00	        1.00	        0.00	        1.00
  0.16	        1.00	        0.00	        0.00	        1.00	        0.00	        1.00
  0.17	        1.00	        0.00	        0.00	        1.00	        0.00	        1.00
  0.18	        1.00	        0.00	        0.00	        1.00	        0.00	        1.00
  0.19	        1.00	        0.00	        0.00	        1.00	        0.00	        1.00
  0.20	        1.00	        0.00	        0.00	        1.00	        0.00	        1.00
  0.21	        1.00	        0.00	        0.00	        1.00	        0.00	        1.00
  0.22	        1.00	        0.00	        0.00	        1.00	        0.00	        1.00
  0.23	        1.00	        0.00	        0.00	        1.00	        0.00	        1.00
  0.24	        1.00	        0.00	        0.00	        1.00	        0.00	        1.00
  0.25	        1.00	        0.00	        0.00	        1.00	        0.00	        1.00
  0.26	        1.00	        0.00	        0.00	        1.00	        0.00	        1.00
  0.27	        1.00	        0.00	        0.00	        1.00	        0.00	        1.00
  0.28	        1.00	        0.00	        0.00	        1.00	        0.00	        1.00
  0.29	        1.00	        0.00	        0.00	        1.00	        0.00	        1.00
  0.30	        1.00	        0.00	        0.00	        1.00	        0.00	        1.00
  0.31	        1.00	        0.00	        0.00	        1.00	        0.00	        1.00
  0.32	        1.00	        0.00	        0.00	        1.00	        0.00	        1.00
  0.33	        1.00	        0.00	        0.00	        1.00	        0.00	        1.00
  0.34	        1.00	        0.00	        0.00	        1.00	        0.00	        1.00
  0.35	        1.00	        0.00	        0.00	        1.00	        0.00	        1.00
  0.36	        1.00	        0.00	        0.00	        1.00	        0.00	        1.00
  0.37	        1.00	        0.00	        0.00	        1.00	        0.00	        1.00
  0.38	        1.00	        0.00	        0.00	        1.00	        0.00	        1.00
  0.39	        1.00	        0.00	        0.00	        1.00	        0.00	        1.00
  0.40	        1.00	        0.00	        0.00	        1.00	        0.00	        1.00
  0.41	        1.00	        0.00	        0.00	        1.00	        0.00	        1.00
  0.42	        1.00	        0.00	        0.00	        1.00	        0.00	        1.00
  0.43	        1.00	        0.00	        0.00	        1.00	        0.00	        1.00
  0.44	        1.00	        0.00	        0.00	        1.00	        0.00	        1.00
  0.45	        1.00	        0.00	        0.00	        1.00	        0.00	        1.00
  0.46	        1.00	        0.00	        0.00	        1.00	        0.00	        1.00
  0.47	        1.00	        0.00	        0.00	        1.00	        0.00	        1.00
  0.48	        1.00	        0.00	        0.00	        1.00	        0.00	        1.00
  0.49	        1.00	        0.00	        0.00	        1.00	        0.00	        1.00
  0.50	        1.00	        0.00	        0.00	        1.00	        0.00	        1.00
  0.51	        1.00	        0.00	        0.00	        1.00	        0.00	        1.00
  0.52	        1.00	        0.00	        0.00	        1.00	        0.00	        1.00
  0.53	        1.00	        0.00	        0.00	        1.00	        0.00	        1.00
  0.54	        1.00	        0.00	        0.00	        1.00	        0.00	        1.00
  0.55	        1.00	        0.00	        0.00	        1.00	        0.00	        1.00
  0.56	        1.00	        0.00	        0.00	        1.00	        0.00	        1.00
  0.57	        1.00	        0.00	        0.00	        1.00	        0.00	        1.00
  0.58	        1.00	        0.00	        0.00	        1.00	        0.00	        1.00
  0.59	        1.00	        0.00	        0.00	        1.00	        0.00	        1.00
  0.60	        1.00	        0.00	        0.00	        1.00	        0.00	        1.00
  0.61	        1.00	        0.00	        0.00	        1.00	        0.00	        1.00
  0.62	        1.00	        0.00	        0.00	        1.00	        0.00	        1.00
  0.63	        1.00	        0.00	        0.00	        1.00	        0.00	        1.00
  0.64	        1.00	        0.00	        0.00	        1.00	        0.00	        1.00
  0.65	        1.00	        0.00	        0.00	        1.00	        0.00	        1.00
  0.66	        1.00	        0.00	        0.00	        1.00	        0.00	        1.00
  0.67	        1.00	        0.00	        0.00	        1.00	        0.00	        1.00
  0.68	        1.00	        0.00	        0.00	        1.00	        0.00	        1.00
  0.69	        1.00	        0.00	        0.00	        1.00	        0.00	        1.00
  0.70	        1.00	        0.00	        0.00	        1.00	        0.00	        1.00
  0.71	        1.00	        0.00	        0.00	        1.00	        0.00	        1.00
  0.72	        1.00	        0.00	        0.00	        1.00	        0.00	        1.00
  0.73	        1.00	        0.00	        0.00	        1.00	        0.00	        1.00
  0.74	        1.00	        0.00	        0.00	        1.00	        0.00	        1.00
  0.75	        1.00	        0.00	        0.00	        1.00	        0.00	        1.00
  0.76	        1.00	        0.00	        0.00	        1.00	        0.00	        1.00
  0.77	        1.00	        0.00	        0.00	        1.00	        0.00	        1.00
  0.78	        1.00	        0.00	        0.00	        1.00	        0.00	        1.00
  0.79	        1.00	        0.00	        0.00	        1.00	        0.00	        1.00
  0.80	        1.00	        0.00	        0.00	        1.00	        0.00	        1.00
  0.81	        1.00	        0.00	        0.00	        1.00	        0.00	        1.00
  0.82	        1.00	        0.00	        0.00	        1.00	        0.00	        1.00
  0.83	        1.00	        0.00	        0.00	        1.00	        0.00	        1.00
  0.84	        1.00	        0.00	        0.00	        1.00	        0.00	        1.00
  0.85	        1.00	        0.00	        0.00	        1.00	        0.00	        1.00
  0.86	        1.00	        0.00	        0.00	        1.00	        0.00	        1.00
  0.87	        1.00	        0.00	        0.00	        1.00	        0.00	        1.00
  0.88	        1.00	        0.00	        0.00	        1.00	        0.00	        1.00
  0.89	        1.00	        0.00	        0.00	        1.00	        0.00	        1.00
  0.90	        1.00	        0.00	        0.00	        1.00	        0.00	        1.00
  0.91	        1.00	        0.00	        0.00	        1.00	        0.00	        1.00
  0.92	        1.00	        0.00	        0.00	        1.00	        0.00	        1.00
  0.93	        1.00	        0.00	        0.00	        1.00	        0.00	        1.00
  0.94	        1.00	        0.00	        0.00	        1.00	        0.00	        1.00
  0.95	        1.00	        0.00	        0.00	        1.00	        0.00	        1.00
  0.96	        1.00	        0.00	        0.00	        1.00	        0.00	        1.00
  0.97	        1.00	        0.00	        0.00	        1.00	        0.00	        1.00
  0.98	        1.00	        0.00	        0.00	        1.00	        0.00	        1.00
  0.99	        1.00	        0.00	        0.00	        1.00	        0.00	        1.00
  1.00	        1.00	        0.00	   600000.00	        1.00	        0.00	        1.00
  1.01	        1.00	        0.00	   599977.00	        1.00	        0.00	        1.00
  1.02	        1.00	        0.00	   599952.00	        1.00	        0.00	        1.00
  1.03	        1.00	        0.00	   599943.00	        1.00	        0.00	        1.00
  1.04	        1.00	        0.00	   599931.00	        1.00	        0.00	        1.00
  1.05	        1.00	        0.00	   599907.00	        1.00	        0.00	        1.00
  1.06	        1.00	        0.00	   599898.00	        1.00	        0.00	        1.00
  1.07	        1.00	        0.00	   599878.00	        1.00	        0.00	        1.00
  1.08	        1.00	        0.00	   599864.00	        1.00	        0.00	        1.00
  1.09	        1.00	        0.00	   599840.00	        1.00	        0.00	        1.00
  1.10	        1.00	        0.00	   599822.00	        1.00	        0.00	        1.00
  1.11	        1.00	        0.00	   599801.00	        1.00	        0.00	        1.00
  1.12	        1.00	        0.00	   599785.00	        1.00	        0.00	        1.00
  1.13	        1.00	        0.00	   599764.00	        1.00	        0.00	        1.00
  1.14	        1.00	        0.00	   599749.00	        1.00	        0.00	        1.00
  1.15	        1.00	        0.00	   599733.00	        1.00	        0.00	        1.00
  1.16	        1.00	        0.00	   599716.00	        1.00	        0.00	        1.00
  1.17	        1.00	        0.00	   599699.00	        1.00	        0.00	        1.00
  1.18	        1.00	        0.00	   599679.00	        1.00	        0.00	        1.00
  1.19	        1.00	        0.00	   599657.00	        1.00	        0.00	        1.00
  1.20	        2.00	        0.00	   599637.00	        1.00	        1.00	        1.00
  1.21	        2.00	        0.00	   599617.00	        1.00	        1.00	        1.00
  1.22	        2.00	        0.00	   599608.00	        1.00	        1.00	        1.00
  1.23	        2.00	        0.00	   599588.00	        1.00	        1.00	        1.00
  1.24	        2.00	        0.00	   599567.00	        1.00	        1.00	        1.00
  1.25	        2.00	        0.00	   599548.00	        1.00	        1.00	        1.00
  1.26	        2.00	        0.00	   599535.00	        1.00	        1.00	        1.00
  1.27	        2.00	        0.00	   599512.00	        1.00	        1.00	        1.00
  1.28	        2.00	        0.00	   599488.00	        1.00	        1.00	        1.00
  1.29	        2.00	        0.00	   599472.00	        1.00	        1.00	        1.00
  1.30	        2.00	        0.00	   599451.00	        1.00	        1.00	        1.00
  1.31	        2.00	        0.00	   599437.00	        1.00	        1.00	        1.00
  1.32	        2.00	        0.00	   599428.00	        1.00	        1.00	        1.00
  1.33	        2.00	        0.00	   599414.00	        1.00	        1.00	        1.00
  1.34	        2.00	        0.00	   599404.00	        1.00	        1.00	        1.00
  1.35	        2.00	        0.00	   599380.00	        1.00	        1.00	        1.00
  1.36	        2.00	        0.00	   599363.00	        1.00	        1.00	        1.00
  1.37	        2.00	        0.00	   599342.00	        1.00	        1.00	        1.00
  1.38	        2.00	        0.00	   599322.00	        1.00	        1.00	        1.00
  1.39	        2.00	        0.00	   599298.00	        1.00	        1.00	        1.00
  1.40	        2.00	        0.00	   599283.00	        1.00	        1.00	        1.00
  1.41	        2.00	        0.00	   599269.00	        1.00	        1.00	        1.00
  1.42	        2.00	        0.00	   599263.00	        1.00	        1.00	        1.00
  1.43	        2.00	        0.00	   599248.00	        1.00	        1.00	        1.00
  1.44	        2.00	        0.00	   599234.00	        1.00	        1.00	        1.00
  1.45	        2.00	        0.00	   599217.00	        1.00	        1.00	        1.00
  1.46	        2.00	        0.00	   599198.00	        1.00	        1.00	        1.00
  1.47	        2.00	        0.00	   599179.00	        1.00	        1.00	        1.00
  1.48	        2.00	        0.00	   599162.00	        1.00	        1.00	        1.00
  1.49	        2.00	        0.00	   599141.00	        1.00	        1.00	        1.00
  1.50	        2.00	        0.00	   599106.00	        1.00	        1.00	        1.00
  1.51	        2.00	        0.00	   599089.00	        1.00	        1.00	        1.00
  1.52	        2.00	        0.00	   599072.00	        1.00	        1.00	        1.00
  1.53	        2.00	        0.00	   599057.00	        1.00	        1.00	        1.00
  1.54	        2.00	        0.00	   599034.00	        1.00	        1.00	        1.00
  1.55	        2.00	        0.00	   599012.00	        1.00	        1.00	        1.00
  1.56	        2.00	        0.00	   598996.00	        1.00	        1.00	        1.00
  1.57	        3.00	        0.00	   598981.00	        1.00	        2.00	        1.00
  1.58	        3.00	        0.00	   598963.00	        1.00	        2.00	        1.00
  1.59	        3.00	        0.00	   598947.00	        1.00	        2.00	        1.00
  1.60	        3.00	        0.00	   598928.00	        1.00	        2.00	        1.00
  1.61	        3.00	        0.00	   598908.00	        1.00	        2.00	        1.00
  1.62	        3.00	        0.00	   598889.00	        1.00	        2.00	        1.00
  1.63	        3.00	        0.00	   598872.00	        1.00	        2.00	        1.00
  1.64	        3.00	        0.00	   598854.00	        1.00	        2.00	        1.00
  1.65	        3.00	        0.00	   598841.00	        1.00	        2.00	        1.00
  1.66	        3.00	        0.00	   598825.00	        1.00	        2.00	        1.00
  1.67	        3.00	        0.00	   598808.00	        1.00	        2.00	        1.00
  1.68	        3.00	        0.00	   598789.00	        1.00	        2.00	        1.00
  1.69	        3.00	        0.00	   598771.00	        1.00	        2.00	        1.00
  1.70	        3.00	        0.00	   598753.00	        1.00	        2.00	        1.00
  1.71	        3.00	        0.00	   598733.00	        1.00	        2.00	        1.00
  1.72	        5.00	        0.00	   598720.00	        1.00	        4.00	        1.00
  1.73	        5.00	        0.00	   598699.00	        1.00	        4.00	        1.00
  1.74	        5.00	        0.00	   598685.00	        1.00	        4.00	        1.00
  1.75	        5.00	        0.00	   598663.00	        1.00	        4.00	        1.00
  1.76	        5.00	        0.00	   598644.00	        1.00	        4.00	        1.00
  1.77	        6.00	        0.00	   598622.00	        1.00	        5.00	        1.00
  1.78	        6.00	        0.00	   598604.00	        1.00	        5.00	        1.00
  1.79	        5.00	        1.00	   598586.00	        1.00	        5.00	        1.00
  1.80	        5.00	        1.00	   598569.00	        1.00	        5.00	        1.00
  1.81	        6.00	        1.00	   598547.00	        1.00	        6.00	        1.00
  1.82	        6.00	        1.00	   598525.00	        1.00	        6.00	        1.00
  1.83	        6.00	        1.00	   598505.00	        1.00	        6.00	        1.00
  1.84	        6.00	        1.00	   598484.00	        1.00	        6.00	        1.00
  1.85	        6.00	        1.00	   598469.00	        1.00	        6.00	        1.00
  1.86	        7.00	        1.00	   598449.00	        1.00	        7.00	        1.00
  1.87	        7.00	        1.00	   598430.00	        1.00	        7.00	        1.00
  1.88	        7.00	        1.00	   598409.00	        1.00	        7.00	        1.00
  1.89	        7.00	        1.00	   598388.00	        1.00	        7.00	        1.00
  1.90	        7.00	        1.00	   598369.00	        1.00	        7.00	        1.00
  1.91	        7.00	        1.00	   598347.00	        1.00	        7.00	        1.00
  1.92	        7.00	        1.00	   598329.00	        1.00	        7.00	        1.00
  1.93	        7.00	        1.00	   598314.00	        1.00	        7.00	        1.00
  1.94	        7.00	        1.00	   598300.00	        1.00	        7.00	        1.00
  1.95	        7.00	        1.00	   598279.00	        1.00	        7.00	        1.00
  1.96	        6.00	        2.00	   598257.00	        1.00	        7.00	        1.00
  1.97	        6.00	        2.00	   598243.00	        1.00	        7.00	        1.00
  1.98	        6.00	        2.00	   598228.00	        1.00	        7.00	        1.00
  1.99	        6.00	        2.00	   598208.00	        1.00	        7.00	        1.00
  2.00	        6.00	        2.00	   598187.00	        1.00	        7.00	        1.00
  2.01	        6.00	        2.00	   598167.00	        1.00	        7.00	        1.00
  2.02	        6.00	        2.00	   598151.00	        1.00	        7.00	        1.00
  2.03	        6.00	        2.00	   598130.00	        1.00	        7.00	        1.00
  2.04	        6.00	        2.00	   598107.00	        1.00	        7.00	        1.00
  2.05	        6.00	        2.00	   598097.00	        1.00	        7.00	        1.00
  2.06	        6.00	        2.00	   598079.00	        1.00	        7.00	        1.00
  2.07	        6.00	        2.00	   598061.00	        1.00	        7.00	        1.00
  2.08	        6.00	        2.00	   598042.00	        1.00	        7.00	        1.00
  2.09	        5.00	        3.00	   598021.00	        1.00	        7.00	        1.00
  2.10	        5.00	        3.00	   598001.00	        1.00	        7.00	        1.00
  2.11	        5.00	        3.00	   597987.00	        1.00	        7.00	        1.00
  2.12	        4.00	        4.00	   597969.00	        1.00	        7.00	        1.00
  2.13	        3.00	        5.00	   597946.00	        1.00	        7.00	        1.00
  2.14	        3.00	        5.00	   597922.00	        1.00	        7.00	        1.00
  2.15	        3.00	        5.00	   597906.00	        1.00	        7.00	        1.00
  2.16	        3.00	        5.00	   597882.00	        1.00	        7.00	        1.00
  2.17	        3.00	        5.00	   597866.00	        1.00	        7.00	        1.00
  2.18	        2.00	        6.00	   597848.00	        1.00	        7.00	        1.00
  2.19	        2.00	        6.00	   597830.00	        1.00	        7.00	        1.00
  2.20	        2.00	        6.00	   597810.00	        1.00	        7.00	        1.00
  2.21	        2.00	        6.00	   597787.00	        1.00	        7.00	        1.00
  2.22	        2.00	        6.00	   597766.00	        1.00	        7.00	        1.00
  2.23	        2.00	        6.00	   597753.00	        1.00	        7.00	        1.00
  2.24	        2.00	        6.00	   597737.00	        1.00	        7.00	        1.00
  2.25	        2.00	        6.00	   597724.00	        1.00	        7.00	        1.00
  2.26	        2.00	        6.00	   597703.00	        1.00	        7.00	        1.00
  2.27	        2.00	        6.00	   597689.00	        1.00	        7.00	        1.00
  2.28	        2.00	        6.00	   597671.00	        1.00	        7.00	        1.00
  2.29	        2.00	        6.00	   597650.00	        1.00	        7.00	        1.00
  2.30	        2.00	        6.00	   597632.00	        1.00	        7.00	        1.00
  2.31	        2.00	        6.00	   597610.00	        1.00	        7.00	        1.00
  2.32	        2.00	        6.00	   597589.00	        1.00	        7.00	        1.00
  2.33	        2.00	        6.00	   597572.00	        1.00	        7.00	        1.00
  2.34	        3.00	        6.00	   597554.00	        1.00	        8.00	        1.00
  2.35	        3.00	        6.00	   597537.00	        1.00	        8.00	        1.00
  2.36	        3.00	        6.00	   597520.00	        1.00	        8.00	        1.00
  2.37	        3.00	        6.00	   597503.00	        1.00	        8.00	        1.00
  2.38	        3.00	        6.00	   597481.00	        1.00	        8.00	        1.00
  2.39	        3.00	        6.00	   597458.00	        1.00	        8.00	        1.00
  2.40	        3.00	        6.00	   597441.00	        1.00	        8.00	        1.00
  2.41	        3.00	        6.00	   597419.00	        1.00	        8.00	        1.00
  2.42	        3.00	        6.00	   597397.00	        1.00	        8.00	        1.00
  2.43	        3.00	        6.00	   597380.00	        1.00	        8.00	        1.00
  2.44	        3.00	        6.00	   597358.00	        1.00	        8.00	        1.00
  2.45	        3.00	        6.00	   597345.00	        1.00	        8.00	        1.00
  2.46	        3.00	        6.00	   597323.00	        1.00	        8.00	        1.00
  2.47	        3.00	        6.00	   597303.00	        1.00	        8.00	        1.00
  2.48	        3.00	        6.00	   597290.00	        1.00	        8.00	        1.00
  2.49	        3.00	        6.00	   597269.00	        1.00	        8.00	        1.00
  2.50	        3.00	        6.00	   597246.00	        1.00	        8.00	        1.00
  2.51	        3.00	        6.00	   597228.00	        1.00	        8.00	        1.00
  2.52	        3.00	        6.00	   597213.00	        1.00	        8.00	        1.00
  2.53	        3.00	        6.00	   597200.00	        1.00	        8.00	        1.00
  2.54	        3.00	        6.00	   597187.00	        1.00	        8.00	        1.00
  2.55	        2.00	        7.00	   597169.00	        1.00	        8.00	        1.00
  2.56	        2.00	        7.00	   597155.00	        1.00	        8.00	        1.00
  2.57	        2.00	        7.00	   597136.00	        1.00	        8.00	        1.00
  2.58	        2.00	        7.00	   597126.00	        1.00	        8.00	        1.00
  2.59	        1.00	        8.00	   597105.00	        1.00	        8.00	        1.00
  2.60	        1.00	        8.00	   597081.00	        1.00	        8.00	        1.00
  2.61	        1.00	        8.00	   597057.00	        1.00	        8.00	        1.00
  2.62	        1.00	        8.00	   597040.00	        1.00	        8.00	        1.00
  2.63	        1.00	        8.00	   597021.00	        1.00	        8.00	        1.00
  2.64	        1.00	        8.00	   597006.00	        1.00	        8.00	        1.00
  2.65	        1.00	        8.00	   596988.00	        1.00	        8.00	        1.00
  2.66	        1.00	        8.00	   596980.00	        1.00	        8.00	        1.00
  2.67	        1.00	        8.00	   596962.00	        1.00	        8.00	        1.00
  2.68	        1.00	        8.00	   596950.00	        1.00	        8.00	        1.00
  2.69	        1.00	        8.00	   596928.00	        1.00	        8.00	        1.00
  2.70	        1.00	        8.00	   596907.00	        1.00	        8.00	        1.00
  2.71	        1.00	        8.00	   596892.00	        1.00	        8.00	        1.00
  2.72	        1.00	        8.00	   596872.00	        1.00	        8.00	        1.00
  2.73	        1.00	        8.00	   596860.00	        1.00	        8.00	        1.00
  2.74	        1.00	        8.00	   596835.00	        1.00	        8.00	        1.00
  2.75	        1.00	        8.00	   596814.00	        1.00	        8.00	        1.00
  2.76	        1.00	        8.00	   596800.00	        1.00	        8.00	        1.00
  2.77	        1.00	        8.00	   596777.00	        1.00	        8.00	        1.00
  2.78	        1.00	        8.00	   596753.00	        1.00	        8.00	        1.00
  2.79	        1.00	        8.00	   596732.00	        1.00	        8.00	        1.00
  2.80	        1.00	        8.00	   596715.00	        1.00	        8.00	        1.00
  2.81	        1.00	        8.00	   596690.00	        1.00	        8.00	        1.00
  2.82	        1.00	        8.00	   596672.00	        1.00	        8.00	        1.00
  2.83	        1.00	        8.00	   596658.00	        1.00	        8.00	        1.00
  2.84	        1.00	        8.00	   596645.00	        1.00	        8.00	        1.00
  2.85	        1.00	        8.00	   596625.00	        1.00	        8.00	        1.00
  2.86	        1.00	        8.00	   596609.00	        1.00	        8.00	        1.00
  2.87	        1.00	        8.00	   596588.00	        1.00	        8.00	        1.00
  2.88	        1.00	        7.00	   596971.00	        1.00	        8.00	        1.00
  2.89	        1.00	        7.00	   596960.00	        1.00	        8.00	        1.00
  2.90	        1.00	        7.00	   596938.00	        1.00	        8.00	        1.00
  2.91	        1.00	        7.00	   596926.00	        1.00	        8.00	        1.00
  2.92	        1.00	        7.00	   596901.00	        1.00	        8.00	        1.00
  2.93	        1.00	        7.00	   596873.00	        1.00	        8.00	        1.00
  2.94	        1.00	        7.00	   596853.00	        1.00	        8.00	        1.00
  2.95	        1.00	        7.00	   596829.00	        1.00	        8.00	        1.00
  2.96	        1.00	        7.00	   596815.00	        1.00	        8.00	        1.00
  2.97	        1.00	        7.00	   596800.00	        1.00	        8.00	        1.00
  2.98	        1.00	        6.00	   597181.00	        1.00	        8.00	        1.00
  2.99	        1.00	        6.00	   597161.00	        1.00	        8.00	        1.00
  3.00	        1.00	        5.00	   597539.00	        1.00	        8.00	        1.00
  3.01	        0.00	        6.00	   597522.00	        0.00	        8.00	        1.00
  3.02	        0.00	        6.00	   597509.00	        0.00	        8.00	        1.00
  3.03	        0.00	        6.00	   597487.00	        0.00	        8.00	        1.00
  3.04	        0.00	        5.00	   597871.00	        0.00	        8.00	        1.00
  3.05	        0.00	        5.00	   597842.00	        0.00	        8.00	        1.00
  3.06	        0.00	        5.00	   597825.00	        0.00	        8.00	        1.00
  3.07	        0.00	        5.00	   597810.00	        0.00	        8.00	        1.00
  3.08	        0.00	        5.00	   597782.00	        0.00	        8.00	        1.00
  3.09	        0.00	        5.00	   597760.00	        0.00	        8.00	        1.00
  3.10	        0.00	        5.00	   597740.00	        0.00	        8.00	        1.00
  3.11	        0.00	        5.00	   597719.00	        0.00	        8.00	        1.00
  3.12	        0.00	        5.00	   597704.00	        0.00	        8.00	        1.00
  3.13	        0.00	        5.00	   597691.00	        0.00	        8.00	        1.00
  3.14	        0.00	        5.00	   597677.00	        0.00	        8.00	        1.00
  3.15	        0.00	        5.00	   597657.00	        0.00	        8.00	        1.00
  3.16	        0.00	        5.00	   597639.00	        0.00	        8.00	        1.00
  3.17	        0.00	        5.00	   597621.00	        0.00	        8.00	        1.00
  3.18	        0.00	        5.00	   597598.00	        0.00	        8.00	        1.00
  3.19	        0.00	        5.00	   597582.00	        0.00	        8.00	        1.00
  3.20	        0.00	        5.00	   597560.00	        0.00	        8.00	        1.00
  3.21	        0.00	        5.00	   597543.00	        0.00	        8.00	        1.00
  3.22	        0.00	        5.00	   597524.00	        0.00	        8.00	        1.00
  3.23	        0.00	        5.00	   597506.00	        0.00	        8.00	        1.00
  3.24	        0.00	        5.00	   597497.00	        0.00	        8.00	        1.00
  3.25	        0.00	        5.00	   597475.00	        0.00	        8.00	        1.00
  3.26	        0.00	        5.00	   597457.00	        0.00	        8.00	        1.00
  3.27	        0.00	        5.00	   597444.00	        0.00	        8.00	        1.00
  3.28	        0.00	        5.00	   597428.00	        0.00	        8.00	        1.00
  3.29	        0.00	        5.00	   597402.00	        0.00	        8.00	        1.00
  3.30	        0.00	        5.00	   597378.00	        0.00	        8.00	        1.00
  3.31	        0.00	        5.00	   597360.00	        0.00	        8.00	        1.00
  3.32	        0.00	        5.00	   597333.00	        0.00	        8.00	        1.00
  3.33	        0.00	        5.00	   597314.00	        0.00	        8.00	        1.00
  3.34	        0.00	        5.00	   597300.00	        0.00	        8.00	        1.00
  3.35	        0.00	        5.00	   597281.00	        0.00	        8.00	        1.00
  3.36	        0.00	        5.00	   597265.00	        0.00	        8.00	        1.00
  3.37	        0.00	        5.00	   597247.00	        0.00	        8.00	        1.00
  3.38	        0.00	        5.00	   597226.00	        0.00	        8.00	        1.00
  3.39	        0.00	        5.00	   597209.00	        0.00	        8.00	        1.00
  3.40	        0.00	        5.00	   597184.00	        0.00	        8.00	        1.00
  3.41	        0.00	        5.00	   597169.00	        0.00	        8.00	        1.00
  3.42	        0.00	        5.00	   597147.00	        0.00	        8.00	        1.00
  3.43	        0.00	        5.00	   597132.00	        0.00	        8.00	        1.00
  3.44	        0.00	        5.00	   597112.00	        0.00	        8.00	        1.00
  3.45	        0.00	        5.00	   597080.00	        0.00	        8.00	        1.00
  3.46	        0.00	        5.00	   597066.00	        0.00	        8.00	        1.00
  3.47	        0.00	        5.00	   597050.00	        0.00	        8.00	        1.00
  3.48	        0.00	        5.00	   597032.00	        0.00	        8.00	        1.00
  3.49	        0.00	        5.00	   597013.00	        0.00	        8.00	        1.00
  3.50	        0.00	        5.00	   596991.00	        0.00	        8.00	        1.00
  3.51	        0.00	        5.00	   596979.00	        0.00	        8.00	        1.00
  3.52	        0.00	        5.00	   596960.00	        0.00	        8.00	        1.00
  3.53	        0.00	        5.00	   596940.00	        0.00	        8.00	        1.00
  3.54	        0.00	        5.00	   596919.00	        0.00	        8.00	        1.00
  3.55	        0.00	        5.00	   596899.00	        0.00	        8.00	        1.00
  3.56	        0.00	        5.00	   596886.00	        0.00	        8.00	        1.00
  3.57	        0.00	        5.00	   596873.00	        0.00	        8.00	        1.00
  3.58	        0.00	        5.00	   596855.00	        0.00	        8.00	        1.00
  3.59	        0.00	        5.00	   596834.00	        0.00	        8.00	        1.00
  3.60	        0.00	        5.00	   596811.00	        0.00	        8.00	        1.00
  3.61	        0.00	        5.00	   596794.00	        0.00	        8.00	        1.00
  3.62	        0.00	        5.00	   596779.00	        0.00	        8.00	        1.00
  3.63	        0.00	        4.00	   597155.00	        0.00	        8.00	        1.00
  3.64	        0.00	        4.00	   597135.00	        0.00	        8.00	        1.00
  3.65	        0.00	        4.00	   597123.00	        0.00	        8.00	        1.00
  3.66	        0.00	        4.00	   597108.00	        0.00	        8.00	        1.00
  3.67	        0.00	        4.00	   597093.00	        0.00	        8.00	        1.00
  3.68	        0.00	        3.00	   597476.00	        0.00	        8.00	        1.00
  3.69	        0.00	        3.00	   597458.00	        0.00	        8.00	        1.00
  3.70	        0.00	        3.00	   597436.00	        0.00	        8.00	        1.00
  3.71	        0.00	        3.00	   597413.00	        0.00	        8.00	        1.00
  3.72	        0.00	        3.00	   597387.00	        0.00	        8.00	        1.00
  3.73	        0.00	        3.00	   597376.00	        0.00	        8.00	        1.00
  3.74	        0.00	        3.00	   597357.00	        0.00	        8.00	        1.00
  3.75	        0.00	        3.00	   597339.00	        0.00	        8.00	        1.00
  3.76	        0.00	        3.00	   597319.00	        0.00	        8.00	        1.00
  3.77	        0.00	        3.00	   597302.00	        0.00	        8.00	        1.00
  3.78	        0.00	        3.00	   597280.00	        0.00	        8.00	        1.00
  3.79	        0.00	        2.00	   597657.00	        0.00	        8.00	        1.00
  3.80	        0.00	        2.00	   597635.00	        0.00	        8.00	        1.00
  3.81	        0.00	        2.00	   597619.00	        0.00	        8.00	        1.00
  3.82	        0.00	        2.00	   597612.00	        0.00	        8.00	        1.00
  3.83	        0.00	        2.00	   597592.00	        0.00	        8.00	        1.00
  3.84	        0.00	        2.00	   597576.00	        0.00	        8.00	        1.00
  3.85	        0.00	        2.00	   597559.00	        0.00	        8.00	        1.00
  3.86	        0.00	        2.00	   597538.00	        0.00	        8.00	        1.00
  3.87	        0.00	        2.00	   597516.00	        0.00	        8.00	        1.00
  3.88	        0.00	        2.00	   597496.00	        0.00	        8.00	        1.00
  3.89	        0.00	        2.00	   597480.00	        0.00	        8.00	        1.00
  3.90	        0.00	        2.00	   597464.00	        0.00	        8.00	        1.00
  3.91	        0.00	        2.00	   597451.00	        0.00	        8.00	        1.00
  3.92	        0.00	        2.00	   597429.00	        0.00	        8.00	        1.00
  3.93	        0.00	        2.00	   597403.00	        0.00	        8.00	        1.00
  3.94	        0.00	        2.00	   597387.00	        0.00	        8.00	        1.00
  3.95	        0.00	        2.00	   597366.00	        0.00	        8.00	        1.00
  3.96	        0.00	        2.00	   597345.00	        0.00	        8.00	        1.00
  3.97	        0.00	        2.00	   597330.00	        0.00	        8.00	        1.00
  3.98	        0.00	        2.00	   597312.00	        0.00	        8.00	        1.00
  3.99	        0.00	        2.00	   597296.00	        0.00	        8.00	        1.00
  4.00	        0.00	        2.00	   597274.00	        0.00	        8.00	        1.00
  4.01	        0.00	        1.00	   597656.00	        0.00	        8.00	        1.00
  4.02	        0.00	        1.00	   597630.00	        0.00	        8.00	        1.00
  4.03	        0.00	        1.00	   597613.00	        0.00	        8.00	        1.00
  4.04	        0.00	        1.00	   597596.00	        0.00	        8.00	        1.00
  4.05	        0.00	        1.00	   597582.00	        0.00	        8.00	        1.00
  4.06	        0.00	        1.00	   597567.00	        0.00	        8.00	        1.00
  4.07	        0.00	        1.00	   597546.00	        0.00	        8.00	        1.00
  4.08	        0.00	        1.00	   597532.00	        0.00	        8.00	        1.00
  4.09	        0.00	        1.00	   597510.00	        0.00	        8.00	        1.00
  4.10	        0.00	        1.00	   597493.00	        0.00	        8.00	        1.00
  4.11	        0.00	        1.00	   597471.00	        0.00	        8.00	        1.00
  4.12	        0.00	        1.00	   597444.00	        0.00	        8.00	        1.00
  4.13	        0.00	        1.00	   597429.00	        0.00	        8.00	        1.00
  4.14	        0.00	        1.00	   597411.00	        0.00	        8.00	        1.00
  4.15	        0.00	        1.00	   597391.00	        0.00	        8.00	        1.00
  4.16	        0.00	        1.00	   597374.00	        0.00	        8.00	        1.00
  4.17	        0.00	        1.00	   597350.00	        0.00	        8.00	        1.00
  4.18	        0.00	        1.00	   597336.00	        0.00	        8.00	        1.00
  4.19	        0.00	        1.00	   597316.00	        0.00	        8.00	        1.00
  4.20	        0.00	        1.00	   597298.00	        0.00	        8.00	        1.00
  4.21	        0.00	        1.00	   597283.00	        0.00	        8.00	        1.00
  4.22	        0.00	        1.00	   597267.00	        0.00	        8.00	        1.00
  4.23	        0.00	        1.00	   597252.00	        0.00	        8.00	        1.00
  4.24	        0.00	        1.00	   597236.00	        0.00	        8.00	        1.00
  4.25	        0.00	        1.00	   597218.00	        0.00	        8.00	        1.00
  4.26	        0.00	        1.00	   597201.00	        0.00	        8.00	        1.00
  4.27	        0.00	        1.00	   597189.00	        0.00	        8.00	        1.00
  4.28	        0.00	        1.00	   597178.00	        0.00	        8.00	        1.00
  4.29	        0.00	        1.00	   597168.00	        0.00	        8.00	        1.00
  4.30	        0.00	        1.00	   597151.00	        0.00	        8.00	        1.00
  4.31	        0.00	        1.00	   597136.00	        0.00	        8.00	        1.00
  4.32	        0.00	        1.00	   597113.00	        0.00	        8.00	        1.00
  4.33	        0.00	        1.00	   597099.00	        0.00	        8.00	        1.00
  4.34	        0.00	        1.00	   597075.00	        0.00	        8.00	        1.00
  4.35	        0.00	        1.00	   597055.00	        0.00	        8.00	        1.00
  4.36	        0.00	        1.00	   597035.00	        0.00	        8.00	        1.00
  4.37	        0.00	        1.00	   597015.00	        0.00	        8.00	        1.00
  4.38	        0.00	        1.00	   596998.00	        0.00	        8.00	        1.00
  4.39	        0.00	        1.00	   596985.00	        0.00	        8.00	        1.00
  4.40	        0.00	        1.00	   596963.00	        0.00	        8.00	        1.00
  4.41	        0.00	        1.00	   596946.00	        0.00	        8.00	        1.00
  4.42	        0.00	        1.00	   596926.00	        0.00	        8.00	        1.00
  4.43	        0.00	        1.00	   596909.00	        0.00	        8.00	        1.00
  4.44	        0.00	        1.00	   596896.00	        0.00	        8.00	        1.00
  4.45	        0.00	        1.00	   596876.00	        0.00	        8.00	        1.00
  4.46	        0.00	        1.00	   596860.00	        0.00	        8.00	        1.00
  4.47	        0.00	        1.00	   596841.00	        0.00	        8.00	        1.00
  4.48	        0.00	        0.00	   597226.00	        0.00	        8.00	        0.00
