Datatype: PopulationSize
  0.00	       32.00	        0.00	 10000000.00	        1.00	        0.00	       32.00
  0.01	       33.00	        0.00	  9989803.00	        1.00	        1.00	       32.00
  0.02	       33.00	        0.00	  9979667.00	        1.00	        1.00	       32.00
  0.03	       33.00	        0.00	  9969735.00	        1.00	        1.00	       32.00
  0.04	       34.00	        0.00	  9959857.00	        1.00	        2.00	       32.00
  0.05	       35.00	        0.00	  9949909.00	        1.00	        3.00	       32.00
  0.06	       36.00	        0.00	  9939994.00	        1.00	        4.00	       32.00
  0.07	       36.00	        0.00	  9929932.00	        1.00	        4.00	       32.00
  0.08	       36.00	        0.00	  9920039.00	        1.00	        4.00	       32.00
  0.09	       37.00	        0.00	  9909994.00	        1.00	        5.00	       32.00
  0.10	       39.00	        0.00	  9900152.00	        1.00	        7.00	       32.00
  0.11	       39.00	        0.00	  9890278.00	        1.00	        7.00	       32.00
  0.12	       39.00	        0.00	  9880320.00	        1.00	        7.00	       32.00
  0.13	       39.00	        0.00	  9870667.00	        1.00	        7.00	       32.00
  0.14	       39.00	        0.00	  9860905.00	        1.00	        7.00	       32.00
  0.15	       38.00	        0.00	  9851246.00	        1.00	        7.00	       32.00
  0.16	       38.00	        0.00	  9841575.00	        1.00	        7.00	       32.00
  0.17	       39.00	        0.00	  9831637.00	        1.00	        8.00	       32.00
  0.18	       39.00	        0.00	  9821840.00	        1.00	        8.00	       32.00
  0.19	       40.00	        0.00	  9812191.00	        1.00	        9.00	       32.00
  0.20	       40.00	        0.00	  9802429.00	        1.00	        9.00	       32.00
  0.21	       40.00	        0.00	  9792635.00	        1.00	        9.00	       32.00
  0.22	       40.00	        0.00	  9782909.00	        1.00	       10.00	       32.00
  0.23	       40.00	        0.00	  9773172.00	        1.00	       10.00	       32.00
  0.24	       42.00	        0.00	  9763356.00	        1.00	       12.00	       32.00
  0.25	       42.00	        0.00	  9753697.00	        1.00	       12.00	       32.00
  0.26	       42.00	        0.00	  9744085.00	        1.00	       12.00	       32.00
  0.27	       42.00	        0.00	  9734352.00	        1.00	       12.00	       32.00
  0.28	       44.00	        0.00	  9724562.00	        1.00	       14.00	       32.00
  0.29	       44.00	        0.00	  9714927.00	        1.00	       14.00	       32.00
  0.30	       46.00	        0.00	  9705305.00	        1.00	       16.00	       32.00
  0.31	       46.00	        0.00	  9695465.00	        1.00	       16.00	       32.00
  0.32	       47.00	        0.00	  9685658.00	        1.00	       17.00	       32.00
  0.33	       48.00	        0.00	  9676165.00	        1.00	       18.00	       32.00
  0.34	       50.00	        0.00	  9666286.00	        1.00	       20.00	       32.00
  0.35	       51.00	        0.00	  9656567.00	        1.00	       21.00	       32.00
  0.36	       52.00	        0.00	  9646869.00	        1.00	       22.00	       32.00
  0.37	       53.00	        0.00	  9637187.00	        1.00	       23.00	       32.00
  0.38	       55.00	        0.00	  9627515.00	        1.00	       25.00	       32.00
  0.39	       55.00	        0.00	  9617962.00	        1.00	       25.00	       32.00
  0.40	       56.00	        0.00	  9608395.00	        1.00	       26.00	       32.00
  0.41	       56.00	        0.00	  9598776.00	        1.00	       26.00	       32.00
  0.42	       57.00	        0.00	  9589225.00	        1.00	       27.00	       32.00
  0.43	       58.00	        0.00	  9579633.00	        1.00	       28.00	       32.00
  0.44	       61.00	        0.00	  9570130.00	        1.00	       31.00	       32.00
  0.45	       62.00	        0.00	  9560477.00	        1.00	       32.00	       32.00
  0.46	       62.00	        0.00	  9551077.00	        1.00	       32.00	       32.00
  0.47	       63.00	        0.00	  9541650.00	        1.00	       33.00	       32.00
  0.48	       66.00	        0.00	  9532021.00	        1.00	       36.00	       32.00
  0.49	       67.00	        0.00	  9522406.00	        1.00	       37.00	       32.00
  0.50	       70.00	        0.00	  9512872.00	        1.00	       40.00	       32.00
  0.51	       70.00	        0.00	  9503324.00	        1.00	       40.00	       32.00
  0.52	       71.00	        0.00	  9493828.00	        1.00	       41.00	       32.00
  0.53	       72.00	        0.00	  9484485.00	        1.00	       42.00	       32.00
  0.54	       73.00	        0.00	  9475027.00	        1.00	       43.00	       32.00
  0.55	       74.00	        0.00	  9465682.00	        1.00	       45.00	       32.00
  0.56	       77.00	        0.00	  9456332.00	        1.00	       48.00	       32.00
  0.57	       79.00	        0.00	  9446897.00	        1.00	       50.00	       32.00
  0.58	       80.00	        0.00	  9437383.00	        1.00	       51.00	       32.00
  0.59	       80.00	        0.00	  9427934.00	        1.00	       51.00	       32.00
  0.60	       84.00	        0.00	  9418316.00	        1.00	       55.00	       32.00
  0.61	       87.00	        0.00	  9408956.00	        1.00	       58.00	       32.00
  0.62	       88.00	        0.00	  9399526.00	        1.00	       59.00	       32.00
  0.63	       91.00	        0.00	  9390079.00	        1.00	       62.00	       32.00
  0.64	       91.00	        0.00	  9380650.00	        1.00	       62.00	       32.00
  0.65	       93.00	        0.00	  9371367.00	        1.00	       64.00	       32.00
  0.66	       95.00	        0.00	  9362173.00	        1.00	       66.00	       32.00
  0.67	       98.00	        0.00	  9352993.00	        1.00	       69.00	       32.00
  0.68	      100.00	        0.00	  9343763.00	        1.00	       71.00	       32.00
  0.69	      104.00	        0.00	  9334400.00	        1.00	       75.00	       32.00
  0.70	      108.00	        0.00	  9324925.00	        1.00	       79.00	       32.00
  0.71	      110.00	        0.00	  9315510.00	        1.00	       81.00	       32.00
  0.72	      112.00	        0.00	  9306221.00	        1.00	       83.00	       32.00
  0.73	      115.00	        0.00	  9296770.00	        1.00	       86.00	       32.00
  0.74	      116.00	        0.00	  9287425.00	        1.00	       87.00	       32.00
  0.75	      119.00	        0.00	  9278087.00	        1.00	       90.00	       32.00
  0.76	      120.00	        0.00	  9268658.00	        1.00	       91.00	       32.00
  0.77	      121.00	        0.00	  9259580.00	        1.00	       92.00	       32.00
  0.78	      124.00	        0.00	  9250259.00	        1.00	       95.00	       32.00
  0.79	      126.00	        0.00	  9240877.00	        1.00	       98.00	       32.00
  0.80	      127.00	        0.00	  9231633.00	        1.00	       99.00	       32.00
  0.81	      128.00	        0.00	  9222444.00	        1.00	      100.00	       32.00
  0.82	      133.00	        0.00	  9213269.00	        1.00	      105.00	       32.00
  0.83	      136.00	        0.00	  9204094.00	        1.00	      108.00	       32.00
  0.84	      139.00	        0.00	  9194856.00	        1.00	      111.00	       32.00
  0.85	      143.00	        0.00	  9185770.00	        1.00	      115.00	       32.00
  0.86	      145.00	        0.00	  9176706.00	        1.00	      117.00	       32.00
  0.87	      147.00	        0.00	  9167698.00	        1.00	      121.00	       32.00
  0.88	      147.00	        0.00	  9158420.00	        1.00	      121.00	       32.00
  0.89	      151.00	        0.00	  9149106.00	        1.00	      125.00	       32.00
  0.90	      153.00	        0.00	  9140096.00	        1.00	      127.00	       32.00
  0.91	      154.00	        0.00	  9130854.00	        1.00	      128.00	       32.00
  0.92	      156.00	        0.00	  9121731.00	        1.00	      130.00	       32.00
  0.93	      157.00	        0.00	  9112610.00	        1.00	      131.00	       32.00
  0.94	      159.00	        0.00	  9103537.00	        1.00	      133.00	       32.00
  0.95	      160.00	        0.00	  9094450.00	        1.00	      134.00	       32.00
  0.96	      162.00	        0.00	  9085288.00	        1.00	      137.00	       32.00
  0.97	      165.00	        0.00	  9076218.00	        1.00	      140.00	       32.00
  0.98	      166.00	        0.00	  9067240.00	        1.00	      141.00	       32.00
  0.99	      168.00	        0.00	  9058418.00	        1.00	      144.00	       32.00
  1.00	      172.00	        0.00	  9049446.00	        1.00	      148.00	       32.00
  1.01	      175.00	        0.00	  9040546.00	        1.00	      151.00	       32.00
  1.02	      178.00	        0.00	  9031523.00	        1.00	      154.00	       32.00
  1.03	      180.00	        0.00	  9022548.00	        1.00	      156.00	       32.00
  1.04	      181.00	        0.00	  9013581.00	        1.00	      157.00	       32.00
  1.05	      183.00	        0.00	  9004575.00	        1.00	      159.00	       32.00
  1.06	      183.00	        0.00	  8995770.00	        1.00	      160.00	       32.00
  1.07	      184.00	        0.00	  8986841.00	        1.00	      161.00	       32.00
  1.08	      184.00	        0.00	  8977807.00	        1.00	      161.00	       32.00
  1.09	      187.00	        0.00	  8968850.00	        1.00	      164.00	       32.00
  1.10	      189.00	        0.00	  8959875.00	        1.00	      166.00	       32.00
  1.11	      195.00	        0.00	  8950875.00	        1.00	      172.00	       32.00
  1.12	      199.00	        0.00	  8942177.00	        1.00	      176.00	       32.00
  1.13	      201.00	        0.00	  8933379.00	        1.00	      180.00	       32.00
  1.14	      202.00	        0.00	  8924353.00	        1.00	      181.00	       32.00
  1.15	      204.00	        0.00	  8915402.00	        1.00	      183.00	       32.00
  1.16	      206.00	        0.00	  8906426.00	        1.00	      185.00	       32.00
  1.17	      209.00	        0.00	  8897469.00	        1.00	      188.00	       32.00
  1.18	      212.00	        0.00	  8888408.00	        1.00	      191.00	       32.00
  1.19	      214.00	        0.00	  8879447.00	        1.00	      193.00	       32.00
  1.20	      217.00	        0.00	  8870587.00	        1.00	      196.00	       32.00
  1.21	      218.00	        0.00	  8861779.00	        1.00	      197.00	       32.00
  1.22	      219.00	        0.00	  8853088.00	        1.00	      198.00	       32.00
  1.23	      223.00	        0.00	  8844244.00	        1.00	      202.00	       32.00
  1.24	      226.00	        0.00	  8835286.00	        1.00	      205.00	       32.00
  1.25	      229.00	        0.00	  8826376.00	        1.00	      208.00	       32.00
  1.26	      231.00	        0.00	  8817596.00	        1.00	      211.00	       32.00
  1.27	      238.00	        0.00	  8808739.00	        1.00	      218.00	       32.00
  1.28	      241.00	        0.00	  8800079.00	        1.00	      222.00	       32.00
  1.29	      248.00	        0.00	  8791455.00	        1.00	      229.00	       32.00
  1.30	      254.00	        0.00	  8782782.00	        1.00	      235.00	       32.00
  1.31	      257.00	        0.00	  8774010.00	        1.00	      238.00	       32.00
  1.32	      257.00	        0.00	  8765523.00	        1.00	      240.00	       32.00
  1.33	      260.00	        0.00	  8756801.00	        1.00	      243.00	       32.00
  1.34	      263.00	        0.00	  8748122.00	        1.00	      246.00	       32.00
  1.35	      269.00	        0.00	  8739288.00	        1.00	      252.00	       32.00
  1.36	      276.00	        0.00	  8730487.00	        1.00	      260.00	       32.00
  1.37	      283.00	        0.00	  8721586.00	        1.00	      267.00	       32.00
  1.38	      289.00	        0.00	  8712938.00	        1.00	      274.00	       32.00
  1.39	      292.00	        0.00	  8704349.00	        1.00	      277.00	       32.00
  1.40	      297.00	        0.00	  8695762.00	        1.00	      282.00	       32.00
  1.41	      299.00	        0.00	  8687302.00	        1.00	      285.00	       32.00
  1.42	      304.00	        0.00	  8678576.00	        1.00	      290.00	       32.00
  1.43	      311.00	        0.00	  8669950.00	        1.00	      297.00	       32.00
  1.44	      315.00	        0.00	  8661300.00	        1.00	      301.00	       32.00
  1.45	      323.00	        0.00	  8652805.00	        1.00	      310.00	       32.00
  1.46	      328.00	        0.00	  8644047.00	        1.00	      315.00	       32.00
  1.47	      332.00	        0.00	  8635356.00	        1.00	      319.00	       32.00
  1.48	      332.00	        0.00	  8626834.00	        1.00	      321.00	       32.00
  1.49	      341.00	        0.00	  8618088.00	        1.00	      330.00	       32.00
  1.50	      343.00	        0.00	  8609361.00	        1.00	      332.00	       32.00
  1.51	      345.00	        0.00	  8600745.00	        1.00	      335.00	       32.00
  1.52	      355.00	        0.00	  8592192.00	        1.00	      345.00	       32.00
  1.53	      359.00	        0.00	  8583647.00	        1.00	      350.00	       32.00
  1.54	      364.00	        0.00	  8575262.00	        1.00	      356.00	       32.00
  1.55	      368.00	        0.00	  8566538.00	        1.00	      360.00	       32.00
  1.56	      374.00	        0.00	  8558067.00	        1.00	      366.00	       32.00
  1.57	      383.00	        0.00	  8549529.00	        1.00	      375.00	       32.00
  1.58	      390.00	        0.00	  8541008.00	        1.00	      382.00	       32.00
  1.59	      397.00	        0.00	  8532426.00	        1.00	      389.00	       32.00
  1.60	      402.00	        0.00	  8523915.00	        1.00	      394.00	       32.00
  1.61	      408.00	        0.00	  8515386.00	        1.00	      400.00	       32.00
  1.62	      417.00	        0.00	  8506817.00	        1.00	      409.00	       32.00
  1.63	      425.00	        0.00	  8498401.00	        1.00	      417.00	       32.00
  1.64	      434.00	        0.00	  8490004.00	        1.00	      426.00	       32.00
  1.65	      441.00	        0.00	  8481536.00	        1.00	      434.00	       32.00
  1.66	      445.00	        0.00	  8473035.00	        1.00	      438.00	       32.00
  1.67	      452.00	        0.00	  8464500.00	        1.00	      445.00	       32.00
  1.68	      460.00	        0.00	  8456145.00	        1.00	      454.00	       32.00
  1.69	      463.00	        0.00	  8448097.00	        1.00	      460.00	       32.00
  1.70	      468.00	        0.00	  8439674.00	        1.00	      465.00	       32.00
  1.71	      474.00	        0.00	  8431106.00	        1.00	      471.00	       32.00
  1.72	      482.00	        0.00	  8422691.00	        1.00	      479.00	       32.00
  1.73	      488.00	        0.00	  8414305.00	        1.00	      485.00	       32.00
  1.74	      497.00	        0.00	  8405947.00	        1.00	      494.00	       32.00
  1.75	      501.00	        0.00	  8397459.00	        1.00	      498.00	       32.00
  1.76	      509.00	        0.00	  8389238.00	        1.00	      506.00	       32.00
  1.77	      515.00	        0.00	  8380999.00	        1.00	      512.00	       32.00
  1.78	      525.00	        0.00	  8372902.00	        1.00	      523.00	       32.00
  1.79	      538.00	        0.00	  8364346.00	        1.00	      536.00	       32.00
  1.80	      551.00	        0.00	  8355785.00	        1.00	      549.00	       32.00
  1.81	      557.00	        0.00	  8347615.00	        1.00	      556.00	       32.00
  1.82	      567.00	        0.00	  8339522.00	        1.00	      568.00	       32.00
  1.83	      574.00	        0.00	  8331169.00	        1.00	      575.00	       32.00
  1.84	      583.00	        0.00	  8322851.00	        1.00	      584.00	       32.00
  1.85	      593.00	        0.00	  8314642.00	        1.00	      594.00	       32.00
  1.86	      610.00	        0.00	  8306219.00	        1.00	      611.00	       32.00
  1.87	      622.00	        0.00	  8297861.00	        1.00	      623.00	       32.00
  1.88	      634.00	        0.00	  8289766.00	        1.00	      636.00	       32.00
  1.89	      643.00	        0.00	  8281607.00	        1.00	      646.00	       32.00
  1.90	      648.00	        0.00	  8273427.00	        1.00	      651.00	       32.00
  1.91	      657.00	        0.00	  8265202.00	        1.00	      660.00	       32.00
  1.92	      670.00	        0.00	  8256930.00	        1.00	      674.00	       32.00
  1.93	      678.00	        0.00	  8248652.00	        1.00	      682.00	       32.00
  1.94	      690.00	        0.00	  8240459.00	        1.00	      694.00	       32.00
  1.95	      700.00	        0.00	  8232197.00	        1.00	      704.00	       32.00
  1.96	      710.00	        0.00	  8224188.00	        1.00	      714.00	       32.00
  1.97	      723.00	        0.00	  8215846.00	        1.00	      727.00	       32.00
  1.98	      734.00	        0.00	  8207785.00	        1.00	      738.00	       32.00
  1.99	      749.00	        0.00	  8199540.00	        1.00	      753.00	       32.00
  2.00	      761.00	        0.00	  8191444.00	        1.00	      766.00	       32.00
  2.01	      768.00	        0.00	  8183347.00	        1.00	      774.00	       32.00
  2.02	      776.00	        0.00	  8175269.00	        1.00	      783.00	       32.00
  2.03	      789.00	        0.00	  8166882.00	        1.00	      796.00	       32.00
  2.04	      809.00	        0.00	  8158515.00	        1.00	      816.00	       32.00
  2.05	      821.00	        0.00	  8150415.00	        1.00	      829.00	       32.00
  2.06	      836.00	        0.00	  8142279.00	        1.00	      845.00	       32.00
  2.07	      848.00	        0.00	  8134168.00	        1.00	      858.00	       32.00
  2.08	      864.00	        0.00	  8126081.00	        1.00	      875.00	       32.00
  2.09	      882.00	        0.00	  8118122.00	        1.00	      894.00	       32.00
  2.10	      897.00	        0.00	  8109956.00	        1.00	      909.00	       32.00
  2.11	      911.00	        0.00	  8101924.00	        1.00	      924.00	       32.00
  2.12	      925.00	        0.00	  8093851.00	        1.00	      939.00	       32.00
  2.13	      935.00	        0.00	  8085511.00	        1.00	      949.00	       32.00
  2.14	      942.00	        0.00	  8077594.00	        1.00	      957.00	       32.00
  2.15	      954.00	        0.00	  8069529.00	        1.00	      969.00	       32.00
  2.16	      970.00	        0.00	  8061569.00	        1.00	      986.00	       32.00
  2.17	      987.00	        0.00	  8053609.00	        1.00	     1003.00	       32.00
  2.18	     1005.00	        0.00	  8045404.00	        1.00	     1021.00	       32.00
  2.19	     1021.00	        0.00	  8037634.00	        1.00	     1040.00	       32.00
  2.20	     1033.00	        0.00	  8029494.00	        1.00	     1052.00	       32.00
  2.21	     1051.00	        0.00	  8021335.00	        1.00	     1070.00	       32.00
  2.22	     1066.00	        0.00	  8013409.00	        1.00	     1085.00	       32.00
  2.23	     1086.00	        0.00	  8005429.00	        1.00	     1106.00	       32.00
  2.24	     1102.00	        0.00	  7997534.00	        1.00	     1123.00	       32.00
  2.25	     1122.00	        0.00	  7989677.00	        1.00	     1144.00	       32.00
  2.26	     1140.00	        0.00	  7981757.00	        1.00	     1163.00	       32.00
  2.27	     1162.00	        0.00	  7973735.00	        1.00	     1186.00	       32.00
  2.28	     1181.00	        0.00	  7965736.00	        1.00	     1205.00	       32.00
  2.29	     1201.00	        0.00	  7957842.00	        1.00	     1226.00	       32.00
  2.30	     1217.00	        0.00	  7949953.00	        1.00	     1242.00	       32.00
  2.31	     1229.00	        0.00	  7942428.00	        1.00	     1259.00	       32.00
  2.32	     1248.00	        0.00	  7934607.00	        1.00	     1279.00	       32.00
  2.33	     1270.00	        0.00	  7926861.00	        1.00	     1302.00	       32.00
  2.34	     1291.00	        0.00	  7919007.00	        1.00	     1324.00	       32.00
  2.35	     1310.00	        0.00	  7911043.00	        1.00	     1343.00	       32.00
  2.36	     1335.00	        0.00	  7903360.00	        1.00	     1369.00	       32.00
  2.37	     1350.00	        0.00	  7895360.00	        1.00	     1384.00	       32.00
  2.38	     1379.00	        0.00	  7887457.00	        1.00	     1413.00	       32.00
  2.39	     1402.00	        0.00	  7879661.00	        1.00	     1438.00	       32.00
  2.40	     1421.00	        0.00	  7871829.00	        1.00	     1458.00	       32.00
  2.41	     1440.00	        0.00	  7864136.00	        1.00	     1479.00	       32.00
  2.42	     1465.00	        0.00	  7856163.00	        1.00	     1504.00	       32.00
  2.43	     1485.00	        0.00	  7848621.00	        1.00	     1526.00	       32.00
  2.44	     1510.00	        0.00	  7840972.00	        1.00	     1553.00	       32.00
  2.45	     1548.00	        0.00	  7833084.00	        1.00	     1591.00	       32.00
  2.46	     1587.00	        0.00	  7825209.00	        1.00	     1631.00	       32.00
  2.47	     1612.00	        0.00	  7817779.00	        1.00	     1659.00	       32.00
  2.48	     1642.00	        0.00	  7810074.00	        1.00	     1690.00	       32.00
  2.49	     1666.00	        0.00	  7802612.00	        1.00	     1717.00	       32.00
  2.50	     1694.00	        0.00	  7794799.00	        1.00	     1745.00	       32.00
  2.51	     1721.00	        0.00	  7787095.00	        1.00	     1773.00	       32.00
  2.52	     1743.00	        0.00	  7779387.00	        1.00	     1797.00	       32.00
  2.53	     1777.00	        0.00	  7771824.00	        1.00	     1833.00	       32.00
  2.54	     1796.00	        0.00	  7764266.00	        1.00	     1853.00	       32.00
  2.55	     1820.00	        0.00	  7756485.00	        1.00	     1877.00	       32.00
  2.56	     1849.00	        0.00	  7748988.00	        1.00	     1909.00	       32.00
  2.57	     1871.00	        0.00	  7741502.00	        1.00	     1934.00	       32.00
  2.58	     1901.00	        0.00	  7734037.00	        1.00	     1967.00	       32.00
  2.59	     1931.00	        0.00	  7726263.00	        1.00	     1997.00	       32.00
  2.60	     1969.00	        0.00	  7718892.00	        1.00	     2038.00	       32.00
  2.61	     1995.00	        0.00	  7711527.00	        1.00	     2067.00	       32.00
  2.62	     2019.00	        0.00	  7704094.00	        1.00	     2094.00	       32.00
  2.63	     2041.00	        0.00	  7696617.00	        1.00	     2118.00	       32.00
  2.64	     2082.00	        0.00	  7688941.00	        1.00	     2159.00	       32.00
  2.65	     2116.00	        0.00	  7681232.00	        1.00	     2194.00	       32.00
  2.66	     2143.00	        0.00	  7673783.00	        1.00	     2223.00	       32.00
  2.67	     2182.00	        0.00	  7666237.00	        1.00	     2264.00	       32.00
  2.68	     2212.00	        0.00	  7658597.00	        1.00	     2296.00	       32.00
  2.69	     2239.00	        0.00	  7651117.00	        1.00	     2325.00	       32.00
  2.70	     2270.00	        0.00	  7643555.00	        1.00	     2356.00	       32.00
  2.71	     2306.00	        0.00	  7636020.00	        1.00	     2393.00	       32.00
  2.72	     2342.00	        0.00	  7628452.00	        1.00	     2429.00	       32.00
  2.73	     2389.00	        0.00	  7620979.00	        1.00	     2478.00	       32.00
  2.74	     2427.00	        0.00	  7613566.00	        1.00	     2517.00	       32.00
  2.75	     2479.00	        0.00	  7606053.00	        1.00	     2569.00	       32.00
  2.76	     2521.00	        0.00	  7598316.00	        1.00	     2612.00	       32.00
  2.77	     2556.00	        0.00	  7590905.00	        1.00	     2649.00	       32.00
  2.78	     2609.00	        0.00	  7583585.00	        1.00	     2704.00	       32.00
  2.79	     2647.00	        0.00	  7576123.00	        1.00	     2744.00	       32.00
  2.80	     2691.00	        0.00	  7568773.00	        1.00	     2789.00	       32.00
  2.81	     2741.00	        0.00	  7561252.00	        1.00	     2840.00	       32.00
  2.82	     2772.00	        0.00	  7553837.00	        1.00	     2872.00	       32.00
  2.83	     2812.00	        0.00	  7546242.00	        1.00	     2912.00	       32.00
  2.84	     2836.00	        0.00	  7539164.00	        1.00	     2941.00	       32.00
  2.85	     2896.00	        0.00	  7531785.00	        1.00	     3002.00	       32.00
  2.86	     2933.00	        0.00	  7524477.00	        1.00	     3042.00	       32.00
  2.87	     2995.00	        0.00	  7517187.00	        1.00	     3107.00	       32.00
  2.88	     3046.00	        0.00	  7509847.00	        1.00	     3160.00	       32.00
  2.89	     3087.00	        0.00	  7502523.00	        1.00	     3203.00	       32.00
  2.90	     3137.00	        0.00	  7494998.00	        1.00	     3254.00	       32.00
  2.91	     3194.00	        0.00	  7487601.00	        1.00	     3312.00	       32.00
  2.92	     3240.00	        0.00	  7480082.00	        1.00	     3360.00	       32.00
  2.93	     3288.00	        0.00	  7473060.00	        1.00	     3412.00	       32.00
  2.94	     3352.00	        0.00	  7465847.00	        1.00	     3478.00	       32.00
  2.95	     3406.00	        0.00	  7458685.00	        1.00	     3535.00	       32.00
  2.96	     3465.00	        0.00	  7451191.00	        1.00	     3594.00	       32.00
  2.97	     3521.00	        0.00	  7444037.00	        1.00	     3653.00	       32.00
  2.98	     3574.00	        0.00	  7436900.00	        1.00	     3710.00	       32.00
  2.99	     3630.00	        0.00	  7429563.00	        1.00	     3767.00	       32.00
  3.00	     3683.00	        0.00	  7422246.00	        1.00	     3822.00	       32.00
  3.01	     3747.00	        0.00	  7415220.00	        1.00	     3888.00	       32.00
  3.02	     3808.00	        0.00	  7408299.00	        1.00	     3953.00	       32.00
  3.03	     3864.00	        0.00	  7401134.00	        1.00	     4011.00	       32.00
  3.04	     3930.00	        0.00	  7394358.00	        1.00	     4083.00	       32.00
  3.05	     3995.00	        0.00	  7387364.00	        1.00	     4151.00	       32.00
  3.06	     4060.00	        0.00	  7380459.00	        1.00	     4222.00	       32.00
  3.07	     4114.00	        0.00	  7373669.00	        1.00	     4282.00	       32.00
  3.08	     4198.00	        0.00	  7366885.00	        1.00	     4372.00	       32.00
  3.09	     4265.00	        0.00	  7359800.00	        1.00	     4442.00	       32.00
  3.10	     4346.00	        0.00	  7352903.00	        1.00	     4528.00	       32.00
  3.11	     4407.00	        0.00	  7345848.00	        1.00	     4593.00	       32.00
  3.12	     4465.00	        0.00	  7339089.00	        1.00	     4656.00	       32.00
  3.13	     4545.00	        0.00	  7331816.00	        1.00	     4736.00	       32.00
  3.14	     4596.00	        0.00	  7324866.00	        1.00	     4792.00	       32.00
  3.15	     4668.00	        0.00	  7317825.00	        1.00	     4867.00	       32.00
  3.16	     4741.00	        0.00	  7310719.00	        1.00	     4943.00	       32.00
  3.17	     4799.00	        0.00	  7303790.00	        1.00	     5006.00	       32.00
  3.18	     4880.00	        0.00	  7296900.00	        1.00	     5091.00	       32.00
  3.19	     4971.00	        0.00	  7289810.00	        1.00	     5184.00	       32.00
  3.20	     5058.00	        0.00	  7283003.00	        1.00	     5275.00	       32.00
  3.21	     5128.00	        0.00	  7276246.00	        1.00	     5351.00	       32.00
  3.22	     5189.00	        0.00	  7269420.00	        1.00	     5415.00	       32.00
  3.23	     5281.00	        0.00	  7262665.00	        1.00	     5511.00	       32.00
  3.24	     5366.00	        0.00	  7255844.00	        1.00	     5601.00	       32.00
  3.25	     5464.00	        0.00	  7248663.00	        1.00	     5699.00	       32.00
  3.26	     5542.00	        0.00	  7241493.00	        1.00	     5778.00	       32.00
  3.27	     5628.00	        0.00	  7234750.00	        1.00	     5870.00	       32.00
  3.28	     5727.00	        0.00	  7227598.00	        1.00	     5969.00	       32.00
  3.29	     5839.00	        0.00	  7220664.00	        1.00	     6085.00	       32.00
  3.30	     5951.00	        0.00	  7213913.00	        1.00	     6202.00	       32.00
  3.31	     6046.00	        0.00	  7207228.00	        1.00	     6303.00	       32.00
  3.32	     6147.00	        0.00	  7200584.00	        1.00	     6409.00	       32.00
  3.33	     6244.00	        0.00	  7193864.00	        1.00	     6511.00	       32.00
  3.34	     6353.00	        0.00	  7187274.00	        1.00	     6626.00	       32.00
  3.35	     6447.00	        0.00	  7181098.00	        1.00	     6730.00	       32.00
  3.36	     6545.00	        0.00	  7174206.00	        1.00	     6831.00	       32.00
  3.37	     6659.00	        0.00	  7167379.00	        1.00	     6948.00	       32.00
  3.38	     6783.00	        0.00	  7160875.00	        1.00	     7079.00	       32.00
  3.39	     6882.00	        0.00	  7153857.00	        1.00	     7180.00	       32.00
  3.40	     6985.00	        0.00	  7147263.00	        1.00	     7289.00	       32.00
  3.41	     7107.00	        0.00	  7140647.00	        1.00	     7415.00	       32.00
  3.42	     7204.00	        0.00	  7134113.00	        1.00	     7518.00	       32.00
  3.43	     7328.00	        0.00	  7127249.00	        1.00	     7646.00	       32.00
  3.44	     7455.00	        0.00	  7120688.00	        1.00	     7778.00	       32.00
  3.45	     7576.00	        0.00	  7113758.00	        1.00	     7901.00	       32.00
  3.46	     7695.00	        0.00	  7107154.00	        1.00	     8026.00	       32.00
  3.47	     7835.00	        0.00	  7100366.00	        1.00	     8169.00	       32.00
  3.48	     7966.00	        0.00	  7093690.00	        1.00	     8305.00	       32.00
  3.49	     8076.00	        0.00	  7087357.00	        1.00	     8422.00	       32.00
  3.50	     8205.00	        0.00	  7081323.00	        1.00	     8562.00	       32.00
  3.51	     8355.00	        0.00	  7074925.00	        1.00	     8718.00	       32.00
  3.52	     8498.00	        0.00	  7068519.00	        1.00	     8867.00	       32.00
  3.53	     8628.00	        0.00	  7061858.00	        1.00	     9000.00	       32.00
  3.54	     8774.00	        0.00	  7055368.00	        1.00	     9153.00	       32.00
  3.55	     8917.00	        0.00	  7048571.00	        1.00	     9299.00	       32.00
  3.56	     9056.00	        0.00	  7042015.00	        1.00	     9442.00	       32.00
  3.57	     9206.00	        0.00	  7035813.00	        1.00	     9599.00	       32.00
  3.58	     9369.00	        0.00	  7029855.00	        1.00	     9772.00	       32.00
  3.59	     9526.00	        0.00	  7023543.00	        1.00	     9935.00	       32.00
  3.60	     9660.00	        0.00	  7017457.00	        1.00	    10078.00	       32.00
  3.61	     9803.00	        0.00	  7011170.00	        1.00	    10229.00	       32.00
  3.62	     9959.00	        0.00	  7004682.00	        1.00	    10390.00	       32.00
  3.63	    10136.00	        0.00	  6998789.00	        1.00	    10578.00	       32.00
  3.64	    10310.00	        0.00	  6992864.00	        1.00	    10762.00	       32.00
  3.65	    10472.00	        0.00	  6986699.00	        1.00	    10932.00	       32.00
  3.66	    10623.00	        0.00	  6980658.00	        1.00	    11091.00	       32.00
  3.67	    10769.00	        0.00	  6974089.00	        1.00	    11240.00	       32.00
  3.68	    10930.00	        0.00	  6967557.00	        1.00	    11405.00	       32.00
  3.69	    11108.00	        0.00	  6961370.00	        1.00	    11591.00	       32.00
  3.70	    11288.00	        0.00	  6955189.00	        1.00	    11780.00	       32.00
  3.71	    11434.00	        0.00	  6949419.00	        1.00	    11938.00	       32.00
  3.72	    11607.00	        0.00	  6943133.00	        1.00	    12119.00	       32.00
  3.73	    11796.00	        0.00	  6937174.00	        1.00	    12318.00	       32.00
  3.74	    11968.00	        0.00	  6930938.00	        1.00	    12497.00	       32.00
  3.75	    12155.00	        0.00	  6924754.00	        1.00	    12692.00	       32.00
  3.76	    12350.00	        0.00	  6918493.00	        1.00	    12895.00	       32.00
  3.77	    12576.00	        0.00	  6912413.00	        1.00	    13129.00	       32.00
  3.78	    12812.00	        0.00	  6906597.00	        1.00	    13376.00	       32.00
  3.79	    13026.00	        0.00	  6900579.00	        1.00	    13598.00	       32.00
  3.80	    13243.00	        0.00	  6895016.00	        1.00	    13828.00	       32.00
  3.81	    13446.00	        0.00	  6889078.00	        1.00	    14040.00	       32.00
  3.82	    13687.00	        0.00	  6883118.00	        1.00	    14290.00	       32.00
  3.83	    13920.00	        0.00	  6876987.00	        1.00	    14531.00	       32.00
  3.84	    14127.00	        0.00	  6871526.00	        1.00	    14753.00	       32.00
  3.85	    14338.00	        0.00	  6865620.00	        1.00	    14975.00	       32.00
  3.86	    14604.00	        0.00	  6859529.00	        1.00	    15248.00	       32.00
  3.87	    14815.00	        0.00	  6853546.00	        1.00	    15468.00	       32.00
  3.88	    15063.00	        0.00	  6847598.00	        1.00	    15724.00	       32.00
  3.89	    15290.00	        0.00	  6842194.00	        1.00	    15967.00	       32.00
  3.90	    15544.00	        0.00	  6836866.00	        1.00	    16236.00	       32.00
  3.91	    15812.00	        0.00	  6830916.00	        1.00	    16514.00	       32.00
  3.92	    16073.00	        0.00	  6825676.00	        1.00	    16792.00	       32.00
  3.93	    16338.00	        0.00	  6819691.00	        1.00	    17065.00	       32.00
  3.94	    16616.00	        0.00	  6814529.00	        1.00	    17360.00	       32.00
  3.95	    16864.00	        0.00	  6808914.00	        1.00	    17619.00	       32.00
  3.96	    17125.00	        0.00	  6802713.00	        1.00	    17887.00	       32.00
  3.97	    17423.00	        0.00	  6797290.00	        1.00	    18200.00	       32.00
  3.98	    17694.00	        0.00	  6792006.00	        1.00	    18486.00	       32.00
  3.99	    17979.00	        0.00	  6786568.00	        1.00	    18786.00	       32.00
  4.00	    18271.00	        0.00	  6781201.00	        1.00	    19092.00	       32.00
  4.01	    18554.00	        0.00	  6776083.00	        1.00	    19391.00	       32.00
  4.02	    18859.00	        0.00	  6770415.00	        1.00	    19706.00	       32.00
  4.03	    19164.00	        0.00	  6764437.00	        1.00	    20018.00	       32.00
  4.04	    19436.00	        0.00	  6759383.00	        1.00	    20307.00	       32.00
  4.05	    19747.00	        0.00	  6754216.00	        1.00	    20633.00	       32.00
  4.06	    20039.00	        0.00	  6749308.00	        1.00	    20944.00	       32.00
  4.07	    20339.00	        0.00	  6743774.00	        1.00	    21257.00	       32.00
  4.08	    20677.00	        0.00	  6738608.00	        1.00	    21611.00	       32.00
  4.09	    21018.00	        0.00	  6733898.00	        1.00	    21972.00	       32.00
  4.10	    21365.00	        0.00	  6728112.00	        1.00	    22328.00	       32.00
  4.11	    21673.00	        0.00	  6723006.00	        1.00	    22653.00	       32.00
  4.12	    21999.00	        0.00	  6718077.00	        1.00	    22998.00	       32.00
  4.13	    22378.00	        0.00	  6712859.00	        1.00	    23392.00	       32.00
  4.14	    22719.00	        0.00	  6707661.00	        1.00	    23747.00	       32.00
  4.15	    23052.00	        0.00	  6702971.00	        1.00	    24100.00	       32.00
  4.16	    23406.00	        0.00	  6698789.00	        1.00	    24479.00	       32.00
  4.17	    23778.00	        0.00	  6693296.00	        1.00	    24863.00	       32.00
  4.18	    24162.00	        0.00	  6687545.00	        1.00	    25256.00	       32.00
  4.19	    24532.00	        0.00	  6682923.00	        1.00	    25646.00	       32.00
  4.20	    24926.00	        0.00	  6678859.00	        1.00	    26066.00	       32.00
  4.21	    25338.00	        0.00	  6674355.00	        1.00	    26500.00	       32.00
  4.22	    25744.00	        0.00	  6670071.00	        1.00	    26929.00	       32.00
  4.23	    26161.00	        0.00	  6665232.00	        1.00	    27365.00	       32.00
  4.24	    26571.00	        0.00	  6660396.00	        1.00	    27793.00	       32.00
  4.25	    26972.00	        0.00	  6655063.00	        1.00	    28208.00	       32.00
  4.26	    27403.00	        0.00	  6650038.00	        1.00	    28656.00	       32.00
  4.27	    27830.00	        0.00	  6644602.00	        1.00	    29095.00	       32.00
  4.28	    28293.00	        0.00	  6640233.00	        1.00	    29581.00	       32.00
  4.29	    28729.00	        0.00	  6636029.00	        1.00	    30041.00	       32.00
  4.30	    29204.00	        0.00	  6630437.00	        1.00	    30527.00	       32.00
  4.31	    29674.00	        0.00	  6625677.00	        1.00	    31015.00	       32.00
  4.32	    30139.00	        0.00	  6620196.00	        1.00	    31493.00	       32.00
  4.33	    30614.00	        0.00	  6615671.00	        1.00	    31990.00	       32.00
  4.34	    31086.00	        0.00	  6611444.00	        1.00	    32486.00	       32.00
  4.35	    31653.00	        0.00	  6606643.00	        1.00	    33072.00	       32.00
  4.36	    32164.00	        0.00	  6602207.00	        1.00	    33606.00	       32.00
  4.37	    32677.00	        0.00	  6597888.00	        1.00	    34142.00	       32.00
  4.38	    33220.00	        0.00	  6592906.00	        1.00	    34701.00	       32.00
  4.39	    33773.00	        0.00	  6588798.00	        1.00	    35278.00	       32.00
  4.40	    34335.00	        0.00	  6584737.00	        1.00	    35867.00	       32.00
  4.41	    34839.00	        0.00	  6579739.00	        1.00	    36388.00	       32.00
  4.42	    35422.00	        0.00	  6574971.00	        1.00	    36990.00	       32.00
  4.43	    36009.00	        0.00	  6570459.00	        1.00	    37598.00	       32.00
  4.44	    36601.00	        0.00	  6566160.00	        1.00	    38215.00	       32.00
  4.45	    37191.00	        0.00	  6561804.00	        1.00	    38828.00	       32.00
  4.46	    37822.00	        0.00	  6557696.00	        1.00	    39482.00	       32.00
  4.47	    38421.00	        0.00	  6553704.00	        1.00	    40107.00	       32.00
  4.48	    39002.00	        0.00	  6549363.00	        1.00	    40710.00	       32.00
  4.49	    39599.00	        0.00	  6545481.00	        1.00	    41333.00	       32.00
  4.50	    40202.00	        0.00	  6541082.00	        1.00	    41958.00	       32.00
  4.51	    40864.00	        0.00	  6536378.00	        1.00	    42639.00	       32.00
  4.52	    41506.00	        0.00	  6531626.00	        1.00	    43299.00	       32.00
  4.53	    42230.00	        0.00	  6527160.00	        1.00	    44044.00	       32.00
  4.54	    42931.00	        0.00	  6523961.00	        1.00	    44779.00	       32.00
  4.55	    43612.00	        0.00	  6519166.00	        1.00	    45478.00	       32.00
  4.56	    44345.00	        0.00	  6515052.00	        1.00	    46237.00	       32.00
  4.57	    45011.00	        0.00	  6511165.00	        1.00	    46930.00	       32.00
  4.58	    45760.00	        0.00	  6506870.00	        1.00	    47701.00	       32.00
  4.59	    46490.00	        0.00	  6504144.00	        1.00	    48470.00	       32.00
  4.60	    47251.00	        0.00	  6500486.00	        1.00	    49260.00	       32.00
  4.61	    47989.00	        0.00	  6496976.00	        1.00	    50027.00	       32.00
  4.62	    48758.00	        0.00	  6493721.00	        1.00	    50828.00	       32.00
  4.63	    49491.00	        0.00	  6490422.00	        1.00	    51594.00	       32.00
  4.64	    50235.00	        0.00	  6487088.00	        1.00	    52369.00	       32.00
  4.65	    51069.00	        0.00	  6483462.00	        1.00	    53231.00	       32.00
  4.66	    51866.00	        0.00	  6480821.00	        1.00	    54066.00	       32.00
  4.67	    52688.00	        0.00	  6476340.00	        1.00	    54909.00	       32.00
  4.68	    53525.00	        0.00	  6472753.00	        1.00	    55775.00	       32.00
  4.69	    54406.00	        0.00	  6470167.00	        1.00	    56694.00	       32.00
  4.70	    55286.00	        0.00	  6467698.00	        1.00	    57614.00	       32.00
  4.71	    56173.00	        0.00	  6465024.00	        1.00	    58539.00	       32.00
  4.72	    57105.00	        0.00	  6463557.00	        1.00	    59521.00	       32.00
  4.73	    58041.00	        0.00	  6460610.00	        1.00	    60492.00	       32.00
  4.74	    59007.00	        0.00	  6457423.00	        1.00	    61490.00	       32.00
  4.75	    59950.00	        0.00	  6454144.00	        1.00	    62466.00	       32.00
  4.76	    60908.00	        0.00	  6451757.00	        1.00	    63465.00	       32.00
  4.77	    61965.00	        0.00	  6448792.00	        1.00	    64557.00	       32.00
  4.78	    62981.00	        0.00	  6446322.00	        1.00	    65614.00	       32.00
  4.79	    64024.00	        0.00	  6444151.00	        1.00	    66699.00	       32.00
  4.80	    65059.00	        0.00	  6441753.00	        1.00	    67774.00	       32.00
  4.81	    66094.00	        0.00	  6439682.00	        1.00	    68853.00	       32.00
  4.82	    67243.00	        0.00	  6436618.00	        1.00	    70036.00	       32.00
  4.83	    68309.00	        0.00	  6435005.00	        1.00	    71152.00	       32.00
  4.84	    69380.00	        0.00	  6431976.00	        1.00	    72259.00	       32.00
  4.85	    70486.00	        0.00	  6430720.00	        1.00	    73417.00	       32.00
  4.86	    71613.00	        0.00	  6429126.00	        1.00	    74592.00	       32.00
  4.87	    72777.00	        0.00	  6427469.00	        1.00	    75805.00	       32.00
  4.88	    73954.00	        0.00	  6425140.00	        1.00	    77022.00	       32.00
  4.89	    75091.00	        0.00	  6423752.00	        1.00	    78209.00	       32.00
  4.90	    76349.00	        0.00	  6423312.00	        1.00	    79527.00	       32.00
  4.91	    77634.00	        0.00	  6421521.00	        1.00	    80859.00	       32.00
  4.92	    78881.00	        0.00	  6419759.00	        1.00	    82153.00	       32.00
  4.93	    80146.00	        0.00	  6417196.00	        1.00	    83457.00	       32.00
  4.94	    81451.00	        0.00	  6416919.00	        1.00	    84824.00	       32.00
  4.95	    82811.00	        0.00	  6416342.00	        1.00	    86242.00	       32.00
  4.96	    84187.00	        0.00	  6415753.00	        1.00	    87678.00	       32.00
  4.97	    85539.00	        0.00	  6414397.00	        1.00	    89080.00	       32.00
  4.98	    86968.00	        0.00	  6412365.00	        1.00	    90554.00	       32.00
  4.99	    88408.00	        0.00	  6410895.00	        1.00	    92043.00	       32.00
  5.00	    89793.00	        0.00	  6410267.00	        1.00	    93485.00	       32.00
  5.01	    91204.00	        0.00	  6410864.00	        1.00	    94967.00	       32.00
  5.02	    92688.00	        0.00	  6409285.00	        1.00	    96501.00	       32.00
  5.03	    94152.00	        0.00	  6408867.00	        1.00	    98026.00	       32.00
  5.04	    95707.00	        0.00	  6408356.00	        1.00	    99641.00	       32.00
  5.05	    97209.00	        0.00	  6409968.00	        1.00	   101223.00	       32.00
  5.06	    98808.00	        0.00	  6408598.00	        1.00	   102873.00	       32.00
  5.07	   100369.00	        0.00	  6409115.00	        1.00	   104504.00	       32.00
  5.08	   101950.00	        0.00	  6409085.00	        1.00	   106148.00	       32.00
  5.09	   103551.00	        0.00	  6408382.00	        1.00	   107807.00	       32.00
  5.10	   105270.00	        0.00	  6408308.00	        1.00	   109589.00	       32.00
  5.11	   106941.00	        0.00	  6408812.00	        1.00	   111330.00	       32.00
  5.12	   108650.00	        0.00	  6410274.00	        1.00	   113118.00	       32.00
  5.13	   110398.00	        0.00	  6410219.00	        1.00	   114929.00	       32.00
  5.14	   112189.00	        0.00	  6409937.00	        1.00	   116781.00	       32.00
  5.15	   113967.00	        0.00	  6411191.00	        1.00	   118634.00	       32.00
  5.16	   115836.00	        0.00	  6413158.00	        1.00	   120586.00	       32.00
  5.17	   117725.00	        0.00	  6414977.00	        1.00	   122558.00	       32.00
  5.18	   119573.00	        0.00	  6415993.00	        1.00	   124482.00	       32.00
  5.19	   121559.00	        0.00	  6418344.00	        1.00	   126556.00	       32.00
  5.20	   123476.00	        0.00	  6420535.00	        1.00	   128559.00	       32.00
  5.21	   125495.00	        0.00	  6423300.00	        1.00	   130671.00	       32.00
  5.22	   127506.00	        0.00	  6424029.00	        1.00	   132754.00	       32.00
  5.23	   129517.00	        0.00	  6426049.00	        1.00	   134851.00	       32.00
  5.24	   131564.00	        0.00	  6426870.00	        1.00	   136970.00	       32.00
  5.25	   133660.00	        0.00	  6430051.00	        1.00	   139161.00	       32.00
  5.26	   135772.00	        0.00	  6433029.00	        1.00	   141369.00	       32.00
  5.27	   137994.00	        0.00	  6434766.00	        1.00	   143674.00	       32.00
  5.28	   140234.00	        0.00	  6437728.00	        1.00	   146009.00	       32.00
  5.29	   142492.00	        0.00	  6438265.00	        1.00	   148338.00	       32.00
  5.30	   144819.00	        0.00	  6439141.00	        1.00	   150739.00	       32.00
  5.31	   147086.00	        0.00	  6441891.00	        1.00	   153099.00	       32.00
  5.32	   149523.00	        0.00	  6446295.00	        1.00	   155645.00	       32.00
  5.33	   151866.00	        0.00	  6450159.00	        1.00	   158091.00	       32.00
  5.34	   154353.00	        0.00	  6455110.00	        1.00	   160694.00	       32.00
  5.35	   156839.00	        0.00	  6458193.00	        1.00	   163276.00	       32.00
  5.36	   159319.00	        0.00	  6462576.00	        1.00	   165865.00	       32.00
  5.37	   161906.00	        0.00	  6467220.00	        1.00	   168565.00	       32.00
  5.38	   164509.00	        0.00	  6470343.00	        1.00	   171265.00	       32.00
  5.39	   167170.00	        0.00	  6475530.00	        1.00	   174044.00	       32.00
  5.40	   169878.00	        0.00	  6480657.00	        1.00	   176868.00	       32.00
  5.41	   172581.00	        0.00	  6485542.00	        1.00	   179686.00	       32.00
  5.42	   175358.00	        0.00	  6489601.00	        1.00	   182569.00	       32.00
  5.43	   178190.00	        0.00	  6495003.00	        1.00	   185521.00	       32.00
  5.44	   181067.00	        0.00	  6498472.00	        1.00	   188500.00	       32.00
  5.45	   184036.00	        0.00	  6505598.00	        1.00	   191607.00	       32.00
  5.46	   187033.00	        0.00	  6509634.00	        1.00	   194711.00	       32.00
  5.47	   190127.00	        0.00	  6515385.00	        1.00	   197930.00	       32.00
  5.48	   193180.00	        0.00	  6521606.00	        1.00	   201112.00	       32.00
  5.49	   196214.00	        0.00	  6527743.00	        1.00	   204274.00	       32.00
  5.50	   199337.00	        0.00	  6534351.00	        1.00	   207529.00	       32.00
  5.51	   202474.00	        0.00	  6541252.00	        1.00	   210801.00	       32.00
  5.52	   205767.00	        0.00	  6545880.00	        1.00	   214207.00	       32.00
  5.53	   209092.00	        0.00	  6552151.00	        1.00	   217662.00	       32.00
  5.54	   212425.00	        0.00	  6560092.00	        1.00	   221141.00	       32.00
  5.55	   215834.00	        0.00	  6565231.00	        1.00	   224669.00	       32.00
  5.56	   219281.00	        0.00	  6574378.00	        1.00	   228274.00	       32.00
  5.57	   222806.00	        0.00	  6582749.00	        1.00	   231951.00	       32.00
  5.58	   226361.00	        0.00	  6590800.00	        1.00	   235654.00	       32.00
  5.59	   229990.00	        0.00	  6599314.00	        1.00	   239437.00	       32.00
  5.60	   233706.00	        0.00	  6606916.00	        1.00	   243299.00	       32.00
  5.61	   237511.00	        0.00	  6615891.00	        1.00	   247261.00	       32.00
  5.62	   241390.00	        0.00	  6624769.00	        1.00	   251297.00	       32.00
  5.63	   245308.00	        0.00	  6634049.00	        1.00	   255376.00	       32.00
  5.64	   249355.00	        0.00	  6644441.00	        1.00	   259595.00	       32.00
  5.65	   253346.00	        0.00	  6654333.00	        1.00	   263753.00	       32.00
  5.66	   257550.00	        0.00	  6664120.00	        1.00	   268123.00	       32.00
  5.67	   261570.00	        0.00	  6675856.00	        1.00	   272328.00	       32.00
  5.68	   265727.00	        0.00	  6686752.00	        1.00	   276662.00	       32.00
  5.69	   269958.00	        0.00	  6697420.00	        1.00	   281069.00	       32.00
  5.70	   274314.00	        0.00	  6708286.00	        1.00	   285602.00	       32.00
  5.71	   278706.00	        0.00	  6718722.00	        1.00	   290168.00	       32.00
  5.72	   283171.00	        0.00	  6729186.00	        1.00	   294807.00	       32.00
  5.73	   287727.00	        0.00	  6741544.00	        1.00	   299556.00	       32.00
  5.74	   292275.00	        0.00	  6753786.00	        1.00	   304297.00	       32.00
  5.75	   296980.00	        0.00	  6764876.00	        1.00	   309182.00	       32.00
  5.76	   301748.00	        0.00	  6779585.00	        1.00	   314167.00	       32.00
  5.77	   306439.00	        0.00	  6793026.00	        1.00	   319064.00	       32.00
  5.78	   311263.00	        0.00	  6806697.00	        1.00	   324095.00	       32.00
  5.79	   316370.00	        0.00	  6818891.00	        1.00	   329394.00	       32.00
  5.80	   321372.00	        0.00	  6834800.00	        1.00	   334626.00	       32.00
  5.81	   326520.00	        0.00	  6850447.00	        1.00	   340001.00	       32.00
  5.82	   331792.00	        0.00	  6865342.00	        1.00	   345493.00	       32.00
  5.83	   337186.00	        0.00	  6879702.00	        1.00	   351100.00	       32.00
  5.84	   342535.00	        0.00	  6896452.00	        1.00	   356686.00	       32.00
  5.85	   347967.00	        0.00	  6913522.00	        1.00	   362360.00	       32.00
  5.86	   353519.00	        0.00	  6929993.00	        1.00	   368149.00	       32.00
  5.87	   359264.00	        0.00	  6950272.00	        1.00	   374169.00	       32.00
  5.88	   365030.00	        0.00	  6968556.00	        1.00	   380190.00	       32.00
  5.89	   370989.00	        0.00	  6985766.00	        1.00	   386392.00	       32.00
  5.90	   376895.00	        0.00	  7001733.00	        1.00	   392531.00	       32.00
  5.91	   382862.00	        0.00	  7022114.00	        1.00	   398774.00	       32.00
  5.92	   389070.00	        0.00	  7038684.00	        1.00	   405220.00	       32.00
  5.93	   395116.00	        0.00	  7058810.00	        1.00	   411540.00	       32.00
  5.94	   401480.00	        0.00	  7082292.00	        1.00	   418211.00	       32.00
  5.95	   408044.00	        0.00	  7103643.00	        1.00	   425061.00	       32.00
  5.96	   414645.00	        0.00	  7124085.00	        1.00	   431940.00	       32.00
  5.97	   421109.00	        0.00	  7145232.00	        1.00	   438691.00	       32.00
  5.98	   427765.00	        0.00	  7168966.00	        1.00	   445660.00	       32.00
  5.99	   434600.00	        0.00	  7191577.00	        1.00	   452796.00	       32.00
  6.00	   441600.00	        0.00	  7215581.00	        1.00	   460112.00	       32.00
  6.01	   448782.00	        0.00	  7239788.00	        1.00	   467611.00	       32.00
  6.02	   455902.00	        0.00	  7265888.00	        1.00	   475068.00	       32.00
  6.03	   463105.00	        0.00	  7296386.00	        1.00	   482654.00	       32.00
  6.04	   470472.00	        0.00	  7323878.00	        1.00	   490374.00	       32.00
  6.05	   478044.00	        0.00	  7353022.00	        1.00	   498315.00	       32.00
  6.06	   485581.00	        0.00	  7382906.00	        1.00	   506228.00	       32.00
  6.07	   493448.00	        0.00	  7410579.00	        1.00	   514450.00	       32.00
  6.08	   501279.00	        0.00	  7439402.00	        1.00	   522648.00	       32.00
  6.09	   509314.00	        0.00	  7469618.00	        1.00	   531063.00	       32.00
  6.10	   517404.00	        0.00	  7502071.00	        1.00	   539555.00	       32.00
  6.11	   525726.00	        0.00	  7534694.00	        1.00	   548283.00	       32.00
  6.12	   534176.00	        0.00	  7566914.00	        1.00	   557135.00	       32.00
  6.13	   542745.00	        0.00	  7597521.00	        1.00	   566090.00	       32.00
  6.14	   551457.00	        0.00	  7634304.00	        1.00	   575250.00	       32.00
  6.15	   560264.00	        0.00	  7666008.00	        1.00	   584454.00	       32.00
  6.16	   569312.00	        0.00	  7700986.00	        1.00	   593932.00	       32.00
  6.17	   578293.00	        0.00	  7736052.00	        1.00	   603344.00	       32.00
  6.18	   587682.00	        0.00	  7772050.00	        1.00	   613175.00	       32.00
  6.19	   597135.00	        0.00	  7805071.00	        1.00	   623040.00	       32.00
  6.20	   606791.00	        0.00	  7842998.00	        1.00	   633159.00	       32.00
  6.21	   616357.00	        0.00	  7880815.00	        1.00	   643186.00	       32.00
  6.22	   626251.00	        0.00	  7922576.00	        1.00	   653583.00	       32.00
  6.23	   636250.00	        0.00	  7964730.00	        1.00	   664088.00	       32.00
  6.24	   646690.00	        0.00	  8004740.00	        1.00	   675012.00	       32.00
  6.25	   656698.00	        0.00	  8052406.00	        1.00	   685583.00	       32.00
  6.26	   667254.00	        0.00	  8095184.00	        1.00	   696653.00	       32.00
  6.27	   677857.00	        0.00	  8139748.00	        1.00	   707789.00	       32.00
  6.28	   688575.00	        0.00	  8182399.00	        1.00	   719020.00	       32.00
  6.29	   699561.00	        0.00	  8227796.00	        1.00	   730546.00	       32.00
  6.30	   710831.00	        0.00	  8277956.00	        1.00	   742406.00	       32.00
  6.31	   722115.00	        0.00	  8329845.00	        1.00	   754297.00	       32.00
  6.32	   733469.00	        0.00	  8378928.00	        1.00	   766232.00	       32.00
  6.33	   745223.00	        0.00	  8429446.00	        1.00	   778582.00	       32.00
  6.34	   757117.00	        0.00	  8489093.00	        1.00	   791163.00	       32.00
  6.35	   769080.00	        0.00	  8547088.00	        1.00	   803798.00	       32.00
  6.36	   781349.00	        0.00	  8602712.00	        1.00	   816716.00	       32.00
  6.37	   793821.00	        0.00	  8662575.00	        1.00	   829879.00	       32.00
  6.38	   806295.00	        0.00	  8720446.00	        1.00	   843024.00	       32.00
  6.39	   819197.00	        0.00	  8780211.00	        1.00	   856619.00	       32.00
  6.40	   832184.00	        0.00	  8848964.00	        1.00	   870390.00	       32.00
  6.41	   845257.00	        0.00	  8915879.00	        1.00	   884228.00	       32.00
  6.42	   858686.00	        0.00	  8980414.00	        1.00	   898399.00	       32.00
  6.43	   872140.00	        0.00	  9043553.00	        1.00	   912582.00	       32.00
  6.44	   885970.00	        0.00	  9112736.00	        1.00	   927202.00	       32.00
  6.45	   900002.00	        0.00	  9180848.00	        1.00	   942014.00	       32.00
  6.46	   914378.00	        0.00	  9251709.00	        1.00	   957196.00	       32.00
  6.47	   928753.00	        0.00	  9322131.00	        1.00	   972375.00	       32.00
  6.48	   943414.00	        0.00	  9400316.00	        1.00	   987919.00	       32.00
  6.49	   958383.00	        0.00	  9479195.00	        1.00	  1003779.00	       32.00
  6.50	   973748.00	        0.00	  9556311.00	        1.00	  1020020.00	       32.00
  6.51	   989208.00	        0.00	  9645026.00	        1.00	  1036474.00	       32.00
  6.52	  1004679.00	        0.00	  9732588.00	        1.00	  1052927.00	       32.00
  6.53	  1020527.00	        0.00	  9822041.00	        1.00	  1069777.00	       32.00
  6.54	  1036350.00	        0.00	  9914209.00	        1.00	  1086631.00	       32.00
  6.55	  1052663.00	        0.00	 10002043.00	        1.00	  1103932.00	       32.00
  6.56	  1069421.00	        0.00	 10096796.00	        1.00	  1121749.00	       32.00
  6.57	  1086225.00	        0.00	 10192104.00	        1.00	  1139617.00	       32.00
  6.58	  1103097.00	        0.00	 10290302.00	        1.00	  1157584.00	       32.00
  6.59	  1120462.00	        0.00	 10392417.00	        1.00	  1176083.00	       32.00
  6.60	  1137978.00	        0.00	 10502647.00	        1.00	  1194818.00	       32.00
  6.61	  1155972.00	        0.00	 10615305.00	        1.00	  1214056.00	       32.00
  6.62	  1174079.00	        0.00	 10731453.00	        1.00	  1233445.00	       32.00
  6.63	  1192315.00	        0.00	 10855421.00	        1.00	  1253042.00	       32.00
  6.64	  1210950.00	        0.00	 10972122.00	        1.00	  1272966.00	       32.00
  6.65	  1229725.00	        0.00	 11097060.00	        1.00	  1293115.00	       32.00
  6.66	  1248833.00	        0.00	 11219086.00	        1.00	  1313568.00	       32.00
  6.67	  1268363.00	        0.00	 11347897.00	        1.00	  1334511.00	       32.00
  6.68	  1288170.00	        0.00	 11486691.00	        1.00	  1355835.00	       32.00
  6.69	  1308299.00	        0.00	 11623229.00	        1.00	  1377460.00	       32.00
  6.70	  1328669.00	        0.00	 11768106.00	        1.00	  1399413.00	       32.00
  6.71	  1349169.00	        0.00	 11910760.00	        1.00	  1421472.00	       32.00
  6.72	  1370307.00	        0.00	 12047679.00	        1.00	  1444112.00	       32.00
  6.73	  1391539.00	        0.00	 12207206.00	        1.00	  1467077.00	       32.00
  6.74	  1413360.00	        0.00	 12361587.00	        1.00	  1490582.00	       32.00
  6.75	  1435451.00	        0.00	 12523335.00	        1.00	  1514432.00	       32.00
  6.76	  1457449.00	        0.00	 12687579.00	        1.00	  1538218.00	       32.00
  6.77	  1479902.00	        0.00	 12859010.00	        1.00	  1562532.00	       32.00
  6.78	  1502761.00	        0.00	 13039592.00	        1.00	  1587345.00	       32.00
  6.79	  1525944.00	        0.00	 13222196.00	        1.00	  1612505.00	       32.00
  6.80	  1549449.00	        0.00	 13414334.00	        1.00	  1638083.00	       32.00
  6.81	  1573095.00	        0.00	 13608659.00	        1.00	  1663827.00	       32.00
  6.82	  1597201.00	        0.00	 13817801.00	        1.00	  1690184.00	       32.00
  6.83	  1621296.00	        0.00	 14032760.00	        1.00	  1716590.00	       32.00
  6.84	  1646488.00	        0.00	 14239459.00	        1.00	  1744013.00	       32.00
  6.85	  1671931.00	        0.00	 14453572.00	        1.00	  1771764.00	       32.00
  6.86	  1697351.00	        0.00	 14681121.00	        1.00	  1799627.00	       32.00
  6.87	  1723526.00	        0.00	 14913499.00	        1.00	  1828299.00	       32.00
  6.88	  1749999.00	        0.00	 15162235.00	        1.00	  1857436.00	       32.00
  6.89	  1776229.00	        0.00	 15423620.00	        1.00	  1886459.00	       32.00
  6.90	  1803502.00	        0.00	 15682700.00	        1.00	  1916505.00	       32.00
  6.91	  1830516.00	        0.00	 15959374.00	        1.00	  1946473.00	       32.00
  6.92	  1858000.00	        0.00	 16238805.00	        1.00	  1976942.00	       32.00
  6.93	  1886040.00	        0.00	 16525473.00	        1.00	  2008046.00	       32.00
  6.94	  1914441.00	        0.00	 16817440.00	        1.00	  2039563.00	       32.00
  6.95	  1943152.00	        0.00	 17130971.00	        1.00	  2071613.00	       32.00
  6.96	  1972487.00	        0.00	 17454684.00	        1.00	  2104392.00	       32.00
  6.97	  2002005.00	        0.00	 17777007.00	        1.00	  2137344.00	       32.00
  6.98	  2032290.00	        0.00	 18111259.00	        1.00	  2171186.00	       32.00
  6.99	  2062763.00	        0.00	 18446523.00	        1.00	  2205230.00	       32.00
  7.00	  2093300.00	        0.00	 18806124.00	        1.00	  2239587.00	       32.00
  7.01	  2124561.00	        0.00	 19184222.00	        1.00	  2274858.00	       32.00
  7.02	  2156026.00	        0.00	 19570886.00	        1.00	  2310424.00	       32.00
  7.03	  2187723.00	        0.00	 19988209.00	        1.00	  2346535.00	       32.00
  7.04	  2220286.00	        0.00	 20394970.00	        1.00	  2383410.00	       32.00
  7.05	  2252900.00	        0.00	 20842799.00	        1.00	  2420756.00	       32.00
  7.06	  2285666.00	        0.00	 21293426.00	        1.00	  2458288.00	       32.00
  7.07	  2319195.00	        0.00	 21760229.00	        1.00	  2496749.00	       32.00
  7.08	  2353053.00	        0.00	 22247531.00	        1.00	  2535751.00	       32.00
  7.09	  2387211.00	        0.00	 22761934.00	        1.00	  2575333.00	       32.00
  7.10	  2422295.00	        0.00	 23279766.00	        1.00	  2615881.00	       32.00
  7.11	  2457061.00	        0.00	 23818434.00	        1.00	  2656323.00	       32.00
  7.12	  2492273.00	        0.00	 24379574.00	        1.00	  2697447.00	       32.00
  7.13	  2527788.00	        0.00	 24958994.00	        1.00	  2739067.00	       32.00
  7.14	  2563579.00	        0.00	 25568945.00	        1.00	  2781273.00	       32.00
  7.15	  2599763.00	        0.00	 26216142.00	        1.00	  2824256.00	       32.00
  7.16	  2636674.00	        0.00	 26875917.00	        1.00	  2868098.00	       32.00
  7.17	  2673580.00	        0.00	 27544705.00	        1.00	  2912033.00	       32.00
  7.18	  2710609.00	        0.00	 28251975.00	        1.00	  2956490.00	       32.00
  7.19	  2747955.00	        0.00	 28991925.00	        1.00	  3001595.00	       32.00
  7.20	  2785850.00	        0.00	 29758225.00	        1.00	  3047528.00	       32.00
  7.21	  2824159.00	        0.00	 30546859.00	        1.00	  3094108.00	       32.00
  7.22	  2863178.00	        0.00	 31382941.00	        1.00	  3141882.00	       32.00
  7.23	  2901910.00	        0.00	 32248509.00	        1.00	  3189677.00	       32.00
  7.24	  2941138.00	        0.00	 33157099.00	        1.00	  3238414.00	       32.00
  7.25	  2980331.00	        0.00	 34105102.00	        1.00	  3287523.00	       32.00
  7.26	  3019791.00	        0.00	 35094992.00	        1.00	  3337331.00	       32.00
  7.27	  3059442.00	        0.00	 36126709.00	        1.00	  3387764.00	       32.00
  7.28	  3099276.00	        0.00	 37204600.00	        1.00	  3438855.00	       32.00
  7.29	  3139516.00	        0.00	 38321910.00	        1.00	  3490758.00	       32.00
  7.30	  3180043.00	        0.00	 39491283.00	        1.00	  3543490.00	       32.00
  7.31	  3221053.00	        0.00	 40688681.00	        1.00	  3597000.00	       32.00
  7.32	  3261980.00	        0.00	 41955233.00	        1.00	  3651141.00	       32.00
  7.33	  3302486.00	        0.00	 43290888.00	        1.00	  3705570.00	       32.00
  7.34	  3343148.00	        0.00	 44690265.00	        1.00	  3760814.00	       32.00
  7.35	  3383633.00	        0.00	 46148350.00	        1.00	  3816482.00	       32.00
  7.36	  3424610.00	        0.00	 47670652.00	        1.00	  3873307.00	       32.00
  7.37	  3465454.00	        0.00	 49256777.00	        1.00	  3930661.00	       32.00
  7.38	  3505823.00	        0.00	 50947723.00	        1.00	  3988610.00	       32.00
  7.39	  3546348.00	        0.00	 52689477.00	        1.00	  4047250.00	       32.00
  7.40	  3586303.00	        0.00	 54513799.00	        1.00	  4106172.00	       32.00
  7.41	  3626273.00	        0.00	 56421013.00	        1.00	  4165967.00	       32.00
  7.42	  3665777.00	        0.00	 58436923.00	        1.00	  4226412.00	       32.00
  7.43	  3705622.00	        0.00	 60525090.00	        1.00	  4287945.00	       32.00
  7.44	  3745176.00	        0.00	 62705715.00	        1.00	  4350147.00	       32.00
  7.45	  3784861.00	        0.00	 64977318.00	        1.00	  4413422.00	       32.00
  7.46	  3822919.00	        0.00	 67378403.00	        1.00	  4476399.00	       32.00
  7.47	  3860740.00	        0.00	 69887457.00	        1.00	  4540255.00	       32.00
  7.48	  3897725.00	        0.00	 72555416.00	        1.00	  4604909.00	       32.00
  7.49	  3934127.00	        0.00	 75340276.00	        1.00	  4670184.00	       32.00
  7.50	  3970096.00	        0.00	 78240854.00	        1.00	  4736227.00	       32.00
  7.51	  4004593.00	        0.00	 81287810.00	        1.00	  4802307.00	       32.00
  7.52	  4038349.00	        0.00	 84488401.00	        1.00	  4869229.00	       32.00
  7.53	  4071448.00	        0.00	 87831503.00	        1.00	  4936963.00	       32.00
  7.54	  4102660.00	        0.00	 91363212.00	        1.00	  5004748.00	       32.00
  7.55	  4132694.00	        0.00	 95103265.00	        1.00	  5073501.00	       32.00
  7.56	  4161546.00	        0.00	 98957737.00	        1.00	  5142262.00	       32.00
  7.57	  4189561.00	        0.00	102994910.00	        1.00	  5212077.00	       32.00
  7.58	  4215211.00	        0.00	107277417.00	        1.00	  5282047.00	       32.00
  7.59	  4239932.00	        0.00	111704490.00	        1.00	  5352590.00	       32.00
  7.60	  4262313.00	        0.00	116388316.00	        1.00	  5423431.00	       32.00
  7.61	  4282400.00	        0.00	121278957.00	        1.00	  5494115.00	       32.00
  7.62	  4300770.00	        0.00	126389669.00	        1.00	  5565349.00	       32.00
  7.63	  4317306.00	        0.00	131767761.00	        1.00	  5637506.00	       32.00
  7.64	  4330984.00	        0.00	137398738.00	        1.00	  5709416.00	       32.00
  7.65	  4342399.00	        0.00	143244430.00	        1.00	  5781285.00	       32.00
  7.66	  4351139.00	        0.00	149381062.00	        1.00	  5853486.00	       32.00
  7.67	  4356984.00	        0.00	155817016.00	        1.00	  5925872.00	       32.00
  7.68	  4361058.00	        0.00	162475527.00	        1.00	  5998803.00	       32.00
  7.69	  4361519.00	        0.00	169453712.00	        1.00	  6071419.00	       32.00
  7.70	  4359574.00	        0.00	176700254.00	        1.00	  6144412.00	       32.00
  7.71	  4354098.00	        0.00	184269679.00	        1.00	  6217222.00	       32.00
  7.72	  4345396.00	        0.00	192159720.00	        1.00	  6290113.00	       32.00
  7.73	  4333749.00	        0.00	200316875.00	        1.00	  6362835.00	       32.00
  7.74	  4317279.00	        0.00	208858424.00	        1.00	  6434699.00	       32.00
  7.75	  4298113.00	        0.00	217684316.00	        1.00	  6506829.00	       32.00
  7.76	  4274688.00	        0.00	226859921.00	        1.00	  6578329.00	       32.00
  7.77	  4247117.00	        0.00	236355983.00	        1.00	  6648996.00	       32.00
  7.78	  4215988.00	        0.00	246172041.00	        1.00	  6719445.00	       32.00
  7.79	  4181451.00	        0.00	256299568.00	        1.00	  6789737.00	       32.00
  7.80	  4142180.00	        0.00	266784490.00	        1.00	  6858999.00	       32.00
  7.81	  4098600.00	        0.00	277616732.00	        1.00	  6927566.00	       32.00
  7.82	  4051108.00	        0.00	288743537.00	        1.00	  6995326.00	       32.00
  7.83	  3999449.00	        0.00	300177064.00	        1.00	  7062116.00	       32.00
  7.84	  3944147.00	        0.00	311920583.00	        1.00	  7128513.00	       32.00
  7.85	  3885438.00	        0.00	323865971.00	        1.00	  7193659.00	       32.00
  7.86	  3822700.00	        0.00	336139079.00	        1.00	  7258206.00	       32.00
  7.87	  3756229.00	        0.00	348639775.00	        1.00	  7321452.00	       32.00
  7.88	  3685599.00	        0.00	361379875.00	        1.00	  7383084.00	       32.00
  7.89	  3612000.00	        0.00	374282384.00	        1.00	  7443515.00	       32.00
  7.90	  3536208.00	        0.00	387316804.00	        1.00	  7503226.00	       32.00
  7.91	  3457358.00	        0.00	400495110.00	        1.00	  7561459.00	       32.00
  7.92	  3375032.00	        0.00	413900835.00	        1.00	  7618637.00	       32.00
  7.93	  3290900.00	        0.00	427364064.00	        1.00	  7674733.00	       32.00
  7.94	  3204574.00	        0.00	440850179.00	        1.00	  7728997.00	       32.00
  7.95	  3115204.00	        0.00	454447317.00	        1.00	  7781489.00	       32.00
  7.96	  3024848.00	        0.00	468017484.00	        1.00	  7832855.00	       32.00
  7.97	  2933058.00	        0.00	481563084.00	        1.00	  7882676.00	       32.00
  7.98	  2840036.00	        0.00	495052881.00	        1.00	  7930825.00	       32.00
  7.99	  2746604.00	        0.00	508441538.00	        1.00	  7977676.00	       32.00
  8.00	  2652840.00	        0.00	521696565.00	        1.00	  8022980.00	       32.00
  8.01	  2558342.00	        0.00	534822680.00	        1.00	  8066389.00	       32.00
  8.02	  2463595.00	        0.00	547819943.00	        1.00	  8108379.00	       32.00
  8.03	  2369895.00	        0.00	560550788.00	        1.00	  8148852.00	       32.00
  8.04	  2277063.00	        0.00	573044003.00	        1.00	  8187929.00	       32.00
  8.05	  2184186.00	        0.00	585337738.00	        1.00	  8225083.00	       32.00
  8.06	  2093398.00	        0.00	597277212.00	        1.00	  8260845.00	       32.00
  8.07	  2004199.00	        0.00	608919126.00	        1.00	  8295329.00	       32.00
  8.08	  1915834.00	        0.00	620321394.00	        1.00	  8328347.00	       32.00
  8.09	  1828865.00	        0.00	631362732.00	        1.00	  8359217.00	       32.00
  8.10	  1744577.00	        0.00	642005829.00	        1.00	  8388847.00	       32.00
  8.11	  1662797.00	        0.00	652277770.00	        1.00	  8417348.00	       32.00
  8.12	  1583396.00	        0.00	662171044.00	        1.00	  8444497.00	       32.00
  8.13	  1506419.00	        0.00	671677126.00	        1.00	  8470266.00	       32.00
  8.14	  1431097.00	        0.00	680880549.00	        1.00	  8494739.00	       32.00
  8.15	  1358442.00	        0.00	689688142.00	        1.00	  8517958.00	       32.00
  8.16	  1288690.00	        0.00	698116571.00	        1.00	  8540334.00	       32.00
  8.17	  1220896.00	        0.00	706193680.00	        1.00	  8561221.00	       32.00
  8.18	  1156188.00	        0.00	713866239.00	        1.00	  8581172.00	       32.00
  8.19	  1093656.00	        0.00	721189169.00	        1.00	  8599858.00	       32.00
  8.20	  1033935.00	        0.00	728139937.00	        1.00	  8617674.00	       32.00
  8.21	   977582.00	        0.00	734661921.00	        1.00	  8634595.00	       32.00
  8.22	   923177.00	        0.00	740876893.00	        1.00	  8650409.00	       32.00
  8.23	   871110.00	        0.00	746770212.00	        1.00	  8665376.00	       32.00
  8.24	   821736.00	        0.00	752301929.00	        1.00	  8679447.00	       32.00
  8.25	   774452.00	        0.00	757545032.00	        1.00	  8692741.00	       32.00
  8.26	   729660.00	        0.00	762462321.00	        1.00	  8705285.00	       32.00
  8.27	   687307.00	        0.00	767073096.00	        1.00	  8717214.00	       32.00
  8.28	   646940.00	        0.00	771396078.00	        1.00	  8728278.00	       32.00
  8.29	   608628.00	        0.00	775449717.00	        1.00	  8738713.00	       32.00
  8.30	   572087.00	        0.00	779267284.00	        1.00	  8748579.00	       32.00
  8.31	   537613.00	        0.00	782827187.00	        1.00	  8757956.00	       32.00
  8.32	   505185.00	        0.00	786121847.00	        1.00	  8766731.00	       32.00
  8.33	   475032.00	        0.00	789140918.00	        1.00	  8775024.00	       32.00
  8.34	   445974.00	        0.00	791976764.00	        1.00	  8782581.00	       32.00
  8.35	   418769.00	        0.00	794607419.00	        1.00	  8789962.00	       32.00
  8.36	   392948.00	        0.00	797030424.00	        1.00	  8796646.00	       32.00
  8.37	   368860.00	        0.00	799243259.00	        1.00	  8802971.00	       32.00
  8.38	   346096.00	        0.00	801291846.00	        1.00	  8808995.00	       32.00
  8.39	   324550.00	        0.00	803170176.00	        1.00	  8814530.00	       32.00
  8.40	   304344.00	        0.00	804892617.00	        1.00	  8819835.00	       32.00
  8.41	   285378.00	        0.00	806445596.00	        1.00	  8824690.00	       32.00
  8.42	   267606.00	        0.00	807855811.00	        1.00	  8829321.00	       32.00
  8.43	   251045.00	        0.00	809116505.00	        1.00	  8833665.00	       32.00
  8.44	   235310.00	        0.00	810257264.00	        1.00	  8837644.00	       32.00
  8.45	   220470.00	        0.00	811289245.00	        1.00	  8841423.00	       32.00
  8.46	   206707.00	        0.00	812200132.00	        1.00	  8845071.00	       32.00
  8.47	   193868.00	        0.00	812991929.00	        1.00	  8848444.00	       32.00
  8.48	   181587.00	        0.00	813715925.00	        1.00	  8851695.00	       32.00
  8.49	   170021.00	        0.00	814335996.00	        1.00	  8854616.00	       32.00
  8.50	   159428.00	        0.00	814845964.00	        1.00	  8857406.00	       32.00
  8.51	   149598.00	        0.00	815267188.00	        1.00	  8860067.00	       32.00
  8.52	   140024.00	        0.00	815644507.00	        1.00	  8862550.00	       32.00
  8.53	   131386.00	        0.00	815913341.00	        1.00	  8864855.00	       32.00
  8.54	   122915.00	        0.00	816142970.00	        1.00	  8866954.00	       32.00
  8.55	   115109.00	        0.00	816296540.00	        1.00	  8868957.00	       32.00
  8.56	   107808.00	        0.00	816386235.00	        1.00	  8870804.00	       32.00
  8.57	   101058.00	        0.00	816417415.00	        1.00	  8872604.00	       32.00
  8.58	    94554.00	        0.00	816409074.00	        1.00	  8874262.00	       32.00
  8.59	    88557.00	        0.00	816336189.00	        1.00	  8875793.00	       32.00
  8.60	    83001.00	        0.00	816211789.00	        1.00	  8877231.00	       32.00
  8.61	    77707.00	        0.00	816046439.00	        1.00	  8878521.00	       32.00
  8.62	    72698.00	        0.00	815852360.00	        1.00	  8879803.00	       32.00
  8.63	    67954.00	        0.00	815622565.00	        1.00	  8880967.00	       32.00
  8.64	    63669.00	        0.00	815340120.00	        1.00	  8882071.00	       32.00
  8.65	    59511.00	        0.00	815038239.00	        1.00	  8883104.00	       32.00
  8.66	    55766.00	        0.00	814691692.00	        1.00	  8884092.00	       32.00
  8.67	    52221.00	        0.00	814314546.00	        1.00	  8884961.00	       32.00
  8.68	    48979.00	        0.00	813904748.00	        1.00	  8885816.00	       32.00
  8.69	    45875.00	        0.00	813473687.00	        1.00	  8886576.00	       32.00
  8.70	    42982.00	        0.00	813018756.00	        1.00	  8887320.00	       32.00
  8.71	    40167.00	        0.00	812552348.00	        1.00	  8888008.00	       32.00
  8.72	    37629.00	        0.00	812059289.00	        1.00	  8888696.00	       32.00
  8.73	    35219.00	        0.00	811545879.00	        1.00	  8889305.00	       32.00
  8.74	    33033.00	        0.00	811006565.00	        1.00	  8889868.00	       32.00
  8.75	    30935.00	        0.00	810460550.00	        1.00	  8890434.00	       32.00
  8.76	    29025.00	        0.00	809889962.00	        1.00	  8890952.00	       32.00
  8.77	    27228.00	        0.00	809304736.00	        1.00	  8891419.00	       32.00
  8.78	    25554.00	        0.00	808706251.00	        1.00	  8891869.00	       32.00
  8.79	    23934.00	        0.00	808099521.00	        1.00	  8892285.00	       32.00
  8.80	    22492.00	        0.00	807471997.00	        1.00	  8892680.00	       32.00
  8.81	    21060.00	        0.00	806842246.00	        1.00	  8893055.00	       32.00
  8.82	    19721.00	        0.00	806201453.00	        1.00	  8893396.00	       32.00
  8.83	    18450.00	        0.00	805552801.00	        1.00	  8893719.00	       32.00
  8.84	    17268.00	        0.00	804893967.00	        1.00	  8894019.00	       32.00
  8.85	    16225.00	        0.00	804223184.00	        1.00	  8894318.00	       32.00
  8.86	    15246.00	        0.00	803543415.00	        1.00	  8894586.00	       32.00
  8.87	    14283.00	        0.00	802858140.00	        1.00	  8894831.00	       32.00
  8.88	    13425.00	        0.00	802162884.00	        1.00	  8895055.00	       32.00
  8.89	    12560.00	        0.00	801466440.00	        1.00	  8895260.00	       32.00
  8.90	    11796.00	        0.00	800761660.00	        1.00	  8895472.00	       32.00
  8.91	    11087.00	        0.00	800051611.00	        1.00	  8895679.00	       32.00
  8.92	    10367.00	        0.00	799340825.00	        1.00	  8895859.00	       32.00
  8.93	     9742.00	        0.00	798620529.00	        1.00	  8896020.00	       32.00
  8.94	     9113.00	        0.00	797899662.00	        1.00	  8896172.00	       32.00
  8.95	     8562.00	        0.00	797169374.00	        1.00	  8896308.00	       32.00
  8.96	     8020.00	        0.00	796438959.00	        1.00	  8896444.00	       32.00
  8.97	     7603.00	        0.00	795700337.00	        1.00	  8896600.00	       32.00
  8.98	     7148.00	        0.00	794962273.00	        1.00	  8896731.00	       32.00
  8.99	     6703.00	        0.00	794221478.00	        1.00	  8896835.00	       32.00
  9.00	     6255.00	        0.00	793481866.00	        1.00	  8896940.00	       32.00
  9.01	     5869.00	        0.00	792737701.00	        1.00	  8897045.00	       32.00
  9.02	     5524.00	        0.00	791990300.00	        1.00	  8897140.00	       32.00
  9.03	     5217.00	        0.00	791242039.00	        1.00	  8897262.00	       32.00
  9.04	     4884.00	        0.00	790493131.00	        1.00	  8897360.00	       32.00
  9.05	     4546.00	        0.00	789743884.00	        1.00	  8897436.00	       32.00
  9.06	     4251.00	        0.00	788989548.00	        1.00	  8897501.00	       32.00
  9.07	     3998.00	        0.00	788232741.00	        1.00	  8897572.00	       32.00
  9.08	     3787.00	        0.00	787471074.00	        1.00	  8897635.00	       32.00
  9.09	     3556.00	        0.00	786711977.00	        1.00	  8897692.00	       32.00
  9.10	     3324.00	        0.00	785954889.00	        1.00	  8897756.00	       32.00
  9.11	     3129.00	        0.00	785196056.00	        1.00	  8897814.00	       32.00
  9.12	     2929.00	        0.00	784437788.00	        1.00	  8897870.00	       32.00
  9.13	     2792.00	        0.00	783672323.00	        1.00	  8897931.00	       32.00
  9.14	     2607.00	        0.00	782911024.00	        1.00	  8897973.00	       32.00
  9.15	     2453.00	        0.00	782148450.00	        1.00	  8898021.00	       32.00
  9.16	     2295.00	        0.00	781385610.00	        1.00	  8898062.00	       32.00
  9.17	     2170.00	        0.00	780619622.00	        1.00	  8898094.00	       32.00
  9.18	     2054.00	        0.00	779854607.00	        1.00	  8898130.00	       32.00
  9.19	     1963.00	        0.00	779088817.00	        1.00	  8898169.00	       32.00
  9.20	     1859.00	        0.00	778322090.00	        1.00	  8898201.00	       32.00
  9.21	     1762.00	        0.00	777558933.00	        1.00	  8898240.00	       32.00
  9.22	     1639.00	        0.00	776795158.00	        1.00	  8898264.00	       32.00
  9.23	     1528.00	        0.00	776031988.00	        1.00	  8898289.00	       32.00
  9.24	     1408.00	        0.00	775270535.00	        1.00	  8898307.00	       32.00
  9.25	     1324.00	        0.00	774507311.00	        1.00	  8898329.00	       32.00
  9.26	     1245.00	        0.00	773743969.00	        1.00	  8898350.00	       32.00
  9.27	     1179.00	        0.00	772979014.00	        1.00	  8898378.00	       32.00
  9.28	     1118.00	        0.00	772212897.00	        1.00	  8898397.00	       32.00
  9.29	     1058.00	        0.00	771448853.00	        1.00	  8898419.00	       32.00
  9.30	      990.00	        0.00	770686372.00	        1.00	  8898430.00	       32.00
  9.31	      938.00	        0.00	769921507.00	        1.00	  8898446.00	       32.00
  9.32	      871.00	        0.00	769159058.00	        1.00	  8898457.00	       32.00
  9.33	      832.00	        0.00	768397459.00	        1.00	  8898473.00	       32.00
  9.34	      799.00	        0.00	767634060.00	        1.00	  8898489.00	       32.00
  9.35	      753.00	        0.00	766872576.00	        1.00	  8898503.00	       32.00
  9.36	      706.00	        0.00	766113045.00	        1.00	  8898512.00	       32.00
  9.37	      667.00	        0.00	765353054.00	        1.00	  8898528.00	       32.00
  9.38	      616.00	        0.00	764594647.00	        1.00	  8898535.00	       32.00
  9.39	      574.00	        0.00	763835522.00	        1.00	  8898544.00	       32.00
  9.40	      535.00	        0.00	763076800.00	        1.00	  8898547.00	       32.00
  9.41	      507.00	        0.00	762316707.00	        1.00	  8898557.00	       32.00
  9.42	      470.00	        0.00	761559365.00	        1.00	  8898561.00	       32.00
  9.43	      447.00	        0.00	760801968.00	        1.00	  8898567.00	       32.00
  9.44	      415.00	        0.00	760043785.00	        1.00	  8898572.00	       32.00
  9.45	      387.00	        0.00	759287414.00	        1.00	  8898578.00	       32.00
  9.46	      365.00	        0.00	758530965.00	        1.00	  8898583.00	       32.00
  9.47	      343.00	        0.00	757773845.00	        1.00	  8898587.00	       32.00
  9.48	      327.00	        0.00	757017079.00	        1.00	  8898592.00	       32.00
  9.49	      314.00	        0.00	756263134.00	        1.00	  8898599.00	       32.00
  9.50	      295.00	        0.00	755509285.00	        1.00	  8898603.00	       32.00
  9.51	      286.00	        0.00	754756678.00	        1.00	  8898610.00	       32.00
  9.52	      268.00	        0.00	754003891.00	        1.00	  8898611.00	       32.00
  9.53	      256.00	        0.00	753251986.00	        1.00	  8898618.00	       32.00
  9.54	      225.00	        0.00	752501889.00	        1.00	  8898620.00	       32.00
  9.55	      211.00	        0.00	751751431.00	        1.00	  8898621.00	       32.00
  9.56	      200.00	        0.00	751003190.00	        1.00	  8898628.00	       32.00
  9.57	      192.00	        0.00	750252908.00	        1.00	  8898633.00	       32.00
  9.58	      187.00	        0.00	749504611.00	        1.00	  8898637.00	       32.00
  9.59	      181.00	        0.00	748755869.00	        1.00	  8898644.00	       32.00
  9.60	      162.00	        0.00	748009870.00	        1.00	  8898644.00	       32.00
  9.61	      154.00	        0.00	747263017.00	        1.00	  8898649.00	       32.00
  9.62	      140.00	        0.00	746516838.00	        1.00	  8898651.00	       32.00
  9.63	      130.00	        0.00	745770693.00	        1.00	  8898654.00	       32.00
  9.64	      128.00	        0.00	745025964.00	        1.00	  8898658.00	       32.00
  9.65	      123.00	        0.00	744282273.00	        1.00	  8898661.00	       32.00
  9.66	      117.00	        0.00	743540679.00	        1.00	  8898662.00	       32.00
  9.67	      112.00	        0.00	742797809.00	        1.00	  8898663.00	       32.00
  9.68	      108.00	        0.00	742056995.00	        1.00	  8898665.00	       32.00
  9.69	      103.00	        0.00	741315665.00	        1.00	  8898666.00	       32.00
  9.70	       95.00	        0.00	740574884.00	        1.00	  8898667.00	       32.00
  9.71	       91.00	        0.00	739836044.00	        1.00	  8898668.00	       32.00
  9.72	       87.00	        0.00	739096333.00	        1.00	  8898671.00	       32.00
  9.73	       84.00	        0.00	738358482.00	        1.00	  8898673.00	       32.00
  9.74	       82.00	        0.00	737621679.00	        1.00	  8898675.00	       32.00
  9.75	       74.00	        0.00	736885972.00	        1.00	  8898676.00	       32.00
  9.76	       71.00	        0.00	736150494.00	        1.00	  8898677.00	       32.00
  9.77	       64.00	        0.00	735414734.00	        1.00	  8898677.00	       32.00
  9.78	       56.00	        0.00	734680022.00	        1.00	  8898678.00	       32.00
  9.79	       53.00	        0.00	733945197.00	        1.00	  8898679.00	       32.00
  9.80	       51.00	        0.00	733210965.00	        1.00	  8898681.00	       32.00
  9.81	       46.00	        0.00	732478525.00	        1.00	  8898681.00	       32.00
  9.82	       42.00	        0.00	731747323.00	        1.00	  8898681.00	       32.00
  9.83	       38.00	        0.00	731017966.00	        1.00	  8898682.00	       32.00
  9.84	       33.00	        0.00	730289130.00	        1.00	  8898684.00	       32.00
  9.85	       31.00	        0.00	729559608.00	        1.00	  8898684.00	       31.00
  9.86	       32.00	        0.00	728828898.00	        1.00	  8898687.00	       31.00
  9.87	       30.00	        0.00	728100215.00	        1.00	  8898687.00	       30.00
  9.88	       29.00	        0.00	727371517.00	        1.00	  8898687.00	       29.00
  9.89	       25.00	        0.00	726645073.00	        1.00	  8898687.00	       25.00
  9.90	       23.00	        0.00	725919593.00	        1.00	  8898687.00	       23.00
  9.91	       20.00	        0.00	725193794.00	        1.00	  8898687.00	       20.00
  9.92	       19.00	        0.00	724468402.00	        1.00	  8898687.00	       19.00
  9.93	       19.00	        0.00	723743167.00	        1.00	  8898687.00	       19.00
  9.94	       19.00	        0.00	723020371.00	        1.00	  8898687.00	       19.00
  9.95	       16.00	        0.00	722299240.00	        1.00	  8898687.00	       16.00
  9.96	       16.00	        0.00	721576792.00	        1.00	  8898687.00	       16.00
  9.97	       15.00	        0.00	720855859.00	        1.00	  8898688.00	       15.00
  9.98	       15.00	        0.00	720136367.00	        1.00	  8898688.00	       15.00
  9.99	       13.00	        0.00	719417338.00	        1.00	  8898688.00	       13.00
 10.00	       12.00	        0.00	718697901.00	        1.00	  8898688.00	       12.00
 10.01	       11.00	        0.00	717979612.00	        1.00	  8898688.00	       11.00
 10.02	       10.00	        0.00	717261370.00	        1.00	  8898688.00	       10.00
 10.03	       10.00	        0.00	716546305.00	        1.00	  8898688.00	       10.00
 10.04	       10.00	        0.00	715830690.00	        1.00	  8898689.00	       10.00
 10.05	       10.00	        0.00	715115982.00	        1.00	  8898689.00	       10.00
 10.06	        9.00	        0.00	714400181.00	        1.00	  8898689.00	        9.00
 10.07	        9.00	        0.00	713685953.00	        1.00	  8898690.00	        9.00
 10.08	        7.00	        0.00	712972927.00	        1.00	  8898690.00	        7.00
 10.09	        7.00	        0.00	712260419.00	        1.00	  8898690.00	        7.00
 10.10	        6.00	        0.00	711550787.00	        1.00	  8898690.00	        6.00
 10.11	        6.00	        0.00	710839426.00	        1.00	  8898690.00	        6.00
 10.12	        6.00	        0.00	710128156.00	        1.00	  8898690.00	        6.00
 10.13	        6.00	        0.00	709417957.00	        1.00	  8898690.00	        6.00
 10.14	        6.00	        0.00	708709559.00	        1.00	  8898690.00	        6.00
 10.15	        6.00	        0.00	708001009.00	        1.00	  8898690.00	        6.00
 10.16	        6.00	        0.00	707293770.00	        1.00	  8898690.00	        6.00
 10.17	        5.00	        0.00	706587385.00	        1.00	  8898690.00	        5.00
 10.18	        5.00	        0.00	705879721.00	        1.00	  8898690.00	        5.00
 10.19	        4.00	        0.00	705174431.00	        1.00	  8898690.00	        4.00
 10.20	        4.00	        0.00	704468692.00	        1.00	  8898690.00	        4.00
 10.21	        4.00	        0.00	703764296.00	        1.00	  8898690.00	        4.00
 10.22	        4.00	        0.00	703060811.00	        1.00	  8898690.00	        4.00
 10.23	        4.00	        0.00	702357505.00	        1.00	  8898690.00	        4.00
 10.24	        3.00	        0.00	701657388.00	        1.00	  8898690.00	        3.00
 10.25	        3.00	        0.00	700957476.00	        1.00	  8898690.00	        3.00
 10.26	        3.00	        0.00	700257079.00	        1.00	  8898690.00	        3.00
 10.27	        3.00	        0.00	699557801.00	        1.00	  8898690.00	        3.00
 10.28	        4.00	        0.00	698858398.00	        1.00	  8898691.00	        3.00
 10.29	        4.00	        0.00	698160295.00	        1.00	  8898691.00	        3.00
 10.30	        4.00	        0.00	697463128.00	        1.00	  8898691.00	        3.00
 10.31	        4.00	        0.00	696765860.00	        1.00	  8898691.00	        3.00
 10.32	        4.00	        0.00	696069158.00	        1.00	  8898691.00	        3.00
 10.33	        5.00	        0.00	695372985.00	        1.00	  8898692.00	        3.00
 10.34	        5.00	        0.00	694676757.00	        1.00	  8898692.00	        3.00
 10.35	        5.00	        0.00	693981865.00	        1.00	  8898692.00	        3.00
 10.36	        5.00	        0.00	693287699.00	        1.00	  8898692.00	        3.00
 10.37	        5.00	        0.00	692593486.00	        1.00	  8898692.00	        3.00
 10.38	        5.00	        0.00	691901446.00	        1.00	  8898692.00	        3.00
 10.39	        5.00	        0.00	691210638.00	        1.00	  8898692.00	        3.00
 10.40	        4.00	        0.00	690518530.00	        1.00	  8898692.00	        3.00
 10.41	        4.00	        0.00	689828408.00	        1.00	  8898692.00	        3.00
 10.42	        3.00	        0.00	689138255.00	        1.00	  8898692.00	        3.00
 10.43	        3.00	        0.00	688450774.00	        1.00	  8898692.00	        3.00
 10.44	        2.00	        0.00	687762467.00	        1.00	  8898692.00	        2.00
 10.45	        2.00	        0.00	687076251.00	        1.00	  8898692.00	        2.00
 10.46	        2.00	        0.00	686388750.00	        1.00	  8898692.00	        2.00
 10.47	        2.00	        0.00	685701475.00	        1.00	  8898692.00	        2.00
 10.48	        2.00	        0.00	685015754.00	        1.00	  8898692.00	        2.00
 10.49	        1.00	        0.00	684329042.00	        1.00	  8898692.00	        1.00
 10.50	        2.00	        0.00	683644520.00	        1.00	  8898693.00	        1.00
 10.51	        2.00	        0.00	682961663.00	        1.00	  8898693.00	        1.00
 10.52	        2.00	        0.00	682278156.00	        1.00	  8898693.00	        1.00
 10.53	        1.00	        0.00	681596677.00	        1.00	  8898693.00	        1.00
 10.54	        1.00	        0.00	680916601.00	        1.00	  8898693.00	        1.00
 10.55	        1.00	        0.00	680235338.00	        1.00	  8898693.00	        1.00
 10.56	        1.00	        0.00	679554487.00	        1.00	  8898693.00	        1.00
 10.57	        1.00	        0.00	678875626.00	        1.00	  8898693.00	        1.00
 10.58	        1.00	        0.00	678196996.00	        1.00	  8898693.00	        1.00
 10.59	        0.00	        0.00	677519170.00	        0.00	  8898693.00	        0.00
