Datatype: PopulationSize
  0.00	        1.00	        0.00	   600000.00	        1.00	        0.00	        1.00
  0.01	        1.00	        0.00	   599983.00	        1.00	        0.00	        1.00
  0.02	        1.00	        0.00	   599970.00	        1.00	        0.00	        1.00
  0.03	        1.00	        0.00	   599953.00	        1.00	        0.00	        1.00
  0.04	        1.00	        0.00	   599931.00	        1.00	        0.00	        1.00
  0.05	        1.00	        0.00	   599914.00	        1.00	        0.00	        1.00
  0.06	        1.00	        0.00	   599900.00	        1.00	        0.00	        1.00
  0.07	        1.00	        0.00	   599880.00	        1.00	        0.00	        1.00
  0.08	        1.00	        0.00	   599867.00	        1.00	        0.00	        1.00
  0.09	        1.00	        0.00	   599853.00	        1.00	        0.00	        1.00
  0.10	        1.00	        0.00	   599838.00	        1.00	        0.00	        1.00
  0.11	        1.00	        0.00	   599827.00	        1.00	        0.00	        1.00
  0.12	        1.00	        0.00	   599810.00	        1.00	        0.00	        1.00
  0.13	        1.00	        0.00	   599792.00	        1.00	        0.00	        1.00
  0.14	        1.00	        0.00	   599776.00	        1.00	        0.00	        1.00
  0.15	        1.00	        0.00	   599759.00	        1.00	        0.00	        1.00
  0.16	        1.00	        0.00	   599735.00	        1.00	        0.00	        1.00
  0.17	        1.00	        0.00	   599717.00	        1.00	        0.00	        1.00
  0.18	        1.00	        0.00	   599705.00	        1.00	        0.00	        1.00
  0.19	        1.00	        0.00	   599692.00	        1.00	        0.00	        1.00
  0.20	        1.00	        0.00	   599668.00	        1.00	        0.00	        1.00
  0.21	        1.00	        0.00	   599644.00	        1.00	        0.00	        1.00
  0.22	        1.00	        0.00	   599629.00	        1.00	        0.00	        1.00
  0.23	        1.00	        0.00	   599610.00	        1.00	        0.00	        1.00
  0.24	        1.00	        0.00	   599600.00	        1.00	        0.00	        1.00
  0.25	        1.00	        0.00	   599579.00	        1.00	        0.00	        1.00
  0.26	        1.00	        0.00	   599555.00	        1.00	        0.00	        1.00
  0.27	        1.00	        0.00	   599534.00	        1.00	        0.00	        1.00
  0.28	        1.00	        0.00	   599521.00	        1.00	        0.00	        1.00
  0.29	        1.00	        0.00	   599504.00	        1.00	        0.00	        1.00
  0.30	        1.00	        0.00	   599489.00	        1.00	        0.00	        1.00
  0.31	        1.00	        0.00	   599472.00	        1.00	        0.00	        1.00
  0.32	        1.00	        0.00	   599446.00	        1.00	        0.00	        1.00
  0.33	        1.00	        0.00	   599430.00	        1.00	        0.00	        1.00
  0.34	        1.00	        0.00	   599410.00	        1.00	        0.00	        1.00
  0.35	        1.00	        0.00	   599389.00	        1.00	        0.00	        1.00
  0.36	        1.00	        0.00	   599372.00	        1.00	        0.00	        1.00
  0.37	        1.00	        0.00	   599355.00	        1.00	        0.00	        1.00
  0.38	        1.00	        0.00	   599331.00	        1.00	        0.00	        1.00
  0.39	        1.00	        0.00	   599318.00	        1.00	        0.00	        1.00
  0.40	        1.00	        0.00	   599305.00	        1.00	        0.00	        1.00
  0.41	        1.00	        0.00	   599284.00	        1.00	        0.00	        1.00
  0.42	        1.00	        0.00	   599266.00	        1.00	        0.00	        1.00
  0.43	        1.00	        0.00	   599248.00	        1.00	        0.00	        1.00
  0.44	        1.00	        0.00	   599230.00	        1.00	        0.00	        1.00
  0.45	        1.00	        0.00	   599205.00	        1.00	        0.00	        1.00
  0.46	        1.00	        0.00	   599191.00	        1.00	        0.00	        1.00
  0.47	        1.00	        0.00	   599167.00	        1.00	        0.00	        1.00
  0.48	        1.00	        0.00	   599145.00	        1.00	        0.00	        1.00
  0.49	        1.00	        0.00	   599126.00	        1.00	        0.00	        1.00
  0.50	        1.00	        0.00	   599115.00	        1.00	        0.00	        1.00
  0.51	        1.00	        0.00	   599090.00	        1.00	        0.00	        1.00
  0.52	        1.00	        0.00	   599071.00	        1.00	        0.00	        1.00
  0.53	        1.00	        0.00	   599051.00	        1.00	        0.00	        1.00
  0.54	        1.00	        0.00	   599029.00	        1.00	        0.00	        1.00
  0.55	        1.00	        0.00	   599004.00	        1.00	        0.00	        1.00
  0.56	        1.00	        0.00	   598986.00	        1.00	        0.00	        1.00
  0.57	        1.00	        0.00	   598974.00	        1.00	        0.00	        1.00
  0.58	        1.00	        0.00	   598960.00	        1.00	        0.00	        1.00
  0.59	        1.00	        0.00	   598949.00	        1.00	        0.00	        1.00
  0.60	        1.00	        0.00	   598935.00	        1.00	        0.00	        1.00
  0.61	        1.00	        0.00	   598908.00	        1.00	        0.00	        1.00
  0.62	        1.00	        0.00	   598889.00	        1.00	        0.00	        1.00
  0.63	        1.00	        0.00	   598865.00	        1.00	        0.00	        1.00
  0.64	        1.00	        0.00	   598848.00	        1.00	        0.00	        1.00
  0.65	        1.00	        0.00	   598836.00	        1.00	        0.00	        1.00
  0.66	        1.00	        0.00	   598813.00	        1.00	        0.00	        1.00
  0.67	        1.00	        0.00	   598799.00	        1.00	        0.00	        1.00
  0.68	        2.00	        0.00	   598781.00	        1.00	        1.00	        1.00
  0.69	        2.00	        0.00	   598767.00	        1.00	        1.00	        1.00
  0.70	        2.00	        0.00	   598745.00	        1.00	        1.00	        1.00
  0.71	        2.00	        0.00	   598721.00	        1.00	        1.00	        1.00
  0.72	        2.00	        0.00	   598701.00	        1.00	        1.00	        1.00
  0.73	        2.00	        0.00	   598694.00	        1.00	        1.00	        1.00
  0.74	        2.00	        0.00	   598675.00	        1.00	        1.00	        1.00
  0.75	        2.00	        0.00	   598659.00	        1.00	        1.00	        1.00
  0.76	        2.00	        0.00	   598642.00	        1.00	        1.00	        1.00
  0.77	        2.00	        0.00	   598610.00	        1.00	        1.00	        1.00
  0.78	        2.00	        0.00	   598593.00	        1.00	        1.00	        1.00
  0.79	        2.00	        0.00	   598573.00	        1.00	        1.00	        1.00
  0.80	        2.00	        0.00	   598555.00	        1.00	        1.00	        1.00
  0.81	        2.00	        0.00	   598534.00	        1.00	        1.00	        1.00
  0.82	        2.00	        0.00	   598516.00	        1.00	        1.00	        1.00
  0.83	        2.00	        0.00	   598493.00	        1.00	        1.00	        1.00
  0.84	        2.00	        0.00	   598470.00	        1.00	        1.00	        1.00
  0.85	        2.00	        0.00	   598453.00	        1.00	        1.00	        1.00
  0.86	        2.00	        0.00	   598435.00	        1.00	        1.00	        1.00
  0.87	        2.00	        0.00	   598417.00	        1.00	        1.00	        1.00
  0.88	        3.00	        0.00	   598396.00	        1.00	        2.00	        1.00
  0.89	        3.00	        0.00	   598381.00	        1.00	        2.00	        1.00
  0.90	        3.00	        0.00	   598372.00	        1.00	        2.00	        1.00
  0.91	        3.00	        0.00	   598355.00	        1.00	        2.00	        1.00
  0.92	        3.00	        0.00	   598339.00	        1.00	        2.00	        1.00
  0.93	        3.00	        0.00	   598321.00	        1.00	        2.00	        1.00
  0.94	        3.00	        0.00	   598298.00	        1.00	        2.00	        1.00
  0.95	        3.00	        0.00	   598281.00	        1.00	        2.00	        1.00
  0.96	        3.00	        0.00	   598264.00	        1.00	        2.00	        1.00
  0.97	        3.00	        0.00	   598247.00	        1.00	        2.00	        1.00
  0.98	        3.00	        0.00	   598227.00	        1.00	        2.00	        1.00
  0.99	        3.00	        0.00	   598204.00	        1.00	        2.00	        1.00
  1.00	        3.00	        0.00	   598181.00	        1.00	        2.00	        1.00
  1.01	        3.00	        0.00	   598167.00	        1.00	        2.00	        1.00
  1.02	        3.00	        0.00	   598157.00	        1.00	        2.00	        1.00
  1.03	        3.00	        0.00	   598142.00	        1.00	        2.00	        1.00
  1.04	        4.00	        0.00	   598119.00	        1.00	        3.00	        1.00
  1.05	        4.00	        0.00	   598098.00	        1.00	        3.00	        1.00
  1.06	        4.00	        0.00	   598060.00	        1.00	        3.00	        1.00
  1.07	        5.00	        0.00	   598041.00	        1.00	        4.00	        1.00
  1.08	        5.00	        0.00	   598019.00	        1.00	        4.00	        1.00
  1.09	        5.00	        0.00	   598001.00	        1.00	        4.00	        1.00
  1.10	        5.00	        0.00	   597985.00	        1.00	        4.00	        1.00
  1.11	        5.00	        0.00	   597971.00	        1.00	        4.00	        1.00
  1.12	        5.00	        0.00	   597951.00	        1.00	        4.00	        1.00
  1.13	        5.00	        0.00	   597932.00	        1.00	        4.00	        1.00
  1.14	        5.00	        0.00	   597910.00	        1.00	        4.00	        1.00
  1.15	        5.00	        0.00	   597901.00	        1.00	        4.00	        1.00
  1.16	        5.00	        0.00	   597886.00	        1.00	        4.00	        1.00
  1.17	        5.00	        0.00	   597872.00	        1.00	        4.00	        1.00
  1.18	        6.00	        0.00	   597860.00	        1.00	        5.00	        1.00
  1.19	        6.00	        0.00	   597840.00	        1.00	        5.00	        1.00
  1.20	        6.00	        0.00	   597824.00	        1.00	        5.00	        1.00
  1.21	        6.00	        0.00	   597805.00	        1.00	        5.00	        1.00
  1.22	        6.00	        0.00	   597794.00	        1.00	        5.00	        1.00
  1.23	        6.00	        0.00	   597777.00	        1.00	        5.00	        1.00
  1.24	        6.00	        0.00	   597758.00	        1.00	        5.00	        1.00
  1.25	        6.00	        0.00	   597737.00	        1.00	        5.00	        1.00
  1.26	        6.00	        0.00	   597710.00	        1.00	        5.00	        1.00
  1.27	        6.00	        0.00	   597693.00	        1.00	        5.00	        1.00
  1.28	        6.00	        0.00	   597677.00	        1.00	        5.00	        1.00
  1.29	        6.00	        0.00	   597657.00	        1.00	        5.00	        1.00
  1.30	        6.00	        0.00	   597641.00	        1.00	        5.00	        1.00
  1.31	        6.00	        0.00	   597617.00	        1.00	        5.00	        1.00
  1.32	        6.00	        0.00	   597602.00	        1.00	        5.00	        1.00
  1.33	        6.00	        0.00	   597586.00	        1.00	        5.00	        1.00
  1.34	        6.00	        0.00	   597573.00	        1.00	        5.00	        1.00
  1.35	        6.00	        0.00	   597552.00	        1.00	        5.00	        1.00
  1.36	        6.00	        0.00	   597534.00	        1.00	        5.00	        1.00
  1.37	        6.00	        0.00	   597509.00	        1.00	        5.00	        1.00
  1.38	        6.00	        0.00	   597485.00	        1.00	        5.00	        1.00
  1.39	        6.00	        0.00	   597463.00	        1.00	        5.00	        1.00
  1.40	        6.00	        0.00	   597439.00	        1.00	        5.00	        1.00
  1.41	        6.00	        0.00	   597420.00	        1.00	        5.00	        1.00
  1.42	        5.00	        1.00	   597400.00	        1.00	        5.00	        1.00
  1.43	        5.00	        1.00	   597367.00	        1.00	        5.00	        1.00
  1.44	        5.00	        1.00	   597351.00	        1.00	        5.00	        1.00
  1.45	        5.00	        1.00	   597332.00	        1.00	        5.00	        1.00
  1.46	        5.00	        1.00	   597318.00	        1.00	        5.00	        1.00
  1.47	        5.00	        1.00	   597303.00	        1.00	        5.00	        1.00
  1.48	        5.00	        1.00	   597287.00	        1.00	        5.00	        1.00
  1.49	        6.00	        1.00	   597268.00	        1.00	        6.00	        1.00
  1.50	        6.00	        1.00	   597244.00	        1.00	        6.00	        1.00
  1.51	        6.00	        1.00	   597219.00	        1.00	        6.00	        1.00
  1.52	        6.00	        1.00	   597205.00	        1.00	        6.00	        1.00
  1.53	        7.00	        1.00	   597181.00	        1.00	        7.00	        1.00
  1.54	        7.00	        1.00	   597154.00	        1.00	        7.00	        1.00
  1.55	        7.00	        1.00	   597141.00	        1.00	        7.00	        1.00
  1.56	        7.00	        1.00	   597115.00	        1.00	        7.00	        1.00
  1.57	        7.00	        1.00	   597095.00	        1.00	        7.00	        1.00
  1.58	        7.00	        1.00	   597080.00	        1.00	        7.00	        1.00
  1.59	        7.00	        1.00	   597068.00	        1.00	        7.00	        1.00
  1.60	        7.00	        1.00	   597055.00	        1.00	        7.00	        1.00
  1.61	        7.00	        1.00	   597038.00	        1.00	        7.00	        1.00
  1.62	        7.00	        1.00	   597019.00	        1.00	        7.00	        1.00
  1.63	        7.00	        1.00	   597003.00	        1.00	        7.00	        1.00
  1.64	        7.00	        1.00	   596987.00	        1.00	        7.00	        1.00
  1.65	        7.00	        1.00	   596977.00	        1.00	        7.00	        1.00
  1.66	        7.00	        1.00	   596964.00	        1.00	        7.00	        1.00
  1.67	        7.00	        1.00	   596944.00	        1.00	        7.00	        1.00
  1.68	        7.00	        1.00	   596924.00	        1.00	        7.00	        1.00
  1.69	        7.00	        1.00	   596909.00	        1.00	        7.00	        1.00
  1.70	        7.00	        1.00	   596887.00	        1.00	        7.00	        1.00
  1.71	        7.00	        1.00	   596870.00	        1.00	        7.00	        1.00
  1.72	        7.00	        1.00	   596859.00	        1.00	        7.00	        1.00
  1.73	        7.00	        1.00	   596840.00	        1.00	        7.00	        1.00
  1.74	        8.00	        1.00	   596819.00	        1.00	        8.00	        1.00
  1.75	        8.00	        1.00	   596800.00	        1.00	        8.00	        1.00
  1.76	        8.00	        1.00	   596785.00	        1.00	        8.00	        1.00
  1.77	       10.00	        1.00	   596761.00	        1.00	       10.00	        1.00
  1.78	       10.00	        1.00	   596745.00	        1.00	       10.00	        1.00
  1.79	       10.00	        1.00	   596728.00	        1.00	       10.00	        1.00
  1.80	       10.00	        1.00	   596705.00	        1.00	       10.00	        1.00
  1.81	       10.00	        1.00	   596686.00	        1.00	       10.00	        1.00
  1.82	       10.00	        1.00	   596668.00	        1.00	       10.00	        1.00
  1.83	       10.00	        1.00	   596644.00	        1.00	       10.00	        1.00
  1.84	       10.00	        1.00	   596635.00	        1.00	       10.00	        1.00
  1.85	       10.00	        1.00	   596614.00	        1.00	       10.00	        1.00
  1.86	       10.00	        1.00	   596593.00	        1.00	       10.00	        1.00
  1.87	       10.00	        1.00	   596572.00	        1.00	       10.00	        1.00
  1.88	       10.00	        1.00	   596555.00	        1.00	       10.00	        1.00
  1.89	       10.00	        1.00	   596539.00	        1.00	       10.00	        1.00
  1.90	       10.00	        1.00	   596525.00	        1.00	       10.00	        1.00
  1.91	       10.00	        1.00	   596508.00	        1.00	       10.00	        1.00
  1.92	       10.00	        1.00	   596491.00	        1.00	       10.00	        1.00
  1.93	       10.00	        1.00	   596472.00	        1.00	       10.00	        1.00
  1.94	       10.00	        1.00	   596455.00	        1.00	       10.00	        1.00
  1.95	       10.00	        1.00	   596438.00	        1.00	       10.00	        1.00
  1.96	       10.00	        1.00	   596420.00	        1.00	       10.00	        1.00
  1.97	       10.00	        1.00	   596407.00	        1.00	       10.00	        1.00
  1.98	       10.00	        1.00	   596395.00	        1.00	       10.00	        1.00
  1.99	       10.00	        1.00	   596375.00	        1.00	       10.00	        1.00
  2.00	       10.00	        1.00	   596354.00	        1.00	       10.00	        1.00
  2.01	       10.00	        1.00	   596331.00	        1.00	       10.00	        1.00
  2.02	       10.00	        1.00	   596317.00	        1.00	       10.00	        1.00
  2.03	        7.00	        4.00	   596299.00	        1.00	       10.00	        1.00
  2.04	        7.00	        4.00	   596286.00	        1.00	       10.00	        1.00
  2.05	        7.00	        4.00	   596272.00	        1.00	       10.00	        1.00
  2.06	        7.00	        4.00	   596251.00	        1.00	       10.00	        1.00
  2.07	        6.00	        5.00	   596227.00	        1.00	       10.00	        1.00
  2.08	        5.00	        6.00	   596197.00	        1.00	       10.00	        1.00
  2.09	        5.00	        6.00	   596178.00	        1.00	       10.00	        1.00
  2.10	        5.00	        6.00	   596157.00	        1.00	       10.00	        1.00
  2.11	        5.00	        6.00	   596141.00	        1.00	       10.00	        1.00
  2.12	        5.00	        6.00	   596119.00	        1.00	       10.00	        1.00
  2.13	        5.00	        6.00	   596100.00	        1.00	       10.00	        1.00
  2.14	        5.00	        6.00	   596076.00	        1.00	       10.00	        1.00
  2.15	        5.00	        6.00	   596056.00	        1.00	       10.00	        1.00
  2.16	        8.00	        6.00	   596038.00	        1.00	       13.00	        1.00
  2.17	        8.00	        6.00	   596022.00	        1.00	       13.00	        1.00
  2.18	        8.00	        6.00	   596005.00	        1.00	       13.00	        1.00
  2.19	        8.00	        6.00	   595990.00	        1.00	       13.00	        1.00
  2.20	        8.00	        6.00	   595974.00	        1.00	       13.00	        1.00
  2.21	        8.00	        6.00	   595960.00	        1.00	       13.00	        1.00
  2.22	        8.00	        6.00	   595945.00	        1.00	       13.00	        1.00
  2.23	        8.00	        6.00	   595927.00	        1.00	       13.00	        1.00
  2.24	        8.00	        6.00	   595908.00	        1.00	       13.00	        1.00
  2.25	        8.00	        6.00	   595888.00	        1.00	       13.00	        1.00
  2.26	        8.00	        6.00	   595872.00	        1.00	       13.00	        1.00
  2.27	        9.00	        6.00	   595847.00	        1.00	       14.00	        1.00
  2.28	        9.00	        6.00	   595829.00	        1.00	       14.00	        1.00
  2.29	        9.00	        6.00	   595804.00	        1.00	       14.00	        1.00
  2.30	        9.00	        6.00	   595788.00	        1.00	       14.00	        1.00
  2.31	        9.00	        6.00	   595771.00	        1.00	       14.00	        1.00
  2.32	        8.00	        7.00	   595746.00	        1.00	       14.00	        1.00
  2.33	        8.00	        7.00	   595731.00	        1.00	       14.00	        1.00
  2.34	        8.00	        7.00	   595718.00	        1.00	       14.00	        1.00
  2.35	        8.00	        7.00	   595695.00	        1.00	       14.00	        1.00
  2.36	        8.00	        7.00	   595675.00	        1.00	       14.00	        1.00
  2.37	        8.00	        7.00	   595662.00	        1.00	       14.00	        1.00
  2.38	        8.00	        7.00	   595647.00	        1.00	       14.00	        1.00
  2.39	        8.00	        7.00	   595622.00	        1.00	       14.00	        1.00
  2.40	        8.00	        7.00	   595604.00	        1.00	       14.00	        1.00
  2.41	        8.00	        7.00	   595591.00	        1.00	       14.00	        1.00
  2.42	        8.00	        7.00	   595576.00	        1.00	       14.00	        1.00
  2.43	        8.00	        7.00	   595561.00	        1.00	       14.00	        1.00
  2.44	        8.00	        7.00	   595537.00	        1.00	       14.00	        1.00
  2.45	        9.00	        7.00	   595520.00	        1.00	       15.00	        1.00
  2.46	        9.00	        7.00	   595495.00	        1.00	       15.00	        1.00
  2.47	        9.00	        7.00	   595475.00	        1.00	       15.00	        1.00
  2.48	        9.00	        7.00	   595458.00	        1.00	       15.00	        1.00
  2.49	        9.00	        7.00	   595446.00	        1.00	       15.00	        1.00
  2.50	        9.00	        7.00	   595422.00	        1.00	       15.00	        1.00
  2.51	        9.00	        7.00	   595407.00	        1.00	       15.00	        1.00
  2.52	        9.00	        7.00	   595393.00	        1.00	       15.00	        1.00
  2.53	        9.00	        7.00	   595375.00	        1.00	       15.00	        1.00
  2.54	        9.00	        7.00	   595361.00	        1.00	       15.00	        1.00
  2.55	        9.00	        7.00	   595342.00	        1.00	       15.00	        1.00
  2.56	        9.00	        7.00	   595325.00	        1.00	       15.00	        1.00
  2.57	        9.00	        7.00	   595307.00	        1.00	       15.00	        1.00
  2.58	        9.00	        7.00	   595285.00	        1.00	       15.00	        1.00
  2.59	        9.00	        7.00	   595254.00	        1.00	       15.00	        1.00
  2.60	        9.00	        7.00	   595244.00	        1.00	       15.00	        1.00
  2.61	        9.00	        7.00	   595227.00	        1.00	       15.00	        1.00
  2.62	        9.00	        7.00	   595208.00	        1.00	       15.00	        1.00
  2.63	        9.00	        7.00	   595181.00	        1.00	       15.00	        1.00
  2.64	        9.00	        7.00	   595162.00	        1.00	       15.00	        1.00
  2.65	        8.00	        8.00	   595139.00	        1.00	       15.00	        1.00
  2.66	        7.00	        9.00	   595122.00	        1.00	       15.00	        1.00
  2.67	        7.00	        9.00	   595110.00	        1.00	       15.00	        1.00
  2.68	        7.00	        9.00	   595097.00	        1.00	       15.00	        1.00
  2.69	        7.00	        9.00	   595082.00	        1.00	       15.00	        1.00
  2.70	        7.00	        9.00	   595067.00	        1.00	       15.00	        1.00
  2.71	        7.00	        9.00	   595046.00	        1.00	       15.00	        1.00
  2.72	        8.00	        9.00	   595023.00	        1.00	       16.00	        1.00
  2.73	        8.00	        9.00	   595010.00	        1.00	       16.00	        1.00
  2.74	        8.00	        9.00	   594991.00	        1.00	       16.00	        1.00
  2.75	        8.00	        9.00	   594974.00	        1.00	       16.00	        1.00
  2.76	        8.00	        9.00	   594949.00	        1.00	       16.00	        1.00
  2.77	        8.00	        9.00	   594932.00	        1.00	       16.00	        1.00
  2.78	        8.00	        9.00	   594924.00	        1.00	       16.00	        1.00
  2.79	        9.00	        9.00	   594909.00	        1.00	       17.00	        1.00
  2.80	        9.00	        9.00	   594888.00	        1.00	       17.00	        1.00
  2.81	        9.00	        9.00	   594873.00	        1.00	       17.00	        1.00
  2.82	        9.00	        9.00	   594859.00	        1.00	       17.00	        1.00
  2.83	        9.00	        9.00	   594841.00	        1.00	       17.00	        1.00
  2.84	        9.00	        9.00	   594826.00	        1.00	       17.00	        1.00
  2.85	        9.00	        9.00	   594808.00	        1.00	       17.00	        1.00
  2.86	        9.00	        9.00	   594784.00	        1.00	       17.00	        1.00
  2.87	        9.00	        9.00	   594768.00	        1.00	       17.00	        1.00
  2.88	        9.00	        9.00	   594756.00	        1.00	       17.00	        1.00
  2.89	        9.00	        9.00	   594736.00	        1.00	       17.00	        1.00
  2.90	        9.00	        9.00	   594728.00	        1.00	       17.00	        1.00
  2.91	       10.00	       10.00	   594710.00	        1.00	       19.00	        1.00
  2.92	        0.00	       19.00	   594887.00	        0.00	       19.00	        1.00
  2.93	        0.00	       19.00	   594864.00	        0.00	       19.00	        1.00
  2.94	        0.00	       19.00	   594846.00	        0.00	       19.00	        1.00
  2.95	        0.00	       19.00	   594837.00	        0.00	       19.00	        1.00
  2.96	        0.00	       19.00	   594821.00	        0.00	       19.00	        1.00
  2.97	        0.00	       19.00	   594804.00	        0.00	       19.00	        1.00
  2.98	        0.00	       19.00	   594779.00	        0.00	       19.00	        1.00
  2.99	        0.00	       19.00	   594761.00	        0.00	       19.00	        1.00
  3.00	        0.00	       19.00	   594747.00	        0.00	       19.00	        1.00
  3.01	        0.00	       19.00	   594729.00	        0.00	       19.00	        1.00
  3.02	        0.00	       19.00	   594713.00	        0.00	       19.00	        1.00
  3.03	        0.00	       19.00	   594700.00	        0.00	       19.00	        1.00
  3.04	        0.00	       19.00	   594693.00	        0.00	       19.00	        1.00
  3.05	        0.00	       19.00	   594669.00	        0.00	       19.00	        1.00
  3.06	        0.00	       19.00	   594655.00	        0.00	       19.00	        1.00
  3.07	        0.00	       19.00	   594636.00	        0.00	       19.00	        1.00
  3.08	        0.00	       19.00	   594617.00	        0.00	       19.00	        1.00
  3.09	        0.00	       19.00	   594594.00	        0.00	       19.00	        1.00
  3.10	        0.00	       19.00	   594571.00	        0.00	       19.00	        1.00
  3.11	        0.00	       19.00	   594551.00	        0.00	       19.00	        1.00
  3.12	        0.00	       19.00	   594534.00	        0.00	       19.00	        1.00
  3.13	        0.00	       19.00	   594515.00	        0.00	       19.00	        1.00
  3.14	        0.00	       19.00	   594498.00	        0.00	       19.00	        1.00
  3.15	        0.00	       18.00	   594676.00	        0.00	       19.00	        1.00
  3.16	        0.00	       17.00	   594858.00	        0.00	       19.00	        1.00
  3.17	        0.00	       16.00	   595030.00	        0.00	       19.00	        1.00
  3.18	        0.00	       16.00	   595013.00	        0.00	       19.00	        1.00
  3.19	        0.00	       16.00	   594994.00	        0.00	       19.00	        1.00
  3.20	        0.00	       16.00	   594976.00	        0.00	       19.00	        1.00
  3.21	        0.00	       16.00	   594954.00	        0.00	       19.00	        1.00
  3.22	        0.00	       16.00	   594935.00	        0.00	       19.00	        1.00
  3.23	        0.00	       16.00	   594919.00	        0.00	       19.00	        1.00
  3.24	        0.00	       16.00	   594899.00	        0.00	       19.00	        1.00
  3.25	        0.00	       16.00	   594882.00	        0.00	       19.00	        1.00
  3.26	        0.00	       16.00	   594858.00	        0.00	       19.00	        1.00
  3.27	        0.00	       16.00	   594848.00	        0.00	       19.00	        1.00
  3.28	        0.00	       16.00	   594825.00	        0.00	       19.00	        1.00
  3.29	        0.00	       16.00	   594809.00	        0.00	       19.00	        1.00
  3.30	        0.00	       16.00	   594790.00	        0.00	       19.00	        1.00
  3.31	        0.00	       16.00	   594770.00	        0.00	       19.00	        1.00
  3.32	        0.00	       16.00	   594741.00	        0.00	       19.00	        1.00
  3.33	        0.00	       16.00	   594715.00	        0.00	       19.00	        1.00
  3.34	        0.00	       16.00	   594704.00	        0.00	       19.00	        1.00
  3.35	        0.00	       16.00	   594685.00	        0.00	       19.00	        1.00
  3.36	        0.00	       16.00	   594671.00	        0.00	       19.00	        1.00
  3.37	        0.00	       16.00	   594653.00	        0.00	       19.00	        1.00
  3.38	        0.00	       16.00	   594642.00	        0.00	       19.00	        1.00
  3.39	        0.00	       16.00	   594620.00	        0.00	       19.00	        1.00
  3.40	        0.00	       15.00	   594808.00	        0.00	       19.00	        1.00
  3.41	        0.00	       15.00	   594787.00	        0.00	       19.00	        1.00
  3.42	        0.00	       15.00	   594779.00	        0.00	       19.00	        1.00
  3.43	        0.00	       15.00	   594761.00	        0.00	       19.00	        1.00
  3.44	        0.00	       15.00	   594744.00	        0.00	       19.00	        1.00
  3.45	        0.00	       15.00	   594730.00	        0.00	       19.00	        1.00
  3.46	        0.00	       15.00	   594708.00	        0.00	       19.00	        1.00
  3.47	        0.00	       14.00	   594888.00	        0.00	       19.00	        1.00
  3.48	        0.00	       14.00	   594873.00	        0.00	       19.00	        1.00
  3.49	        0.00	       14.00	   594850.00	        0.00	       19.00	        1.00
  3.50	        0.00	       14.00	   594831.00	        0.00	       19.00	        1.00
  3.51	        0.00	       14.00	   594815.00	        0.00	       19.00	        1.00
  3.52	        0.00	       14.00	   594795.00	        0.00	       19.00	        1.00
  3.53	        0.00	       14.00	   594770.00	        0.00	       19.00	        1.00
  3.54	        0.00	       14.00	   594755.00	        0.00	       19.00	        1.00
  3.55	        0.00	       13.00	   594934.00	        0.00	       19.00	        1.00
  3.56	        0.00	       13.00	   594921.00	        0.00	       19.00	        1.00
  3.57	        0.00	       13.00	   594904.00	        0.00	       19.00	        1.00
  3.58	        0.00	       13.00	   594884.00	        0.00	       19.00	        1.00
  3.59	        0.00	       13.00	   594868.00	        0.00	       19.00	        1.00
  3.60	        0.00	       13.00	   594854.00	        0.00	       19.00	        1.00
  3.61	        0.00	       13.00	   594834.00	        0.00	       19.00	        1.00
  3.62	        0.00	       13.00	   594811.00	        0.00	       19.00	        1.00
  3.63	        0.00	       13.00	   594791.00	        0.00	       19.00	        1.00
  3.64	        0.00	       13.00	   594767.00	        0.00	       19.00	        1.00
  3.65	        0.00	       13.00	   594745.00	        0.00	       19.00	        1.00
  3.66	        0.00	       13.00	   594725.00	        0.00	       19.00	        1.00
  3.67	        0.00	       13.00	   594709.00	        0.00	       19.00	        1.00
  3.68	        0.00	       13.00	   594690.00	        0.00	       19.00	        1.00
  3.69	        0.00	       13.00	   594670.00	        0.00	       19.00	        1.00
  3.70	        0.00	       13.00	   594654.00	        0.00	       19.00	        1.00
  3.71	        0.00	       13.00	   594638.00	        0.00	       19.00	        1.00
  3.72	        0.00	       13.00	   594623.00	        0.00	       19.00	        1.00
  3.73	        0.00	       13.00	   594602.00	        0.00	       19.00	        1.00
  3.74	        0.00	       13.00	   594574.00	        0.00	       19.00	        1.00
  3.75	        0.00	       13.00	   594555.00	        0.00	       19.00	        1.00
  3.76	        0.00	       13.00	   594544.00	        0.00	       19.00	        1.00
  3.77	        0.00	       13.00	   594535.00	        0.00	       19.00	        1.00
  3.78	        0.00	       13.00	   594522.00	        0.00	       19.00	        1.00
  3.79	        0.00	       13.00	   594504.00	        0.00	       19.00	        1.00
  3.80	        0.00	       13.00	   594488.00	        0.00	       19.00	        1.00
  3.81	        0.00	       13.00	   594469.00	        0.00	       19.00	        1.00
  3.82	        0.00	       13.00	   594456.00	        0.00	       19.00	        1.00
  3.83	        0.00	       12.00	   594643.00	        0.00	       19.00	        1.00
  3.84	        0.00	       12.00	   594628.00	        0.00	       19.00	        1.00
  3.85	        0.00	       12.00	   594614.00	        0.00	       19.00	        1.00
  3.86	        0.00	       12.00	   594601.00	        0.00	       19.00	        1.00
  3.87	        0.00	       12.00	   594580.00	        0.00	       19.00	        1.00
  3.88	        0.00	       12.00	   594554.00	        0.00	       19.00	        1.00
  3.89	        0.00	       12.00	   594534.00	        0.00	       19.00	        1.00
  3.90	        0.00	       12.00	   594519.00	        0.00	       19.00	        1.00
  3.91	        0.00	       12.00	   594498.00	        0.00	       19.00	        1.00
  3.92	        0.00	       12.00	   594477.00	        0.00	       19.00	        1.00
  3.93	        0.00	       12.00	   594456.00	        0.00	       19.00	        1.00
  3.94	        0.00	       12.00	   594438.00	        0.00	       19.00	        1.00
  3.95	        0.00	       12.00	   594421.00	        0.00	       19.00	        1.00
  3.96	        0.00	       12.00	   594403.00	        0.00	       19.00	        1.00
  3.97	        0.00	       12.00	   594389.00	        0.00	       19.00	        1.00
  3.98	        0.00	       12.00	   594372.00	        0.00	       19.00	        1.00
  3.99	        0.00	       11.00	   594560.00	        0.00	       19.00	        1.00
  4.00	        0.00	       11.00	   594543.00	        0.00	       19.00	        1.00
  4.01	        0.00	       11.00	   594525.00	        0.00	       19.00	        1.00
  4.02	        0.00	       11.00	   594513.00	        0.00	       19.00	        1.00
  4.03	        0.00	       11.00	   594492.00	        0.00	       19.00	        1.00
  4.04	        0.00	       10.00	   594675.00	        0.00	       19.00	        1.00
  4.05	        0.00	       10.00	   594657.00	        0.00	       19.00	        1.00
  4.06	        0.00	       10.00	   594630.00	        0.00	       19.00	        1.00
  4.07	        0.00	       10.00	   594614.00	        0.00	       19.00	        1.00
  4.08	        0.00	        9.00	   594797.00	        0.00	       19.00	        1.00
  4.09	        0.00	        9.00	   594780.00	        0.00	       19.00	        1.00
  4.10	        0.00	        8.00	   594958.00	        0.00	       19.00	        1.00
  4.11	        0.00	        8.00	   594937.00	        0.00	       19.00	        1.00
  4.12	        0.00	        8.00	   594920.00	        0.00	       19.00	        1.00
  4.13	        0.00	        8.00	   594903.00	        0.00	       19.00	        1.00
  4.14	        0.00	        7.00	   595085.00	        0.00	       19.00	        1.00
  4.15	        0.00	        6.00	   595262.00	        0.00	       19.00	        1.00
  4.16	        0.00	        6.00	   595243.00	        0.00	       19.00	        1.00
  4.17	        0.00	        7.00	   595223.00	        0.00	       19.00	        1.00
  4.18	        0.00	        7.00	   595206.00	        0.00	       19.00	        1.00
  4.19	        0.00	        7.00	   595189.00	        0.00	       19.00	        1.00
  4.20	        0.00	        7.00	   595177.00	        0.00	       19.00	        1.00
  4.21	        0.00	        6.00	   595359.00	        0.00	       19.00	        1.00
  4.22	        0.00	        6.00	   595339.00	        0.00	       19.00	        1.00
  4.23	        0.00	        6.00	   595323.00	        0.00	       19.00	        1.00
  4.24	        0.00	        6.00	   595305.00	        0.00	       19.00	        1.00
  4.25	        0.00	        6.00	   595285.00	        0.00	       19.00	        1.00
  4.26	        0.00	        6.00	   595267.00	        0.00	       19.00	        1.00
  4.27	        0.00	        6.00	   595248.00	        0.00	       19.00	        1.00
  4.28	        0.00	        6.00	   595223.00	        0.00	       19.00	        1.00
  4.29	        0.00	        6.00	   595207.00	        0.00	       19.00	        1.00
  4.30	        0.00	        6.00	   595193.00	        0.00	       19.00	        1.00
  4.31	        0.00	        6.00	   595171.00	        0.00	       19.00	        1.00
  4.32	        0.00	        6.00	   595152.00	        0.00	       19.00	        1.00
  4.33	        0.00	        6.00	   595129.00	        0.00	       19.00	        1.00
  4.34	        0.00	        6.00	   595110.00	        0.00	       19.00	        1.00
  4.35	        0.00	        6.00	   595092.00	        0.00	       19.00	        1.00
  4.36	        0.00	        6.00	   595076.00	        0.00	       19.00	        1.00
  4.37	        0.00	        6.00	   595055.00	        0.00	       19.00	        1.00
  4.38	        0.00	        6.00	   595037.00	        0.00	       19.00	        1.00
  4.39	        0.00	        6.00	   595018.00	        0.00	       19.00	        1.00
  4.40	        0.00	        6.00	   595005.00	        0.00	       19.00	        1.00
  4.41	        0.00	        6.00	   594991.00	        0.00	       19.00	        1.00
  4.42	        0.00	        6.00	   594974.00	        0.00	       19.00	        1.00
  4.43	        0.00	        6.00	   594956.00	        0.00	       19.00	        1.00
  4.44	        0.00	        6.00	   594940.00	        0.00	       19.00	        1.00
  4.45	        0.00	        5.00	   595128.00	        0.00	       19.00	        1.00
  4.46	        0.00	        4.00	   595306.00	        0.00	       19.00	        1.00
  4.47	        0.00	        2.00	   595685.00	        0.00	       19.00	        1.00
  4.48	        0.00	        2.00	   595668.00	        0.00	       19.00	        1.00
  4.49	        0.00	        2.00	   595655.00	        0.00	       19.00	        1.00
  4.50	        0.00	        2.00	   595638.00	        0.00	       19.00	        1.00
  4.51	        0.00	        2.00	   595627.00	        0.00	       19.00	        1.00
  4.52	        0.00	        1.00	   595804.00	        0.00	       19.00	        1.00
  4.53	        0.00	        1.00	   595782.00	        0.00	       19.00	        1.00
  4.54	        0.00	        1.00	   595759.00	        0.00	       19.00	        1.00
  4.55	        0.00	        1.00	   595739.00	        0.00	       19.00	        1.00
  4.56	        0.00	        1.00	   595713.00	        0.00	       19.00	        1.00
  4.57	        0.00	        1.00	   595692.00	        0.00	       19.00	        1.00
  4.58	        0.00	        1.00	   595680.00	        0.00	       19.00	        1.00
  4.59	        0.00	        1.00	   595658.00	        0.00	       19.00	        1.00
  4.60	        0.00	        1.00	   595643.00	        0.00	       19.00	        1.00
  4.61	        0.00	        1.00	   595621.00	        0.00	       19.00	        1.00
  4.62	        0.00	        1.00	   595603.00	        0.00	       19.00	        1.00
  4.63	        0.00	        1.00	   595587.00	        0.00	       19.00	        1.00
  4.64	        0.00	        1.00	   595566.00	        0.00	       19.00	        1.00
  4.65	        0.00	        1.00	   595543.00	        0.00	       19.00	        1.00
  4.66	        0.00	        1.00	   595524.00	        0.00	       19.00	        1.00
  4.67	        0.00	        1.00	   595507.00	        0.00	       19.00	        1.00
  4.68	        0.00	        1.00	   595491.00	        0.00	       19.00	        1.00
  4.69	        0.00	        0.00	   595673.00	        0.00	       19.00	        0.00
