Datatype: PopulationSize
  0.00	    31623.00	        0.00	       32.00	        1.00	        0.00	    31623.00
  0.01	    32161.00	        0.00	       32.00	        1.00	      538.00	    31623.00
  0.02	    32690.00	        0.00	       32.00	        1.00	     1067.00	    31623.00
  0.03	    33234.00	        0.00	       32.00	        1.00	     1611.00	    31623.00
  0.04	    33820.00	        0.00	       32.00	        1.00	     2197.00	    31623.00
  0.05	    34386.00	        0.00	       32.00	        1.00	     2763.00	    31623.00
  0.06	    34933.00	        0.00	       32.00	        1.00	     3310.00	    31623.00
  0.07	    35490.00	        0.00	       32.00	        1.00	     3867.00	    31623.00
  0.08	    36096.00	        0.00	       32.00	        1.00	     4473.00	    31623.00
  0.09	    36733.00	        0.00	       32.00	        1.00	     5110.00	    31623.00
  0.10	    37338.00	        0.00	       32.00	        1.00	     5715.00	    31623.00
  0.11	    37950.00	        0.00	       32.00	        1.00	     6327.00	    31623.00
  0.12	    38542.00	        0.00	       32.00	        1.00	     6919.00	    31623.00
  0.13	    39198.00	        0.00	       32.00	        1.00	     7575.00	    31623.00
  0.14	    39866.00	        0.00	       32.00	        1.00	     8243.00	    31623.00
  0.15	    40571.00	        0.00	       32.00	        1.00	     8948.00	    31623.00
  0.16	    41278.00	        0.00	       32.00	        1.00	     9655.00	    31623.00
  0.17	    41987.00	        0.00	       32.00	        1.00	    10364.00	    31623.00
  0.18	    42702.00	        0.00	       32.00	        1.00	    11079.00	    31623.00
  0.19	    43389.00	        0.00	       32.00	        1.00	    11766.00	    31623.00
  0.20	    44156.00	        0.00	       32.00	        1.00	    12533.00	    31623.00
  0.21	    44893.00	        0.00	       32.00	        1.00	    13270.00	    31623.00
  0.22	    45614.00	        0.00	       32.00	        1.00	    13991.00	    31623.00
  0.23	    46361.00	        0.00	       32.00	        1.00	    14738.00	    31623.00
  0.24	    47119.00	        0.00	       32.00	        1.00	    15496.00	    31623.00
  0.25	    47914.00	        0.00	       32.00	        1.00	    16291.00	    31623.00
  0.26	    48755.00	        0.00	       32.00	        1.00	    17132.00	    31623.00
  0.27	    49547.00	        0.00	       32.00	        1.00	    17924.00	    31623.00
  0.28	    50305.00	        0.00	       32.00	        1.00	    18682.00	    31623.00
  0.29	    51175.00	        0.00	       32.00	        1.00	    19552.00	    31623.00
  0.30	    52029.00	        0.00	       32.00	        1.00	    20406.00	    31623.00
  0.31	    52865.00	        0.00	       32.00	        1.00	    21242.00	    31623.00
  0.32	    53749.00	        0.00	       32.00	        1.00	    22126.00	    31623.00
  0.33	    54638.00	        0.00	       32.00	        1.00	    23015.00	    31623.00
  0.34	    55592.00	        0.00	       32.00	        1.00	    23969.00	    31623.00
  0.35	    56495.00	        0.00	       32.00	        1.00	    24872.00	    31623.00
  0.36	    57378.00	        0.00	       32.00	        1.00	    25755.00	    31623.00
  0.37	    58331.00	        0.00	       32.00	        1.00	    26708.00	    31623.00
  0.38	    59312.00	        0.00	       32.00	        1.00	    27689.00	    31623.00
  0.39	    60232.00	        0.00	       32.00	        1.00	    28609.00	    31623.00
  0.40	    61256.00	        0.00	       32.00	        1.00	    29633.00	    31623.00
  0.41	    62260.00	        0.00	       32.00	        1.00	    30637.00	    31623.00
  0.42	    63349.00	        0.00	       32.00	        1.00	    31726.00	    31623.00
  0.43	    64371.00	        0.00	       32.00	        1.00	    32748.00	    31623.00
  0.44	    65407.00	        0.00	       32.00	        1.00	    33784.00	    31623.00
  0.45	    66501.00	        0.00	       32.00	        1.00	    34878.00	    31623.00
  0.46	    67626.00	        0.00	       32.00	        1.00	    36003.00	    31623.00
  0.47	    68761.00	        0.00	       32.00	        1.00	    37138.00	    31623.00
  0.48	    69897.00	        0.00	       32.00	        1.00	    38274.00	    31623.00
  0.49	    71123.00	        0.00	       32.00	        1.00	    39500.00	    31623.00
  0.50	    72307.00	        0.00	       32.00	        1.00	    40684.00	    31623.00
  0.51	    73512.00	        0.00	       32.00	        1.00	    41889.00	    31623.00
  0.52	    74744.00	        0.00	       32.00	        1.00	    43121.00	    31623.00
  0.53	    75965.00	        0.00	       32.00	        1.00	    44342.00	    31623.00
  0.54	    77236.00	        0.00	       32.00	        1.00	    45613.00	    31623.00
  0.55	    78521.00	        0.00	       32.00	        1.00	    46898.00	    31623.00
  0.56	    79875.00	        0.00	       32.00	        1.00	    48252.00	    31623.00
  0.57	    81213.00	        0.00	       32.00	        1.00	    49590.00	    31623.00
  0.58	    82539.00	        0.00	       32.00	        1.00	    50916.00	    31623.00
  0.59	    83870.00	        0.00	       32.00	        1.00	    52247.00	    31623.00
  0.60	    85282.00	        0.00	       32.00	        1.00	    53659.00	    31623.00
  0.61	    86694.00	        0.00	       32.00	        1.00	    55071.00	    31623.00
  0.62	    88139.00	        0.00	       32.00	        1.00	    56516.00	    31623.00
  0.63	    89602.00	        0.00	       32.00	        1.00	    57979.00	    31623.00
  0.64	    91144.00	        0.00	       32.00	        1.00	    59521.00	    31623.00
  0.65	    92643.00	        0.00	       32.00	        1.00	    61020.00	    31623.00
  0.66	    94264.00	        0.00	       32.00	        1.00	    62641.00	    31623.00
  0.67	    95862.00	        0.00	       32.00	        1.00	    64239.00	    31623.00
  0.68	    97379.00	        0.00	       32.00	        1.00	    65756.00	    31623.00
  0.69	    99023.00	        0.00	       32.00	        1.00	    67400.00	    31623.00
  0.70	   100648.00	        0.00	       32.00	        1.00	    69025.00	    31623.00
  0.71	   102378.00	        0.00	       32.00	        1.00	    70755.00	    31623.00
  0.72	   104105.00	        0.00	       32.00	        1.00	    72482.00	    31623.00
  0.73	   105800.00	        0.00	       32.00	        1.00	    74177.00	    31623.00
  0.74	   107608.00	        0.00	       32.00	        1.00	    75985.00	    31623.00
  0.75	   109474.00	        0.00	       32.00	        1.00	    77851.00	    31623.00
  0.76	   111264.00	        0.00	       32.00	        1.00	    79641.00	    31623.00
  0.77	   113118.00	        0.00	       32.00	        1.00	    81495.00	    31623.00
  0.78	   115073.00	        0.00	       32.00	        1.00	    83450.00	    31623.00
  0.79	   116996.00	        0.00	       32.00	        1.00	    85373.00	    31623.00
  0.80	   118919.00	        0.00	       32.00	        1.00	    87296.00	    31623.00
  0.81	   120913.00	        0.00	       32.00	        1.00	    89290.00	    31623.00
  0.82	   122971.00	        0.00	       32.00	        1.00	    91348.00	    31623.00
  0.83	   125060.00	        0.00	       32.00	        1.00	    93437.00	    31623.00
  0.84	   127103.00	        0.00	       32.00	        1.00	    95480.00	    31623.00
  0.85	   129334.00	        0.00	       32.00	        1.00	    97711.00	    31623.00
  0.86	   131563.00	        0.00	       32.00	        1.00	    99940.00	    31623.00
  0.87	   133822.00	        0.00	       32.00	        1.00	   102199.00	    31623.00
  0.88	   135994.00	        0.00	       32.00	        1.00	   104371.00	    31623.00
  0.89	   138240.00	        0.00	       32.00	        1.00	   106617.00	    31623.00
  0.90	   140530.00	        0.00	       32.00	        1.00	   108907.00	    31623.00
  0.91	   142838.00	        0.00	       32.00	        1.00	   111215.00	    31623.00
  0.92	   145191.00	        0.00	       32.00	        1.00	   113568.00	    31623.00
  0.93	   147577.00	        0.00	       32.00	        1.00	   115954.00	    31623.00
  0.94	   149978.00	        0.00	       32.00	        1.00	   118355.00	    31623.00
  0.95	   152554.00	        0.00	       32.00	        1.00	   120931.00	    31623.00
  0.96	   155200.00	        0.00	       32.00	        1.00	   123577.00	    31623.00
  0.97	   157785.00	        0.00	       32.00	        1.00	   126162.00	    31623.00
  0.98	   160419.00	        0.00	       32.00	        1.00	   128796.00	    31623.00
  0.99	   163175.00	        0.00	       32.00	        1.00	   131552.00	    31623.00
  1.00	   165878.00	        0.00	       32.00	        1.00	   134255.00	    31623.00
  1.01	   168643.00	        0.00	       31.00	        1.00	   137020.00	    31623.00
  1.02	   171466.00	        0.00	       31.00	        1.00	   139843.00	    31623.00
  1.03	   174350.00	        0.00	       31.00	        1.00	   142727.00	    31623.00
  1.04	   177137.00	        0.00	       31.00	        1.00	   145514.00	    31623.00
  1.05	   180116.00	        0.00	       31.00	        1.00	   148493.00	    31623.00
  1.06	   183162.00	        0.00	       31.00	        1.00	   151539.00	    31623.00
  1.07	   186208.00	        0.00	       31.00	        1.00	   154585.00	    31623.00
  1.08	   189358.00	        0.00	       31.00	        1.00	   157735.00	    31623.00
  1.09	   192509.00	        0.00	       31.00	        1.00	   160886.00	    31623.00
  1.10	   195653.00	        0.00	       31.00	        1.00	   164030.00	    31623.00
  1.11	   199055.00	        0.00	       31.00	        1.00	   167432.00	    31623.00
  1.12	   202336.00	        0.00	       31.00	        1.00	   170713.00	    31623.00
  1.13	   205732.00	        0.00	       31.00	        1.00	   174109.00	    31623.00
  1.14	   209265.00	        0.00	       31.00	        1.00	   177642.00	    31623.00
  1.15	   212820.00	        0.00	       31.00	        1.00	   181197.00	    31623.00
  1.16	   216507.00	        0.00	       31.00	        1.00	   184884.00	    31623.00
  1.17	   220196.00	        0.00	       31.00	        1.00	   188573.00	    31623.00
  1.18	   223876.00	        0.00	       31.00	        1.00	   192253.00	    31623.00
  1.19	   227598.00	        0.00	       31.00	        1.00	   195975.00	    31623.00
  1.20	   231401.00	        0.00	       31.00	        1.00	   199778.00	    31623.00
  1.21	   235220.00	        0.00	       31.00	        1.00	   203597.00	    31623.00
  1.22	   239117.00	        0.00	       31.00	        1.00	   207494.00	    31623.00
  1.23	   243208.00	        0.00	       31.00	        1.00	   211585.00	    31623.00
  1.24	   247226.00	        0.00	       31.00	        1.00	   215603.00	    31623.00
  1.25	   251351.00	        0.00	       31.00	        1.00	   219728.00	    31623.00
  1.26	   255426.00	        0.00	       31.00	        1.00	   223803.00	    31623.00
  1.27	   259665.00	        0.00	       31.00	        1.00	   228042.00	    31623.00
  1.28	   264049.00	        0.00	       31.00	        1.00	   232426.00	    31623.00
  1.29	   268516.00	        0.00	       31.00	        1.00	   236893.00	    31623.00
  1.30	   273043.00	        0.00	       31.00	        1.00	   241420.00	    31623.00
  1.31	   277625.00	        0.00	       31.00	        1.00	   246002.00	    31623.00
  1.32	   282284.00	        0.00	       31.00	        1.00	   250661.00	    31623.00
  1.33	   287145.00	        0.00	       31.00	        1.00	   255522.00	    31623.00
  1.34	   291881.00	        0.00	       31.00	        1.00	   260258.00	    31623.00
  1.35	   296894.00	        0.00	       31.00	        1.00	   265271.00	    31623.00
  1.36	   301856.00	        0.00	       31.00	        1.00	   270233.00	    31623.00
  1.37	   306982.00	        0.00	       31.00	        1.00	   275359.00	    31623.00
  1.38	   312041.00	        0.00	       31.00	        1.00	   280418.00	    31623.00
  1.39	   317315.00	        0.00	       31.00	        1.00	   285692.00	    31623.00
  1.40	   322700.00	        0.00	       31.00	        1.00	   291077.00	    31623.00
  1.41	   328186.00	        0.00	       31.00	        1.00	   296563.00	    31623.00
  1.42	   333666.00	        0.00	       31.00	        1.00	   302043.00	    31623.00
  1.43	   339281.00	        0.00	       31.00	        1.00	   307658.00	    31623.00
  1.44	   344950.00	        0.00	       31.00	        1.00	   313327.00	    31623.00
  1.45	   350832.00	        0.00	       31.00	        1.00	   319209.00	    31623.00
  1.46	   356706.00	        0.00	       31.00	        1.00	   325083.00	    31623.00
  1.47	   362690.00	        0.00	       31.00	        1.00	   331067.00	    31623.00
  1.48	   368784.00	        0.00	       31.00	        1.00	   337161.00	    31623.00
  1.49	   375046.00	        0.00	       31.00	        1.00	   343423.00	    31623.00
  1.50	   381237.00	        0.00	       31.00	        1.00	   349614.00	    31623.00
  1.51	   387543.00	        0.00	       31.00	        1.00	   355920.00	    31623.00
  1.52	   394025.00	        0.00	       31.00	        1.00	   362402.00	    31623.00
  1.53	   400664.00	        0.00	       31.00	        1.00	   369041.00	    31623.00
  1.54	   407279.00	        0.00	       31.00	        1.00	   375656.00	    31623.00
  1.55	   414189.00	        0.00	       31.00	        1.00	   382566.00	    31623.00
  1.56	   421189.00	        0.00	       31.00	        1.00	   389566.00	    31623.00
  1.57	   428236.00	        0.00	       31.00	        1.00	   396613.00	    31623.00
  1.58	   435519.00	        0.00	       31.00	        1.00	   403896.00	    31623.00
  1.59	   442836.00	        0.00	       31.00	        1.00	   411213.00	    31623.00
  1.60	   450186.00	        0.00	       31.00	        1.00	   418563.00	    31623.00
  1.61	   457683.00	        0.00	       31.00	        1.00	   426060.00	    31623.00
  1.62	   465249.00	        0.00	       31.00	        1.00	   433626.00	    31623.00
  1.63	   472891.00	        0.00	       31.00	        1.00	   441268.00	    31623.00
  1.64	   480847.00	        0.00	       31.00	        1.00	   449224.00	    31623.00
  1.65	   489189.00	        0.00	       31.00	        1.00	   457566.00	    31623.00
  1.66	   497350.00	        0.00	       31.00	        1.00	   465727.00	    31623.00
  1.67	   505646.00	        0.00	       31.00	        1.00	   474023.00	    31623.00
  1.68	   514032.00	        0.00	       31.00	        1.00	   482409.00	    31623.00
  1.69	   522613.00	        0.00	       31.00	        1.00	   490990.00	    31623.00
  1.70	   531325.00	        0.00	       31.00	        1.00	   499702.00	    31623.00
  1.71	   540150.00	        0.00	       31.00	        1.00	   508527.00	    31623.00
  1.72	   549295.00	        0.00	       31.00	        1.00	   517672.00	    31623.00
  1.73	   558710.00	        0.00	       31.00	        1.00	   527087.00	    31623.00
  1.74	   568156.00	        0.00	       31.00	        1.00	   536533.00	    31623.00
  1.75	   577542.00	        0.00	       31.00	        1.00	   545919.00	    31623.00
  1.76	   587497.00	        0.00	       31.00	        1.00	   555874.00	    31623.00
  1.77	   597401.00	        0.00	       31.00	        1.00	   565778.00	    31623.00
  1.78	   607425.00	        0.00	       31.00	        1.00	   575802.00	    31623.00
  1.79	   617690.00	        0.00	       31.00	        1.00	   586067.00	    31623.00
  1.80	   628073.00	        0.00	       31.00	        1.00	   596450.00	    31623.00
  1.81	   638596.00	        0.00	       31.00	        1.00	   606973.00	    31623.00
  1.82	   649389.00	        0.00	       31.00	        1.00	   617766.00	    31623.00
  1.83	   660363.00	        0.00	       31.00	        1.00	   628740.00	    31623.00
  1.84	   671313.00	        0.00	       31.00	        1.00	   639690.00	    31623.00
  1.85	   682647.00	        0.00	       31.00	        1.00	   651024.00	    31623.00
  1.86	   694209.00	        0.00	       31.00	        1.00	   662586.00	    31623.00
  1.87	   705781.00	        0.00	       31.00	        1.00	   674158.00	    31623.00
  1.88	   717615.00	        0.00	       31.00	        1.00	   685992.00	    31623.00
  1.89	   729649.00	        0.00	       31.00	        1.00	   698026.00	    31623.00
  1.90	   741928.00	        0.00	       31.00	        1.00	   710305.00	    31623.00
  1.91	   754285.00	        0.00	       31.00	        1.00	   722662.00	    31623.00
  1.92	   766866.00	        0.00	       31.00	        1.00	   735243.00	    31623.00
  1.93	   779648.00	        0.00	       31.00	        1.00	   748025.00	    31623.00
  1.94	   792836.00	        0.00	       30.00	        1.00	   761213.00	    31623.00
  1.95	   806107.00	        0.00	       30.00	        1.00	   774484.00	    31623.00
  1.96	   819676.00	        0.00	       30.00	        1.00	   788053.00	    31623.00
  1.97	   833316.00	        0.00	       30.00	        1.00	   801693.00	    31623.00
  1.98	   847110.00	        0.00	       30.00	        1.00	   815487.00	    31623.00
  1.99	   861348.00	        0.00	       30.00	        1.00	   829725.00	    31623.00
  2.00	   875858.00	        0.00	       30.00	        1.00	   844235.00	    31623.00
  2.01	   890526.00	        0.00	       30.00	        1.00	   858903.00	    31623.00
  2.02	   905411.00	        0.00	       30.00	        1.00	   873788.00	    31623.00
  2.03	   920697.00	        0.00	       30.00	        1.00	   889074.00	    31623.00
  2.04	   936399.00	        0.00	       30.00	        1.00	   904776.00	    31623.00
  2.05	   951923.00	        0.00	       30.00	        1.00	   920300.00	    31623.00
  2.06	   967949.00	        0.00	       30.00	        1.00	   936326.00	    31623.00
  2.07	   984215.00	        0.00	       30.00	        1.00	   952592.00	    31623.00
  2.08	  1000636.00	        0.00	       30.00	        1.00	   969013.00	    31623.00
  2.09	  1017547.00	        0.00	       30.00	        1.00	   985924.00	    31623.00
  2.10	  1034627.00	        0.00	       30.00	        1.00	  1003004.00	    31623.00
  2.11	  1051880.00	        0.00	       30.00	        1.00	  1020257.00	    31623.00
  2.12	  1069548.00	        0.00	       30.00	        1.00	  1037925.00	    31623.00
  2.13	  1087517.00	        0.00	       30.00	        1.00	  1055894.00	    31623.00
  2.14	  1105599.00	        0.00	       30.00	        1.00	  1073976.00	    31623.00
  2.15	  1123872.00	        0.00	       30.00	        1.00	  1092249.00	    31623.00
  2.16	  1142763.00	        0.00	       30.00	        1.00	  1111140.00	    31623.00
  2.17	  1161966.00	        0.00	       30.00	        1.00	  1130343.00	    31623.00
  2.18	  1181315.00	        0.00	       30.00	        1.00	  1149692.00	    31623.00
  2.19	  1201152.00	        0.00	       30.00	        1.00	  1169529.00	    31623.00
  2.20	  1221291.00	        0.00	       29.00	        1.00	  1189668.00	    31623.00
  2.21	  1241523.00	        0.00	       29.00	        1.00	  1209900.00	    31623.00
  2.22	  1262379.00	        0.00	       29.00	        1.00	  1230756.00	    31623.00
  2.23	  1283627.00	        0.00	       29.00	        1.00	  1252004.00	    31623.00
  2.24	  1305196.00	        0.00	       29.00	        1.00	  1273573.00	    31623.00
  2.25	  1326984.00	        0.00	       29.00	        1.00	  1295361.00	    31623.00
  2.26	  1349118.00	        0.00	       29.00	        1.00	  1317495.00	    31623.00
  2.27	  1371611.00	        0.00	       29.00	        1.00	  1339988.00	    31623.00
  2.28	  1394479.00	        0.00	       29.00	        1.00	  1362856.00	    31623.00
  2.29	  1417444.00	        0.00	       29.00	        1.00	  1385821.00	    31623.00
  2.30	  1441240.00	        0.00	       29.00	        1.00	  1409617.00	    31623.00
  2.31	  1465085.00	        0.00	       29.00	        1.00	  1433462.00	    31623.00
  2.32	  1489782.00	        0.00	       29.00	        1.00	  1458159.00	    31623.00
  2.33	  1514978.00	        0.00	       29.00	        1.00	  1483355.00	    31623.00
  2.34	  1540376.00	        0.00	       29.00	        1.00	  1508753.00	    31623.00
  2.35	  1566127.00	        0.00	       29.00	        1.00	  1534504.00	    31623.00
  2.36	  1592648.00	        0.00	       29.00	        1.00	  1561025.00	    31623.00
  2.37	  1619438.00	        0.00	       29.00	        1.00	  1587815.00	    31623.00
  2.38	  1646634.00	        0.00	       29.00	        1.00	  1615011.00	    31623.00
  2.39	  1674001.00	        0.00	       29.00	        1.00	  1642378.00	    31623.00
  2.40	  1702319.00	        0.00	       29.00	        1.00	  1670696.00	    31623.00
  2.41	  1730914.00	        0.00	       29.00	        1.00	  1699291.00	    31623.00
  2.42	  1759857.00	        0.00	       29.00	        1.00	  1728234.00	    31623.00
  2.43	  1789409.00	        0.00	       29.00	        1.00	  1757786.00	    31623.00
  2.44	  1819189.00	        0.00	       29.00	        1.00	  1787566.00	    31623.00
  2.45	  1849930.00	        0.00	       29.00	        1.00	  1818307.00	    31623.00
  2.46	  1880672.00	        0.00	       29.00	        1.00	  1849049.00	    31623.00
  2.47	  1912251.00	        0.00	       29.00	        1.00	  1880628.00	    31623.00
  2.48	  1944484.00	        0.00	       29.00	        1.00	  1912861.00	    31623.00
  2.49	  1976950.00	        0.00	       28.00	        1.00	  1945327.00	    31623.00
  2.50	  2009969.00	        0.00	       28.00	        1.00	  1978346.00	    31623.00
  2.51	  2043681.00	        0.00	       28.00	        1.00	  2012058.00	    31623.00
  2.52	  2077901.00	        0.00	       28.00	        1.00	  2046278.00	    31623.00
  2.53	  2112614.00	        0.00	       28.00	        1.00	  2080991.00	    31623.00
  2.54	  2148044.00	        0.00	       28.00	        1.00	  2116421.00	    31623.00
  2.55	  2183921.00	        0.00	       28.00	        1.00	  2152298.00	    31623.00
  2.56	  2220914.00	        0.00	       28.00	        1.00	  2189291.00	    31623.00
  2.57	  2258260.00	        0.00	       28.00	        1.00	  2226637.00	    31623.00
  2.58	  2295973.00	        0.00	       28.00	        1.00	  2264350.00	    31623.00
  2.59	  2334395.00	        0.00	       28.00	        1.00	  2302772.00	    31623.00
  2.60	  2373675.00	        0.00	       28.00	        1.00	  2342052.00	    31623.00
  2.61	  2413630.00	        0.00	       28.00	        1.00	  2382007.00	    31623.00
  2.62	  2454285.00	        0.00	       28.00	        1.00	  2422662.00	    31623.00
  2.63	  2495761.00	        0.00	       28.00	        1.00	  2464138.00	    31623.00
  2.64	  2537887.00	        0.00	       28.00	        1.00	  2506264.00	    31623.00
  2.65	  2580363.00	        0.00	       28.00	        1.00	  2548740.00	    31623.00
  2.66	  2623366.00	        0.00	       28.00	        1.00	  2591743.00	    31623.00
  2.67	  2667334.00	        0.00	       28.00	        1.00	  2635711.00	    31623.00
  2.68	  2712127.00	        0.00	       28.00	        1.00	  2680504.00	    31623.00
  2.69	  2757587.00	        0.00	       28.00	        1.00	  2725964.00	    31623.00
  2.70	  2803773.00	        0.00	       28.00	        1.00	  2772150.00	    31623.00
  2.71	  2850614.00	        0.00	       28.00	        1.00	  2818991.00	    31623.00
  2.72	  2898433.00	        0.00	       28.00	        1.00	  2866810.00	    31623.00
  2.73	  2947364.00	        0.00	       27.00	        1.00	  2915741.00	    31623.00
  2.74	  2996495.00	        0.00	       27.00	        1.00	  2964872.00	    31623.00
  2.75	  3046650.00	        0.00	       27.00	        1.00	  3015027.00	    31623.00
  2.76	  3097759.00	        0.00	       27.00	        1.00	  3066136.00	    31623.00
  2.77	  3149517.00	        0.00	       27.00	        1.00	  3117894.00	    31623.00
  2.78	  3202385.00	        0.00	       27.00	        1.00	  3170762.00	    31623.00
  2.79	  3256514.00	        0.00	       27.00	        1.00	  3224891.00	    31623.00
  2.80	  3311217.00	        0.00	       27.00	        1.00	  3279594.00	    31623.00
  2.81	  3366950.00	        0.00	       27.00	        1.00	  3335327.00	    31623.00
  2.82	  3423281.00	        0.00	       27.00	        1.00	  3391658.00	    31623.00
  2.83	  3480502.00	        0.00	       27.00	        1.00	  3448879.00	    31623.00
  2.84	  3538336.00	        0.00	       27.00	        1.00	  3506713.00	    31623.00
  2.85	  3597531.00	        0.00	       27.00	        1.00	  3565908.00	    31623.00
  2.86	  3657549.00	        0.00	       27.00	        1.00	  3625926.00	    31623.00
  2.87	  3719628.00	        0.00	       27.00	        1.00	  3688005.00	    31623.00
  2.88	  3782027.00	        0.00	       27.00	        1.00	  3750404.00	    31623.00
  2.89	  3846077.00	        0.00	       27.00	        1.00	  3814454.00	    31623.00
  2.90	  3910583.00	        0.00	       27.00	        1.00	  3878960.00	    31623.00
  2.91	  3976022.00	        0.00	       27.00	        1.00	  3944399.00	    31623.00
  2.92	  4042608.00	        0.00	       27.00	        1.00	  4010985.00	    31623.00
  2.93	  4110866.00	        0.00	       27.00	        1.00	  4079243.00	    31623.00
  2.94	  4179986.00	        0.00	       27.00	        1.00	  4148363.00	    31623.00
  2.95	  4249845.00	        0.00	       27.00	        1.00	  4218222.00	    31623.00
  2.96	  4320792.00	        0.00	       27.00	        1.00	  4289169.00	    31623.00
  2.97	  4393169.00	        0.00	       27.00	        1.00	  4361546.00	    31623.00
  2.98	  4467282.00	        0.00	       27.00	        1.00	  4435659.00	    31623.00
  2.99	  4542567.00	        0.00	      126.00	        1.00	  4510945.00	    31623.00
  3.00	  4618773.00	        0.00	      126.00	        1.00	  4587151.00	    31623.00
  3.01	  4696526.00	        0.00	      126.00	        1.00	  4664904.00	    31623.00
  3.02	  4775862.00	        0.00	      225.00	        1.00	  4744241.00	    31623.00
  3.03	  4856151.00	        0.00	      225.00	        1.00	  4824530.00	    31623.00
  3.04	  4937562.00	        0.00	      224.00	        1.00	  4905941.00	    31623.00
  3.05	  5020148.00	        0.00	      224.00	        1.00	  4988527.00	    31623.00
  3.06	  5104546.00	        0.00	      224.00	        1.00	  5072925.00	    31623.00
  3.07	  5190242.00	        0.00	      521.00	        1.00	  5158624.00	    31623.00
  3.08	  5277033.00	        0.00	      717.00	        1.00	  5245417.00	    31623.00
  3.09	  5365616.00	        0.00	      815.00	        1.00	  5334001.00	    31623.00
  3.10	  5455533.00	        0.00	      914.00	        1.00	  5423919.00	    31623.00
  3.11	  5546328.00	        0.00	     1112.00	        1.00	  5514716.00	    31623.00
  3.12	  5639091.00	        0.00	     1110.00	        1.00	  5607479.00	    31623.00
  3.13	  5733920.00	        0.00	     1208.00	        1.00	  5702309.00	    31623.00
  3.14	  5829338.00	        0.00	     1305.00	        1.00	  5797728.00	    31623.00
  3.15	  5926746.00	        0.00	     1601.00	        1.00	  5895139.00	    31623.00
  3.16	  6025465.00	        0.00	     1799.00	        1.00	  5993860.00	    31623.00
  3.17	  6126447.00	        0.00	     2195.00	        1.00	  6094846.00	    31623.00
  3.18	  6229102.00	        0.00	     2293.00	        1.00	  6197502.00	    31623.00
  3.19	  6334209.00	        0.00	     2784.00	        1.00	  6302614.00	    31623.00
  3.20	  6440261.00	        0.00	     2980.00	        1.00	  6408668.00	    31623.00
  3.21	  6547120.00	        0.00	     3075.00	        1.00	  6515528.00	    31623.00
  3.22	  6656681.00	        0.00	     3565.00	        1.00	  6625094.00	    31623.00
  3.23	  6768418.00	        0.00	     4054.00	        1.00	  6736836.00	    31623.00
  3.24	  6881954.00	        0.00	     4349.00	        1.00	  6850375.00	    31623.00
  3.25	  6997298.00	        0.00	     4838.00	        1.00	  6965724.00	    31623.00
  3.26	  7114903.00	        0.00	     5226.00	        1.00	  7083333.00	    31623.00
  3.27	  7234364.00	        0.00	     6412.00	        1.00	  7202806.00	    31623.00
  3.28	  7355380.00	        0.00	     7392.00	        1.00	  7323832.00	    31623.00
  3.29	  7478866.00	        0.00	     9363.00	        1.00	  7447338.00	    31623.00
  3.30	  7604397.00	        0.00	    10841.00	        1.00	  7572884.00	    31623.00
  3.31	  7732272.00	        0.00	    12319.00	        1.00	  7700774.00	    31623.00
  3.32	  7861703.00	        0.00	    14481.00	        1.00	  7830227.00	    31623.00
  3.33	  7993382.00	        0.00	    17143.00	        1.00	  7961933.00	    31623.00
  3.34	  8127188.00	        0.00	    20589.00	        1.00	  8095774.00	    31623.00
  3.35	  8263735.00	        0.00	    27199.00	        1.00	  8232388.00	    31623.00
  3.36	  8402119.00	        0.00	    34784.00	        1.00	  8370849.00	    31623.00
  3.37	  8543193.00	        0.00	    46428.00	        1.00	  8512041.00	    31623.00
  3.38	  8685967.00	        0.00	    60638.00	        1.00	  8654959.00	    31623.00
  3.39	  8831767.00	        0.00	    78179.00	        1.00	  8800937.00	    31623.00
  3.40	  8979348.00	        0.00	    96223.00	        1.00	  8948701.00	    31623.00
  3.41	  9129883.00	        0.00	   122535.00	        1.00	  9099503.00	    31623.00
  3.42	  9282900.00	        0.00	   157029.00	        1.00	  9252870.00	    31623.00
  3.43	  9438612.00	        0.00	   202776.00	        1.00	  9409046.00	    31623.00
  3.44	  9595540.00	        0.00	   255807.00	        1.00	  9566512.00	    31623.00
  3.45	  9756386.00	        0.00	   304453.00	        1.00	  9727852.00	    31623.00
  3.46	  9919604.00	        0.00	   347887.00	        1.00	  9891512.00	    31623.00
  3.47	 10084611.00	        0.00	   394053.00	        1.00	 10056989.00	    31623.00
  3.48	 10252888.00	        0.00	   450854.00	        1.00	 10225844.00	    31623.00
  3.49	 10424155.00	        0.00	   509666.00	        1.00	 10397710.00	    31621.00
  3.50	 10598583.00	        0.00	   558468.00	        1.00	 10572636.00	    31620.00
  3.51	 10775824.00	        0.00	   599477.00	        1.00	 10750297.00	    31619.00
  3.52	 10956010.00	        0.00	   638937.00	        1.00	 10930888.00	    31619.00
  3.53	 11139432.00	        0.00	   684704.00	        1.00	 11114779.00	    31618.00
  3.54	 11325472.00	        0.00	   749807.00	        1.00	 11301484.00	    31618.00
  3.55	 11514125.00	        0.00	   840280.00	        1.00	 11491059.00	    31616.00
  3.56	 11705504.00	        0.00	   947223.00	        1.00	 11683527.00	    31616.00
  3.57	 11899493.00	        0.00	  1050168.00	        1.00	 11878566.00	    31616.00
  3.58	 12097558.00	        0.00	  1154690.00	        1.00	 12077698.00	    31616.00
  3.59	 12298950.00	        0.00	  1243999.00	        1.00	 12280005.00	    31616.00
  3.60	 12504185.00	        0.00	  1326365.00	        1.00	 12486085.00	    31616.00
  3.61	 12713229.00	        0.00	  1409041.00	        1.00	 12695978.00	    31616.00
  3.62	 12925405.00	        0.00	  1480267.00	        1.00	 12908888.00	    31614.00
  3.63	 13141228.00	        0.00	  1544633.00	        1.00	 13125376.00	    31613.00
  3.64	 13360042.00	        0.00	  1603273.00	        1.00	 13344798.00	    31610.00
  3.65	 13582816.00	        0.00	  1679036.00	        1.00	 13568354.00	    31608.00
  3.66	 13808408.00	        0.00	  1884371.00	        1.00	 13796038.00	    31607.00
  3.67	 14036810.00	        0.00	  2113975.00	        1.00	 14026779.00	    31603.00
  3.68	 14268417.00	        0.00	  2296499.00	        1.00	 14260251.00	    31600.00
  3.69	 14506183.00	        0.00	  2419521.00	        1.00	 14499283.00	    31599.00
  3.70	 14746951.00	        0.00	  2634563.00	        1.00	 14742248.00	    31596.00
  3.71	 14991692.00	        0.00	  2805182.00	        1.00	 14988740.00	    31595.00
  3.72	 15241165.00	        0.00	  2929820.00	        1.00	 15239500.00	    31593.00
  3.73	 15494506.00	        0.00	  3070773.00	        1.00	 15494295.00	    31592.00
  3.74	 15752186.00	        0.00	  3231235.00	        1.00	 15753627.00	    31592.00
  3.75	 16014054.00	        0.00	  3414021.00	        1.00	 16017375.00	    31591.00
  3.76	 16279796.00	        0.00	  3595036.00	        1.00	 16284982.00	    31589.00
  3.77	 16550454.00	        0.00	  3800047.00	        1.00	 16557749.00	    31585.00
  3.78	 16825091.00	        0.00	  4095208.00	        1.00	 16835407.00	    31583.00
  3.79	 17102288.00	        0.00	  4508807.00	        1.00	 17116825.00	    31582.00
  3.80	 17381648.00	        0.00	  5097469.00	        1.00	 17402179.00	    31581.00
  3.81	 17664884.00	        0.00	  5829868.00	        1.00	 17692868.00	    31579.00
  3.82	 17954179.00	        0.00	  6436800.00	        1.00	 17988354.00	    31579.00
  3.83	 18249020.00	        0.00	  6989475.00	        1.00	 18288844.00	    31569.00
  3.84	 18550125.00	        0.00	  7477810.00	        1.00	 18594954.00	    31556.00
  3.85	 18856014.00	        0.00	  7842951.00	        1.00	 18904608.00	    31554.00
  3.86	 19166008.00	        0.00	  8349877.00	        1.00	 19219803.00	    31550.00
  3.87	 19479066.00	        0.00	  9064001.00	        1.00	 19540162.00	    31545.00
  3.88	 19796741.00	        0.00	  9888030.00	        1.00	 19866254.00	    31539.00
  3.89	 20120836.00	        0.00	 10594045.00	        1.00	 20197585.00	    31533.00
  3.90	 20445718.00	        0.00	 11639830.00	        1.00	 20533142.00	    31528.00
  3.91	 20778622.00	        0.00	 12617711.00	        1.00	 20876047.00	    31524.00
  3.92	 21116017.00	        0.00	 13533489.00	        1.00	 21222823.00	    31512.00
  3.93	 21460615.00	        0.00	 14361737.00	        1.00	 21575927.00	    31507.00
  3.94	 21806848.00	        0.00	 15484533.00	        1.00	 21933650.00	    31498.00
  3.95	 22160948.00	        0.00	 16473979.00	        1.00	 22297906.00	    31485.00
  3.96	 22519056.00	        0.00	 17593165.00	        1.00	 22667490.00	    31477.00
  3.97	 22881395.00	        0.00	 18989159.00	        1.00	 23044114.00	    31469.00
  3.98	 23250767.00	        0.00	 20202357.00	        1.00	 23425939.00	    31462.00
  3.99	 23626797.00	        0.00	 21412866.00	        0.99	 23814408.00	    31454.00
  4.00	 24002917.00	        0.00	 23301568.00	        0.99	 24209828.00	    31448.00
  4.01	 24382996.00	        0.00	 25322430.00	        0.99	 24610562.00	    31431.00
  4.02	 24759360.00	        0.00	 28272238.00	        0.99	 25016987.00	    31412.00
  4.03	 25131911.00	        0.00	 32292536.00	        0.99	 25430451.00	    31393.00
  4.04	 25513136.00	        0.00	 36123948.00	        0.99	 25850721.00	    31374.00
  4.05	 25908334.00	        0.00	 39151328.00	        0.99	 26276878.00	    31345.00
  4.06	 26316678.00	        0.00	 41499364.00	        0.99	 26709349.00	    31327.00
  4.07	 26729370.00	        0.00	 43996256.00	        0.99	 27147692.00	    31302.00
  4.08	 27142370.00	        0.00	 47103807.00	        0.99	 27592539.00	    31279.00
  4.09	 27555338.00	        0.00	 51080166.00	        0.99	 28046165.00	    31258.00
  4.10	 27983255.00	        0.00	 54196055.00	        0.99	 28506084.00	    31233.00
  4.11	 28413294.00	        0.00	 57719276.00	        0.99	 28972270.00	    31200.00
  4.12	 28847578.00	        0.00	 61603457.00	        0.99	 29446389.00	    31177.00
  4.13	 29290551.00	        0.00	 65335085.00	        0.99	 29927691.00	    31149.00
  4.14	 29736934.00	        0.00	 69357000.00	        0.98	 30415375.00	    31104.00
  4.15	 30176700.00	        0.00	 75026603.00	        0.98	 30913131.00	    31072.00
  4.16	 30622021.00	        0.00	 80594811.00	        0.98	 31415474.00	    31030.00
  4.17	 31070143.00	        0.00	 86635715.00	        0.98	 31925455.00	    30996.00
  4.18	 31518372.00	        0.00	 93587890.00	        0.98	 32444803.00	    30949.00
  4.19	 31968555.00	        0.00	100964041.00	        0.98	 32970472.00	    30905.00
  4.20	 32430429.00	        0.00	107737491.00	        0.98	 33501815.00	    30863.00
  4.21	 32873872.00	        0.00	117312297.00	        0.98	 34043101.00	    30822.00
  4.22	 33323144.00	        0.00	127010479.00	        0.97	 34591556.00	    30765.00
  4.23	 33778631.00	        0.00	136646450.00	        0.97	 35145698.00	    30715.00
  4.24	 34241587.00	        0.00	146340286.00	        0.97	 35707989.00	    30646.00
  4.25	 34719074.00	        0.00	155560130.00	        0.97	 36280126.00	    30590.00
  4.26	 35198197.00	        0.00	165134705.00	        0.97	 36857568.00	    30514.00
  4.27	 35673406.00	        0.00	176063557.00	        0.97	 37444886.00	    30459.00
  4.28	 36102389.00	        0.00	192124821.00	        0.96	 38037965.00	    30380.00
  4.29	 36527319.00	        0.00	209283991.00	        0.96	 38638237.00	    30313.00
  4.30	 36988881.00	        0.00	223631781.00	        0.96	 39246908.00	    30202.00
  4.31	 37449592.00	        0.00	238723819.00	        0.96	 39862388.00	    30123.00
  4.32	 37888794.00	        0.00	256574319.00	        0.95	 40484401.00	    30037.00
  4.33	 38346184.00	        0.00	273501791.00	        0.95	 41115442.00	    29952.00
  4.34	 38764293.00	        0.00	294940703.00	        0.95	 41752977.00	    29838.00
  4.35	 39171272.00	        0.00	317972839.00	        0.94	 42395703.00	    29730.00
  4.36	 39611513.00	        0.00	338558229.00	        0.94	 43047180.00	    29606.00
  4.37	 40021536.00	        0.00	362765009.00	        0.94	 43705252.00	    29496.00
  4.38	 40429925.00	        0.00	387635690.00	        0.93	 44368700.00	    29377.00
  4.39	 40842193.00	        0.00	412911545.00	        0.93	 45040331.00	    29244.00
  4.40	 41217334.00	        0.00	442367013.00	        0.92	 45717318.00	    29103.00
  4.41	 41592913.00	        0.00	472295649.00	        0.92	 46399851.00	    28960.00
  4.42	 41987733.00	        0.00	500874922.00	        0.92	 47088268.00	    28804.00
  4.43	 42383595.00	        0.00	530140508.00	        0.91	 47784959.00	    28640.00
  4.44	 42747324.00	        0.00	563112347.00	        0.91	 48487250.00	    28487.00
  4.45	 43067550.00	        0.00	600976220.00	        0.90	 49195858.00	    28333.00
  4.46	 43439153.00	        0.00	634177396.00	        0.90	 49909057.00	    28156.00
  4.47	 43722170.00	        0.00	676806863.00	        0.89	 50629308.00	    27955.00
  4.48	 44012206.00	        0.00	719122318.00	        0.88	 51353817.00	    27762.00
  4.49	 44249310.00	        0.00	767190761.00	        0.88	 52084017.00	    27539.00
  4.50	 44529964.00	        0.00	811035746.00	        0.87	 52815595.00	    27302.00
  4.51	 44770620.00	        0.00	859412464.00	        0.86	 53553378.00	    27098.00
  4.52	 44954481.00	        0.00	913437296.00	        0.86	 54292032.00	    26867.00
  4.53	 45101598.00	        0.00	971433405.00	        0.85	 55034523.00	    26634.00
  4.54	 45204183.00	        0.00	1033885625.00	        0.84	 55778112.00	    26365.00
  4.55	 45370726.00	        0.00	1090295060.00	        0.83	 56525262.00	    26093.00
  4.56	 45444661.00	        0.00	1156090004.00	        0.82	 57275234.00	    25796.00
  4.57	 45513770.00	        0.00	1222126350.00	        0.81	 58023571.00	    25507.00
  4.58	 45654276.00	        0.00	1281204593.00	        0.80	 58773580.00	    25214.00
  4.59	 45680962.00	        0.00	1351815071.00	        0.80	 59526918.00	    24935.00
  4.60	 45632187.00	        0.00	1429762486.00	        0.79	 60279662.00	    24641.00
  4.61	 45514407.00	        0.00	1514314727.00	        0.78	 61030977.00	    24285.00
  4.62	 45475676.00	        0.00	1590867128.00	        0.77	 61781252.00	    23975.00
  4.63	 45311409.00	        0.00	1679518546.00	        0.75	 62529109.00	    23599.00
  4.64	 45060362.00	        0.00	1776215465.00	        0.74	 63272439.00	    23229.00
  4.65	 44783308.00	        0.00	1874973978.00	        0.73	 64011701.00	    22844.00
  4.66	 44575873.00	        0.00	1966480525.00	        0.72	 64748158.00	    22399.00
  4.67	 44271561.00	        0.00	2067117784.00	        0.70	 65480998.00	    21987.00
  4.68	 43838582.00	        0.00	2179759510.00	        0.69	 66208058.00	    21535.00
  4.69	 43429691.00	        0.00	2289071908.00	        0.68	 66926174.00	    21125.00
  4.70	 43058111.00	        0.00	2394013048.00	        0.66	 67638572.00	    20671.00
  4.71	 42621340.00	        0.00	2504570844.00	        0.65	 68343721.00	    20246.00
  4.72	 42078606.00	        0.00	2624773392.00	        0.64	 69041773.00	    19807.00
  4.73	 41359044.00	        0.00	2761334890.00	        0.62	 69729630.00	    19342.00
  4.74	 40677283.00	        0.00	2892884355.00	        0.61	 70405763.00	    18823.00
  4.75	 40001888.00	        0.00	3022363191.00	        0.59	 71068761.00	    18329.00
  4.76	 39222052.00	        0.00	3161065372.00	        0.57	 71721745.00	    17798.00
  4.77	 38270832.00	        0.00	3315034877.00	        0.56	 72359262.00	    17296.00
  4.78	 37249964.00	        0.00	3474122313.00	        0.54	 72980660.00	    16792.00
  4.79	 36348828.00	        0.00	3619578844.00	        0.52	 73585418.00	    16220.00
  4.80	 35416730.00	        0.00	3766355425.00	        0.51	 74173947.00	    15707.00
  4.81	 34096586.00	        0.00	3949773639.00	        0.49	 74746636.00	    15172.00
  4.82	 32910140.00	        0.00	4117557474.00	        0.47	 75297379.00	    14623.00
  4.83	 31743627.00	        0.00	4281433930.00	        0.46	 75830020.00	    14080.00
  4.84	 30609085.00	        0.00	4440177542.00	        0.44	 76344389.00	    13508.00
  4.85	 29490809.00	        0.00	4595085013.00	        0.42	 76837868.00	    12977.00
  4.86	 28342749.00	        0.00	4751022711.00	        0.41	 77313401.00	    12483.00
  4.87	 27043225.00	        0.00	4919773444.00	        0.39	 77768565.00	    11901.00
  4.88	 25687723.00	        0.00	5091767875.00	        0.37	 78202599.00	    11312.00
  4.89	 24343420.00	        0.00	5260208209.00	        0.35	 78613540.00	    10726.00
  4.90	 22961692.00	        0.00	5430026845.00	        0.33	 79002435.00	    10172.00
  4.91	 21610043.00	        0.00	5594435571.00	        0.32	 79369313.00	     9649.00
  4.92	 20165354.00	        0.00	5765619371.00	        0.30	 79712911.00	     9136.00
  4.93	 18698893.00	        0.00	5936442419.00	        0.28	 80032565.00	     8583.00
  4.94	 17394943.00	        0.00	6088740771.00	        0.27	 80328810.00	     8069.00
  4.95	 16085629.00	        0.00	6239232274.00	        0.25	 80603479.00	     7533.00
  4.96	 14822804.00	        0.00	6383067118.00	        0.23	 80858263.00	     7023.00
  4.97	 13480133.00	        0.00	6532508204.00	        0.21	 81091604.00	     6496.00
  4.98	 12121604.00	        0.00	6680965138.00	        0.20	 81301071.00	     6009.00
  4.99	 10983419.00	        0.00	6805561229.00	        0.18	 81490946.00	     5524.00
  5.00	  9886406.00	        0.00	6924143856.00	        0.17	 81662799.00	     5102.00
  5.01	  8661952.00	        0.00	7053449247.00	        0.16	 81816623.00	     4681.00
  5.02	  7669993.00	        0.00	7157657338.00	        0.14	 81950480.00	     4254.00
  5.03	  6673352.00	        0.00	7260745634.00	        0.13	 82069319.00	     3886.00
  5.04	  5714136.00	        0.00	7358320483.00	        0.12	 82171273.00	     3517.00
  5.05	  4854996.00	        0.00	7444459317.00	        0.11	 82258582.00	     3165.00
  5.06	  4001944.00	        0.00	7528538828.00	        0.10	 82332047.00	     2848.00
  5.07	  3326027.00	        0.00	7593782318.00	        0.09	 82392834.00	     2553.00
  5.08	  2658793.00	        0.00	7657031920.00	        0.08	 82442626.00	     2273.00
  5.09	  2122969.00	        0.00	7706270525.00	        0.07	 82482415.00	     2025.00
  5.10	  1644096.00	        0.00	7748966831.00	        0.06	 82513699.00	     1803.00
  5.11	  1276901.00	        0.00	7779925425.00	        0.06	 82538051.00	     1595.00
  5.12	   896482.00	        0.00	7811589612.00	        0.05	 82556600.00	     1416.00
  5.13	   663151.00	        0.00	7828123120.00	        0.04	 82569592.00	     1261.00
  5.14	   501816.00	        0.00	7837207393.00	        0.04	 82579201.00	     1118.00
  5.15	   340144.00	        0.00	7846019443.00	        0.04	 82586089.00	      999.00
  5.16	   231687.00	        0.00	7849397706.00	        0.03	 82591034.00	      894.00
  5.17	   131033.00	        0.00	7851755491.00	        0.03	 82593866.00	      802.00
  5.18	    75202.00	        0.00	7849595845.00	        0.03	 82595550.00	      724.00
  5.19	    42072.00	        0.00	7845119711.00	        0.02	 82596498.00	      647.00
  5.20	    31372.00	        0.00	7838393950.00	        0.02	 82597076.00	      583.00
  5.21	    24893.00	        0.00	7831250315.00	        0.02	 82597581.00	      525.00
  5.22	    20460.00	        0.00	7823897889.00	        0.02	 82597959.00	      479.00
  5.23	    16761.00	        0.00	7816475311.00	        0.02	 82598276.00	      433.00
  5.24	    12842.00	        0.00	7809074745.00	        0.01	 82598528.00	      392.00
  5.25	     8471.00	        0.00	7801716130.00	        0.01	 82598699.00	      354.00
  5.26	     6727.00	        0.00	7794102533.00	        0.01	 82598805.00	      332.00
  5.27	     5083.00	        0.00	7786487338.00	        0.01	 82598895.00	      299.00
  5.28	     4123.00	        0.00	7778812319.00	        0.01	 82598975.00	      280.00
  5.29	     3563.00	        0.00	7771101093.00	        0.01	 82599061.00	      265.00
  5.30	     3099.00	        0.00	7763383165.00	        0.01	 82599116.00	      245.00
  5.31	     2744.00	        0.00	7755663189.00	        0.01	 82599170.00	      227.00
  5.32	     2414.00	        0.00	7747947818.00	        0.01	 82599209.00	      206.00
  5.33	     2127.00	        0.00	7740232954.00	        0.01	 82599241.00	      189.00
  5.34	     1890.00	        0.00	7732526525.00	        0.01	 82599276.00	      174.00
  5.35	     1656.00	        0.00	7724824749.00	        0.01	 82599310.00	      154.00
  5.36	     1441.00	        0.00	7717119555.00	        0.01	 82599334.00	      147.00
  5.37	     1260.00	        0.00	7709426661.00	        0.00	 82599351.00	      138.00
  5.38	     1108.00	        0.00	7701734865.00	        0.00	 82599371.00	      126.00
  5.39	      967.00	        0.00	7694058173.00	        0.00	 82599388.00	      119.00
  5.40	      852.00	        0.00	7686382268.00	        0.00	 82599399.00	      110.00
  5.41	      743.00	        0.00	7678711954.00	        0.00	 82599410.00	      103.00
  5.42	      650.00	        0.00	7671050026.00	        0.00	 82599427.00	       94.00
  5.43	      571.00	        0.00	7663398541.00	        0.00	 82599432.00	       89.00
  5.44	      496.00	        0.00	7655752049.00	        0.00	 82599439.00	       83.00
  5.45	      453.00	        0.00	7648107295.00	        0.00	 82599447.00	       75.00
  5.46	      404.00	        0.00	7640466237.00	        0.00	 82599452.00	       69.00
  5.47	      346.00	        0.00	7632834252.00	        0.00	 82599459.00	       65.00
  5.48	      305.00	        0.00	7625209104.00	        0.00	 82599461.00	       63.00
  5.49	      267.00	        0.00	7617593788.00	        0.00	 82599462.00	       60.00
  5.50	      243.00	        0.00	7609977372.00	        0.00	 82599471.00	       56.00
  5.51	      220.00	        0.00	7602373696.00	        0.00	 82599476.00	       52.00
  5.52	      193.00	        0.00	7594779329.00	        0.00	 82599479.00	       44.00
  5.53	      171.00	        0.00	7587189790.00	        0.00	 82599485.00	       43.00
  5.54	      142.00	        0.00	7579604529.00	        0.00	 82599485.00	       39.00
  5.55	      124.00	        0.00	7572028634.00	        0.00	 82599488.00	       35.00
  5.56	      110.00	        0.00	7564464594.00	        0.00	 82599489.00	       33.00
  5.57	       90.00	        0.00	7556905748.00	        0.00	 82599490.00	       31.00
  5.58	       84.00	        0.00	7549354279.00	        0.00	 82599493.00	       29.00
  5.59	       68.00	        0.00	7541810286.00	        0.00	 82599495.00	       25.00
  5.60	       59.00	        0.00	7534270705.00	        0.00	 82599496.00	       24.00
  5.61	       49.00	        0.00	7526739755.00	        0.00	 82599496.00	       23.00
  5.62	       43.00	        0.00	7519214443.00	        0.00	 82599496.00	       21.00
  5.63	       39.00	        0.00	7511696412.00	        0.00	 82599498.00	       20.00
  5.64	       34.00	        0.00	7504184703.00	        0.00	 82599500.00	       18.00
  5.65	       33.00	        0.00	7496685521.00	        0.00	 82599502.00	       16.00
  5.66	       28.00	        0.00	7489190142.00	        0.00	 82599502.00	       16.00
  5.67	       21.00	        0.00	7481704816.00	        0.00	 82599502.00	       16.00
  5.68	       18.00	        0.00	7474224983.00	        0.00	 82599502.00	       15.00
  5.69	       14.00	        0.00	7466756218.00	        0.00	 82599503.00	       11.00
  5.70	       13.00	        0.00	7459292289.00	        0.00	 82599503.00	       10.00
  5.71	       12.00	        0.00	7451835105.00	        0.00	 82599503.00	        9.00
  5.72	       11.00	        0.00	7444387051.00	        0.00	 82599503.00	        9.00
  5.73	       11.00	        0.00	7436941976.00	        0.00	 82599503.00	        9.00
  5.74	        9.00	        0.00	7429506814.00	        0.00	 82599503.00	        7.00
  5.75	        9.00	        0.00	7422082639.00	        0.00	 82599503.00	        7.00
  5.76	        7.00	        0.00	7414663000.00	        0.00	 82599503.00	        5.00
  5.77	        8.00	        0.00	7407250549.00	        0.00	 82599504.00	        5.00
  5.78	        7.00	        0.00	7399844271.00	        0.00	 82599505.00	        4.00
  5.79	        6.00	        0.00	7392449521.00	        0.00	 82599505.00	        4.00
  5.80	        6.00	        0.00	7385059344.00	        0.00	 82599505.00	        4.00
  5.81	        6.00	        0.00	7377679187.00	        0.00	 82599505.00	        4.00
  5.82	        5.00	        0.00	7370307024.00	        0.00	 82599505.00	        3.00
  5.83	        3.00	        0.00	7362938393.00	        0.00	 82599505.00	        3.00
  5.84	        2.00	        0.00	7355578820.00	        0.00	 82599505.00	        2.00
  5.85	        0.00	        0.00	7348225405.00	        0.00	 82599505.00	        0.00
