Datatype: PopulationSize
  0.00	        1.00	        0.00	        0.00	        1.00	        0.00	        1.00
  0.01	        1.00	        0.00	        0.00	        1.00	        0.00	        1.00
  0.02	        1.00	        0.00	        0.00	        1.00	        0.00	        1.00
  0.03	        1.00	        0.00	        0.00	        1.00	        0.00	        1.00
  0.04	        1.00	        0.00	        0.00	        1.00	        0.00	        1.00
  0.05	        1.00	        0.00	        0.00	        1.00	        0.00	        1.00
  0.06	        1.00	        0.00	        0.00	        1.00	        0.00	        1.00
  0.07	        1.00	        0.00	        0.00	        1.00	        0.00	        1.00
  0.08	        1.00	        0.00	        0.00	        1.00	        0.00	        1.00
  0.09	        1.00	        0.00	        0.00	        1.00	        0.00	        1.00
  0.10	        1.00	        0.00	        0.00	        1.00	        0.00	        1.00
  0.11	        1.00	        0.00	        0.00	        1.00	        0.00	        1.00
  0.12	        1.00	        0.00	        0.00	        1.00	        0.00	        1.00
  0.13	        1.00	        0.00	        0.00	        1.00	        0.00	        1.00
  0.14	        1.00	        0.00	        0.00	        1.00	        0.00	        1.00
  0.15	        1.00	        0.00	        0.00	        1.00	        0.00	        1.00
  0.16	        1.00	        0.00	        0.00	        1.00	        0.00	        1.00
  0.17	        1.00	        0.00	        0.00	        1.00	        0.00	        1.00
  0.18	        1.00	        0.00	        0.00	        1.00	        0.00	        1.00
  0.19	        1.00	        0.00	        0.00	        1.00	        0.00	        1.00
  0.20	        1.00	        0.00	        0.00	        1.00	        0.00	        1.00
  0.21	        1.00	        0.00	        0.00	        1.00	        0.00	        1.00
  0.22	        1.00	        0.00	        0.00	        1.00	        0.00	        1.00
  0.23	        2.00	        0.00	        0.00	        1.00	        1.00	        1.00
  0.24	        2.00	        0.00	        0.00	        1.00	        1.00	        1.00
  0.25	        2.00	        0.00	        0.00	        1.00	        1.00	        1.00
  0.26	        2.00	        0.00	        0.00	        1.00	        1.00	        1.00
  0.27	        2.00	        0.00	        0.00	        1.00	        1.00	        1.00
  0.28	        2.00	        0.00	        0.00	        1.00	        1.00	        1.00
  0.29	        2.00	        0.00	        0.00	        1.00	        1.00	        1.00
  0.30	        2.00	        0.00	        0.00	        1.00	        1.00	        1.00
  0.31	        2.00	        0.00	        0.00	        1.00	        1.00	        1.00
  0.32	        2.00	        0.00	        0.00	        1.00	        1.00	        1.00
  0.33	        2.00	        0.00	        0.00	        1.00	        1.00	        1.00
  0.34	        2.00	        0.00	        0.00	        1.00	        1.00	        1.00
  0.35	        2.00	        0.00	        0.00	        1.00	        1.00	        1.00
  0.36	        2.00	        0.00	        0.00	        1.00	        1.00	        1.00
  0.37	        2.00	        0.00	        0.00	        1.00	        1.00	        1.00
  0.38	        2.00	        0.00	        0.00	        1.00	        1.00	        1.00
  0.39	        2.00	        0.00	        0.00	        1.00	        1.00	        1.00
  0.40	        2.00	        0.00	        0.00	        1.00	        1.00	        1.00
  0.41	        2.00	        0.00	        0.00	        1.00	        1.00	        1.00
  0.42	        2.00	        0.00	        0.00	        1.00	        1.00	        1.00
  0.43	        2.00	        0.00	        0.00	        1.00	        1.00	        1.00
  0.44	        2.00	        0.00	        0.00	        1.00	        1.00	        1.00
  0.45	        2.00	        0.00	        0.00	        1.00	        1.00	        1.00
  0.46	        2.00	        0.00	        0.00	        1.00	        1.00	        1.00
  0.47	        2.00	        0.00	        0.00	        1.00	        1.00	        1.00
  0.48	        2.00	        0.00	        0.00	        1.00	        1.00	        1.00
  0.49	        2.00	        0.00	        0.00	        1.00	        1.00	        1.00
  0.50	        2.00	        0.00	        0.00	        1.00	        1.00	        1.00
  0.51	        2.00	        0.00	        0.00	        1.00	        1.00	        1.00
  0.52	        2.00	        0.00	        0.00	        1.00	        1.00	        1.00
  0.53	        3.00	        0.00	        0.00	        1.00	        2.00	        1.00
  0.54	        3.00	        0.00	        0.00	        1.00	        2.00	        1.00
  0.55	        3.00	        0.00	        0.00	        1.00	        2.00	        1.00
  0.56	        3.00	        0.00	        0.00	        1.00	        2.00	        1.00
  0.57	        3.00	        0.00	        0.00	        1.00	        2.00	        1.00
  0.58	        3.00	        0.00	        0.00	        1.00	        2.00	        1.00
  0.59	        3.00	        0.00	        0.00	        1.00	        2.00	        1.00
  0.60	        3.00	        0.00	        0.00	        1.00	        2.00	        1.00
  0.61	        4.00	        0.00	        0.00	        1.00	        3.00	        1.00
  0.62	        4.00	        0.00	        0.00	        1.00	        3.00	        1.00
  0.63	        4.00	        0.00	        0.00	        1.00	        3.00	        1.00
  0.64	        4.00	        0.00	        0.00	        1.00	        3.00	        1.00
  0.65	        4.00	        0.00	        0.00	        1.00	        3.00	        1.00
  0.66	        4.00	        0.00	        0.00	        1.00	        3.00	        1.00
  0.67	        4.00	        0.00	        0.00	        1.00	        3.00	        1.00
  0.68	        4.00	        0.00	        0.00	        1.00	        3.00	        1.00
  0.69	        4.00	        0.00	        0.00	        1.00	        3.00	        1.00
  0.70	        4.00	        0.00	        0.00	        1.00	        3.00	        1.00
  0.71	        4.00	        0.00	        0.00	        1.00	        3.00	        1.00
  0.72	        4.00	        0.00	        0.00	        1.00	        3.00	        1.00
  0.73	        4.00	        0.00	        0.00	        1.00	        3.00	        1.00
  0.74	        4.00	        0.00	        0.00	        1.00	        3.00	        1.00
  0.75	        4.00	        0.00	        0.00	        1.00	        3.00	        1.00
  0.76	        4.00	        0.00	        0.00	        1.00	        3.00	        1.00
  0.77	        4.00	        0.00	        0.00	        1.00	        3.00	        1.00
  0.78	        4.00	        0.00	        0.00	        1.00	        3.00	        1.00
  0.79	        5.00	        0.00	        0.00	        1.00	        4.00	        1.00
  0.80	        5.00	        0.00	        0.00	        1.00	        4.00	        1.00
  0.81	        5.00	        0.00	        0.00	        1.00	        4.00	        1.00
  0.82	        5.00	        0.00	        0.00	        1.00	        4.00	        1.00
  0.83	        6.00	        0.00	        0.00	        1.00	        5.00	        1.00
  0.84	        6.00	        0.00	        0.00	        1.00	        5.00	        1.00
  0.85	        6.00	        0.00	        0.00	        1.00	        5.00	        1.00
  0.86	        6.00	        0.00	        0.00	        1.00	        5.00	        1.00
  0.87	        6.00	        0.00	        0.00	        1.00	        5.00	        1.00
  0.88	        6.00	        0.00	        0.00	        1.00	        5.00	        1.00
  0.89	        6.00	        0.00	        0.00	        1.00	        5.00	        1.00
  0.90	        7.00	        0.00	        0.00	        1.00	        6.00	        1.00
  0.91	        7.00	        0.00	        0.00	        1.00	        6.00	        1.00
  0.92	        8.00	        0.00	        0.00	        1.00	        7.00	        1.00
  0.93	        8.00	        0.00	        0.00	        1.00	        7.00	        1.00
  0.94	        8.00	        0.00	        0.00	        1.00	        7.00	        1.00
  0.95	        8.00	        0.00	        0.00	        1.00	        7.00	        1.00
  0.96	        8.00	        0.00	        0.00	        1.00	        7.00	        1.00
  0.97	        9.00	        0.00	        0.00	        1.00	        8.00	        1.00
  0.98	        9.00	        0.00	        0.00	        1.00	        8.00	        1.00
  0.99	        9.00	        0.00	        0.00	        1.00	        8.00	        1.00
  1.00	        9.00	        0.00	        0.00	        1.00	        8.00	        1.00
  1.01	        9.00	        0.00	        0.00	        1.00	        8.00	        1.00
  1.02	        9.00	        0.00	        0.00	        1.00	        8.00	        1.00
  1.03	        9.00	        0.00	        0.00	        1.00	        8.00	        1.00
  1.04	        9.00	        0.00	        0.00	        1.00	        8.00	        1.00
  1.05	        9.00	        0.00	        0.00	        1.00	        8.00	        1.00
  1.06	        9.00	        0.00	        0.00	        1.00	        8.00	        1.00
  1.07	        9.00	        0.00	        0.00	        1.00	        8.00	        1.00
  1.08	        9.00	        0.00	        0.00	        1.00	        8.00	        1.00
  1.09	        9.00	        0.00	        0.00	        1.00	        8.00	        1.00
  1.10	        9.00	        0.00	        0.00	        1.00	        8.00	        1.00
  1.11	        9.00	        0.00	        0.00	        1.00	        8.00	        1.00
  1.12	        9.00	        0.00	        0.00	        1.00	        8.00	        1.00
  1.13	        9.00	        0.00	        0.00	        1.00	        8.00	        1.00
  1.14	        9.00	        0.00	        0.00	        1.00	        8.00	        1.00
  1.15	        9.00	        0.00	        0.00	        1.00	        8.00	        1.00
  1.16	       10.00	        0.00	        0.00	        1.00	        9.00	        1.00
  1.17	       10.00	        0.00	        0.00	        1.00	        9.00	        1.00
  1.18	       11.00	        0.00	        0.00	        1.00	       10.00	        1.00
  1.19	       11.00	        0.00	        0.00	        1.00	       10.00	        1.00
  1.20	       12.00	        0.00	        0.00	        1.00	       11.00	        1.00
  1.21	       12.00	        0.00	        0.00	        1.00	       11.00	        1.00
  1.22	       12.00	        0.00	        0.00	        1.00	       11.00	        1.00
  1.23	       12.00	        0.00	        0.00	        1.00	       11.00	        1.00
  1.24	       12.00	        0.00	        0.00	        1.00	       11.00	        1.00
  1.25	       12.00	        0.00	        0.00	        1.00	       11.00	        1.00
  1.26	       12.00	        0.00	        0.00	        1.00	       11.00	        1.00
  1.27	       12.00	        0.00	        0.00	        1.00	       11.00	        1.00
  1.28	       12.00	        0.00	        0.00	        1.00	       11.00	        1.00
  1.29	       13.00	        0.00	        0.00	        1.00	       12.00	        1.00
  1.30	       14.00	        0.00	        0.00	        1.00	       13.00	        1.00
  1.31	       14.00	        0.00	        0.00	        1.00	       13.00	        1.00
  1.32	       14.00	        0.00	        0.00	        1.00	       13.00	        1.00
  1.33	       14.00	        0.00	        0.00	        1.00	       13.00	        1.00
  1.34	       14.00	        0.00	        0.00	        1.00	       13.00	        1.00
  1.35	       14.00	        0.00	        0.00	        1.00	       13.00	        1.00
  1.36	       14.00	        0.00	        0.00	        1.00	       13.00	        1.00
  1.37	       14.00	        0.00	        0.00	        1.00	       13.00	        1.00
  1.38	       14.00	        0.00	        0.00	        1.00	       13.00	        1.00
  1.39	       15.00	        0.00	        0.00	        1.00	       14.00	        1.00
  1.40	       16.00	        0.00	        0.00	        1.00	       15.00	        1.00
  1.41	       16.00	        0.00	        0.00	        1.00	       15.00	        1.00
  1.42	       16.00	        0.00	        0.00	        1.00	       15.00	        1.00
  1.43	       16.00	        0.00	        0.00	        1.00	       15.00	        1.00
  1.44	       16.00	        0.00	        0.00	        1.00	       15.00	        1.00
  1.45	       17.00	        0.00	        0.00	        1.00	       16.00	        1.00
  1.46	       17.00	        0.00	        0.00	        1.00	       16.00	        1.00
  1.47	       18.00	        0.00	        0.00	        1.00	       17.00	        1.00
  1.48	       18.00	        0.00	        0.00	        1.00	       17.00	        1.00
  1.49	       19.00	        0.00	        0.00	        1.00	       18.00	        1.00
  1.50	       19.00	        0.00	        0.00	        1.00	       18.00	        1.00
  1.51	       19.00	        0.00	        0.00	        1.00	       18.00	        1.00
  1.52	       19.00	        0.00	        0.00	        1.00	       18.00	        1.00
  1.53	       19.00	        0.00	        0.00	        1.00	       18.00	        1.00
  1.54	       19.00	        0.00	        0.00	        1.00	       18.00	        1.00
  1.55	       19.00	        0.00	        0.00	        1.00	       18.00	        1.00
  1.56	       19.00	        0.00	        0.00	        1.00	       18.00	        1.00
  1.57	       20.00	        0.00	        0.00	        1.00	       19.00	        1.00
  1.58	       21.00	        0.00	        0.00	        1.00	       20.00	        1.00
  1.59	       21.00	        0.00	        0.00	        1.00	       20.00	        1.00
  1.60	       21.00	        0.00	        0.00	        1.00	       20.00	        1.00
  1.61	       22.00	        0.00	        0.00	        1.00	       21.00	        1.00
  1.62	       22.00	        0.00	        0.00	        1.00	       21.00	        1.00
  1.63	       23.00	        0.00	        0.00	        1.00	       22.00	        1.00
  1.64	       23.00	        0.00	        0.00	        1.00	       22.00	        1.00
  1.65	       23.00	        0.00	        0.00	        1.00	       22.00	        1.00
  1.66	       23.00	        0.00	        0.00	        1.00	       22.00	        1.00
  1.67	       25.00	        0.00	        0.00	        1.00	       24.00	        1.00
  1.68	       25.00	        0.00	        0.00	        1.00	       24.00	        1.00
  1.69	       27.00	        0.00	        0.00	        1.00	       26.00	        1.00
  1.70	       27.00	        0.00	        0.00	        1.00	       26.00	        1.00
  1.71	       27.00	        0.00	        0.00	        1.00	       26.00	        1.00
  1.72	       27.00	        0.00	        0.00	        1.00	       26.00	        1.00
  1.73	       27.00	        0.00	        0.00	        1.00	       26.00	        1.00
  1.74	       27.00	        0.00	        0.00	        1.00	       26.00	        1.00
  1.75	       27.00	        0.00	        0.00	        1.00	       26.00	        1.00
  1.76	       27.00	        0.00	        0.00	        1.00	       26.00	        1.00
  1.77	       28.00	        0.00	        0.00	        1.00	       27.00	        1.00
  1.78	       28.00	        0.00	        0.00	        1.00	       27.00	        1.00
  1.79	       28.00	        0.00	        0.00	        1.00	       27.00	        1.00
  1.80	       28.00	        0.00	        0.00	        1.00	       27.00	        1.00
  1.81	       28.00	        0.00	        0.00	        1.00	       27.00	        1.00
  1.82	       28.00	        0.00	        0.00	        1.00	       27.00	        1.00
  1.83	       28.00	        0.00	        0.00	        1.00	       27.00	        1.00
  1.84	       29.00	        0.00	        0.00	        1.00	       28.00	        1.00
  1.85	       30.00	        0.00	        0.00	        1.00	       29.00	        1.00
  1.86	       30.00	        0.00	        0.00	        1.00	       29.00	        1.00
  1.87	       31.00	        0.00	        0.00	        1.00	       30.00	        1.00
  1.88	       32.00	        0.00	        0.00	        1.00	       31.00	        1.00
  1.89	       32.00	        0.00	        0.00	        1.00	       31.00	        1.00
  1.90	       32.00	        0.00	        0.00	        1.00	       31.00	        1.00
  1.91	       32.00	        0.00	        0.00	        1.00	       31.00	        1.00
  1.92	       32.00	        0.00	        0.00	        1.00	       31.00	        1.00
  1.93	       33.00	        0.00	        0.00	        1.00	       32.00	        1.00
  1.94	       33.00	        0.00	        0.00	        1.00	       32.00	        1.00
  1.95	       33.00	        0.00	        0.00	        1.00	       32.00	        1.00
  1.96	       33.00	        0.00	        0.00	        1.00	       32.00	        1.00
  1.97	       33.00	        0.00	        0.00	        1.00	       32.00	        1.00
  1.98	       34.00	        0.00	        0.00	        1.00	       33.00	        1.00
  1.99	       35.00	        0.00	        0.00	        1.00	       34.00	        1.00
  2.00	       35.00	        0.00	        0.00	        1.00	       34.00	        1.00
  2.01	       36.00	        0.00	        0.00	        1.00	       35.00	        1.00
  2.02	       37.00	        0.00	        0.00	        1.00	       36.00	        1.00
  2.03	       38.00	        0.00	        0.00	        1.00	       37.00	        1.00
  2.04	       38.00	        0.00	        0.00	        1.00	       37.00	        1.00
  2.05	       39.00	        0.00	        0.00	        1.00	       38.00	        1.00
  2.06	       40.00	        0.00	        0.00	        1.00	       39.00	        1.00
  2.07	       41.00	        0.00	        0.00	        1.00	       40.00	        1.00
  2.08	       41.00	        0.00	        0.00	        1.00	       40.00	        1.00
  2.09	       43.00	        0.00	        0.00	        1.00	       42.00	        1.00
  2.10	       45.00	        0.00	        0.00	        1.00	       44.00	        1.00
  2.11	       46.00	        0.00	        0.00	        1.00	       45.00	        1.00
  2.12	       47.00	        0.00	        0.00	        1.00	       46.00	        1.00
  2.13	       48.00	        0.00	        0.00	        1.00	       47.00	        1.00
  2.14	       48.00	        0.00	        0.00	        1.00	       47.00	        1.00
  2.15	       48.00	        0.00	        0.00	        1.00	       47.00	        1.00
  2.16	       48.00	        0.00	        0.00	        1.00	       47.00	        1.00
  2.17	       48.00	        0.00	        0.00	        1.00	       47.00	        1.00
  2.18	       51.00	        0.00	        0.00	        1.00	       50.00	        1.00
  2.19	       51.00	        0.00	        0.00	        1.00	       50.00	        1.00
  2.20	       52.00	        0.00	        0.00	        1.00	       51.00	        1.00
  2.21	       52.00	        0.00	        0.00	        1.00	       51.00	        1.00
  2.22	       52.00	        0.00	        0.00	        1.00	       51.00	        1.00
  2.23	       53.00	        0.00	        0.00	        1.00	       52.00	        1.00
  2.24	       54.00	        0.00	        0.00	        1.00	       53.00	        1.00
  2.25	       55.00	        0.00	        0.00	        1.00	       54.00	        1.00
  2.26	       56.00	        0.00	        0.00	        1.00	       55.00	        1.00
  2.27	       56.00	        0.00	        0.00	        1.00	       55.00	        1.00
  2.28	       56.00	        0.00	        0.00	        1.00	       55.00	        1.00
  2.29	       57.00	        0.00	        0.00	        1.00	       56.00	        1.00
  2.30	       57.00	        0.00	        0.00	        1.00	       56.00	        1.00
  2.31	       58.00	        0.00	        0.00	        1.00	       57.00	        1.00
  2.32	       59.00	        0.00	        0.00	        1.00	       58.00	        1.00
  2.33	       60.00	        0.00	        0.00	        1.00	       59.00	        1.00
  2.34	       62.00	        0.00	        0.00	        1.00	       61.00	        1.00
  2.35	       62.00	        0.00	        0.00	        1.00	       61.00	        1.00
  2.36	       62.00	        0.00	        0.00	        1.00	       61.00	        1.00
  2.37	       63.00	        0.00	        0.00	        1.00	       62.00	        1.00
  2.38	       63.00	        0.00	        0.00	        1.00	       62.00	        1.00
  2.39	       64.00	        0.00	        0.00	        1.00	       63.00	        1.00
  2.40	       64.00	        0.00	        0.00	        1.00	       63.00	        1.00
  2.41	       64.00	        0.00	        0.00	        1.00	       63.00	        1.00
  2.42	       64.00	        0.00	        0.00	        1.00	       63.00	        1.00
  2.43	       64.00	        0.00	        0.00	        1.00	       63.00	        1.00
  2.44	       64.00	        0.00	        0.00	        1.00	       63.00	        1.00
  2.45	       66.00	        0.00	        0.00	        1.00	       65.00	        1.00
  2.46	       67.00	        0.00	        0.00	        1.00	       66.00	        1.00
  2.47	       69.00	        0.00	        0.00	        1.00	       68.00	        1.00
  2.48	       69.00	        0.00	        0.00	        1.00	       68.00	        1.00
  2.49	       72.00	        0.00	        0.00	        1.00	       71.00	        1.00
  2.50	       74.00	        0.00	        0.00	        1.00	       73.00	        1.00
  2.51	       75.00	        0.00	        0.00	        1.00	       74.00	        1.00
  2.52	       76.00	        0.00	        0.00	        1.00	       75.00	        1.00
  2.53	       76.00	        0.00	        0.00	        1.00	       75.00	        1.00
  2.54	       76.00	        0.00	        0.00	        1.00	       75.00	        1.00
  2.55	       76.00	        0.00	        0.00	        1.00	       75.00	        1.00
  2.56	       77.00	        0.00	        0.00	        1.00	       76.00	        1.00
  2.57	       78.00	        0.00	        0.00	        1.00	       77.00	        1.00
  2.58	       80.00	        0.00	        0.00	        1.00	       79.00	        1.00
  2.59	       82.00	        0.00	        0.00	        1.00	       81.00	        1.00
  2.60	       82.00	        0.00	        0.00	        1.00	       81.00	        1.00
  2.61	       84.00	        0.00	        0.00	        1.00	       83.00	        1.00
  2.62	       87.00	        0.00	        0.00	        1.00	       86.00	        1.00
  2.63	       88.00	        0.00	        0.00	        1.00	       87.00	        1.00
  2.64	       90.00	        0.00	        0.00	        1.00	       89.00	        1.00
  2.65	       91.00	        0.00	        0.00	        1.00	       90.00	        1.00
  2.66	       91.00	        0.00	        0.00	        1.00	       90.00	        1.00
  2.67	       93.00	        0.00	        0.00	        1.00	       92.00	        1.00
  2.68	       94.00	        0.00	        0.00	        1.00	       93.00	        1.00
  2.69	       96.00	        0.00	        0.00	        1.00	       95.00	        1.00
  2.70	       98.00	        0.00	        0.00	        1.00	       97.00	        1.00
  2.71	      100.00	        0.00	        0.00	        1.00	       99.00	        1.00
  2.72	      103.00	        0.00	        0.00	        1.00	      102.00	        1.00
  2.73	      104.00	        0.00	        0.00	        1.00	      103.00	        1.00
  2.74	      104.00	        0.00	        0.00	        1.00	      103.00	        1.00
  2.75	      106.00	        0.00	        0.00	        1.00	      105.00	        1.00
  2.76	      109.00	        0.00	        0.00	        1.00	      108.00	        1.00
  2.77	      110.00	        0.00	        0.00	        1.00	      109.00	        1.00
  2.78	      114.00	        0.00	        0.00	        1.00	      113.00	        1.00
  2.79	      117.00	        0.00	        0.00	        1.00	      116.00	        1.00
  2.80	      120.00	        0.00	        0.00	        1.00	      119.00	        1.00
  2.81	      120.00	        0.00	        0.00	        1.00	      119.00	        1.00
  2.82	      123.00	        0.00	        0.00	        1.00	      122.00	        1.00
  2.83	      125.00	        0.00	        0.00	        1.00	      124.00	        1.00
  2.84	      127.00	        0.00	        0.00	        1.00	      126.00	        1.00
  2.85	      127.00	        0.00	        0.00	        1.00	      126.00	        1.00
  2.86	      128.00	        0.00	        0.00	        1.00	      127.00	        1.00
  2.87	      128.00	        0.00	        0.00	        1.00	      127.00	        1.00
  2.88	      131.00	        0.00	        0.00	        1.00	      130.00	        1.00
  2.89	      135.00	        0.00	        0.00	        1.00	      134.00	        1.00
  2.90	      137.00	        0.00	        0.00	        1.00	      136.00	        1.00
  2.91	      137.00	        0.00	        0.00	        1.00	      136.00	        1.00
  2.92	      142.00	        0.00	        0.00	        1.00	      141.00	        1.00
  2.93	      144.00	        0.00	        0.00	        1.00	      143.00	        1.00
  2.94	      147.00	        0.00	        0.00	        1.00	      146.00	        1.00
  2.95	      149.00	        0.00	        0.00	        1.00	      148.00	        1.00
  2.96	      151.00	        0.00	        0.00	        1.00	      150.00	        1.00
  2.97	      153.00	        0.00	        0.00	        1.00	      152.00	        1.00
  2.98	      156.00	        0.00	        0.00	        1.00	      155.00	        1.00
  2.99	      160.00	        0.00	        0.00	        1.00	      159.00	        1.00
  3.00	      164.00	        0.00	        0.00	        1.00	      163.00	        1.00
  3.01	      165.00	        0.00	        0.00	        1.00	      164.00	        1.00
  3.02	      168.00	        0.00	        0.00	        1.00	      167.00	        1.00
  3.03	      171.00	        0.00	        0.00	        1.00	      170.00	        1.00
  3.04	      172.00	        0.00	        0.00	        1.00	      171.00	        1.00
  3.05	      174.00	        0.00	        0.00	        1.00	      173.00	        1.00
  3.06	      176.00	        0.00	        0.00	        1.00	      175.00	        1.00
  3.07	      180.00	        0.00	        0.00	        1.00	      179.00	        1.00
  3.08	      187.00	        0.00	        0.00	        1.00	      186.00	        1.00
  3.09	      191.00	        0.00	        0.00	        1.00	      190.00	        1.00
  3.10	      192.00	        0.00	        0.00	        1.00	      191.00	        1.00
  3.11	      196.00	        0.00	        0.00	        1.00	      195.00	        1.00
  3.12	      203.00	        0.00	        0.00	        1.00	      202.00	        1.00
  3.13	      207.00	        0.00	        0.00	        1.00	      206.00	        1.00
  3.14	      213.00	        0.00	        0.00	        1.00	      212.00	        1.00
  3.15	      218.00	        0.00	        0.00	        1.00	      217.00	        1.00
  3.16	      222.00	        0.00	        0.00	        1.00	      221.00	        1.00
  3.17	      224.00	        0.00	        0.00	        1.00	      223.00	        1.00
  3.18	      232.00	        0.00	        0.00	        1.00	      231.00	        1.00
  3.19	      235.00	        0.00	        0.00	        1.00	      234.00	        1.00
  3.20	      244.00	        0.00	        0.00	        1.00	      243.00	        1.00
  3.21	      246.00	        0.00	        0.00	        1.00	      245.00	        1.00
  3.22	      249.00	        0.00	        0.00	        1.00	      248.00	        1.00
  3.23	      256.00	        0.00	        0.00	        1.00	      255.00	        1.00
  3.24	      259.00	        0.00	        0.00	        1.00	      258.00	        1.00
  3.25	      260.00	        0.00	        0.00	        1.00	      259.00	        1.00
  3.26	      265.00	        0.00	        0.00	        1.00	      264.00	        1.00
  3.27	      269.00	        0.00	        0.00	        1.00	      268.00	        1.00
  3.28	      273.00	        0.00	        0.00	        1.00	      272.00	        1.00
  3.29	      277.00	        0.00	        0.00	        1.00	      276.00	        1.00
  3.30	      279.00	        0.00	        0.00	        1.00	      278.00	        1.00
  3.31	      280.00	        0.00	        0.00	        1.00	      279.00	        1.00
  3.32	      287.00	        0.00	        0.00	        1.00	      286.00	        1.00
  3.33	      291.00	        0.00	        0.00	        1.00	      290.00	        1.00
  3.34	      297.00	        0.00	        0.00	        1.00	      296.00	        1.00
  3.35	      301.00	        0.00	        0.00	        1.00	      300.00	        1.00
  3.36	      306.00	        0.00	        0.00	        1.00	      305.00	        1.00
  3.37	      310.00	        0.00	        0.00	        1.00	      309.00	        1.00
  3.38	      315.00	        0.00	        0.00	        1.00	      314.00	        1.00
  3.39	      316.00	        0.00	        0.00	        1.00	      315.00	        1.00
  3.40	      325.00	        0.00	        0.00	        1.00	      324.00	        1.00
  3.41	      332.00	        0.00	        0.00	        1.00	      331.00	        1.00
  3.42	      338.00	        0.00	        0.00	        1.00	      337.00	        1.00
  3.43	      343.00	        0.00	        0.00	        1.00	      342.00	        1.00
  3.44	      351.00	        0.00	        0.00	        1.00	      350.00	        1.00
  3.45	      353.00	        0.00	        0.00	        1.00	      352.00	        1.00
  3.46	      358.00	        0.00	        0.00	        1.00	      357.00	        1.00
  3.47	      362.00	        0.00	        0.00	        1.00	      361.00	        1.00
  3.48	      373.00	        0.00	        0.00	        1.00	      372.00	        1.00
  3.49	      375.00	        0.00	        0.00	        1.00	      374.00	        1.00
  3.50	      383.00	        0.00	        0.00	        1.00	      382.00	        1.00
  3.51	      389.00	        0.00	        0.00	        1.00	      388.00	        1.00
  3.52	      392.00	        0.00	        0.00	        1.00	      391.00	        1.00
  3.53	      403.00	        0.00	        0.00	        1.00	      402.00	        1.00
  3.54	      409.00	        0.00	        0.00	        1.00	      408.00	        1.00
  3.55	      416.00	        0.00	        0.00	        1.00	      415.00	        1.00
  3.56	      422.00	        0.00	        0.00	        1.00	      421.00	        1.00
  3.57	      427.00	        0.00	        0.00	        1.00	      426.00	        1.00
  3.58	      431.00	        0.00	        0.00	        1.00	      430.00	        1.00
  3.59	      437.00	        0.00	        0.00	        1.00	      436.00	        1.00
  3.60	      443.00	        0.00	        0.00	        1.00	      442.00	        1.00
  3.61	      449.00	        0.00	        0.00	        1.00	      448.00	        1.00
  3.62	      455.00	        0.00	        0.00	        1.00	      454.00	        1.00
  3.63	      463.00	        0.00	        0.00	        1.00	      462.00	        1.00
  3.64	      466.00	        0.00	        0.00	        1.00	      465.00	        1.00
  3.65	      473.00	        0.00	        0.00	        1.00	      472.00	        1.00
  3.66	      479.00	        0.00	        0.00	        1.00	      478.00	        1.00
  3.67	      487.00	        0.00	        0.00	        1.00	      486.00	        1.00
  3.68	      501.00	        0.00	        0.00	        1.00	      500.00	        1.00
  3.69	      508.00	        0.00	        0.00	        1.00	      507.00	        1.00
  3.70	      516.00	        0.00	        0.00	        1.00	      515.00	        1.00
  3.71	      521.00	        0.00	        0.00	        1.00	      520.00	        1.00
  3.72	      531.00	        0.00	        0.00	        1.00	      530.00	        1.00
  3.73	      542.00	        0.00	        0.00	        1.00	      541.00	        1.00
  3.74	      551.00	        0.00	        0.00	        1.00	      550.00	        1.00
  3.75	      556.00	        0.00	        0.00	        1.00	      555.00	        1.00
  3.76	      566.00	        0.00	        0.00	        1.00	      565.00	        1.00
  3.77	      573.00	        0.00	        0.00	        1.00	      572.00	        1.00
  3.78	      583.00	        0.00	        0.00	        1.00	      582.00	        1.00
  3.79	      592.00	        0.00	        0.00	        1.00	      591.00	        1.00
  3.80	      599.00	        0.00	        0.00	        1.00	      598.00	        1.00
  3.81	      604.00	        0.00	        0.00	        1.00	      603.00	        1.00
  3.82	      609.00	        0.00	        0.00	        1.00	      608.00	        1.00
  3.83	      622.00	        0.00	        0.00	        1.00	      621.00	        1.00
  3.84	      640.00	        0.00	        0.00	        1.00	      639.00	        1.00
  3.85	      656.00	        0.00	        0.00	        1.00	      655.00	        1.00
  3.86	      670.00	        0.00	        0.00	        1.00	      669.00	        1.00
  3.87	      677.00	        0.00	        0.00	        1.00	      676.00	        1.00
  3.88	      688.00	        0.00	        0.00	        1.00	      687.00	        1.00
  3.89	      700.00	        0.00	        0.00	        1.00	      699.00	        1.00
  3.90	      707.00	        0.00	        0.00	        1.00	      706.00	        1.00
  3.91	      721.00	        0.00	        0.00	        1.00	      720.00	        1.00
  3.92	      735.00	        0.00	        0.00	        1.00	      734.00	        1.00
  3.93	      744.00	        0.00	        0.00	        1.00	      743.00	        1.00
  3.94	      750.00	        0.00	        0.00	        1.00	      749.00	        1.00
  3.95	      765.00	        0.00	        0.00	        1.00	      764.00	        1.00
  3.96	      775.00	        0.00	        0.00	        1.00	      774.00	        1.00
  3.97	      788.00	        0.00	        0.00	        1.00	      787.00	        1.00
  3.98	      799.00	        0.00	        0.00	        1.00	      798.00	        1.00
  3.99	      813.00	        0.00	        0.00	        1.00	      812.00	        1.00
  4.00	      827.00	        0.00	   599999.00	        1.00	      826.00	        1.00
  4.01	      830.00	        5.00	   599986.00	        1.00	      834.00	        1.00
  4.02	      839.00	       11.00	   599963.00	        1.00	      849.00	        1.00
  4.03	      846.00	       16.00	   599947.00	        1.00	      861.00	        1.00
  4.04	      860.00	       20.00	   599922.00	        1.00	      879.00	        1.00
  4.05	      864.00	       27.00	   599899.00	        1.00	      890.00	        1.00
  4.06	      871.00	       29.00	   599880.00	        1.00	      899.00	        1.00
  4.07	      875.00	       35.00	   599848.00	        1.00	      909.00	        1.00
  4.08	      886.00	       35.00	   599830.00	        1.00	      920.00	        1.00
  4.09	      895.00	       38.00	   599816.00	        1.00	      932.00	        1.00
  4.10	      907.00	       40.00	   599798.00	        1.00	      946.00	        1.00
  4.11	      917.00	       42.00	   599775.00	        1.00	      958.00	        1.00
  4.12	      921.00	       47.00	   599756.00	        1.00	      967.00	        1.00
  4.13	      932.00	       48.00	   599740.00	        1.00	      979.00	        1.00
  4.14	      939.00	       49.00	   599728.00	        1.00	      987.00	        1.00
  4.15	      947.00	       54.00	   599705.00	        1.00	     1000.00	        1.00
  4.16	      960.00	       56.00	   599691.00	        1.00	     1015.00	        1.00
  4.17	      968.00	       62.00	   599666.00	        1.00	     1029.00	        1.00
  4.18	      977.00	       67.00	   599643.00	        1.00	     1043.00	        1.00
  4.19	      986.00	       72.00	   599612.00	        1.00	     1057.00	        1.00
  4.20	      998.00	       75.00	   599591.00	        1.00	     1072.00	        1.00
  4.21	     1010.00	       77.00	   599571.00	        1.00	     1086.00	        1.00
  4.22	     1022.00	       80.00	   599549.00	        1.00	     1101.00	        1.00
  4.23	     1039.00	       83.00	   599523.00	        1.00	     1121.00	        1.00
  4.24	     1052.00	       85.00	   599508.00	        1.00	     1136.00	        1.00
  4.25	     1061.00	       87.00	   599490.00	        1.00	     1147.00	        1.00
  4.26	     1070.00	       92.00	   599471.00	        1.00	     1161.00	        1.00
  4.27	     1084.00	      101.00	   599448.00	        1.00	     1184.00	        1.00
  4.28	     1102.00	      104.00	   599425.00	        1.00	     1205.00	        1.00
  4.29	     1121.00	      107.00	   599404.00	        1.00	     1227.00	        1.00
  4.30	     1138.00	      109.00	   599385.00	        1.00	     1246.00	        1.00
  4.31	     1153.00	      112.00	   599366.00	        1.00	     1264.00	        1.00
  4.32	     1173.00	      115.00	   599342.00	        1.00	     1287.00	        1.00
  4.33	     1189.00	      116.00	   599314.00	        1.00	     1304.00	        1.00
  4.34	     1200.00	      120.00	   599291.00	        1.00	     1319.00	        1.00
  4.35	     1215.00	      125.00	   599268.00	        1.00	     1339.00	        1.00
  4.36	     1233.00	      133.00	   599238.00	        1.00	     1365.00	        1.00
  4.37	     1241.00	      136.00	   599220.00	        1.00	     1376.00	        1.00
  4.38	     1256.00	      142.00	   599197.00	        1.00	     1397.00	        1.00
  4.39	     1273.00	      145.00	   599179.00	        1.00	     1417.00	        1.00
  4.40	     1292.00	      147.00	   599167.00	        1.00	     1438.00	        1.00
  4.41	     1305.00	      150.00	   599143.00	        1.00	     1454.00	        1.00
  4.42	     1317.00	      158.00	   599115.00	        1.00	     1474.00	        1.00
  4.43	     1335.00	      163.00	   599087.00	        1.00	     1497.00	        1.00
  4.44	     1346.00	      170.00	   599057.00	        1.00	     1515.00	        1.00
  4.45	     1365.00	      173.00	   599033.00	        1.00	     1537.00	        1.00
  4.46	     1376.00	      179.00	   599014.00	        1.00	     1554.00	        1.00
  4.47	     1399.00	      184.00	   598986.00	        1.00	     1582.00	        1.00
  4.48	     1410.00	      191.00	   598964.00	        1.00	     1600.00	        1.00
  4.49	     1432.00	      194.00	   598940.00	        1.00	     1625.00	        1.00
  4.50	     1451.00	      197.00	   598918.00	        1.00	     1647.00	        1.00
  4.51	     1471.00	      199.00	   598898.00	        1.00	     1669.00	        1.00
  4.52	     1488.00	      203.00	   598876.00	        1.00	     1690.00	        1.00
  4.53	     1501.00	      208.00	   598857.00	        1.00	     1708.00	        1.00
  4.54	     1518.00	      214.00	   598831.00	        1.00	     1731.00	        1.00
  4.55	     1528.00	      218.00	   598813.00	        1.00	     1745.00	        1.00
  4.56	     1551.00	      223.00	   598789.00	        1.00	     1773.00	        1.00
  4.57	     1563.00	      227.00	   598765.00	        1.00	     1789.00	        1.00
  4.58	     1582.00	      233.00	   598736.00	        1.00	     1814.00	        1.00
  4.59	     1606.00	      239.00	   598711.00	        1.00	     1844.00	        1.00
  4.60	     1620.00	      247.00	   598685.00	        1.00	     1866.00	        1.00
  4.61	     1640.00	      256.00	   598652.00	        1.00	     1895.00	        1.00
  4.62	     1669.00	      264.00	   598631.00	        1.00	     1932.00	        1.00
  4.63	     1697.00	      271.00	   598612.00	        1.00	     1967.00	        1.00
  4.64	     1716.00	      276.00	   598587.00	        1.00	     1991.00	        1.00
  4.65	     1732.00	      286.00	   598562.00	        1.00	     2017.00	        1.00
  4.66	     1753.00	      288.00	   598537.00	        1.00	     2040.00	        1.00
  4.67	     1778.00	      294.00	   598516.00	        1.00	     2071.00	        1.00
  4.68	     1798.00	      300.00	   598486.00	        1.00	     2097.00	        1.00
  4.69	     1834.00	      305.00	   598463.00	        1.00	     2138.00	        1.00
  4.70	     1851.00	      316.00	   598434.00	        1.00	     2166.00	        1.00
  4.71	     1864.00	      328.00	   598797.00	        1.00	     2192.00	        1.00
  4.72	     1736.00	      489.00	   598985.00	        1.00	     2226.00	        1.00
  4.73	     1657.00	      595.00	   598837.00	        1.00	     2253.00	        1.00
  4.74	     1568.00	      704.00	   599057.00	        1.00	     2274.00	        1.00
  4.75	     1482.00	      810.00	   598879.00	        1.00	     2294.00	        1.00
  4.76	     1437.00	      875.00	   598758.00	        1.00	     2314.00	        1.00
  4.77	     1421.00	      914.00	   598669.00	        1.00	     2337.00	        1.00
  4.78	     1414.00	      949.00	   598602.00	        1.00	     2365.00	        1.00
  4.79	     1362.00	     1023.00	   598858.00	        1.00	     2388.00	        1.00
  4.80	     1321.00	     1083.00	   598733.00	        1.00	     2407.00	        1.00
  4.81	     1309.00	     1122.00	   598636.00	        1.00	     2434.00	        1.00
  4.82	     1266.00	     1178.00	   599326.00	        1.00	     2449.00	        1.00
  4.83	     1179.00	     1291.00	   599071.00	        1.00	     2475.00	        1.00
  4.84	     1129.00	     1350.00	   598907.00	        1.00	     2484.00	        1.00
  4.85	     1105.00	     1392.00	   598792.00	        1.00	     2502.00	        1.00
  4.86	     1040.00	     1470.00	   599404.00	        1.00	     2517.00	        1.00
  4.87	      971.00	     1555.00	   599158.00	        1.00	     2533.00	        1.00
  4.88	      928.00	     1610.00	   598964.00	        1.00	     2545.00	        1.00
  4.89	      862.00	     1688.00	   599505.00	        1.00	     2559.00	        1.00
  4.90	      790.00	     1768.00	   599234.00	        1.00	     2567.00	        1.00
  4.91	      730.00	     1842.00	   599348.00	        1.00	     2582.00	        1.00
  4.92	      689.00	     1899.00	   599116.00	        1.00	     2598.00	        1.00
  4.93	      622.00	     1972.00	   599617.00	        1.00	     2606.00	        1.00
  4.94	      560.00	     2039.00	   599727.00	        1.00	     2612.00	        1.00
  4.95	      515.00	     2089.00	   599788.00	        1.00	     2618.00	        1.00
  4.96	      473.00	     2137.00	   599861.00	        1.00	     2625.00	        1.00
  4.97	      442.00	     2173.00	   599587.00	        1.00	     2630.00	        1.00
  4.98	      419.00	     2202.00	   600071.00	        1.00	     2638.00	        1.00
  4.99	      363.00	     2261.00	   600471.00	        1.00	     2643.00	        1.00
  5.00	      297.00	     2329.00	   600301.00	        1.00	     2646.00	        1.00
  5.01	      256.00	     2373.00	   600649.00	        1.00	     2651.00	        1.00
  5.02	      225.00	     2408.00	   600619.00	        1.00	     2656.00	        1.00
  5.03	      197.00	     2439.00	   600504.00	        1.00	     2660.00	        1.00
  5.04	      179.00	     2461.00	   600473.00	        1.00	     2665.00	        1.00
  5.05	      166.00	     2479.00	   600549.00	        1.00	     2671.00	        1.00
  5.06	      144.00	     2499.00	   600987.00	        1.00	     2671.00	        1.00
  5.07	      127.00	     2519.00	   600560.00	        1.00	     2674.00	        1.00
  5.08	      111.00	     2534.00	   600913.00	        1.00	     2675.00	        1.00
  5.09	       97.00	     2546.00	   601625.00	        1.00	     2676.00	        1.00
  5.10	       82.00	     2564.00	   601055.00	        1.00	     2679.00	        1.00
  5.11	       69.00	     2577.00	   600985.00	        1.00	     2680.00	        1.00
  5.12	       55.00	     2590.00	   600982.00	        1.00	     2680.00	        1.00
  5.13	       43.00	     2600.00	   601352.00	        1.00	     2680.00	        1.00
  5.14	       39.00	     2602.00	   602054.00	        1.00	     2681.00	        1.00
  5.15	       27.00	     2612.00	   602469.00	        1.00	     2682.00	        1.00
  5.16	       19.00	     2618.00	   602447.00	        1.00	     2682.00	        1.00
  5.17	       14.00	     2618.00	   603551.00	        1.00	     2682.00	        1.00
  5.18	        9.00	     2621.00	   603700.00	        1.00	     2683.00	        1.00
  5.19	        9.00	     2617.00	   604218.00	        1.00	     2683.00	        1.00
  5.20	        7.00	     2618.00	   603666.00	        1.00	     2683.00	        1.00
  5.21	        6.00	     2615.00	   604325.00	        1.00	     2683.00	        1.00
  5.22	        4.00	     2614.00	   604501.00	        1.00	     2683.00	        1.00
  5.23	        1.00	     2617.00	   603725.00	        1.00	     2683.00	        1.00
  5.24	        1.00	     2612.00	   604715.00	        1.00	     2683.00	        1.00
  5.25	        1.00	     2608.00	   605240.00	        1.00	     2683.00	        1.00
  5.26	        1.00	     2605.00	   605347.00	        1.00	     2683.00	        1.00
  5.27	        1.00	     2602.00	   605560.00	        1.00	     2683.00	        1.00
  5.28	        1.00	     2597.00	   606379.00	        1.00	     2683.00	        1.00
  5.29	        1.00	     2590.00	   607739.00	        1.00	     2683.00	        1.00
  5.30	        1.00	     2584.00	   608562.00	        1.00	     2683.00	        1.00
  5.31	        1.00	     2582.00	   607946.00	        1.00	     2683.00	        1.00
  5.32	        1.00	     2575.00	   609357.00	        1.00	     2683.00	        1.00
  5.33	        1.00	     2573.00	   608487.00	        1.00	     2683.00	        1.00
  5.34	        1.00	     2570.00	   608384.00	        1.00	     2683.00	        1.00
  5.35	        1.00	     2564.00	   609266.00	        1.00	     2683.00	        1.00
  5.36	        1.00	     2552.00	   612284.00	        1.00	     2683.00	        1.00
  5.37	        0.00	     2549.00	   611660.00	        0.00	     2683.00	        1.00
  5.38	        0.00	     2537.00	   614134.00	        0.00	     2683.00	        1.00
  5.39	        0.00	     2533.00	   613140.00	        0.00	     2683.00	        1.00
  5.40	        0.00	     2525.00	   613940.00	        0.00	     2683.00	        1.00
  5.41	        0.00	     2515.00	   615296.00	        0.00	     2683.00	        1.00
  5.42	        0.00	     2504.00	   616494.00	        0.00	     2683.00	        1.00
  5.43	        0.00	     2492.00	   618057.00	        0.00	     2683.00	        1.00
  5.44	        0.00	     2475.00	   621143.00	        0.00	     2683.00	        1.00
  5.45	        0.00	     2469.00	   619526.00	        0.00	     2683.00	        1.00
  5.46	        0.00	     2462.00	   618710.00	        0.00	     2683.00	        1.00
  5.47	        0.00	     2448.00	   620488.00	        0.00	     2683.00	        1.00
  5.48	        0.00	     2427.00	   624811.00	        0.00	     2683.00	        1.00
  5.49	        0.00	     2417.00	   624558.00	        0.00	     2683.00	        1.00
  5.50	        0.00	     2409.00	   623397.00	        0.00	     2683.00	        1.00
  5.51	        0.00	     2387.00	   627660.00	        0.00	     2683.00	        1.00
  5.52	        0.00	     2373.00	   628249.00	        0.00	     2683.00	        1.00
  5.53	        0.00	     2363.00	   627203.00	        0.00	     2683.00	        1.00
  5.54	        0.00	     2345.00	   629545.00	        0.00	     2683.00	        1.00
  5.55	        0.00	     2325.00	   631790.00	        0.00	     2683.00	        1.00
  5.56	        0.00	     2310.00	   632217.00	        0.00	     2683.00	        1.00
  5.57	        0.00	     2295.00	   632773.00	        0.00	     2683.00	        1.00
  5.58	        0.00	     2279.00	   633916.00	        0.00	     2683.00	        1.00
  5.59	        0.00	     2269.00	   632846.00	        0.00	     2683.00	        1.00
  5.60	        0.00	     2254.00	   633792.00	        0.00	     2683.00	        1.00
  5.61	        0.00	     2239.00	   634858.00	        0.00	     2683.00	        1.00
  5.62	        0.00	     2222.00	   636738.00	        0.00	     2683.00	        1.00
  5.63	        0.00	     2206.00	   637741.00	        0.00	     2683.00	        1.00
  5.64	        0.00	     2188.00	   639255.00	        0.00	     2683.00	        1.00
  5.65	        0.00	     2172.00	   639877.00	        0.00	     2683.00	        1.00
  5.66	        0.00	     2155.00	   641070.00	        0.00	     2683.00	        1.00
  5.67	        0.00	     2134.00	   643805.00	        0.00	     2683.00	        1.00
  5.68	        0.00	     2123.00	   642469.00	        0.00	     2683.00	        1.00
  5.69	        0.00	     2099.00	   646166.00	        0.00	     2683.00	        1.00
  5.70	        0.00	     2074.00	   649805.00	        0.00	     2683.00	        1.00
  5.71	        0.00	     2050.00	   652666.00	        0.00	     2683.00	        1.00
  5.72	        0.00	     2024.00	   655817.00	        0.00	     2683.00	        1.00
  5.73	        0.00	     2003.00	   656706.00	        0.00	     2683.00	        1.00
  5.74	        0.00	     1980.00	   658427.00	        0.00	     2683.00	        1.00
  5.75	        0.00	     1961.00	   658634.00	        0.00	     2683.00	        1.00
  5.76	        0.00	     1931.00	   662903.00	        0.00	     2683.00	        1.00
  5.77	        0.00	     1902.00	   665925.00	        0.00	     2683.00	        1.00
  5.78	        0.00	     1875.00	   668333.00	        0.00	     2683.00	        1.00
  5.79	        0.00	     1847.00	   670711.00	        0.00	     2683.00	        1.00
  5.80	        0.00	     1829.00	   669628.00	        0.00	     2683.00	        1.00
  5.81	        0.00	     1806.00	   671110.00	        0.00	     2683.00	        1.00
  5.82	        0.00	     1774.00	   675323.00	        0.00	     2683.00	        1.00
  5.83	        0.00	     1748.00	   677395.00	        0.00	     2683.00	        1.00
  5.84	        0.00	     1718.00	   680861.00	        0.00	     2683.00	        1.00
  5.85	        0.00	     1689.00	   683617.00	        0.00	     2683.00	        1.00
  5.86	        0.00	     1662.00	   685533.00	        0.00	     2683.00	        1.00
  5.87	        0.00	     1624.00	   691757.00	        0.00	     2683.00	        1.00
  5.88	        0.00	     1601.00	   691671.00	        0.00	     2683.00	        1.00
  5.89	        0.00	     1575.00	   693269.00	        0.00	     2683.00	        1.00
  5.90	        0.00	     1545.00	   696376.00	        0.00	     2683.00	        1.00
  5.91	        0.00	     1509.00	   701303.00	        0.00	     2683.00	        1.00
  5.92	        0.00	     1480.00	   703551.00	        0.00	     2683.00	        1.00
  5.93	        0.00	     1460.00	   702512.00	        0.00	     2683.00	        1.00
  5.94	        0.00	     1432.00	   705109.00	        0.00	     2683.00	        1.00
  5.95	        0.00	     1414.00	   704031.00	        0.00	     2683.00	        1.00
  5.96	        0.00	     1381.00	   708931.00	        0.00	     2683.00	        1.00
  5.97	        0.00	     1347.00	   713876.00	        0.00	     2683.00	        1.00
  5.98	        0.00	     1321.00	   715518.00	        0.00	     2683.00	        1.00
  5.99	        0.00	     1294.00	   718031.00	        0.00	     2683.00	        1.00
  6.00	        0.00	     1267.00	   720577.00	        0.00	     2683.00	        1.00
  6.01	        0.00	     1227.00	   727857.00	        0.00	     2683.00	        1.00
  6.02	        0.00	     1199.00	   730275.00	        0.00	     2683.00	        1.00
  6.03	        0.00	     1173.00	   732157.00	        0.00	     2683.00	        1.00
  6.04	        0.00	     1144.00	   735626.00	        0.00	     2683.00	        1.00
  6.05	        0.00	     1125.00	   735061.00	        0.00	     2683.00	        1.00
  6.06	        0.00	     1098.00	   738102.00	        0.00	     2683.00	        1.00
  6.07	        0.00	     1068.00	   742522.00	        0.00	     2683.00	        1.00
  6.08	        0.00	     1039.00	   746462.00	        0.00	     2683.00	        1.00
  6.09	        0.00	     1004.00	   752567.00	        0.00	     2683.00	        1.00
  6.10	        0.00	      981.00	   753991.00	        0.00	     2683.00	        1.00
  6.11	        0.00	      958.00	   755528.00	        0.00	     2683.00	        1.00
  6.12	        0.00	      938.00	   756257.00	        0.00	     2683.00	        1.00
  6.13	        0.00	      914.00	   758777.00	        0.00	     2683.00	        1.00
  6.14	        0.00	      891.00	   761187.00	        0.00	     2683.00	        1.00
  6.15	        0.00	      873.00	   761673.00	        0.00	     2683.00	        1.00
  6.16	        0.00	      854.00	   763023.00	        0.00	     2683.00	        1.00
  6.17	        0.00	      828.00	   767209.00	        0.00	     2683.00	        1.00
  6.18	        0.00	      802.00	   771491.00	        0.00	     2683.00	        1.00
  6.19	        0.00	      777.00	   775429.00	        0.00	     2683.00	        1.00
  6.20	        0.00	      754.00	   778459.00	        0.00	     2683.00	        1.00
  6.21	        0.00	      735.00	   780115.00	        0.00	     2683.00	        1.00
  6.22	        0.00	      720.00	   780503.00	        0.00	     2683.00	        1.00
  6.23	        0.00	      709.00	   779555.00	        0.00	     2683.00	        1.00
  6.24	        0.00	      684.00	   784440.00	        0.00	     2683.00	        1.00
  6.25	        0.00	      664.00	   787340.00	        0.00	     2683.00	        1.00
  6.26	        0.00	      647.00	   789049.00	        0.00	     2683.00	        1.00
  6.27	        0.00	      619.00	   795203.00	        0.00	     2683.00	        1.00
  6.28	        0.00	      593.00	   800517.00	        0.00	     2683.00	        1.00
  6.29	        0.00	      578.00	   801623.00	        0.00	     2683.00	        1.00
  6.30	        0.00	      568.00	   800835.00	        0.00	     2683.00	        1.00
  6.31	        0.00	      550.00	   803471.00	        0.00	     2683.00	        1.00
  6.32	        0.00	      534.00	   805579.00	        0.00	     2683.00	        1.00
  6.33	        0.00	      513.00	   809761.00	        0.00	     2683.00	        1.00
  6.34	        0.00	      497.00	   811987.00	        0.00	     2683.00	        1.00
  6.35	        0.00	      483.00	   813707.00	        0.00	     2683.00	        1.00
  6.36	        0.00	      465.00	   817048.00	        0.00	     2683.00	        1.00
  6.37	        0.00	      451.00	   818895.00	        0.00	     2683.00	        1.00
  6.38	        0.00	      444.00	   818069.00	        0.00	     2683.00	        1.00
  6.39	        0.00	      430.00	   820242.00	        0.00	     2683.00	        1.00
  6.40	        0.00	      418.00	   821745.00	        0.00	     2683.00	        1.00
  6.41	        0.00	      403.00	   824523.00	        0.00	     2683.00	        1.00
  6.42	        0.00	      383.00	   829429.00	        0.00	     2683.00	        1.00
  6.43	        0.00	      374.00	   829985.00	        0.00	     2683.00	        1.00
  6.44	        0.00	      365.00	   830754.00	        0.00	     2683.00	        1.00
  6.45	        0.00	      355.00	   831929.00	        0.00	     2683.00	        1.00
  6.46	        0.00	      348.00	   832028.00	        0.00	     2683.00	        1.00
  6.47	        0.00	      336.00	   834217.00	        0.00	     2683.00	        1.00
  6.48	        0.00	      325.00	   836208.00	        0.00	     2683.00	        1.00
  6.49	        0.00	      312.00	   839076.00	        0.00	     2683.00	        1.00
  6.50	        0.00	      300.00	   841569.00	        0.00	     2683.00	        1.00
  6.51	        0.00	      293.00	   842110.00	        0.00	     2683.00	        1.00
  6.52	        0.00	      283.00	   843985.00	        0.00	     2683.00	        1.00
  6.53	        0.00	      275.00	   845142.00	        0.00	     2683.00	        1.00
  6.54	        0.00	      265.00	   847198.00	        0.00	     2683.00	        1.00
  6.55	        0.00	      260.00	   847318.00	        0.00	     2683.00	        1.00
  6.56	        0.00	      252.00	   848727.00	        0.00	     2683.00	        1.00
  6.57	        0.00	      244.00	   850266.00	        0.00	     2683.00	        1.00
  6.58	        0.00	      235.00	   852234.00	        0.00	     2683.00	        1.00
  6.59	        0.00	      226.00	   854251.00	        0.00	     2683.00	        1.00
  6.60	        0.00	      214.00	   857528.00	        0.00	     2683.00	        1.00
  6.61	        0.00	      206.00	   859216.00	        0.00	     2683.00	        1.00
  6.62	        0.00	      194.00	   862539.00	        0.00	     2683.00	        1.00
  6.63	        0.00	      188.00	   863538.00	        0.00	     2683.00	        1.00
  6.64	        0.00	      177.00	   866611.00	        0.00	     2683.00	        1.00
  6.65	        0.00	      172.00	   867346.00	        0.00	     2683.00	        1.00
  6.66	        0.00	      164.00	   869319.00	        0.00	     2683.00	        1.00
  6.67	        0.00	      158.00	   870588.00	        0.00	     2683.00	        1.00
  6.68	        0.00	      151.00	   872308.00	        0.00	     2683.00	        1.00
  6.69	        0.00	      147.00	   872865.00	        0.00	     2683.00	        1.00
  6.70	        0.00	      135.00	   876654.00	        0.00	     2683.00	        1.00
  6.71	        0.00	      130.00	   877729.00	        0.00	     2683.00	        1.00
  6.72	        0.00	      123.00	   879669.00	        0.00	     2683.00	        1.00
  6.73	        0.00	      122.00	   879209.00	        0.00	     2683.00	        1.00
  6.74	        0.00	      121.00	   878709.00	        0.00	     2683.00	        1.00
  6.75	        0.00	      118.00	   879106.00	        0.00	     2683.00	        1.00
  6.76	        0.00	      118.00	   878342.00	        0.00	     2683.00	        1.00
  6.77	        0.00	      113.00	   879617.00	        0.00	     2683.00	        1.00
  6.78	        0.00	      108.00	   880930.00	        0.00	     2683.00	        1.00
  6.79	        0.00	      103.00	   882250.00	        0.00	     2683.00	        1.00
  6.80	        0.00	      100.00	   882850.00	        0.00	     2683.00	        1.00
  6.81	        0.00	       94.00	   884677.00	        0.00	     2683.00	        1.00
  6.82	        0.00	       91.00	   885285.00	        0.00	     2683.00	        1.00
  6.83	        0.00	       83.00	   887972.00	        0.00	     2683.00	        1.00
  6.84	        0.00	       80.00	   888678.00	        0.00	     2683.00	        1.00
  6.85	        0.00	       76.00	   889763.00	        0.00	     2683.00	        1.00
  6.86	        0.00	       74.00	   890089.00	        0.00	     2683.00	        1.00
  6.87	        0.00	       68.00	   892055.00	        0.00	     2683.00	        1.00
  6.88	        0.00	       66.00	   892449.00	        0.00	     2683.00	        1.00
  6.89	        0.00	       61.00	   894113.00	        0.00	     2683.00	        1.00
  6.90	        0.00	       61.00	   893749.00	        0.00	     2683.00	        1.00
  6.91	        0.00	       58.00	   894582.00	        0.00	     2683.00	        1.00
  6.92	        0.00	       55.00	   895451.00	        0.00	     2683.00	        1.00
  6.93	        0.00	       54.00	   895524.00	        0.00	     2683.00	        1.00
  6.94	        0.00	       50.00	   896816.00	        0.00	     2683.00	        1.00
  6.95	        0.00	       49.00	   896923.00	        0.00	     2683.00	        1.00
  6.96	        0.00	       47.00	   897449.00	        0.00	     2683.00	        1.00
  6.97	        0.00	       46.00	   897578.00	        0.00	     2683.00	        1.00
  6.98	        0.00	       45.00	   897718.00	        0.00	     2683.00	        1.00
  6.99	        0.00	       45.00	   897489.00	        0.00	     2683.00	        1.00
  7.00	        0.00	       44.00	   897659.00	        0.00	     2683.00	        1.00
  7.01	        0.00	       43.00	   897834.00	        0.00	     2683.00	        1.00
  7.02	        0.00	       43.00	   897612.00	        0.00	     2683.00	        1.00
  7.03	        0.00	       39.00	   899000.00	        0.00	     2683.00	        1.00
  7.04	        0.00	       38.00	   899194.00	        0.00	     2683.00	        1.00
  7.05	        0.00	       36.00	   899828.00	        0.00	     2683.00	        1.00
  7.06	        0.00	       36.00	   899648.00	        0.00	     2683.00	        1.00
  7.07	        0.00	       35.00	   899885.00	        0.00	     2683.00	        1.00
  7.08	        0.00	       34.00	   900130.00	        0.00	     2683.00	        1.00
  7.09	        0.00	       31.00	   901190.00	        0.00	     2683.00	        1.00
  7.10	        0.00	       31.00	   901057.00	        0.00	     2683.00	        1.00
  7.11	        0.00	       30.00	   901311.00	        0.00	     2683.00	        1.00
  7.12	        0.00	       29.00	   901559.00	        0.00	     2683.00	        1.00
  7.13	        0.00	       26.00	   902639.00	        0.00	     2683.00	        1.00
  7.14	        0.00	       25.00	   902920.00	        0.00	     2683.00	        1.00
  7.15	        0.00	       25.00	   902799.00	        0.00	     2683.00	        1.00
  7.16	        0.00	       25.00	   902678.00	        0.00	     2683.00	        1.00
  7.17	        0.00	       25.00	   902550.00	        0.00	     2683.00	        1.00
  7.18	        0.00	       25.00	   902458.00	        0.00	     2683.00	        1.00
  7.19	        0.00	       25.00	   902366.00	        0.00	     2683.00	        1.00
  7.20	        0.00	       23.00	   903059.00	        0.00	     2683.00	        1.00
  7.21	        0.00	       22.00	   903361.00	        0.00	     2683.00	        1.00
  7.22	        0.00	       22.00	   903279.00	        0.00	     2683.00	        1.00
  7.23	        0.00	       21.00	   903589.00	        0.00	     2683.00	        1.00
  7.24	        0.00	       21.00	   903491.00	        0.00	     2683.00	        1.00
  7.25	        0.00	       19.00	   904204.00	        0.00	     2683.00	        1.00
  7.26	        0.00	       18.00	   904517.00	        0.00	     2683.00	        1.00
  7.27	        0.00	       18.00	   904417.00	        0.00	     2683.00	        1.00
  7.28	        0.00	       17.00	   904740.00	        0.00	     2683.00	        1.00
  7.29	        0.00	       17.00	   904667.00	        0.00	     2683.00	        1.00
  7.30	        0.00	       16.00	   904999.00	        0.00	     2683.00	        1.00
  7.31	        0.00	       16.00	   904936.00	        0.00	     2683.00	        1.00
  7.32	        0.00	       15.00	   905272.00	        0.00	     2683.00	        1.00
  7.33	        0.00	       15.00	   905183.00	        0.00	     2683.00	        1.00
  7.34	        0.00	       11.00	   906717.00	        0.00	     2683.00	        1.00
  7.35	        0.00	       11.00	   906654.00	        0.00	     2683.00	        1.00
  7.36	        0.00	       11.00	   906606.00	        0.00	     2683.00	        1.00
  7.37	        0.00	       11.00	   906572.00	        0.00	     2683.00	        1.00
  7.38	        0.00	       10.00	   906918.00	        0.00	     2683.00	        1.00
  7.39	        0.00	       10.00	   906877.00	        0.00	     2683.00	        1.00
  7.40	        0.00	        9.00	   907229.00	        0.00	     2683.00	        1.00
  7.41	        0.00	        8.00	   907584.00	        0.00	     2683.00	        1.00
  7.42	        0.00	        8.00	   907541.00	        0.00	     2683.00	        1.00
  7.43	        0.00	        7.00	   907894.00	        0.00	     2683.00	        1.00
  7.44	        0.00	        7.00	   907856.00	        0.00	     2683.00	        1.00
  7.45	        0.00	        7.00	   907806.00	        0.00	     2683.00	        1.00
  7.46	        0.00	        7.00	   907765.00	        0.00	     2683.00	        1.00
  7.47	        0.00	        7.00	   907732.00	        0.00	     2683.00	        1.00
  7.48	        0.00	        7.00	   907685.00	        0.00	     2683.00	        1.00
  7.49	        0.00	        6.00	   908047.00	        0.00	     2683.00	        1.00
  7.50	        0.00	        6.00	   907997.00	        0.00	     2683.00	        1.00
  7.51	        0.00	        6.00	   907964.00	        0.00	     2683.00	        1.00
  7.52	        0.00	        6.00	   907928.00	        0.00	     2683.00	        1.00
  7.53	        0.00	        5.00	   908289.00	        0.00	     2683.00	        1.00
  7.54	        0.00	        5.00	   908252.00	        0.00	     2683.00	        1.00
  7.55	        0.00	        5.00	   908203.00	        0.00	     2683.00	        1.00
  7.56	        0.00	        5.00	   908157.00	        0.00	     2683.00	        1.00
  7.57	        0.00	        5.00	   908123.00	        0.00	     2683.00	        1.00
  7.58	        0.00	        5.00	   908092.00	        0.00	     2683.00	        1.00
  7.59	        0.00	        5.00	   908064.00	        0.00	     2683.00	        1.00
  7.60	        0.00	        5.00	   908017.00	        0.00	     2683.00	        1.00
  7.61	        0.00	        4.00	   908387.00	        0.00	     2683.00	        1.00
  7.62	        0.00	        3.00	   908746.00	        0.00	     2683.00	        1.00
  7.63	        0.00	        3.00	   908719.00	        0.00	     2683.00	        1.00
  7.64	        0.00	        2.00	   909097.00	        0.00	     2683.00	        1.00
  7.65	        0.00	        2.00	   909069.00	        0.00	     2683.00	        1.00
  7.66	        0.00	        2.00	   909043.00	        0.00	     2683.00	        1.00
  7.67	        0.00	        1.00	   909408.00	        0.00	     2683.00	        1.00
  7.68	        0.00	        1.00	   909375.00	        0.00	     2683.00	        1.00
  7.69	        0.00	        1.00	   909340.00	        0.00	     2683.00	        1.00
  7.70	        0.00	        1.00	   909298.00	        0.00	     2683.00	        1.00
  7.71	        0.00	        1.00	   909281.00	        0.00	     2683.00	        1.00
  7.72	        0.00	        1.00	   909247.00	        0.00	     2683.00	        1.00
  7.73	        0.00	        1.00	   909216.00	        0.00	     2683.00	        1.00
  7.74	        0.00	        1.00	   909187.00	        0.00	     2683.00	        1.00
  7.75	        0.00	        1.00	   909166.00	        0.00	     2683.00	        1.00
  7.76	        0.00	        1.00	   909141.00	        0.00	     2683.00	        1.00
  7.77	        0.00	        1.00	   909109.00	        0.00	     2683.00	        1.00
  7.78	        0.00	        1.00	   909084.00	        0.00	     2683.00	        1.00
  7.79	        0.00	        1.00	   909058.00	        0.00	     2683.00	        1.00
  7.80	        0.00	        1.00	   909035.00	        0.00	     2683.00	        1.00
  7.81	        0.00	        1.00	   909004.00	        0.00	     2683.00	        1.00
  7.82	        0.00	        1.00	   908980.00	        0.00	     2683.00	        1.00
  7.83	        0.00	        1.00	   908949.00	        0.00	     2683.00	        1.00
  7.84	        0.00	        1.00	   908926.00	        0.00	     2683.00	        1.00
  7.85	        0.00	        1.00	   908898.00	        0.00	     2683.00	        1.00
  7.86	        0.00	        1.00	   908877.00	        0.00	     2683.00	        1.00
  7.87	        0.00	        1.00	   908853.00	        0.00	     2683.00	        1.00
  7.88	        0.00	        1.00	   908832.00	        0.00	     2683.00	        1.00
  7.89	        0.00	        1.00	   908805.00	        0.00	     2683.00	        1.00
  7.90	        0.00	        0.00	   909177.00	        0.00	     2683.00	        0.00
