Datatype: PopulationSize
  0.00	        1.00	        0.00	        0.00	        1.00	        0.00	        1.00
  0.01	        1.00	        0.00	        0.00	        1.00	        0.00	        1.00
  0.02	        1.00	        0.00	        0.00	        1.00	        0.00	        1.00
  0.03	        1.00	        0.00	        0.00	        1.00	        0.00	        1.00
  0.04	        1.00	        0.00	        0.00	        1.00	        0.00	        1.00
  0.05	        1.00	        0.00	        0.00	        1.00	        0.00	        1.00
  0.06	        1.00	        0.00	        0.00	        1.00	        0.00	        1.00
  0.07	        1.00	        0.00	        0.00	        1.00	        0.00	        1.00
  0.08	        1.00	        0.00	        0.00	        1.00	        0.00	        1.00
  0.09	        1.00	        0.00	        0.00	        1.00	        0.00	        1.00
  0.10	        1.00	        0.00	        0.00	        1.00	        0.00	        1.00
  0.11	        1.00	        0.00	        0.00	        1.00	        0.00	        1.00
  0.12	        1.00	        0.00	        0.00	        1.00	        0.00	        1.00
  0.13	        1.00	        0.00	        0.00	        1.00	        0.00	        1.00
  0.14	        1.00	        0.00	        0.00	        1.00	        0.00	        1.00
  0.15	        1.00	        0.00	        0.00	        1.00	        0.00	        1.00
  0.16	        1.00	        0.00	        0.00	        1.00	        0.00	        1.00
  0.17	        1.00	        0.00	        0.00	        1.00	        0.00	        1.00
  0.18	        1.00	        0.00	        0.00	        1.00	        0.00	        1.00
  0.19	        1.00	        0.00	        0.00	        1.00	        0.00	        1.00
  0.20	        1.00	        0.00	        0.00	        1.00	        0.00	        1.00
  0.21	        1.00	        0.00	        0.00	        1.00	        0.00	        1.00
  0.22	        1.00	        0.00	        0.00	        1.00	        0.00	        1.00
  0.23	        1.00	        0.00	        0.00	        1.00	        0.00	        1.00
  0.24	        1.00	        0.00	        0.00	        1.00	        0.00	        1.00
  0.25	        1.00	        0.00	        0.00	        1.00	        0.00	        1.00
  0.26	        1.00	        0.00	        0.00	        1.00	        0.00	        1.00
  0.27	        1.00	        0.00	        0.00	        1.00	        0.00	        1.00
  0.28	        1.00	        0.00	        0.00	        1.00	        0.00	        1.00
  0.29	        1.00	        0.00	        0.00	        1.00	        0.00	        1.00
  0.30	        1.00	        0.00	        0.00	        1.00	        0.00	        1.00
  0.31	        1.00	        0.00	        0.00	        1.00	        0.00	        1.00
  0.32	        1.00	        0.00	        0.00	        1.00	        0.00	        1.00
  0.33	        1.00	        0.00	        0.00	        1.00	        0.00	        1.00
  0.34	        1.00	        0.00	        0.00	        1.00	        0.00	        1.00
  0.35	        1.00	        0.00	        0.00	        1.00	        0.00	        1.00
  0.36	        1.00	        0.00	        0.00	        1.00	        0.00	        1.00
  0.37	        1.00	        0.00	        0.00	        1.00	        0.00	        1.00
  0.38	        1.00	        0.00	        0.00	        1.00	        0.00	        1.00
  0.39	        1.00	        0.00	        0.00	        1.00	        0.00	        1.00
  0.40	        1.00	        0.00	        0.00	        1.00	        0.00	        1.00
  0.41	        1.00	        0.00	        0.00	        1.00	        0.00	        1.00
  0.42	        1.00	        0.00	        0.00	        1.00	        0.00	        1.00
  0.43	        1.00	        0.00	        0.00	        1.00	        0.00	        1.00
  0.44	        1.00	        0.00	        0.00	        1.00	        0.00	        1.00
  0.45	        1.00	        0.00	        0.00	        1.00	        0.00	        1.00
  0.46	        1.00	        0.00	        0.00	        1.00	        0.00	        1.00
  0.47	        1.00	        0.00	        0.00	        1.00	        0.00	        1.00
  0.48	        1.00	        0.00	        0.00	        1.00	        0.00	        1.00
  0.49	        1.00	        0.00	        0.00	        1.00	        0.00	        1.00
  0.50	        1.00	        0.00	        0.00	        1.00	        0.00	        1.00
  0.51	        1.00	        0.00	        0.00	        1.00	        0.00	        1.00
  0.52	        1.00	        0.00	        0.00	        1.00	        0.00	        1.00
  0.53	        1.00	        0.00	        0.00	        1.00	        0.00	        1.00
  0.54	        1.00	        0.00	        0.00	        1.00	        0.00	        1.00
  0.55	        1.00	        0.00	        0.00	        1.00	        0.00	        1.00
  0.56	        1.00	        0.00	        0.00	        1.00	        0.00	        1.00
  0.57	        1.00	        0.00	        0.00	        1.00	        0.00	        1.00
  0.58	        1.00	        0.00	        0.00	        1.00	        0.00	        1.00
  0.59	        1.00	        0.00	        0.00	        1.00	        0.00	        1.00
  0.60	        1.00	        0.00	        0.00	        1.00	        0.00	        1.00
  0.61	        1.00	        0.00	        0.00	        1.00	        0.00	        1.00
  0.62	        1.00	        0.00	        0.00	        1.00	        0.00	        1.00
  0.63	        1.00	        0.00	        0.00	        1.00	        0.00	        1.00
  0.64	        1.00	        0.00	        0.00	        1.00	        0.00	        1.00
  0.65	        1.00	        0.00	        0.00	        1.00	        0.00	        1.00
  0.66	        1.00	        0.00	        0.00	        1.00	        0.00	        1.00
  0.67	        1.00	        0.00	        0.00	        1.00	        0.00	        1.00
  0.68	        1.00	        0.00	        0.00	        1.00	        0.00	        1.00
  0.69	        1.00	        0.00	        0.00	        1.00	        0.00	        1.00
  0.70	        1.00	        0.00	        0.00	        1.00	        0.00	        1.00
  0.71	        1.00	        0.00	        0.00	        1.00	        0.00	        1.00
  0.72	        1.00	        0.00	        0.00	        1.00	        0.00	        1.00
  0.73	        1.00	        0.00	        0.00	        1.00	        0.00	        1.00
  0.74	        1.00	        0.00	        0.00	        1.00	        0.00	        1.00
  0.75	        1.00	        0.00	        0.00	        1.00	        0.00	        1.00
  0.76	        1.00	        0.00	        0.00	        1.00	        0.00	        1.00
  0.77	        1.00	        0.00	        0.00	        1.00	        0.00	        1.00
  0.78	        1.00	        0.00	        0.00	        1.00	        0.00	        1.00
  0.79	        1.00	        0.00	        0.00	        1.00	        0.00	        1.00
  0.80	        1.00	        0.00	        0.00	        1.00	        0.00	        1.00
  0.81	        1.00	        0.00	        0.00	        1.00	        0.00	        1.00
  0.82	        1.00	        0.00	        0.00	        1.00	        0.00	        1.00
  0.83	        1.00	        0.00	        0.00	        1.00	        0.00	        1.00
  0.84	        1.00	        0.00	        0.00	        1.00	        0.00	        1.00
  0.85	        1.00	        0.00	        0.00	        1.00	        0.00	        1.00
  0.86	        1.00	        0.00	        0.00	        1.00	        0.00	        1.00
  0.87	        1.00	        0.00	        0.00	        1.00	        0.00	        1.00
  0.88	        1.00	        0.00	        0.00	        1.00	        0.00	        1.00
  0.89	        1.00	        0.00	        0.00	        1.00	        0.00	        1.00
  0.90	        1.00	        0.00	        0.00	        1.00	        0.00	        1.00
  0.91	        1.00	        0.00	        0.00	        1.00	        0.00	        1.00
  0.92	        1.00	        0.00	        0.00	        1.00	        0.00	        1.00
  0.93	        1.00	        0.00	        0.00	        1.00	        0.00	        1.00
  0.94	        1.00	        0.00	        0.00	        1.00	        0.00	        1.00
  0.95	        1.00	        0.00	        0.00	        1.00	        0.00	        1.00
  0.96	        1.00	        0.00	        0.00	        1.00	        0.00	        1.00
  0.97	        2.00	        0.00	        0.00	        1.00	        1.00	        1.00
  0.98	        3.00	        0.00	        0.00	        1.00	        2.00	        1.00
  0.99	        3.00	        0.00	        0.00	        1.00	        2.00	        1.00
  1.00	        3.00	        0.00	        0.00	        1.00	        2.00	        1.00
  1.01	        3.00	        0.00	        0.00	        1.00	        2.00	        1.00
  1.02	        3.00	        0.00	        0.00	        1.00	        2.00	        1.00
  1.03	        3.00	        0.00	        0.00	        1.00	        2.00	        1.00
  1.04	        3.00	        0.00	        0.00	        1.00	        2.00	        1.00
  1.05	        3.00	        0.00	        0.00	        1.00	        2.00	        1.00
  1.06	        3.00	        0.00	        0.00	        1.00	        2.00	        1.00
  1.07	        3.00	        0.00	        0.00	        1.00	        2.00	        1.00
  1.08	        3.00	        0.00	        0.00	        1.00	        2.00	        1.00
  1.09	        3.00	        0.00	        0.00	        1.00	        2.00	        1.00
  1.10	        3.00	        0.00	        0.00	        1.00	        2.00	        1.00
  1.11	        3.00	        0.00	        0.00	        1.00	        2.00	        1.00
  1.12	        3.00	        0.00	        0.00	        1.00	        2.00	        1.00
  1.13	        3.00	        0.00	        0.00	        1.00	        2.00	        1.00
  1.14	        3.00	        0.00	        0.00	        1.00	        2.00	        1.00
  1.15	        3.00	        0.00	        0.00	        1.00	        2.00	        1.00
  1.16	        3.00	        0.00	        0.00	        1.00	        2.00	        1.00
  1.17	        3.00	        0.00	        0.00	        1.00	        2.00	        1.00
  1.18	        3.00	        0.00	        0.00	        1.00	        2.00	        1.00
  1.19	        3.00	        0.00	        0.00	        1.00	        2.00	        1.00
  1.20	        3.00	        0.00	        0.00	        1.00	        2.00	        1.00
  1.21	        3.00	        0.00	        0.00	        1.00	        2.00	        1.00
  1.22	        3.00	        0.00	        0.00	        1.00	        2.00	        1.00
  1.23	        3.00	        0.00	        0.00	        1.00	        2.00	        1.00
  1.24	        3.00	        0.00	        0.00	        1.00	        2.00	        1.00
  1.25	        3.00	        0.00	        0.00	        1.00	        2.00	        1.00
  1.26	        3.00	        0.00	        0.00	        1.00	        2.00	        1.00
  1.27	        3.00	        0.00	        0.00	        1.00	        2.00	        1.00
  1.28	        3.00	        0.00	        0.00	        1.00	        2.00	        1.00
  1.29	        3.00	        0.00	        0.00	        1.00	        2.00	        1.00
  1.30	        3.00	        0.00	        0.00	        1.00	        2.00	        1.00
  1.31	        3.00	        0.00	        0.00	        1.00	        2.00	        1.00
  1.32	        3.00	        0.00	        0.00	        1.00	        2.00	        1.00
  1.33	        3.00	        0.00	        0.00	        1.00	        2.00	        1.00
  1.34	        3.00	        0.00	        0.00	        1.00	        2.00	        1.00
  1.35	        3.00	        0.00	        0.00	        1.00	        2.00	        1.00
  1.36	        3.00	        0.00	        0.00	        1.00	        2.00	        1.00
  1.37	        3.00	        0.00	        0.00	        1.00	        2.00	        1.00
  1.38	        3.00	        0.00	        0.00	        1.00	        2.00	        1.00
  1.39	        3.00	        0.00	        0.00	        1.00	        2.00	        1.00
  1.40	        3.00	        0.00	        0.00	        1.00	        2.00	        1.00
  1.41	        3.00	        0.00	        0.00	        1.00	        2.00	        1.00
  1.42	        3.00	        0.00	        0.00	        1.00	        2.00	        1.00
  1.43	        3.00	        0.00	        0.00	        1.00	        2.00	        1.00
  1.44	        3.00	        0.00	        0.00	        1.00	        2.00	        1.00
  1.45	        3.00	        0.00	        0.00	        1.00	        2.00	        1.00
  1.46	        3.00	        0.00	        0.00	        1.00	        2.00	        1.00
  1.47	        3.00	        0.00	        0.00	        1.00	        2.00	        1.00
  1.48	        4.00	        0.00	        0.00	        1.00	        3.00	        1.00
  1.49	        4.00	        0.00	        0.00	        1.00	        3.00	        1.00
  1.50	        4.00	        0.00	        0.00	        1.00	        3.00	        1.00
  1.51	        4.00	        0.00	        0.00	        1.00	        3.00	        1.00
  1.52	        4.00	        0.00	        0.00	        1.00	        3.00	        1.00
  1.53	        4.00	        0.00	        0.00	        1.00	        3.00	        1.00
  1.54	        4.00	        0.00	        0.00	        1.00	        3.00	        1.00
  1.55	        4.00	        0.00	        0.00	        1.00	        3.00	        1.00
  1.56	        4.00	        0.00	        0.00	        1.00	        3.00	        1.00
  1.57	        4.00	        0.00	        0.00	        1.00	        3.00	        1.00
  1.58	        4.00	        0.00	        0.00	        1.00	        3.00	        1.00
  1.59	        4.00	        0.00	        0.00	        1.00	        3.00	        1.00
  1.60	        4.00	        0.00	        0.00	        1.00	        3.00	        1.00
  1.61	        4.00	        0.00	        0.00	        1.00	        3.00	        1.00
  1.62	        4.00	        0.00	        0.00	        1.00	        3.00	        1.00
  1.63	        4.00	        0.00	        0.00	        1.00	        3.00	        1.00
  1.64	        4.00	        0.00	        0.00	        1.00	        3.00	        1.00
  1.65	        4.00	        0.00	        0.00	        1.00	        3.00	        1.00
  1.66	        4.00	        0.00	        0.00	        1.00	        3.00	        1.00
  1.67	        4.00	        0.00	        0.00	        1.00	        3.00	        1.00
  1.68	        4.00	        0.00	        0.00	        1.00	        3.00	        1.00
  1.69	        4.00	        0.00	        0.00	        1.00	        3.00	        1.00
  1.70	        4.00	        0.00	        0.00	        1.00	        3.00	        1.00
  1.71	        4.00	        0.00	        0.00	        1.00	        3.00	        1.00
  1.72	        4.00	        0.00	        0.00	        1.00	        3.00	        1.00
  1.73	        4.00	        0.00	        0.00	        1.00	        3.00	        1.00
  1.74	        4.00	        0.00	        0.00	        1.00	        3.00	        1.00
  1.75	        4.00	        0.00	        0.00	        1.00	        3.00	        1.00
  1.76	        4.00	        0.00	        0.00	        1.00	        3.00	        1.00
  1.77	        4.00	        0.00	        0.00	        1.00	        3.00	        1.00
  1.78	        4.00	        0.00	        0.00	        1.00	        3.00	        1.00
  1.79	        4.00	        0.00	        0.00	        1.00	        3.00	        1.00
  1.80	        4.00	        0.00	        0.00	        1.00	        3.00	        1.00
  1.81	        4.00	        0.00	        0.00	        1.00	        3.00	        1.00
  1.82	        4.00	        0.00	        0.00	        1.00	        3.00	        1.00
  1.83	        4.00	        0.00	        0.00	        1.00	        3.00	        1.00
  1.84	        4.00	        0.00	        0.00	        1.00	        3.00	        1.00
  1.85	        4.00	        0.00	        0.00	        1.00	        3.00	        1.00
  1.86	        4.00	        0.00	        0.00	        1.00	        3.00	        1.00
  1.87	        4.00	        0.00	        0.00	        1.00	        3.00	        1.00
  1.88	        4.00	        0.00	        0.00	        1.00	        3.00	        1.00
  1.89	        4.00	        0.00	        0.00	        1.00	        3.00	        1.00
  1.90	        4.00	        0.00	        0.00	        1.00	        3.00	        1.00
  1.91	        4.00	        0.00	        0.00	        1.00	        3.00	        1.00
  1.92	        4.00	        0.00	        0.00	        1.00	        3.00	        1.00
  1.93	        4.00	        0.00	        0.00	        1.00	        3.00	        1.00
  1.94	        4.00	        0.00	        0.00	        1.00	        3.00	        1.00
  1.95	        4.00	        0.00	        0.00	        1.00	        3.00	        1.00
  1.96	        4.00	        0.00	        0.00	        1.00	        3.00	        1.00
  1.97	        4.00	        0.00	        0.00	        1.00	        3.00	        1.00
  1.98	        4.00	        0.00	        0.00	        1.00	        3.00	        1.00
  1.99	        4.00	        0.00	        0.00	        1.00	        3.00	        1.00
  2.00	        4.00	        0.00	        0.00	        1.00	        3.00	        1.00
  2.01	        4.00	        0.00	        0.00	        1.00	        3.00	        1.00
  2.02	        5.00	        0.00	        0.00	        1.00	        4.00	        1.00
  2.03	        5.00	        0.00	        0.00	        1.00	        4.00	        1.00
  2.04	        5.00	        0.00	        0.00	        1.00	        4.00	        1.00
  2.05	        5.00	        0.00	        0.00	        1.00	        4.00	        1.00
  2.06	        5.00	        0.00	        0.00	        1.00	        4.00	        1.00
  2.07	        6.00	        0.00	        0.00	        1.00	        5.00	        1.00
  2.08	        6.00	        0.00	        0.00	        1.00	        5.00	        1.00
  2.09	        6.00	        0.00	        0.00	        1.00	        5.00	        1.00
  2.10	        6.00	        0.00	        0.00	        1.00	        5.00	        1.00
  2.11	        6.00	        0.00	        0.00	        1.00	        5.00	        1.00
  2.12	        6.00	        0.00	        0.00	        1.00	        5.00	        1.00
  2.13	        6.00	        0.00	        0.00	        1.00	        5.00	        1.00
  2.14	        7.00	        0.00	        0.00	        1.00	        6.00	        1.00
  2.15	        7.00	        0.00	        0.00	        1.00	        6.00	        1.00
  2.16	        7.00	        0.00	        0.00	        1.00	        6.00	        1.00
  2.17	        7.00	        0.00	        0.00	        1.00	        6.00	        1.00
  2.18	        7.00	        0.00	        0.00	        1.00	        6.00	        1.00
  2.19	        8.00	        0.00	        0.00	        1.00	        7.00	        1.00
  2.20	        8.00	        0.00	        0.00	        1.00	        7.00	        1.00
  2.21	        8.00	        0.00	        0.00	        1.00	        7.00	        1.00
  2.22	        9.00	        0.00	        0.00	        1.00	        8.00	        1.00
  2.23	        9.00	        0.00	        0.00	        1.00	        8.00	        1.00
  2.24	        9.00	        0.00	        0.00	        1.00	        8.00	        1.00
  2.25	        9.00	        0.00	        0.00	        1.00	        8.00	        1.00
  2.26	        9.00	        0.00	        0.00	        1.00	        8.00	        1.00
  2.27	        9.00	        0.00	        0.00	        1.00	        8.00	        1.00
  2.28	        9.00	        0.00	        0.00	        1.00	        8.00	        1.00
  2.29	        9.00	        0.00	        0.00	        1.00	        8.00	        1.00
  2.30	        9.00	        0.00	        0.00	        1.00	        8.00	        1.00
  2.31	        9.00	        0.00	        0.00	        1.00	        8.00	        1.00
  2.32	       10.00	        0.00	        0.00	        1.00	        9.00	        1.00
  2.33	       10.00	        0.00	        0.00	        1.00	        9.00	        1.00
  2.34	       11.00	        0.00	        0.00	        1.00	       10.00	        1.00
  2.35	       11.00	        0.00	        0.00	        1.00	       10.00	        1.00
  2.36	       12.00	        0.00	        0.00	        1.00	       11.00	        1.00
  2.37	       12.00	        0.00	        0.00	        1.00	       11.00	        1.00
  2.38	       12.00	        0.00	        0.00	        1.00	       11.00	        1.00
  2.39	       12.00	        0.00	        0.00	        1.00	       11.00	        1.00
  2.40	       12.00	        0.00	        0.00	        1.00	       11.00	        1.00
  2.41	       12.00	        0.00	        0.00	        1.00	       11.00	        1.00
  2.42	       12.00	        0.00	        0.00	        1.00	       11.00	        1.00
  2.43	       12.00	        0.00	        0.00	        1.00	       11.00	        1.00
  2.44	       13.00	        0.00	        0.00	        1.00	       12.00	        1.00
  2.45	       13.00	        0.00	        0.00	        1.00	       12.00	        1.00
  2.46	       13.00	        0.00	        0.00	        1.00	       12.00	        1.00
  2.47	       14.00	        0.00	        0.00	        1.00	       13.00	        1.00
  2.48	       15.00	        0.00	        0.00	        1.00	       14.00	        1.00
  2.49	       15.00	        0.00	        0.00	        1.00	       14.00	        1.00
  2.50	       16.00	        0.00	        0.00	        1.00	       15.00	        1.00
  2.51	       17.00	        0.00	        0.00	        1.00	       16.00	        1.00
  2.52	       17.00	        0.00	        0.00	        1.00	       16.00	        1.00
  2.53	       17.00	        0.00	        0.00	        1.00	       16.00	        1.00
  2.54	       18.00	        0.00	        0.00	        1.00	       17.00	        1.00
  2.55	       19.00	        0.00	        0.00	        1.00	       18.00	        1.00
  2.56	       19.00	        0.00	        0.00	        1.00	       18.00	        1.00
  2.57	       19.00	        0.00	        0.00	        1.00	       18.00	        1.00
  2.58	       19.00	        0.00	        0.00	        1.00	       18.00	        1.00
  2.59	       19.00	        0.00	        0.00	        1.00	       18.00	        1.00
  2.60	       19.00	        0.00	        0.00	        1.00	       18.00	        1.00
  2.61	       20.00	        0.00	        0.00	        1.00	       19.00	        1.00
  2.62	       20.00	        0.00	        0.00	        1.00	       19.00	        1.00
  2.63	       20.00	        0.00	        0.00	        1.00	       19.00	        1.00
  2.64	       20.00	        0.00	        0.00	        1.00	       19.00	        1.00
  2.65	       20.00	        0.00	        0.00	        1.00	       19.00	        1.00
  2.66	       20.00	        0.00	        0.00	        1.00	       19.00	        1.00
  2.67	       20.00	        0.00	        0.00	        1.00	       19.00	        1.00
  2.68	       20.00	        0.00	        0.00	        1.00	       19.00	        1.00
  2.69	       20.00	        0.00	        0.00	        1.00	       19.00	        1.00
  2.70	       21.00	        0.00	        0.00	        1.00	       20.00	        1.00
  2.71	       21.00	        0.00	        0.00	        1.00	       20.00	        1.00
  2.72	       22.00	        0.00	        0.00	        1.00	       21.00	        1.00
  2.73	       22.00	        0.00	        0.00	        1.00	       21.00	        1.00
  2.74	       22.00	        0.00	        0.00	        1.00	       21.00	        1.00
  2.75	       22.00	        0.00	        0.00	        1.00	       21.00	        1.00
  2.76	       22.00	        0.00	        0.00	        1.00	       21.00	        1.00
  2.77	       22.00	        0.00	        0.00	        1.00	       21.00	        1.00
  2.78	       22.00	        0.00	        0.00	        1.00	       21.00	        1.00
  2.79	       22.00	        0.00	        0.00	        1.00	       21.00	        1.00
  2.80	       22.00	        0.00	        0.00	        1.00	       21.00	        1.00
  2.81	       22.00	        0.00	        0.00	        1.00	       21.00	        1.00
  2.82	       22.00	        0.00	        0.00	        1.00	       21.00	        1.00
  2.83	       22.00	        0.00	        0.00	        1.00	       21.00	        1.00
  2.84	       22.00	        0.00	        0.00	        1.00	       21.00	        1.00
  2.85	       22.00	        0.00	        0.00	        1.00	       21.00	        1.00
  2.86	       22.00	        0.00	        0.00	        1.00	       21.00	        1.00
  2.87	       22.00	        0.00	        0.00	        1.00	       21.00	        1.00
  2.88	       24.00	        0.00	        0.00	        1.00	       23.00	        1.00
  2.89	       24.00	        0.00	        0.00	        1.00	       23.00	        1.00
  2.90	       24.00	        0.00	        0.00	        1.00	       23.00	        1.00
  2.91	       25.00	        0.00	        0.00	        1.00	       24.00	        1.00
  2.92	       25.00	        0.00	        0.00	        1.00	       24.00	        1.00
  2.93	       25.00	        0.00	        0.00	        1.00	       24.00	        1.00
  2.94	       25.00	        0.00	        0.00	        1.00	       24.00	        1.00
  2.95	       25.00	        0.00	        0.00	        1.00	       24.00	        1.00
  2.96	       25.00	        0.00	        0.00	        1.00	       24.00	        1.00
  2.97	       25.00	        0.00	        0.00	        1.00	       24.00	        1.00
  2.98	       26.00	        0.00	        0.00	        1.00	       25.00	        1.00
  2.99	       26.00	        0.00	        0.00	        1.00	       25.00	        1.00
  3.00	       27.00	        0.00	   600000.00	        1.00	       26.00	        1.00
  3.01	       29.00	        0.00	   599979.00	        1.00	       28.00	        1.00
  3.02	       29.00	        0.00	   599958.00	        1.00	       28.00	        1.00
  3.03	       30.00	        0.00	   599934.00	        1.00	       29.00	        1.00
  3.04	       30.00	        0.00	   599913.00	        1.00	       29.00	        1.00
  3.05	       31.00	        0.00	   599892.00	        1.00	       30.00	        1.00
  3.06	       31.00	        0.00	   599874.00	        1.00	       30.00	        1.00
  3.07	       31.00	        0.00	   599862.00	        1.00	       30.00	        1.00
  3.08	       32.00	        0.00	   599844.00	        1.00	       31.00	        1.00
  3.09	       33.00	        0.00	   599837.00	        1.00	       32.00	        1.00
  3.10	       35.00	        0.00	   599818.00	        1.00	       34.00	        1.00
  3.11	       35.00	        0.00	   599791.00	        1.00	       34.00	        1.00
  3.12	       35.00	        0.00	   599771.00	        1.00	       34.00	        1.00
  3.13	       37.00	        0.00	   599756.00	        1.00	       36.00	        1.00
  3.14	       38.00	        0.00	   599740.00	        1.00	       37.00	        1.00
  3.15	       40.00	        0.00	   599720.00	        1.00	       39.00	        1.00
  3.16	       41.00	        0.00	   599698.00	        1.00	       40.00	        1.00
  3.17	       42.00	        0.00	   599676.00	        1.00	       41.00	        1.00
  3.18	       42.00	        0.00	   599654.00	        1.00	       41.00	        1.00
  3.19	       42.00	        0.00	   599640.00	        1.00	       41.00	        1.00
  3.20	       42.00	        0.00	   599623.00	        1.00	       41.00	        1.00
  3.21	       44.00	        0.00	   599599.00	        1.00	       43.00	        1.00
  3.22	       44.00	        0.00	   599579.00	        1.00	       43.00	        1.00
  3.23	       44.00	        0.00	   599569.00	        1.00	       43.00	        1.00
  3.24	       46.00	        0.00	   599547.00	        1.00	       45.00	        1.00
  3.25	       47.00	        0.00	   599532.00	        1.00	       46.00	        1.00
  3.26	       47.00	        0.00	   599514.00	        1.00	       46.00	        1.00
  3.27	       49.00	        0.00	   599491.00	        1.00	       48.00	        1.00
  3.28	       50.00	        0.00	   599479.00	        1.00	       49.00	        1.00
  3.29	       50.00	        0.00	   599466.00	        1.00	       49.00	        1.00
  3.30	       50.00	        0.00	   599442.00	        1.00	       49.00	        1.00
  3.31	       51.00	        0.00	   599425.00	        1.00	       50.00	        1.00
  3.32	       51.00	        0.00	   599400.00	        1.00	       50.00	        1.00
  3.33	       52.00	        0.00	   599382.00	        1.00	       51.00	        1.00
  3.34	       52.00	        0.00	   599361.00	        1.00	       51.00	        1.00
  3.35	       54.00	        0.00	   599340.00	        1.00	       53.00	        1.00
  3.36	       55.00	        0.00	   599332.00	        1.00	       54.00	        1.00
  3.37	       55.00	        0.00	   599315.00	        1.00	       54.00	        1.00
  3.38	       56.00	        0.00	   599295.00	        1.00	       55.00	        1.00
  3.39	       57.00	        0.00	   599282.00	        1.00	       56.00	        1.00
  3.40	       57.00	        0.00	   599265.00	        1.00	       56.00	        1.00
  3.41	       59.00	        0.00	   599243.00	        1.00	       58.00	        1.00
  3.42	       61.00	        0.00	   599233.00	        1.00	       60.00	        1.00
  3.43	       62.00	        1.00	   599218.00	        1.00	       62.00	        1.00
  3.44	       64.00	        1.00	   599201.00	        1.00	       64.00	        1.00
  3.45	       65.00	        1.00	   599179.00	        1.00	       65.00	        1.00
  3.46	       66.00	        1.00	   599161.00	        1.00	       66.00	        1.00
  3.47	       67.00	        1.00	   599146.00	        1.00	       67.00	        1.00
  3.48	       69.00	        1.00	   599134.00	        1.00	       69.00	        1.00
  3.49	       71.00	        1.00	   599116.00	        1.00	       71.00	        1.00
  3.50	       72.00	        1.00	   599092.00	        1.00	       72.00	        1.00
  3.51	       73.00	        1.00	   599074.00	        1.00	       73.00	        1.00
  3.52	       74.00	        1.00	   599062.00	        1.00	       74.00	        1.00
  3.53	       75.00	        1.00	   599043.00	        1.00	       75.00	        1.00
  3.54	       79.00	        1.00	   599029.00	        1.00	       79.00	        1.00
  3.55	       81.00	        1.00	   599014.00	        1.00	       81.00	        1.00
  3.56	       82.00	        1.00	   599004.00	        1.00	       82.00	        1.00
  3.57	       83.00	        1.00	   598986.00	        1.00	       83.00	        1.00
  3.58	       83.00	        1.00	   598977.00	        1.00	       83.00	        1.00
  3.59	       84.00	        1.00	   598959.00	        1.00	       84.00	        1.00
  3.60	       84.00	        1.00	   598942.00	        1.00	       84.00	        1.00
  3.61	       85.00	        1.00	   598925.00	        1.00	       85.00	        1.00
  3.62	       85.00	        1.00	   598899.00	        1.00	       85.00	        1.00
  3.63	       86.00	        1.00	   598876.00	        1.00	       86.00	        1.00
  3.64	       87.00	        1.00	   598858.00	        1.00	       87.00	        1.00
  3.65	       90.00	        1.00	   598833.00	        1.00	       90.00	        1.00
  3.66	       91.00	        1.00	   598807.00	        1.00	       91.00	        1.00
  3.67	       93.00	        1.00	   598791.00	        1.00	       93.00	        1.00
  3.68	       94.00	        1.00	   598775.00	        1.00	       94.00	        1.00
  3.69	       94.00	        1.00	   598758.00	        1.00	       94.00	        1.00
  3.70	       95.00	        1.00	   598748.00	        1.00	       95.00	        1.00
  3.71	       95.00	        1.00	   598727.00	        1.00	       95.00	        1.00
  3.72	       95.00	        1.00	   598704.00	        1.00	       95.00	        1.00
  3.73	       95.00	        1.00	   598694.00	        1.00	       95.00	        1.00
  3.74	       96.00	        1.00	   598673.00	        1.00	       96.00	        1.00
  3.75	       98.00	        1.00	   598652.00	        1.00	       98.00	        1.00
  3.76	      101.00	        1.00	   598637.00	        1.00	      101.00	        1.00
  3.77	      102.00	        1.00	   598618.00	        1.00	      102.00	        1.00
  3.78	      103.00	        1.00	   598605.00	        1.00	      103.00	        1.00
  3.79	      105.00	        1.00	   598582.00	        1.00	      105.00	        1.00
  3.80	      105.00	        1.00	   598570.00	        1.00	      105.00	        1.00
  3.81	      105.00	        1.00	   598553.00	        1.00	      105.00	        1.00
  3.82	      107.00	        1.00	   598530.00	        1.00	      107.00	        1.00
  3.83	      110.00	        1.00	   598515.00	        1.00	      110.00	        1.00
  3.84	      111.00	        1.00	   598502.00	        1.00	      111.00	        1.00
  3.85	      115.00	        1.00	   598487.00	        1.00	      115.00	        1.00
  3.86	      118.00	        1.00	   598471.00	        1.00	      118.00	        1.00
  3.87	      122.00	        1.00	   598451.00	        1.00	      122.00	        1.00
  3.88	      124.00	        1.00	   598442.00	        1.00	      124.00	        1.00
  3.89	      125.00	        1.00	   598424.00	        1.00	      125.00	        1.00
  3.90	      126.00	        1.00	   598400.00	        1.00	      126.00	        1.00
  3.91	      129.00	        1.00	   598380.00	        1.00	      129.00	        1.00
  3.92	      131.00	        1.00	   598362.00	        1.00	      131.00	        1.00
  3.93	      132.00	        1.00	   598344.00	        1.00	      132.00	        1.00
  3.94	      136.00	        1.00	   598330.00	        1.00	      136.00	        1.00
  3.95	      137.00	        2.00	   598308.00	        1.00	      138.00	        1.00
  3.96	      140.00	        2.00	   598294.00	        1.00	      141.00	        1.00
  3.97	      143.00	        2.00	   598273.00	        1.00	      144.00	        1.00
  3.98	      144.00	        2.00	   598253.00	        1.00	      145.00	        1.00
  3.99	      147.00	        2.00	   598231.00	        1.00	      148.00	        1.00
  4.00	      148.00	        2.00	   598218.00	        1.00	      149.00	        1.00
  4.01	      153.00	        2.00	   598197.00	        1.00	      154.00	        1.00
  4.02	      154.00	        2.00	   598175.00	        1.00	      155.00	        1.00
  4.03	      155.00	        2.00	   598152.00	        1.00	      156.00	        1.00
  4.04	      156.00	        2.00	   598135.00	        1.00	      157.00	        1.00
  4.05	      159.00	        2.00	   598120.00	        1.00	      160.00	        1.00
  4.06	      164.00	        2.00	   598105.00	        1.00	      165.00	        1.00
  4.07	      171.00	        2.00	   598088.00	        1.00	      172.00	        1.00
  4.08	      174.00	        2.00	   598076.00	        1.00	      175.00	        1.00
  4.09	      177.00	        2.00	   598056.00	        1.00	      178.00	        1.00
  4.10	      181.00	        3.00	   598037.00	        1.00	      183.00	        1.00
  4.11	      185.00	        3.00	   598014.00	        1.00	      187.00	        1.00
  4.12	      188.00	        3.00	   597991.00	        1.00	      190.00	        1.00
  4.13	      189.00	        3.00	   597975.00	        1.00	      191.00	        1.00
  4.14	      193.00	        3.00	   597959.00	        1.00	      195.00	        1.00
  4.15	      198.00	        3.00	   597941.00	        1.00	      200.00	        1.00
  4.16	      200.00	        3.00	   597923.00	        1.00	      202.00	        1.00
  4.17	      203.00	        3.00	   597905.00	        1.00	      205.00	        1.00
  4.18	      207.00	        3.00	   597891.00	        1.00	      209.00	        1.00
  4.19	      206.00	        4.00	   597878.00	        1.00	      209.00	        1.00
  4.20	      209.00	        4.00	   597864.00	        1.00	      212.00	        1.00
  4.21	      210.00	        4.00	   597844.00	        1.00	      213.00	        1.00
  4.22	      211.00	        4.00	   597825.00	        1.00	      214.00	        1.00
  4.23	      218.00	        4.00	   597802.00	        1.00	      221.00	        1.00
  4.24	      221.00	        4.00	   597785.00	        1.00	      224.00	        1.00
  4.25	      226.00	        4.00	   597760.00	        1.00	      229.00	        1.00
  4.26	      231.00	        4.00	   597749.00	        1.00	      234.00	        1.00
  4.27	      234.00	        4.00	   597733.00	        1.00	      237.00	        1.00
  4.28	      238.00	        4.00	   597705.00	        1.00	      241.00	        1.00
  4.29	      243.00	        5.00	   597685.00	        1.00	      247.00	        1.00
  4.30	      252.00	        6.00	   597670.00	        1.00	      257.00	        1.00
  4.31	      256.00	        6.00	   597653.00	        1.00	      261.00	        1.00
  4.32	      259.00	        6.00	   597636.00	        1.00	      264.00	        1.00
  4.33	      265.00	        6.00	   597620.00	        1.00	      270.00	        1.00
  4.34	      270.00	        6.00	   597592.00	        1.00	      275.00	        1.00
  4.35	      273.00	        6.00	   597574.00	        1.00	      278.00	        1.00
  4.36	      277.00	        6.00	   597565.00	        1.00	      282.00	        1.00
  4.37	      278.00	        7.00	   597549.00	        1.00	      284.00	        1.00
  4.38	      282.00	        7.00	   597537.00	        1.00	      288.00	        1.00
  4.39	      289.00	        7.00	   597520.00	        1.00	      295.00	        1.00
  4.40	      296.00	        7.00	   597494.00	        1.00	      302.00	        1.00
  4.41	      299.00	        7.00	   597480.00	        1.00	      305.00	        1.00
  4.42	      304.00	        7.00	   597470.00	        1.00	      310.00	        1.00
  4.43	      309.00	        7.00	   597460.00	        1.00	      315.00	        1.00
  4.44	      312.00	        8.00	   597437.00	        1.00	      319.00	        1.00
  4.45	      318.00	        8.00	   597419.00	        1.00	      325.00	        1.00
  4.46	      325.00	        8.00	   597402.00	        1.00	      332.00	        1.00
  4.47	      329.00	        9.00	   597378.00	        1.00	      337.00	        1.00
  4.48	      338.00	        9.00	   597363.00	        1.00	      346.00	        1.00
  4.49	      339.00	        9.00	   597347.00	        1.00	      347.00	        1.00
  4.50	      343.00	        9.00	   597331.00	        1.00	      351.00	        1.00
  4.51	      351.00	        9.00	   597307.00	        1.00	      359.00	        1.00
  4.52	      358.00	        9.00	   597287.00	        1.00	      366.00	        1.00
  4.53	      362.00	        9.00	   597266.00	        1.00	      370.00	        1.00
  4.54	      370.00	        9.00	   597247.00	        1.00	      378.00	        1.00
  4.55	      376.00	        9.00	   597234.00	        1.00	      384.00	        1.00
  4.56	      380.00	       10.00	   597216.00	        1.00	      389.00	        1.00
  4.57	      385.00	       12.00	   597204.00	        1.00	      396.00	        1.00
  4.58	      391.00	       12.00	   597183.00	        1.00	      402.00	        1.00
  4.59	      399.00	       12.00	   597170.00	        1.00	      410.00	        1.00
  4.60	      401.00	       13.00	   597154.00	        1.00	      413.00	        1.00
  4.61	      410.00	       13.00	   597141.00	        1.00	      422.00	        1.00
  4.62	      418.00	       13.00	   597126.00	        1.00	      430.00	        1.00
  4.63	      424.00	       13.00	   597112.00	        1.00	      436.00	        1.00
  4.64	      430.00	       14.00	   597093.00	        1.00	      443.00	        1.00
  4.65	      441.00	       14.00	   597075.00	        1.00	      454.00	        1.00
  4.66	      278.00	      178.00	   597259.00	        1.00	      456.00	        1.00
  4.67	      281.00	      178.00	   597238.00	        1.00	      459.00	        1.00
  4.68	      177.00	      283.00	   597428.00	        1.00	      461.00	        1.00
  4.69	      183.00	      283.00	   597408.00	        1.00	      467.00	        1.00
  4.70	      186.00	      284.00	   597384.00	        1.00	      471.00	        1.00
  4.71	      190.00	      284.00	   597365.00	        1.00	      475.00	        1.00
  4.72	      193.00	      284.00	   597352.00	        1.00	      478.00	        1.00
  4.73	      196.00	      284.00	   597326.00	        1.00	      481.00	        1.00
  4.74	      198.00	      285.00	   597310.00	        1.00	      484.00	        1.00
  4.75	      204.00	      285.00	   597291.00	        1.00	      490.00	        1.00
  4.76	      208.00	      285.00	   597276.00	        1.00	      494.00	        1.00
  4.77	      214.00	      285.00	   597260.00	        1.00	      500.00	        1.00
  4.78	      218.00	      285.00	   597238.00	        1.00	      504.00	        1.00
  4.79	      222.00	      286.00	   597222.00	        1.00	      509.00	        1.00
  4.80	      225.00	      286.00	   597209.00	        1.00	      512.00	        1.00
  4.81	      228.00	      286.00	   597184.00	        1.00	      515.00	        1.00
  4.82	      231.00	      286.00	   597175.00	        1.00	      518.00	        1.00
  4.83	      234.00	      286.00	   597157.00	        1.00	      521.00	        1.00
  4.84	      162.00	      363.00	   597343.00	        1.00	      527.00	        1.00
  4.85	      163.00	      363.00	   597325.00	        1.00	      528.00	        1.00
  4.86	      165.00	      363.00	   597305.00	        1.00	      530.00	        1.00
  4.87	      168.00	      363.00	   597284.00	        1.00	      533.00	        1.00
  4.88	      169.00	      363.00	   597263.00	        1.00	      534.00	        1.00
  4.89	      172.00	      363.00	   597241.00	        1.00	      537.00	        1.00
  4.90	      173.00	      363.00	   597231.00	        1.00	      538.00	        1.00
  4.91	      178.00	      363.00	   597208.00	        1.00	      543.00	        1.00
  4.92	      179.00	      363.00	   597196.00	        1.00	      544.00	        1.00
  4.93	      184.00	      363.00	   597177.00	        1.00	      549.00	        1.00
  4.94	      186.00	      364.00	   597163.00	        1.00	      552.00	        1.00
  4.95	      191.00	      364.00	   597140.00	        1.00	      557.00	        1.00
  4.96	      194.00	      364.00	   597125.00	        1.00	      560.00	        1.00
  4.97	      195.00	      364.00	   597108.00	        1.00	      561.00	        1.00
  4.98	      198.00	      364.00	   597099.00	        1.00	      564.00	        1.00
  4.99	      201.00	      364.00	   597081.00	        1.00	      567.00	        1.00
  5.00	      209.00	      364.00	   597053.00	        1.00	      575.00	        1.00
  5.01	      212.00	      364.00	   597032.00	        1.00	      578.00	        1.00
  5.02	      214.00	      364.00	   597015.00	        1.00	      580.00	        1.00
  5.03	      221.00	      364.00	   596996.00	        1.00	      587.00	        1.00
  5.04	      225.00	      364.00	   596978.00	        1.00	      591.00	        1.00
  5.05	      229.00	      364.00	   596959.00	        1.00	      595.00	        1.00
  5.06	      231.00	      365.00	   596941.00	        1.00	      598.00	        1.00
  5.07	      236.00	      366.00	   596921.00	        1.00	      604.00	        1.00
  5.08	      241.00	      366.00	   596898.00	        1.00	      609.00	        1.00
  5.09	      245.00	      366.00	   596876.00	        1.00	      613.00	        1.00
  5.10	      183.00	      430.00	   597058.00	        1.00	      616.00	        1.00
  5.11	      184.00	      431.00	   597044.00	        1.00	      618.00	        1.00
  5.12	      140.00	      476.00	   597228.00	        1.00	      620.00	        1.00
  5.13	      141.00	      476.00	   597210.00	        1.00	      621.00	        1.00
  5.14	       99.00	      518.00	   597391.00	        1.00	      622.00	        1.00
  5.15	       99.00	      518.00	   597374.00	        1.00	      622.00	        1.00
  5.16	      100.00	      518.00	   597355.00	        1.00	      623.00	        1.00
  5.17	      104.00	      519.00	   597340.00	        1.00	      628.00	        1.00
  5.18	      104.00	      520.00	   597323.00	        1.00	      629.00	        1.00
  5.19	       60.00	      563.00	   597695.00	        1.00	      630.00	        1.00
  5.20	       61.00	      563.00	   597680.00	        1.00	      631.00	        1.00
  5.21	       62.00	      563.00	   597662.00	        1.00	      632.00	        1.00
  5.22	       66.00	      563.00	   597639.00	        1.00	      636.00	        1.00
  5.23	       67.00	      563.00	   597614.00	        1.00	      637.00	        1.00
  5.24	       69.00	      563.00	   597593.00	        1.00	      639.00	        1.00
  5.25	       70.00	      563.00	   597572.00	        1.00	      640.00	        1.00
  5.26	       71.00	      563.00	   597550.00	        1.00	      641.00	        1.00
  5.27	       56.00	      580.00	   597730.00	        1.00	      644.00	        1.00
  5.28	       42.00	      594.00	   597911.00	        1.00	      645.00	        1.00
  5.29	       25.00	      609.00	   598288.00	        1.00	      645.00	        1.00
  5.30	        8.00	      624.00	   598864.00	        1.00	      646.00	        1.00
  5.31	        8.00	      624.00	   598843.00	        1.00	      646.00	        1.00
  5.32	        7.00	      624.00	   599029.00	        1.00	      646.00	        1.00
  5.33	        5.00	      625.00	   599408.00	        1.00	      647.00	        1.00
  5.34	        1.00	      627.00	   599790.00	        1.00	      647.00	        1.00
  5.35	        2.00	      623.00	   600569.00	        1.00	      648.00	        1.00
  5.36	        0.00	      621.00	   601342.00	        0.00	      648.00	        1.00
  5.37	        0.00	      621.00	   601316.00	        0.00	      648.00	        1.00
  5.38	        0.00	      619.00	   601694.00	        0.00	      648.00	        1.00
  5.39	        0.00	      617.00	   602072.00	        0.00	      648.00	        1.00
  5.40	        0.00	      617.00	   602055.00	        0.00	      648.00	        1.00
  5.41	        0.00	      614.00	   602636.00	        0.00	      648.00	        1.00
  5.42	        0.00	      612.00	   603010.00	        0.00	      648.00	        1.00
  5.43	        0.00	      608.00	   603786.00	        0.00	      648.00	        1.00
  5.44	        0.00	      606.00	   604164.00	        0.00	      648.00	        1.00
  5.45	        0.00	      603.00	   604734.00	        0.00	      648.00	        1.00
  5.46	        0.00	      598.00	   605708.00	        0.00	      648.00	        1.00
  5.47	        0.00	      595.00	   606289.00	        0.00	      648.00	        1.00
  5.48	        0.00	      592.00	   606864.00	        0.00	      648.00	        1.00
  5.49	        0.00	      590.00	   607233.00	        0.00	      648.00	        1.00
  5.50	        0.00	      590.00	   607212.00	        0.00	      648.00	        1.00
  5.51	        0.00	      586.00	   607990.00	        0.00	      648.00	        1.00
  5.52	        0.00	      584.00	   608366.00	        0.00	      648.00	        1.00
  5.53	        0.00	      579.00	   609336.00	        0.00	      648.00	        1.00
  5.54	        0.00	      573.00	   610511.00	        0.00	      648.00	        1.00
  5.55	        0.00	      570.00	   611079.00	        0.00	      648.00	        1.00
  5.56	        0.00	      567.00	   611649.00	        0.00	      648.00	        1.00
  5.57	        0.00	      560.00	   613021.00	        0.00	      648.00	        1.00
  5.58	        0.00	      557.00	   613590.00	        0.00	      648.00	        1.00
  5.59	        0.00	      550.00	   614951.00	        0.00	      648.00	        1.00
  5.60	        0.00	      548.00	   615327.00	        0.00	      648.00	        1.00
  5.61	        0.00	      544.00	   616094.00	        0.00	      648.00	        1.00
  5.62	        0.00	      540.00	   616862.00	        0.00	      648.00	        1.00
  5.63	        0.00	      536.00	   617631.00	        0.00	      648.00	        1.00
  5.64	        0.00	      532.00	   618393.00	        0.00	      648.00	        1.00
  5.65	        0.00	      531.00	   618566.00	        0.00	      648.00	        1.00
  5.66	        0.00	      527.00	   619336.00	        0.00	      648.00	        1.00
  5.67	        0.00	      523.00	   620103.00	        0.00	      648.00	        1.00
  5.68	        0.00	      515.00	   621676.00	        0.00	      648.00	        1.00
  5.69	        0.00	      511.00	   622453.00	        0.00	      648.00	        1.00
  5.70	        0.00	      507.00	   623218.00	        0.00	      648.00	        1.00
  5.71	        0.00	      505.00	   623589.00	        0.00	      648.00	        1.00
  5.72	        0.00	      496.00	   625349.00	        0.00	      648.00	        1.00
  5.73	        0.00	      494.00	   625709.00	        0.00	      648.00	        1.00
  5.74	        0.00	      490.00	   626478.00	        0.00	      648.00	        1.00
  5.75	        0.00	      488.00	   626847.00	        0.00	      648.00	        1.00
  5.76	        0.00	      480.00	   628398.00	        0.00	      648.00	        1.00
  5.77	        0.00	      478.00	   628761.00	        0.00	      648.00	        1.00
  5.78	        0.00	      473.00	   629722.00	        0.00	      648.00	        1.00
  5.79	        0.00	      465.00	   631293.00	        0.00	      648.00	        1.00
  5.80	        0.00	      463.00	   631661.00	        0.00	      648.00	        1.00
  5.81	        0.00	      457.00	   632834.00	        0.00	      648.00	        1.00
  5.82	        0.00	      456.00	   632990.00	        0.00	      648.00	        1.00
  5.83	        0.00	      453.00	   633548.00	        0.00	      648.00	        1.00
  5.84	        0.00	      449.00	   634307.00	        0.00	      648.00	        1.00
  5.85	        0.00	      440.00	   636068.00	        0.00	      648.00	        1.00
  5.86	        0.00	      437.00	   636631.00	        0.00	      648.00	        1.00
  5.87	        0.00	      428.00	   638394.00	        0.00	      648.00	        1.00
  5.88	        0.00	      422.00	   639555.00	        0.00	      648.00	        1.00
  5.89	        0.00	      413.00	   641322.00	        0.00	      648.00	        1.00
  5.90	        0.00	      410.00	   641889.00	        0.00	      648.00	        1.00
  5.91	        0.00	      402.00	   643457.00	        0.00	      648.00	        1.00
  5.92	        0.00	      399.00	   644011.00	        0.00	      648.00	        1.00
  5.93	        0.00	      398.00	   644175.00	        0.00	      648.00	        1.00
  5.94	        0.00	      392.00	   645345.00	        0.00	      648.00	        1.00
  5.95	        0.00	      387.00	   646306.00	        0.00	      648.00	        1.00
  5.96	        0.00	      379.00	   647867.00	        0.00	      648.00	        1.00
  5.97	        0.00	      374.00	   648826.00	        0.00	      648.00	        1.00
  5.98	        0.00	      371.00	   649378.00	        0.00	      648.00	        1.00
  5.99	        0.00	      368.00	   649934.00	        0.00	      648.00	        1.00
  6.00	        0.00	      364.00	   650697.00	        0.00	      648.00	        1.00
  6.01	        0.00	      358.00	   651848.00	        0.00	      648.00	        1.00
  6.02	        0.00	      352.00	   653006.00	        0.00	      648.00	        1.00
  6.03	        0.00	      347.00	   653972.00	        0.00	      648.00	        1.00
  6.04	        0.00	      339.00	   655531.00	        0.00	      648.00	        1.00
  6.05	        0.00	      331.00	   657086.00	        0.00	      648.00	        1.00
  6.06	        0.00	      328.00	   657653.00	        0.00	      648.00	        1.00
  6.07	        0.00	      322.00	   658819.00	        0.00	      648.00	        1.00
  6.08	        0.00	      314.00	   660382.00	        0.00	      648.00	        1.00
  6.09	        0.00	      308.00	   661539.00	        0.00	      648.00	        1.00
  6.10	        0.00	      301.00	   662879.00	        0.00	      648.00	        1.00
  6.11	        0.00	      297.00	   663640.00	        0.00	      648.00	        1.00
  6.12	        0.00	      292.00	   664598.00	        0.00	      648.00	        1.00
  6.13	        0.00	      286.00	   665755.00	        0.00	      648.00	        1.00
  6.14	        0.00	      285.00	   665912.00	        0.00	      648.00	        1.00
  6.15	        0.00	      280.00	   666873.00	        0.00	      648.00	        1.00
  6.16	        0.00	      274.00	   668033.00	        0.00	      648.00	        1.00
  6.17	        0.00	      269.00	   668982.00	        0.00	      648.00	        1.00
  6.18	        0.00	      260.00	   670738.00	        0.00	      648.00	        1.00
  6.19	        0.00	      253.00	   672099.00	        0.00	      648.00	        1.00
  6.20	        0.00	      250.00	   672648.00	        0.00	      648.00	        1.00
  6.21	        0.00	      249.00	   672812.00	        0.00	      648.00	        1.00
  6.22	        0.00	      243.00	   673968.00	        0.00	      648.00	        1.00
  6.23	        0.00	      239.00	   674726.00	        0.00	      648.00	        1.00
  6.24	        0.00	      234.00	   675688.00	        0.00	      648.00	        1.00
  6.25	        0.00	      228.00	   676843.00	        0.00	      648.00	        1.00
  6.26	        0.00	      219.00	   678606.00	        0.00	      648.00	        1.00
  6.27	        0.00	      214.00	   679563.00	        0.00	      648.00	        1.00
  6.28	        0.00	      209.00	   680523.00	        0.00	      648.00	        1.00
  6.29	        0.00	      206.00	   681085.00	        0.00	      648.00	        1.00
  6.30	        0.00	      199.00	   682454.00	        0.00	      648.00	        1.00
  6.31	        0.00	      196.00	   683013.00	        0.00	      648.00	        1.00
  6.32	        0.00	      193.00	   683564.00	        0.00	      648.00	        1.00
  6.33	        0.00	      189.00	   684314.00	        0.00	      648.00	        1.00
  6.34	        0.00	      181.00	   685871.00	        0.00	      648.00	        1.00
  6.35	        0.00	      175.00	   687033.00	        0.00	      648.00	        1.00
  6.36	        0.00	      172.00	   687596.00	        0.00	      648.00	        1.00
  6.37	        0.00	      171.00	   687757.00	        0.00	      648.00	        1.00
  6.38	        0.00	      166.00	   688708.00	        0.00	      648.00	        1.00
  6.39	        0.00	      163.00	   689265.00	        0.00	      648.00	        1.00
  6.40	        0.00	      159.00	   690018.00	        0.00	      648.00	        1.00
  6.41	        0.00	      153.00	   691178.00	        0.00	      648.00	        1.00
  6.42	        0.00	      148.00	   692130.00	        0.00	      648.00	        1.00
  6.43	        0.00	      146.00	   692489.00	        0.00	      648.00	        1.00
  6.44	        0.00	      137.00	   694239.00	        0.00	      648.00	        1.00
  6.45	        0.00	      133.00	   694994.00	        0.00	      648.00	        1.00
  6.46	        0.00	      128.00	   695959.00	        0.00	      648.00	        1.00
  6.47	        0.00	      127.00	   696117.00	        0.00	      648.00	        1.00
  6.48	        0.00	      120.00	   697483.00	        0.00	      648.00	        1.00
  6.49	        0.00	      113.00	   698846.00	        0.00	      648.00	        1.00
  6.50	        0.00	      107.00	   700002.00	        0.00	      648.00	        1.00
  6.51	        0.00	      102.00	   700972.00	        0.00	      648.00	        1.00
  6.52	        0.00	       98.00	   701729.00	        0.00	      648.00	        1.00
  6.53	        0.00	       97.00	   701888.00	        0.00	      648.00	        1.00
  6.54	        0.00	       94.00	   702440.00	        0.00	      648.00	        1.00
  6.55	        0.00	       89.00	   703418.00	        0.00	      648.00	        1.00
  6.56	        0.00	       86.00	   703984.00	        0.00	      648.00	        1.00
  6.57	        0.00	       83.00	   704547.00	        0.00	      648.00	        1.00
  6.58	        0.00	       79.00	   705306.00	        0.00	      648.00	        1.00
  6.59	        0.00	       76.00	   705874.00	        0.00	      648.00	        1.00
  6.60	        0.00	       70.00	   707050.00	        0.00	      648.00	        1.00
  6.61	        0.00	       68.00	   707399.00	        0.00	      648.00	        1.00
  6.62	        0.00	       66.00	   707765.00	        0.00	      648.00	        1.00
  6.63	        0.00	       66.00	   707735.00	        0.00	      648.00	        1.00
  6.64	        0.00	       65.00	   707907.00	        0.00	      648.00	        1.00
  6.65	        0.00	       63.00	   708275.00	        0.00	      648.00	        1.00
  6.66	        0.00	       62.00	   708437.00	        0.00	      648.00	        1.00
  6.67	        0.00	       60.00	   708814.00	        0.00	      648.00	        1.00
  6.68	        0.00	       57.00	   709380.00	        0.00	      648.00	        1.00
  6.69	        0.00	       56.00	   709547.00	        0.00	      648.00	        1.00
  6.70	        0.00	       55.00	   709715.00	        0.00	      648.00	        1.00
  6.71	        0.00	       52.00	   710285.00	        0.00	      648.00	        1.00
  6.72	        0.00	       49.00	   710857.00	        0.00	      648.00	        1.00
  6.73	        0.00	       49.00	   710822.00	        0.00	      648.00	        1.00
  6.74	        0.00	       47.00	   711194.00	        0.00	      648.00	        1.00
  6.75	        0.00	       46.00	   711363.00	        0.00	      648.00	        1.00
  6.76	        0.00	       45.00	   711532.00	        0.00	      648.00	        1.00
  6.77	        0.00	       45.00	   711500.00	        0.00	      648.00	        1.00
  6.78	        0.00	       45.00	   711471.00	        0.00	      648.00	        1.00
  6.79	        0.00	       43.00	   711840.00	        0.00	      648.00	        1.00
  6.80	        0.00	       41.00	   712220.00	        0.00	      648.00	        1.00
  6.81	        0.00	       40.00	   712399.00	        0.00	      648.00	        1.00
  6.82	        0.00	       37.00	   712968.00	        0.00	      648.00	        1.00
  6.83	        0.00	       36.00	   713132.00	        0.00	      648.00	        1.00
  6.84	        0.00	       36.00	   713101.00	        0.00	      648.00	        1.00
  6.85	        0.00	       33.00	   713677.00	        0.00	      648.00	        1.00
  6.86	        0.00	       31.00	   714052.00	        0.00	      648.00	        1.00
  6.87	        0.00	       31.00	   714025.00	        0.00	      648.00	        1.00
  6.88	        0.00	       30.00	   714199.00	        0.00	      648.00	        1.00
  6.89	        0.00	       29.00	   714373.00	        0.00	      648.00	        1.00
  6.90	        0.00	       26.00	   714943.00	        0.00	      648.00	        1.00
  6.91	        0.00	       26.00	   714916.00	        0.00	      648.00	        1.00
  6.92	        0.00	       26.00	   714888.00	        0.00	      648.00	        1.00
  6.93	        0.00	       25.00	   715064.00	        0.00	      648.00	        1.00
  6.94	        0.00	       23.00	   715436.00	        0.00	      648.00	        1.00
  6.95	        0.00	       21.00	   715809.00	        0.00	      648.00	        1.00
  6.96	        0.00	       20.00	   715982.00	        0.00	      648.00	        1.00
  6.97	        0.00	       19.00	   716148.00	        0.00	      648.00	        1.00
  6.98	        0.00	       18.00	   716318.00	        0.00	      648.00	        1.00
  6.99	        0.00	       18.00	   716296.00	        0.00	      648.00	        1.00
  7.00	        0.00	       18.00	   716272.00	        0.00	      648.00	        1.00
  7.01	        0.00	       18.00	   716239.00	        0.00	      648.00	        1.00
  7.02	        0.00	       16.00	   716611.00	        0.00	      648.00	        1.00
  7.03	        0.00	       16.00	   716582.00	        0.00	      648.00	        1.00
  7.04	        0.00	       15.00	   716755.00	        0.00	      648.00	        1.00
  7.05	        0.00	       14.00	   716931.00	        0.00	      648.00	        1.00
  7.06	        0.00	       14.00	   716906.00	        0.00	      648.00	        1.00
  7.07	        0.00	       14.00	   716882.00	        0.00	      648.00	        1.00
  7.08	        0.00	       13.00	   717057.00	        0.00	      648.00	        1.00
  7.09	        0.00	       12.00	   717237.00	        0.00	      648.00	        1.00
  7.10	        0.00	       12.00	   717212.00	        0.00	      648.00	        1.00
  7.11	        0.00	       12.00	   717189.00	        0.00	      648.00	        1.00
  7.12	        0.00	       11.00	   717371.00	        0.00	      648.00	        1.00
  7.13	        0.00	       11.00	   717355.00	        0.00	      648.00	        1.00
  7.14	        0.00	       11.00	   717330.00	        0.00	      648.00	        1.00
  7.15	        0.00	       11.00	   717307.00	        0.00	      648.00	        1.00
  7.16	        0.00	       11.00	   717290.00	        0.00	      648.00	        1.00
  7.17	        0.00	       11.00	   717260.00	        0.00	      648.00	        1.00
  7.18	        0.00	       10.00	   717428.00	        0.00	      648.00	        1.00
  7.19	        0.00	        9.00	   717607.00	        0.00	      648.00	        1.00
  7.20	        0.00	        9.00	   717587.00	        0.00	      648.00	        1.00
  7.21	        0.00	        9.00	   717564.00	        0.00	      648.00	        1.00
  7.22	        0.00	        9.00	   717544.00	        0.00	      648.00	        1.00
  7.23	        0.00	        8.00	   717726.00	        0.00	      648.00	        1.00
  7.24	        0.00	        8.00	   717694.00	        0.00	      648.00	        1.00
  7.25	        0.00	        8.00	   717667.00	        0.00	      648.00	        1.00
  7.26	        0.00	        8.00	   717640.00	        0.00	      648.00	        1.00
  7.27	        0.00	        8.00	   717620.00	        0.00	      648.00	        1.00
  7.28	        0.00	        7.00	   717792.00	        0.00	      648.00	        1.00
  7.29	        0.00	        7.00	   717780.00	        0.00	      648.00	        1.00
  7.30	        0.00	        7.00	   717756.00	        0.00	      648.00	        1.00
  7.31	        0.00	        7.00	   717726.00	        0.00	      648.00	        1.00
  7.32	        0.00	        7.00	   717699.00	        0.00	      648.00	        1.00
  7.33	        0.00	        6.00	   717874.00	        0.00	      648.00	        1.00
  7.34	        0.00	        6.00	   717849.00	        0.00	      648.00	        1.00
  7.35	        0.00	        6.00	   717823.00	        0.00	      648.00	        1.00
  7.36	        0.00	        6.00	   717801.00	        0.00	      648.00	        1.00
  7.37	        0.00	        6.00	   717771.00	        0.00	      648.00	        1.00
  7.38	        0.00	        6.00	   717742.00	        0.00	      648.00	        1.00
  7.39	        0.00	        6.00	   717721.00	        0.00	      648.00	        1.00
  7.40	        0.00	        6.00	   717697.00	        0.00	      648.00	        1.00
  7.41	        0.00	        5.00	   717880.00	        0.00	      648.00	        1.00
  7.42	        0.00	        5.00	   717858.00	        0.00	      648.00	        1.00
  7.43	        0.00	        2.00	   718438.00	        0.00	      648.00	        1.00
  7.44	        0.00	        2.00	   718410.00	        0.00	      648.00	        1.00
  7.45	        0.00	        2.00	   718395.00	        0.00	      648.00	        1.00
  7.46	        0.00	        2.00	   718376.00	        0.00	      648.00	        1.00
  7.47	        0.00	        2.00	   718342.00	        0.00	      648.00	        1.00
  7.48	        0.00	        2.00	   718321.00	        0.00	      648.00	        1.00
  7.49	        0.00	        2.00	   718297.00	        0.00	      648.00	        1.00
  7.50	        0.00	        2.00	   718273.00	        0.00	      648.00	        1.00
  7.51	        0.00	        2.00	   718243.00	        0.00	      648.00	        1.00
  7.52	        0.00	        2.00	   718218.00	        0.00	      648.00	        1.00
  7.53	        0.00	        2.00	   718192.00	        0.00	      648.00	        1.00
  7.54	        0.00	        2.00	   718174.00	        0.00	      648.00	        1.00
  7.55	        0.00	        2.00	   718151.00	        0.00	      648.00	        1.00
  7.56	        0.00	        2.00	   718131.00	        0.00	      648.00	        1.00
  7.57	        0.00	        2.00	   718109.00	        0.00	      648.00	        1.00
  7.58	        0.00	        2.00	   718085.00	        0.00	      648.00	        1.00
  7.59	        0.00	        2.00	   718060.00	        0.00	      648.00	        1.00
  7.60	        0.00	        2.00	   718038.00	        0.00	      648.00	        1.00
  7.61	        0.00	        2.00	   718013.00	        0.00	      648.00	        1.00
  7.62	        0.00	        2.00	   717991.00	        0.00	      648.00	        1.00
  7.63	        0.00	        2.00	   717969.00	        0.00	      648.00	        1.00
  7.64	        0.00	        2.00	   717947.00	        0.00	      648.00	        1.00
  7.65	        0.00	        2.00	   717928.00	        0.00	      648.00	        1.00
  7.66	        0.00	        2.00	   717908.00	        0.00	      648.00	        1.00
  7.67	        0.00	        2.00	   717882.00	        0.00	      648.00	        1.00
  7.68	        0.00	        2.00	   717853.00	        0.00	      648.00	        1.00
  7.69	        0.00	        2.00	   717838.00	        0.00	      648.00	        1.00
  7.70	        0.00	        2.00	   717814.00	        0.00	      648.00	        1.00
  7.71	        0.00	        2.00	   717796.00	        0.00	      648.00	        1.00
  7.72	        0.00	        2.00	   717773.00	        0.00	      648.00	        1.00
  7.73	        0.00	        2.00	   717750.00	        0.00	      648.00	        1.00
  7.74	        0.00	        2.00	   717727.00	        0.00	      648.00	        1.00
  7.75	        0.00	        1.00	   717901.00	        0.00	      648.00	        1.00
  7.76	        0.00	        1.00	   717873.00	        0.00	      648.00	        1.00
  7.77	        0.00	        1.00	   717847.00	        0.00	      648.00	        1.00
  7.78	        0.00	        1.00	   717814.00	        0.00	      648.00	        1.00
  7.79	        0.00	        1.00	   717790.00	        0.00	      648.00	        1.00
  7.80	        0.00	        1.00	   717764.00	        0.00	      648.00	        1.00
  7.81	        0.00	        1.00	   717744.00	        0.00	      648.00	        1.00
  7.82	        0.00	        1.00	   717724.00	        0.00	      648.00	        1.00
  7.83	        0.00	        1.00	   717703.00	        0.00	      648.00	        1.00
  7.84	        0.00	        1.00	   717683.00	        0.00	      648.00	        1.00
  7.85	        0.00	        1.00	   717651.00	        0.00	      648.00	        1.00
  7.86	        0.00	        1.00	   717627.00	        0.00	      648.00	        1.00
  7.87	        0.00	        1.00	   717602.00	        0.00	      648.00	        1.00
  7.88	        0.00	        1.00	   717572.00	        0.00	      648.00	        1.00
  7.89	        0.00	        0.00	   717752.00	        0.00	      648.00	        0.00
