Datatype: PopulationSize
  0.00	      100.00	        0.00	  1000000.00	        1.00	        0.00	      100.00
  0.01	      101.00	        0.00	   998948.00	        1.00	        1.00	      100.00
  0.02	      104.00	        0.00	   997923.00	        1.00	        4.00	      100.00
  0.03	      104.00	        0.00	   996919.00	        1.00	        4.00	      100.00
  0.04	      105.00	        0.00	   995923.00	        1.00	        5.00	      100.00
  0.05	      106.00	        0.00	   994944.00	        1.00	        6.00	      100.00
  0.06	      109.00	        0.00	   993941.00	        1.00	        9.00	      100.00
  0.07	      110.00	        0.00	   992997.00	        1.00	       10.00	      100.00
  0.08	      111.00	        0.00	   991945.00	        1.00	       11.00	      100.00
  0.09	      112.00	        0.00	   991046.00	        1.00	       12.00	      100.00
  0.10	      114.00	        0.00	   990060.00	        1.00	       14.00	      100.00
  0.11	      118.00	        0.00	   989084.00	        1.00	       18.00	      100.00
  0.12	      121.00	        0.00	   988094.00	        1.00	       21.00	      100.00
  0.13	      125.00	        0.00	   987134.00	        1.00	       25.00	      100.00
  0.14	      128.00	        0.00	   986199.00	        1.00	       28.00	      100.00
  0.15	      130.00	        0.00	   985223.00	        1.00	       30.00	      100.00
  0.16	      135.00	        0.00	   984289.00	        1.00	       35.00	      100.00
  0.17	      136.00	        0.00	   983303.00	        1.00	       36.00	      100.00
  0.18	      140.00	        0.00	   982318.00	        1.00	       40.00	      100.00
  0.19	      143.00	        0.00	   981337.00	        1.00	       43.00	      100.00
  0.20	      146.00	        0.00	   980327.00	        1.00	       46.00	      100.00
  0.21	      147.00	        0.00	   979353.00	        1.00	       47.00	      100.00
  0.22	      147.00	        0.00	   978372.00	        1.00	       47.00	      100.00
  0.23	      148.00	        0.00	   977371.00	        1.00	       48.00	      100.00
  0.24	      151.00	        0.00	   976351.00	        1.00	       51.00	      100.00
  0.25	      154.00	        0.00	   975426.00	        1.00	       54.00	      100.00
  0.26	      154.00	        0.00	   974444.00	        1.00	       54.00	      100.00
  0.27	      154.00	        0.00	   973459.00	        1.00	       54.00	      100.00
  0.28	      156.00	        0.00	   972501.00	        1.00	       56.00	      100.00
  0.29	      158.00	        0.00	   971534.00	        1.00	       58.00	      100.00
  0.30	      159.00	        0.00	   970558.00	        1.00	       59.00	      100.00
  0.31	      160.00	        0.00	   969538.00	        1.00	       60.00	      100.00
  0.32	      163.00	        0.00	   968570.00	        1.00	       63.00	      100.00
  0.33	      168.00	        0.00	   967603.00	        1.00	       68.00	      100.00
  0.34	      169.00	        0.00	   966644.00	        1.00	       69.00	      100.00
  0.35	      172.00	        0.00	   965695.00	        1.00	       72.00	      100.00
  0.36	      175.00	        0.00	   964765.00	        1.00	       75.00	      100.00
  0.37	      176.00	        0.00	   963795.00	        1.00	       76.00	      100.00
  0.38	      179.00	        0.00	   962821.00	        1.00	       79.00	      100.00
  0.39	      180.00	        0.00	   961847.00	        1.00	       80.00	      100.00
  0.40	      182.00	        0.00	   960899.00	        1.00	       82.00	      100.00
  0.41	      185.00	        0.00	   959936.00	        1.00	       85.00	      100.00
  0.42	      189.00	        0.00	   959038.00	        1.00	       89.00	      100.00
  0.43	      196.00	        0.00	   958058.00	        1.00	       96.00	      100.00
  0.44	      200.00	        0.00	   957124.00	        1.00	      100.00	      100.00
  0.45	      200.00	        0.00	   956175.00	        1.00	      100.00	      100.00
  0.46	      203.00	        0.00	   955215.00	        1.00	      103.00	      100.00
  0.47	      205.00	        0.00	   954282.00	        1.00	      105.00	      100.00
  0.48	      206.00	        0.00	   953364.00	        1.00	      106.00	      100.00
  0.49	      209.00	        0.00	   952369.00	        1.00	      109.00	      100.00
  0.50	      212.00	        0.00	   951423.00	        1.00	      112.00	      100.00
  0.51	      216.00	        0.00	   950459.00	        1.00	      116.00	      100.00
  0.52	      219.00	        0.00	   949528.00	        1.00	      119.00	      100.00
  0.53	      221.00	        0.00	   948562.00	        1.00	      121.00	      100.00
  0.54	      226.00	        0.00	   947672.00	        1.00	      126.00	      100.00
  0.55	      233.00	        0.00	   946708.00	        1.00	      133.00	      100.00
  0.56	      237.00	        0.00	   945778.00	        1.00	      137.00	      100.00
  0.57	      241.00	        0.00	   944853.00	        1.00	      141.00	      100.00
  0.58	      246.00	        0.00	   943920.00	        1.00	      146.00	      100.00
  0.59	      251.00	        0.00	   942990.00	        1.00	      151.00	      100.00
  0.60	      254.00	        0.00	   942024.00	        1.00	      154.00	      100.00
  0.61	      256.00	        1.00	   941123.00	        1.00	      157.00	      100.00
  0.62	      257.00	        1.00	   940246.00	        1.00	      158.00	      100.00
  0.63	      259.00	        1.00	   939278.00	        1.00	      160.00	      100.00
  0.64	      271.00	        1.00	   938347.00	        1.00	      172.00	      100.00
  0.65	      274.00	        1.00	   937431.00	        1.00	      175.00	      100.00
  0.66	      282.00	        1.00	   936520.00	        1.00	      183.00	      100.00
  0.67	      288.00	        1.00	   935615.00	        1.00	      189.00	      100.00
  0.68	      292.00	        1.00	   934654.00	        1.00	      193.00	      100.00
  0.69	      300.00	        1.00	   933730.00	        1.00	      201.00	      100.00
  0.70	      306.00	        1.00	   932792.00	        1.00	      207.00	      100.00
  0.71	      313.00	        1.00	   931836.00	        1.00	      214.00	      100.00
  0.72	      316.00	        1.00	   930862.00	        1.00	      217.00	      100.00
  0.73	      320.00	        1.00	   929933.00	        1.00	      221.00	      100.00
  0.74	      323.00	        1.00	   929036.00	        1.00	      224.00	      100.00
  0.75	      326.00	        1.00	   928115.00	        1.00	      227.00	      100.00
  0.76	      336.00	        1.00	   927175.00	        1.00	      237.00	      100.00
  0.77	      337.00	        1.00	   926255.00	        1.00	      238.00	      100.00
  0.78	      345.00	        1.00	   925318.00	        1.00	      246.00	      100.00
  0.79	      350.00	        1.00	   924465.00	        1.00	      251.00	      100.00
  0.80	      355.00	        1.00	   923491.00	        1.00	      256.00	      100.00
  0.81	      356.00	        1.00	   922549.00	        1.00	      257.00	      100.00
  0.82	      364.00	        1.00	   921704.00	        1.00	      265.00	      100.00
  0.83	      375.00	        1.00	   920737.00	        1.00	      276.00	      100.00
  0.84	      380.00	        1.00	   919851.00	        1.00	      281.00	      100.00
  0.85	      386.00	        1.00	   918917.00	        1.00	      287.00	      100.00
  0.86	      397.00	        1.00	   917962.00	        1.00	      298.00	      100.00
  0.87	      409.00	        1.00	   917027.00	        1.00	      310.00	      100.00
  0.88	      415.00	        1.00	   916102.00	        1.00	      316.00	      100.00
  0.89	      424.00	        1.00	   915172.00	        1.00	      325.00	      100.00
  0.90	      432.00	        1.00	   914226.00	        1.00	      333.00	      100.00
  0.91	      436.00	        1.00	   913339.00	        1.00	      337.00	      100.00
  0.92	      444.00	        1.00	   912443.00	        1.00	      345.00	      100.00
  0.93	      450.00	        1.00	   911552.00	        1.00	      351.00	      100.00
  0.94	      456.00	        1.00	   910665.00	        1.00	      357.00	      100.00
  0.95	      465.00	        1.00	   909745.00	        1.00	      366.00	      100.00
  0.96	      478.00	        1.00	   908823.00	        1.00	      379.00	      100.00
  0.97	      487.00	        1.00	   907919.00	        1.00	      388.00	      100.00
  0.98	      498.00	        1.00	   907036.00	        1.00	      399.00	      100.00
  0.99	      502.00	        1.00	   906113.00	        1.00	      403.00	      100.00
  1.00	      509.00	        1.00	   905248.00	        1.00	      410.00	      100.00
  1.01	      522.00	        1.00	   904355.00	        1.00	      423.00	      100.00
  1.02	      532.00	        1.00	   903439.00	        1.00	      433.00	      100.00
  1.03	      539.00	        2.00	   902544.00	        1.00	      441.00	      100.00
  1.04	      545.00	        2.00	   901610.00	        1.00	      447.00	      100.00
  1.05	      554.00	        2.00	   900703.00	        1.00	      456.00	      100.00
  1.06	      566.00	        2.00	   899817.00	        1.00	      468.00	      100.00
  1.07	      572.00	        2.00	   898917.00	        1.00	      474.00	      100.00
  1.08	      581.00	        3.00	   897939.00	        1.00	      484.00	      100.00
  1.09	      594.00	        3.00	   897015.00	        1.00	      497.00	      100.00
  1.10	      604.00	        3.00	   896098.00	        1.00	      507.00	      100.00
  1.11	      611.00	        3.00	   895224.00	        1.00	      514.00	      100.00
  1.12	      624.00	        3.00	   894370.00	        1.00	      527.00	      100.00
  1.13	      631.00	        3.00	   893459.00	        1.00	      534.00	      100.00
  1.14	      642.00	        3.00	   892578.00	        1.00	      545.00	      100.00
  1.15	      654.00	        3.00	   891627.00	        1.00	      557.00	      100.00
  1.16	      668.00	        3.00	   890691.00	        1.00	      571.00	      100.00
  1.17	      676.00	        3.00	   889770.00	        1.00	      579.00	      100.00
  1.18	      690.00	        3.00	   888908.00	        1.00	      593.00	      100.00
  1.19	      702.00	        3.00	   888005.00	        1.00	      605.00	      100.00
  1.20	      716.00	        3.00	   887102.00	        1.00	      619.00	      100.00
  1.21	      730.00	        3.00	   886179.00	        1.00	      633.00	      100.00
  1.22	      736.00	        3.00	   885307.00	        1.00	      639.00	      100.00
  1.23	      752.00	        2.00	   884523.00	        1.00	      655.00	      100.00
  1.24	      765.00	        2.00	   883641.00	        1.00	      668.00	      100.00
  1.25	      779.00	        2.00	   882759.00	        1.00	      682.00	      100.00
  1.26	      790.00	        2.00	   881894.00	        1.00	      693.00	      100.00
  1.27	      800.00	        2.00	   881071.00	        1.00	      703.00	      100.00
  1.28	      824.00	        2.00	   880197.00	        1.00	      727.00	      100.00
  1.29	      838.00	        3.00	   879351.00	        1.00	      742.00	      100.00
  1.30	      850.00	        3.00	   878506.00	        1.00	      754.00	      100.00
  1.31	      866.00	        3.00	   877578.00	        1.00	      770.00	      100.00
  1.32	      877.00	        3.00	   876735.00	        1.00	      781.00	      100.00
  1.33	      890.00	        3.00	   875875.00	        1.00	      794.00	      100.00
  1.34	      906.00	        3.00	   875018.00	        1.00	      810.00	      100.00
  1.35	      916.00	        3.00	   874120.00	        1.00	      820.00	      100.00
  1.36	      935.00	        3.00	   873174.00	        1.00	      839.00	      100.00
  1.37	      952.00	        3.00	   872275.00	        1.00	      856.00	      100.00
  1.38	      965.00	        3.00	   871386.00	        1.00	      869.00	      100.00
  1.39	      977.00	        3.00	   870478.00	        1.00	      881.00	      100.00
  1.40	     1003.00	        3.00	   869677.00	        1.00	      907.00	      100.00
  1.41	     1022.00	        3.00	   868802.00	        1.00	      926.00	      100.00
  1.42	     1036.00	        3.00	   867887.00	        1.00	      940.00	      100.00
  1.43	     1052.00	        3.00	   867051.00	        1.00	      956.00	      100.00
  1.44	     1077.00	        3.00	   866182.00	        1.00	      981.00	      100.00
  1.45	     1099.00	        3.00	   865325.00	        1.00	     1003.00	      100.00
  1.46	     1118.00	        3.00	   864504.00	        1.00	     1022.00	      100.00
  1.47	     1140.00	        4.00	   863620.00	        1.00	     1044.00	      100.00
  1.48	     1158.00	        3.00	   862867.00	        1.00	     1062.00	      100.00
  1.49	     1177.00	        4.00	   862010.00	        1.00	     1082.00	      100.00
  1.50	     1194.00	        4.00	   861157.00	        1.00	     1099.00	      100.00
  1.51	     1214.00	        4.00	   860331.00	        1.00	     1119.00	      100.00
  1.52	     1238.00	        4.00	   859499.00	        1.00	     1143.00	      100.00
  1.53	     1259.00	        4.00	   858673.00	        1.00	     1164.00	      100.00
  1.54	     1285.00	        4.00	   857805.00	        1.00	     1190.00	      100.00
  1.55	     1307.00	        4.00	   856841.00	        1.00	     1212.00	      100.00
  1.56	     1323.00	        4.00	   855943.00	        1.00	     1228.00	      100.00
  1.57	     1353.00	        4.00	   855072.00	        1.00	     1258.00	      100.00
  1.58	     1376.00	        4.00	   854191.00	        1.00	     1281.00	      100.00
  1.59	     1405.00	        4.00	   853335.00	        1.00	     1310.00	      100.00
  1.60	     1426.00	        3.00	   852593.00	        1.00	     1331.00	      100.00
  1.61	     1441.00	        3.00	   851766.00	        1.00	     1346.00	      100.00
  1.62	     1466.00	        3.00	   850879.00	        1.00	     1371.00	      100.00
  1.63	     1490.00	        3.00	   850029.00	        1.00	     1395.00	      100.00
  1.64	     1522.00	        3.00	   849181.00	        1.00	     1427.00	      100.00
  1.65	     1549.00	        3.00	   848319.00	        1.00	     1454.00	      100.00
  1.66	     1580.00	        3.00	   847467.00	        1.00	     1485.00	      100.00
  1.67	     1600.00	        3.00	   846592.00	        1.00	     1505.00	      100.00
  1.68	     1624.00	        3.00	   845811.00	        1.00	     1529.00	      100.00
  1.69	     1653.00	        3.00	   844984.00	        1.00	     1558.00	      100.00
  1.70	     1681.00	        3.00	   844151.00	        1.00	     1586.00	      100.00
  1.71	     1707.00	        3.00	   843360.00	        1.00	     1612.00	      100.00
  1.72	     1735.00	        3.00	   842529.00	        1.00	     1640.00	      100.00
  1.73	     1773.00	        3.00	   841637.00	        1.00	     1678.00	      100.00
  1.74	     1810.00	        3.00	   840793.00	        1.00	     1715.00	      100.00
  1.75	     1837.00	        3.00	   839950.00	        1.00	     1742.00	      100.00
  1.76	     1869.00	        3.00	   839096.00	        1.00	     1774.00	      100.00
  1.77	     1902.00	        3.00	   838259.00	        1.00	     1807.00	      100.00
  1.78	     1931.00	        3.00	   837396.00	        1.00	     1836.00	      100.00
  1.79	     1967.00	        3.00	   836523.00	        1.00	     1872.00	      100.00
  1.80	     1997.00	        3.00	   835702.00	        1.00	     1902.00	      100.00
  1.81	     2034.00	        3.00	   834856.00	        1.00	     1939.00	      100.00
  1.82	     2069.00	        3.00	   834058.00	        1.00	     1974.00	      100.00
  1.83	     2096.00	        2.00	   833326.00	        1.00	     2001.00	      100.00
  1.84	     2130.00	        2.00	   832475.00	        1.00	     2035.00	      100.00
  1.85	     2159.00	        2.00	   831668.00	        1.00	     2064.00	      100.00
  1.86	     2188.00	        2.00	   830848.00	        1.00	     2093.00	      100.00
  1.87	     2232.00	        2.00	   829997.00	        1.00	     2137.00	      100.00
  1.88	     2263.00	        3.00	   829130.00	        1.00	     2169.00	      100.00
  1.89	     2304.00	        3.00	   828312.00	        1.00	     2210.00	      100.00
  1.90	     2344.00	        3.00	   827446.00	        1.00	     2250.00	      100.00
  1.91	     2383.00	        3.00	   826638.00	        1.00	     2289.00	      100.00
  1.92	     2410.00	        3.00	   825779.00	        1.00	     2316.00	      100.00
  1.93	     2453.00	        3.00	   824996.00	        1.00	     2359.00	      100.00
  1.94	     2494.00	        3.00	   824166.00	        1.00	     2400.00	      100.00
  1.95	     2539.00	        3.00	   823359.00	        1.00	     2445.00	      100.00
  1.96	     2576.00	        3.00	   822534.00	        1.00	     2482.00	      100.00
  1.97	     2620.00	        3.00	   821711.00	        1.00	     2526.00	      100.00
  1.98	     2670.00	        3.00	   820907.00	        1.00	     2576.00	      100.00
  1.99	     2718.00	        3.00	   820052.00	        1.00	     2624.00	      100.00
  2.00	     2758.00	        3.00	   819228.00	        1.00	     2664.00	      100.00
  2.01	     2801.00	        4.00	   818423.00	        1.00	     2708.00	      100.00
  2.02	     2852.00	        4.00	   817594.00	        1.00	     2759.00	      100.00
  2.03	     2908.00	        4.00	   816782.00	        1.00	     2815.00	      100.00
  2.04	     2943.00	        4.00	   815987.00	        1.00	     2850.00	      100.00
  2.05	     2992.00	        4.00	   815184.00	        1.00	     2899.00	      100.00
  2.06	     3049.00	        5.00	   814409.00	        1.00	     2957.00	      100.00
  2.07	     3095.00	        6.00	   813608.00	        1.00	     3004.00	      100.00
  2.08	     3148.00	        6.00	   812787.00	        1.00	     3057.00	      100.00
  2.09	     3209.00	        6.00	   811951.00	        1.00	     3118.00	      100.00
  2.10	     3283.00	        6.00	   811192.00	        1.00	     3192.00	      100.00
  2.11	     3323.00	        6.00	   810432.00	        1.00	     3232.00	      100.00
  2.12	     3376.00	        8.00	   809519.00	        1.00	     3286.00	      100.00
  2.13	     3432.00	        8.00	   808653.00	        1.00	     3342.00	      100.00
  2.14	     3496.00	       10.00	   807815.00	        1.00	     3408.00	      100.00
  2.15	     3550.00	       10.00	   806993.00	        1.00	     3462.00	      100.00
  2.16	     3605.00	       10.00	   806173.00	        1.00	     3517.00	      100.00
  2.17	     3668.00	       10.00	   805382.00	        1.00	     3580.00	      100.00
  2.18	     3733.00	        9.00	   804665.00	        1.00	     3645.00	      100.00
  2.19	     3795.00	       10.00	   803844.00	        1.00	     3708.00	      100.00
  2.20	     3860.00	       11.00	   803093.00	        1.00	     3774.00	      100.00
  2.21	     3918.00	       11.00	   802319.00	        1.00	     3832.00	      100.00
  2.22	     3973.00	       11.00	   801525.00	        1.00	     3887.00	      100.00
  2.23	     4059.00	       11.00	   800781.00	        1.00	     3973.00	      100.00
  2.24	     4138.00	       11.00	   799996.00	        1.00	     4052.00	      100.00
  2.25	     4205.00	       11.00	   799254.00	        1.00	     4119.00	      100.00
  2.26	     4286.00	       11.00	   798448.00	        1.00	     4200.00	      100.00
  2.27	     4348.00	       11.00	   797650.00	        1.00	     4262.00	      100.00
  2.28	     4434.00	       11.00	   796860.00	        1.00	     4348.00	      100.00
  2.29	     4491.00	       12.00	   796088.00	        1.00	     4406.00	      100.00
  2.30	     4572.00	       12.00	   795295.00	        1.00	     4487.00	      100.00
  2.31	     4643.00	       12.00	   794533.00	        1.00	     4558.00	      100.00
  2.32	     4733.00	       11.00	   793858.00	        1.00	     4648.00	      100.00
  2.33	     4805.00	       12.00	   793104.00	        1.00	     4720.00	      100.00
  2.34	     4876.00	       12.00	   792286.00	        1.00	     4791.00	      100.00
  2.35	     4966.00	       12.00	   791436.00	        1.00	     4881.00	      100.00
  2.36	     5032.00	       12.00	   790677.00	        1.00	     4947.00	      100.00
  2.37	     5131.00	       13.00	   789877.00	        1.00	     5047.00	      100.00
  2.38	     5212.00	       16.00	   789060.00	        1.00	     5131.00	      100.00
  2.39	     5287.00	       16.00	   788257.00	        1.00	     5206.00	      100.00
  2.40	     5393.00	       16.00	   787456.00	        1.00	     5312.00	      100.00
  2.41	     5462.00	       17.00	   786756.00	        1.00	     5383.00	      100.00
  2.42	     5540.00	       18.00	   786014.00	        1.00	     5462.00	      100.00
  2.43	     5631.00	       18.00	   785251.00	        1.00	     5553.00	      100.00
  2.44	     5723.00	       18.00	   784505.00	        1.00	     5645.00	      100.00
  2.45	     5814.00	       19.00	   783720.00	        1.00	     5737.00	      100.00
  2.46	     5902.00	       19.00	   782926.00	        1.00	     5825.00	      100.00
  2.47	     6017.00	       19.00	   782103.00	        1.00	     5940.00	      100.00
  2.48	     6125.00	       19.00	   781341.00	        1.00	     6048.00	      100.00
  2.49	     6230.00	       19.00	   780662.00	        1.00	     6153.00	      100.00
  2.50	     6329.00	       20.00	   779893.00	        1.00	     6253.00	      100.00
  2.51	     6451.00	       21.00	   779137.00	        1.00	     6376.00	      100.00
  2.52	     6553.00	       22.00	   778320.00	        1.00	     6479.00	      100.00
  2.53	     6672.00	       22.00	   777558.00	        1.00	     6598.00	      100.00
  2.54	     6772.00	       23.00	   776737.00	        1.00	     6699.00	      100.00
  2.55	     6858.00	       23.00	   775941.00	        1.00	     6785.00	      100.00
  2.56	     6977.00	       24.00	   775224.00	        1.00	     6905.00	      100.00
  2.57	     7114.00	       25.00	   774433.00	        1.00	     7043.00	      100.00
  2.58	     7234.00	       26.00	   773672.00	        1.00	     7164.00	      100.00
  2.59	     7333.00	       26.00	   772952.00	        1.00	     7263.00	      100.00
  2.60	     7452.00	       27.00	   772147.00	        1.00	     7383.00	      100.00
  2.61	     7583.00	       27.00	   771310.00	        1.00	     7514.00	      100.00
  2.62	     7708.00	       28.00	   770555.00	        1.00	     7640.00	      100.00
  2.63	     7828.00	       28.00	   769878.00	        1.00	     7761.00	      100.00
  2.64	     7946.00	       29.00	   769128.00	        1.00	     7880.00	      100.00
  2.65	     8092.00	       29.00	   768450.00	        1.00	     8027.00	      100.00
  2.66	     8221.00	       29.00	   767739.00	        1.00	     8157.00	      100.00
  2.67	     8355.00	       31.00	   766970.00	        1.00	     8292.00	      100.00
  2.68	     8487.00	       32.00	   766299.00	        1.00	     8426.00	      100.00
  2.69	     8634.00	       32.00	   765628.00	        1.00	     8574.00	      100.00
  2.70	     8772.00	       32.00	   764886.00	        1.00	     8712.00	      100.00
  2.71	     8916.00	       32.00	   764238.00	        1.00	     8857.00	      100.00
  2.72	     9071.00	       35.00	   763504.00	        1.00	     9015.00	      100.00
  2.73	     9209.00	       37.00	   762768.00	        1.00	     9155.00	      100.00
  2.74	     9367.00	       37.00	   762099.00	        1.00	     9314.00	      100.00
  2.75	     9523.00	       38.00	   761444.00	        1.00	     9472.00	      100.00
  2.76	     9718.00	       40.00	   760687.00	        1.00	     9669.00	      100.00
  2.77	     9873.00	       40.00	   759949.00	        1.00	     9824.00	      100.00
  2.78	    10037.00	       42.00	   759226.00	        1.00	     9990.00	      100.00
  2.79	    10201.00	       44.00	   758583.00	        1.00	    10157.00	      100.00
  2.80	    10360.00	       46.00	   757860.00	        1.00	    10318.00	      100.00
  2.81	    10540.00	       50.00	   757097.00	        1.00	    10502.00	      100.00
  2.82	    10728.00	       51.00	   756371.00	        1.00	    10691.00	      100.00
  2.83	    10886.00	       52.00	   755568.00	        1.00	    10850.00	      100.00
  2.84	    11085.00	       51.00	   754939.00	        1.00	    11049.00	      100.00
  2.85	    11271.00	       52.00	   754198.00	        1.00	    11235.00	      100.00
  2.86	    11461.00	       54.00	   753555.00	        1.00	    11428.00	      100.00
  2.87	    11661.00	       54.00	   752922.00	        1.00	    11629.00	      100.00
  2.88	    11845.00	       56.00	   752168.00	        1.00	    11815.00	      100.00
  2.89	    12038.00	       60.00	   751426.00	        1.00	    12012.00	      100.00
  2.90	    12267.00	       61.00	   750700.00	        1.00	    12242.00	      100.00
  2.91	    12461.00	       62.00	   749943.00	        1.00	    12437.00	      100.00
  2.92	    12660.00	       65.00	   749201.00	        1.00	    12639.00	      100.00
  2.93	    12902.00	       68.00	   748629.00	        1.00	    12886.00	      100.00
  2.94	    13122.00	       69.00	   747859.00	        1.00	    13107.00	      100.00
  2.95	    13337.00	       70.00	   747218.00	        1.00	    13324.00	      100.00
  2.96	    13583.00	       73.00	   746491.00	        1.00	    13573.00	      100.00
  2.97	    13829.00	       75.00	   745734.00	        1.00	    13820.00	      100.00
  2.98	    14074.00	       78.00	   744974.00	        1.00	    14067.00	      100.00
  2.99	    14317.00	       81.00	   744231.00	        1.00	    14312.00	      100.00
  3.00	    14563.00	       83.00	   743493.00	        1.00	    14560.00	      100.00
  3.01	    14817.00	       85.00	   742751.00	        1.00	    14816.00	      100.00
  3.02	    15068.00	       88.00	   742011.00	        1.00	    15070.00	      100.00
  3.03	    15320.00	       87.00	   741444.00	        1.00	    15323.00	      100.00
  3.04	    15583.00	       97.00	   740797.00	        1.00	    15597.00	      100.00
  3.05	    15849.00	       99.00	   740129.00	        1.00	    15866.00	      100.00
  3.06	    16103.00	      102.00	   739609.00	        1.00	    16125.00	      100.00
  3.07	    16358.00	      109.00	   738896.00	        1.00	    16387.00	      100.00
  3.08	    16643.00	      120.00	   738291.00	        1.00	    16684.00	      100.00
  3.09	    16903.00	      122.00	   737531.00	        1.00	    16946.00	      100.00
  3.10	    17177.00	      123.00	   736850.00	        1.00	    17222.00	      100.00
  3.11	    17481.00	      131.00	   736103.00	        1.00	    17534.00	      100.00
  3.12	    17747.00	      139.00	   735369.00	        1.00	    17808.00	      100.00
  3.13	    18049.00	      145.00	   734593.00	        1.00	    18116.00	      100.00
  3.14	    18348.00	      148.00	   734183.00	        1.00	    18420.00	      100.00
  3.15	    18650.00	      155.00	   733531.00	        1.00	    18730.00	      100.00
  3.16	    18974.00	      165.00	   732994.00	        1.00	    19065.00	      100.00
  3.17	    19282.00	      167.00	   732331.00	        1.00	    19376.00	      100.00
  3.18	    19611.00	      171.00	   731689.00	        1.00	    19710.00	      100.00
  3.19	    19941.00	      178.00	   730965.00	        1.00	    20047.00	      100.00
  3.20	    20258.00	      185.00	   730347.00	        1.00	    20372.00	      100.00
  3.21	    20582.00	      194.00	   729812.00	        1.00	    20707.00	      100.00
  3.22	    20893.00	      203.00	   729415.00	        1.00	    21029.00	      100.00
  3.23	    21174.00	      220.00	   728729.00	        1.00	    21328.00	      100.00
  3.24	    21510.00	      229.00	   728065.00	        1.00	    21674.00	      100.00
  3.25	    21892.00	      235.00	   727500.00	        1.00	    22064.00	      100.00
  3.26	    22268.00	      251.00	   726788.00	        1.00	    22456.00	      100.00
  3.27	    22643.00	      262.00	   726327.00	        1.00	    22844.00	      100.00
  3.28	    23012.00	      276.00	   725904.00	        1.00	    23229.00	      100.00
  3.29	    23387.00	      289.00	   725263.00	        1.00	    23618.00	      100.00
  3.30	    23751.00	      304.00	   724830.00	        1.00	    24000.00	      100.00
  3.31	    24108.00	      319.00	   724388.00	        1.00	    24375.00	      100.00
  3.32	    24486.00	      340.00	   723650.00	        1.00	    24774.00	      100.00
  3.33	    24886.00	      352.00	   723088.00	        1.00	    25188.00	      100.00
  3.34	    25264.00	      371.00	   722474.00	        1.00	    25586.00	      100.00
  3.35	    25684.00	      381.00	   722173.00	        1.00	    26020.00	      100.00
  3.36	    26096.00	      401.00	   721520.00	        1.00	    26453.00	      100.00
  3.37	    26484.00	      429.00	   720951.00	        1.00	    26870.00	      100.00
  3.38	    26918.00	      447.00	   720439.00	        1.00	    27324.00	      100.00
  3.39	    27325.00	      475.00	   719994.00	        1.00	    27762.00	      100.00
  3.40	    27763.00	      496.00	   719524.00	        1.00	    28224.00	      100.00
  3.41	    28208.00	      515.00	   719003.00	        1.00	    28690.00	      100.00
  3.42	    28668.00	      545.00	   718227.00	        1.00	    29179.00	      100.00
  3.43	    29102.00	      573.00	   717459.00	        1.00	    29641.00	      100.00
  3.44	    29596.00	      599.00	   716963.00	        1.00	    30163.00	      100.00
  3.45	    30087.00	      620.00	   716530.00	        1.00	    30678.00	      100.00
  3.46	    30579.00	      649.00	   715915.00	        1.00	    31200.00	      100.00
  3.47	    31078.00	      681.00	   715324.00	        1.00	    31732.00	      100.00
  3.48	    31578.00	      704.00	   714733.00	        1.00	    32257.00	      100.00
  3.49	    32067.00	      731.00	   714319.00	        1.00	    32776.00	      100.00
  3.50	    32562.00	      757.00	   714168.00	        1.00	    33303.00	      100.00
  3.51	    33050.00	      790.00	   713502.00	        1.00	    33825.00	      100.00
  3.52	    33542.00	      833.00	   712963.00	        1.00	    34362.00	      100.00
  3.53	    34061.00	      866.00	   712285.00	        1.00	    34915.00	      100.00
  3.54	    34537.00	      904.00	   712260.00	        1.00	    35436.00	      100.00
  3.55	    35094.00	      947.00	   712020.00	        1.00	    36041.00	      100.00
  3.56	    35688.00	      984.00	   711904.00	        1.00	    36678.00	      100.00
  3.57	    36243.00	     1036.00	   711676.00	        1.00	    37290.00	      100.00
  3.58	    36792.00	     1072.00	   711313.00	        1.00	    37879.00	      100.00
  3.59	    37402.00	     1111.00	   711150.00	        1.00	    38534.00	      100.00
  3.60	    37948.00	     1161.00	   710862.00	        1.00	    39135.00	      100.00
  3.61	    38513.00	     1209.00	   710545.00	        1.00	    39752.00	      100.00
  3.62	    39120.00	     1274.00	   710254.00	        1.00	    40428.00	      100.00
  3.63	    39707.00	     1330.00	   710173.00	        1.00	    41077.00	      100.00
  3.64	    40338.00	     1393.00	   709800.00	        1.00	    41775.00	      100.00
  3.65	    40919.00	     1444.00	   710027.00	        1.00	    42417.00	      100.00
  3.66	    41562.00	     1501.00	   709840.00	        1.00	    43123.00	      100.00
  3.67	    42168.00	     1578.00	   709413.00	        1.00	    43810.00	      100.00
  3.68	    42798.00	     1652.00	   709368.00	        1.00	    44522.00	      100.00
  3.69	    43416.00	     1736.00	   709450.00	        1.00	    45233.00	      100.00
  3.70	    44037.00	     1828.00	   709340.00	        1.00	    45953.00	      100.00
  3.71	    44676.00	     1913.00	   709153.00	        1.00	    46683.00	      100.00
  3.72	    45312.00	     2007.00	   709508.00	        1.00	    47425.00	      100.00
  3.73	    45976.00	     2105.00	   709491.00	        1.00	    48195.00	      100.00
  3.74	    46629.00	     2215.00	   709342.00	        1.00	    48964.00	      100.00
  3.75	    47286.00	     2325.00	   709276.00	        1.00	    49739.00	      100.00
  3.76	    47959.00	     2428.00	   709302.00	        1.00	    50523.00	      100.00
  3.77	    48601.00	     2550.00	   710085.00	        1.00	    51304.00	      100.00
  3.78	    49272.00	     2681.00	   710429.00	        1.00	    52118.00	      100.00
  3.79	    49919.00	     2844.00	   710296.00	        1.00	    52936.00	      100.00
  3.80	    50630.00	     2981.00	   711091.00	        1.00	    53800.00	      100.00
  3.81	    51324.00	     3137.00	   711499.00	        1.00	    54664.00	      100.00
  3.82	    52012.00	     3303.00	   712485.00	        1.00	    55535.00	      100.00
  3.83	    52730.00	     3487.00	   713006.00	        1.00	    56451.00	      100.00
  3.84	    53413.00	     3669.00	   713445.00	        1.00	    57329.00	      100.00
  3.85	    54076.00	     3865.00	   714662.00	        1.00	    58209.00	      100.00
  3.86	    54753.00	     4071.00	   715227.00	        1.00	    59107.00	      100.00
  3.87	    55390.00	     4304.00	   715972.00	        1.00	    59995.00	      100.00
  3.88	    56053.00	     4565.00	   716838.00	        1.00	    60937.00	      100.00
  3.89	    56685.00	     4815.00	   717581.00	        1.00	    61837.00	      100.00
  3.90	    57383.00	     5066.00	   718893.00	        1.00	    62809.00	      100.00
  3.91	    58062.00	     5344.00	   719705.00	        1.00	    63784.00	      100.00
  3.92	    58660.00	     5659.00	   720237.00	        1.00	    64714.00	      100.00
  3.93	    59183.00	     6027.00	   721005.00	        1.00	    65625.00	      100.00
  3.94	    59853.00	     6311.00	   722268.00	        1.00	    66603.00	      100.00
  3.95	    60515.00	     6638.00	   723413.00	        1.00	    67615.00	      100.00
  3.96	    61091.00	     6972.00	   725116.00	        1.00	    68552.00	      100.00
  3.97	    61699.00	     7315.00	   726478.00	        1.00	    69528.00	      100.00
  3.98	    62263.00	     7725.00	   727308.00	        1.00	    70524.00	      100.00
  3.99	    62948.00	     8110.00	   728700.00	        1.00	    71621.00	      100.00
  4.00	    63642.00	     8514.00	   730446.00	        1.00	    72751.00	      100.00
  4.01	    64204.00	     8930.00	   733237.00	        1.00	    73771.00	      100.00
  4.02	    64767.00	     9395.00	   735728.00	        1.00	    74839.00	      100.00
  4.03	    65329.00	     9871.00	   736736.00	        1.00	    75902.00	      100.00
  4.04	    65901.00	    10332.00	   738347.00	        1.00	    76966.00	      100.00
  4.05	    66458.00	    10793.00	   740567.00	        1.00	    78022.00	      100.00
  4.06	    67029.00	    11268.00	   743302.00	        1.00	    79112.00	      100.00
  4.07	    67503.00	    11826.00	   746649.00	        1.00	    80194.00	      100.00
  4.08	    68022.00	    12432.00	   749623.00	        1.00	    81366.00	      100.00
  4.09	    68482.00	    13049.00	   752657.00	        1.00	    82492.00	      100.00
  4.10	    68977.00	    13636.00	   757646.00	        1.00	    83642.00	      100.00
  4.11	    69356.00	    14305.00	   760539.00	        1.00	    84739.00	      100.00
  4.12	    69767.00	    15050.00	   763253.00	        1.00	    85944.00	      100.00
  4.13	    70215.00	    15740.00	   767018.00	        1.00	    87140.00	      100.00
  4.14	    70616.00	    16470.00	   769370.00	        1.00	    88316.00	      100.00
  4.15	    71079.00	    17139.00	   774275.00	        1.00	    89519.00	      100.00
  4.16	    71523.00	    17838.00	   779119.00	        1.00	    90733.00	      100.00
  4.17	    71912.00	    18593.00	   784280.00	        1.00	    91954.00	      100.00
  4.18	    72190.00	    19428.00	   789837.00	        1.00	    93150.00	      100.00
  4.19	    72463.00	    20260.00	   795323.00	        1.00	    94338.00	      100.00
  4.20	    72719.00	    21083.00	   801027.00	        1.00	    95503.00	      100.00
  4.21	    73031.00	    21896.00	   806402.00	        1.00	    96712.00	      100.00
  4.22	    73375.00	    22699.00	   811908.00	        1.00	    97945.00	      100.00
  4.23	    73634.00	    23571.00	   818367.00	        1.00	    99174.00	      100.00
  4.24	    73883.00	    24485.00	   825560.00	        1.00	   100443.00	      100.00
  4.25	    74179.00	    25345.00	   831307.00	        1.00	   101692.00	      100.00
  4.26	    74388.00	    26240.00	   840155.00	        1.00	   102919.00	      100.00
  4.27	    74677.00	    27123.00	   849170.00	        1.00	   104219.00	      100.00
  4.28	    74843.00	    28096.00	   858083.00	        1.00	   105489.00	      100.00
  4.29	    74977.00	    29100.00	   867482.00	        1.00	   106765.00	      100.00
  4.30	    75151.00	    30078.00	   877126.00	        1.00	   108058.00	      100.00
  4.31	    75166.00	    31092.00	   889076.00	        0.99	   109254.00	      100.00
  4.32	    75253.00	    32168.00	   898771.00	        0.99	   110565.00	      100.00
  4.33	    75338.00	    33134.00	   909958.00	        0.99	   111780.00	      100.00
  4.34	    75465.00	    34100.00	   921736.00	        0.99	   113047.00	      100.00
  4.35	    75529.00	    35072.00	   935577.00	        0.99	   114279.00	      100.00
  4.36	    75566.00	    36056.00	   949609.00	        0.99	   115502.00	      100.00
  4.37	    75632.00	    37090.00	   962400.00	        0.99	   116797.00	      100.00
  4.38	    75639.00	    38142.00	   976014.00	        0.99	   118062.00	      100.00
  4.39	    75713.00	    39111.00	   990427.00	        0.99	   119322.00	      100.00
  4.40	    75748.00	    40067.00	  1008613.00	        0.99	   120569.00	      100.00
  4.41	    75821.00	    40994.00	  1024644.00	        0.99	   121810.00	      100.00
  4.42	    75988.00	    41871.00	  1040327.00	        0.99	   123094.00	      100.00
  4.43	    76182.00	    42722.00	  1056457.00	        0.99	   124387.00	      100.00
  4.44	    76346.00	    43565.00	  1076684.00	        0.99	   125687.00	      100.00
  4.45	    76456.00	    44435.00	  1097018.00	        0.99	   126965.00	      100.00
  4.46	    76678.00	    45211.00	  1115669.00	        0.99	   128249.00	      100.00
  4.47	    76815.00	    46009.00	  1136884.00	        0.98	   129500.00	      100.00
  4.48	    77102.00	    46744.00	  1158116.00	        0.98	   130842.00	      100.00
  4.49	    77285.00	    47496.00	  1183608.00	        0.98	   132146.00	      100.00
  4.50	    77585.00	    48121.00	  1208676.00	        0.98	   133443.00	      100.00
  4.51	    77861.00	    48721.00	  1235905.00	        0.98	   134717.00	      100.00
  4.52	    78137.00	    49335.00	  1261403.00	        0.97	   135992.00	      100.00
  4.53	    78465.00	    49939.00	  1285509.00	        0.96	   137300.00	      100.00
  4.54	    78751.00	    50555.00	  1310601.00	        0.96	   138594.00	      100.00
  4.55	    79009.00	    51171.00	  1338873.00	        0.96	   139899.00	      100.00
  4.56	    79286.00	    51757.00	  1364219.00	        0.95	   141165.00	      100.00
  4.57	    79641.00	    52256.00	  1396886.00	        0.95	   142500.00	      100.00
  4.58	    80014.00	    52715.00	  1427883.00	        0.95	   143802.00	      100.00
  4.59	    80430.00	    53186.00	  1459113.00	        0.94	   145168.00	      100.00
  4.60	    80886.00	    53544.00	  1492183.00	        0.94	   146486.00	      100.00
  4.61	    81402.00	    53874.00	  1530834.00	        0.93	   147898.00	      100.00
  4.62	    81866.00	    54235.00	  1566899.00	        0.91	   149271.00	      100.00
  4.63	    82304.00	    54559.00	  1603230.00	        0.90	   150588.00	      100.00
  4.64	    82851.00	    54830.00	  1645761.00	        0.90	   152030.00	      100.00
  4.65	    83372.00	    55121.00	  1685270.00	        0.90	   153439.00	      100.00
  4.66	    83818.00	    55475.00	  1724408.00	        0.89	   154845.00	      100.00
  4.67	    84236.00	    55783.00	  1767282.00	        0.89	   156218.00	      100.00
  4.68	    84586.00	    56137.00	  1810402.00	        0.88	   157575.00	      100.00
  4.69	    84990.00	    56479.00	  1853579.00	        0.88	   158983.00	      100.00
  4.70	    85345.00	    56822.00	  1900248.00	        0.88	   160383.00	      100.00
  4.71	    85746.00	    57130.00	  1948571.00	        0.88	   161820.00	      100.00
  4.72	    86040.00	    57481.00	  1996957.00	        0.88	   163196.00	      100.00
  4.73	    86286.00	    57932.00	  2045492.00	        0.87	   164634.00	      100.00
  4.74	    86606.00	    58268.00	  2097625.00	        0.87	   166075.00	      100.00
  4.75	    86880.00	    58620.00	  2148831.00	        0.87	   167484.00	      100.00
  4.76	    87169.00	    59032.00	  2201733.00	        0.85	   168987.00	      100.00
  4.77	    87334.00	    59461.00	  2253949.00	        0.85	   170381.00	      100.00
  4.78	    87432.00	    59907.00	  2306462.00	        0.85	   171733.00	      100.00
  4.79	    87726.00	    60268.00	  2361897.00	        0.85	   173226.00	      100.00
  4.80	    87956.00	    60603.00	  2418492.00	        0.85	   174648.00	      100.00
  4.81	    88059.00	    61061.00	  2475164.00	        0.85	   176073.00	      100.00
  4.82	    88192.00	    61495.00	  2534402.00	        0.85	   177536.00	      100.00
  4.83	    88376.00	    61874.00	  2592960.00	        0.84	   178988.00	      100.00
  4.84	    88555.00	    62277.00	  2652682.00	        0.82	   180477.00	      100.00
  4.85	    88680.00	    62675.00	  2713224.00	        0.82	   181917.00	      100.00
  4.86	    88898.00	    63100.00	  2772840.00	        0.82	   183473.00	      100.00
  4.87	    88897.00	    63602.00	  2833371.00	        0.82	   184897.00	      100.00
  4.88	    89062.00	    64092.00	  2891007.00	        0.82	   186444.00	      100.00
  4.89	    89108.00	    64611.00	  2950285.00	        0.82	   187925.00	      100.00
  4.90	    89190.00	    65045.00	  3017087.00	        0.82	   189431.00	      100.00
  4.91	    89227.00	    65484.00	  3084606.00	        0.82	   190905.00	      100.00
  4.92	    89249.00	    66005.00	  3144910.00	        0.82	   192379.00	      100.00
  4.93	    89250.00	    66579.00	  3205769.00	        0.81	   193894.00	      100.00
  4.94	    89277.00	    67086.00	  3268780.00	        0.80	   195392.00	      100.00
  4.95	    89255.00	    67634.00	  3334316.00	        0.80	   196909.00	      100.00
  4.96	    89246.00	    68191.00	  3399336.00	        0.80	   198440.00	      100.00
  4.97	    89174.00	    68711.00	  3469450.00	        0.78	   199922.00	      100.00
  4.98	    89047.00	    69359.00	  3533966.00	        0.77	   201425.00	      100.00
  4.99	    88938.00	    69993.00	  3599425.00	        0.77	   202938.00	      100.00
  5.00	    88747.00	    70632.00	  3665271.00	        0.77	   204380.00	      100.00
  5.01	    88619.00	    71171.00	  3735873.00	        0.77	   205831.00	      100.00
  5.02	    88518.00	    71811.00	  3797682.00	        0.76	   207324.00	      100.00
  5.03	    88277.00	    72491.00	  3864864.00	        0.76	   208773.00	      100.00
  5.04	    88064.00	    73106.00	  3938498.00	        0.76	   210251.00	      100.00
  5.05	    87741.00	    73851.00	  4005326.00	        0.76	   211682.00	      100.00
  5.06	    87459.00	    74582.00	  4072004.00	        0.76	   213140.00	      100.00
  5.07	    87043.00	    75433.00	  4138882.00	        0.76	   214589.00	      100.00
  5.08	    86668.00	    76161.00	  4209769.00	        0.75	   215995.00	      100.00
  5.09	    86401.00	    76902.00	  4277651.00	        0.74	   217493.00	      100.00
  5.10	    86042.00	    77720.00	  4344811.00	        0.74	   218968.00	      100.00
  5.11	    85571.00	    78629.00	  4409798.00	        0.74	   220399.00	      100.00
  5.12	    85071.00	    79491.00	  4481270.00	        0.74	   221824.00	      100.00
  5.13	    84605.00	    80367.00	  4548427.00	        0.73	   223256.00	      100.00
  5.14	    84031.00	    81211.00	  4624620.00	        0.73	   224636.00	      100.00
  5.15	    83559.00	    82040.00	  4691245.00	        0.73	   226015.00	      100.00
  5.16	    83082.00	    82855.00	  4759696.00	        0.72	   227390.00	      100.00
  5.17	    82433.00	    83796.00	  4832968.00	        0.71	   228775.00	      100.00
  5.18	    81846.00	    84660.00	  4905882.00	        0.70	   230143.00	      100.00
  5.19	    81146.00	    85606.00	  4982245.00	        0.70	   231520.00	      100.00
  5.20	    80354.00	    86611.00	  5054756.00	        0.70	   232828.00	      100.00
  5.21	    79646.00	    87538.00	  5128474.00	        0.70	   234153.00	       99.00
  5.22	    78851.00	    88551.00	  5196549.00	        0.70	   235424.00	       99.00
  5.23	    78180.00	    89474.00	  5265511.00	        0.69	   236744.00	       99.00
  5.24	    77415.00	    90479.00	  5334223.00	        0.69	   238055.00	       99.00
  5.25	    76598.00	    91429.00	  5408718.00	        0.68	   239321.00	       99.00
  5.26	    75768.00	    92393.00	  5485499.00	        0.68	   240612.00	       99.00
  5.27	    74761.00	    93474.00	  5561677.00	        0.66	   241846.00	       99.00
  5.28	    73860.00	    94493.00	  5636879.00	        0.66	   243116.00	       99.00
  5.29	    72921.00	    95502.00	  5713420.00	        0.64	   244358.00	       99.00
  5.30	    72080.00	    96380.00	  5789793.00	        0.64	   245573.00	       99.00
  5.31	    71189.00	    97246.00	  5868867.00	        0.63	   246758.00	       99.00
  5.32	    70271.00	    98105.00	  5945300.00	        0.63	   247888.00	       99.00
  5.33	    69453.00	    98926.00	  6017017.00	        0.62	   249042.00	       99.00
  5.34	    68563.00	    99749.00	  6096130.00	        0.62	   250200.00	       99.00
  5.35	    67813.00	   100520.00	  6172799.00	        0.62	   251435.00	       99.00
  5.36	    66896.00	   101396.00	  6246119.00	        0.61	   252579.00	       99.00
  5.37	    66087.00	   102023.00	  6327821.00	        0.60	   253674.00	       99.00
  5.38	    65254.00	   102687.00	  6406183.00	        0.60	   254758.00	       99.00
  5.39	    64426.00	   103309.00	  6484841.00	        0.60	   255815.00	       99.00
  5.40	    63662.00	   103808.00	  6570736.00	        0.59	   256889.00	       99.00
  5.41	    62973.00	   104308.00	  6650694.00	        0.58	   257988.00	       99.00
  5.42	    62293.00	   104772.00	  6733697.00	        0.57	   259102.00	       99.00
  5.43	    61573.00	   105182.00	  6813645.00	        0.57	   260099.00	       99.00
  5.44	    60918.00	   105502.00	  6902070.00	        0.57	   261161.00	       99.00
  5.45	    60260.00	   105850.00	  6984963.00	        0.56	   262199.00	       99.00
  5.46	    59485.00	   106196.00	  7072925.00	        0.56	   263180.00	       99.00
  5.47	    58788.00	   106392.00	  7164578.00	        0.56	   264128.00	       99.00
  5.48	    58212.00	   106610.00	  7249190.00	        0.56	   265160.00	       99.00
  5.49	    57538.00	   106768.00	  7338971.00	        0.55	   266097.00	       99.00
  5.50	    56824.00	   106983.00	  7428048.00	        0.55	   267049.00	       99.00
  5.51	    56093.00	   107139.00	  7520753.00	        0.54	   267967.00	       99.00
  5.52	    55469.00	   107170.00	  7617183.00	        0.53	   268917.00	       99.00
  5.53	    54774.00	   107252.00	  7711593.00	        0.51	   269832.00	       99.00
  5.54	    54026.00	   107362.00	  7804346.00	        0.49	   270719.00	       99.00
  5.55	    53280.00	   107498.00	  7897728.00	        0.48	   271647.00	       99.00
  5.56	    52495.00	   107615.00	  7992725.00	        0.48	   272542.00	       99.00
  5.57	    51633.00	   107723.00	  8089231.00	        0.48	   273372.00	       99.00
  5.58	    50812.00	   107853.00	  8185864.00	        0.47	   274274.00	       99.00
  5.59	    49972.00	   107910.00	  8286442.00	        0.46	   275135.00	       99.00
  5.60	    49179.00	   107886.00	  8387596.00	        0.46	   275972.00	       98.00
  5.61	    48361.00	   107835.00	  8490870.00	        0.46	   276779.00	       97.00
  5.62	    47489.00	   107742.00	  8598627.00	        0.44	   277551.00	       97.00
  5.63	    46534.00	   107800.00	  8698153.00	        0.44	   278318.00	       97.00
  5.64	    45805.00	   107711.00	  8798309.00	        0.44	   279178.00	       97.00
  5.65	    45016.00	   107589.00	  8900295.00	        0.43	   279966.00	       96.00
  5.66	    44286.00	   107355.00	  9005365.00	        0.42	   280740.00	       96.00
  5.67	    43483.00	   107076.00	  9114426.00	        0.42	   281442.00	       96.00
  5.68	    42773.00	   106853.00	  9215884.00	        0.41	   282219.00	       96.00
  5.69	    42035.00	   106541.00	  9318427.00	        0.40	   282908.00	       93.00
  5.70	    41296.00	   106159.00	  9427611.00	        0.39	   283589.00	       92.00
  5.71	    40671.00	   105655.00	  9537012.00	        0.37	   284273.00	       92.00
  5.72	    40079.00	   105163.00	  9642885.00	        0.37	   284966.00	       92.00
  5.73	    39376.00	   104678.00	  9753861.00	        0.37	   285610.00	       92.00
  5.74	    38759.00	   104067.00	  9866233.00	        0.37	   286238.00	       92.00
  5.75	    38220.00	   103502.00	  9970538.00	        0.36	   286912.00	       92.00
  5.76	    37744.00	   102771.00	 10082452.00	        0.36	   287562.00	       92.00
  5.77	    37280.00	   102028.00	 10194119.00	        0.35	   288209.00	       91.00
  5.78	    36810.00	   101240.00	 10308599.00	        0.35	   288844.00	       89.00
  5.79	    36367.00	   100380.00	 10423929.00	        0.35	   289449.00	       88.00
  5.80	    35965.00	    99500.00	 10537454.00	        0.34	   290061.00	       88.00
  5.81	    35650.00	    98533.00	 10648528.00	        0.33	   290648.00	       88.00
  5.82	    35298.00	    97611.00	 10756481.00	        0.33	   291217.00	       88.00
  5.83	    35049.00	    96678.00	 10859432.00	        0.33	   291828.00	       88.00
  5.84	    34803.00	    95727.00	 10962217.00	        0.33	   292424.00	       86.00
  5.85	    34558.00	    94668.00	 11072840.00	        0.32	   292991.00	       85.00
  5.86	    34314.00	    93681.00	 11173733.00	        0.30	   293532.00	       85.00
  5.87	    34197.00	    92543.00	 11278749.00	        0.30	   294094.00	       85.00
  5.88	    34076.00	    91397.00	 11387358.00	        0.29	   294675.00	       84.00
  5.89	    33924.00	    90307.00	 11493203.00	        0.29	   295258.00	       84.00
  5.90	    33851.00	    89132.00	 11599795.00	        0.28	   295841.00	       84.00
  5.91	    33732.00	    87997.00	 11703916.00	        0.26	   296396.00	       83.00
  5.92	    33688.00	    86813.00	 11809494.00	        0.26	   296982.00	       83.00
  5.93	    33621.00	    85626.00	 11914829.00	        0.26	   297545.00	       83.00
  5.94	    33585.00	    84375.00	 12024116.00	        0.25	   298118.00	       83.00
  5.95	    33470.00	    83262.00	 12127960.00	        0.25	   298693.00	       82.00
  5.96	    33392.00	    82019.00	 12237717.00	        0.25	   299238.00	       82.00
  5.97	    33307.00	    80837.00	 12343498.00	        0.25	   299798.00	       82.00
  5.98	    33165.00	    79783.00	 12442692.00	        0.24	   300367.00	       82.00
  5.99	    33069.00	    78601.00	 12546832.00	        0.24	   300891.00	       82.00
  6.00	    33000.00	    77385.00	 12652440.00	        0.24	   301427.00	       82.00
  6.01	    32978.00	    76171.00	 12757277.00	        0.23	   302008.00	       81.00
  6.02	    32971.00	    74943.00	 12860289.00	        0.23	   302573.00	       81.00
  6.03	    32982.00	    73800.00	 12954653.00	        0.23	   303154.00	       81.00
  6.04	    32929.00	    72600.00	 13057566.00	        0.23	   303701.00	       81.00
  6.05	    32898.00	    71437.00	 13156558.00	        0.22	   304264.00	       81.00
  6.06	    32822.00	    70341.00	 13252017.00	        0.22	   304806.00	       80.00
  6.07	    32683.00	    69313.00	 13346907.00	        0.22	   305352.00	       80.00
  6.08	    32521.00	    68292.00	 13437425.00	        0.21	   305837.00	       80.00
  6.09	    32376.00	    67273.00	 13532340.00	        0.20	   306376.00	       80.00
  6.10	    32219.00	    66367.00	 13618443.00	        0.20	   306926.00	       79.00
  6.11	    32067.00	    65370.00	 13713753.00	        0.20	   307482.00	       79.00
  6.12	    31889.00	    64407.00	 13804746.00	        0.20	   307994.00	       79.00
  6.13	    31670.00	    63515.00	 13893333.00	        0.19	   308507.00	       79.00
  6.14	    31510.00	    62532.00	 13986752.00	        0.19	   309031.00	       78.00
  6.15	    31246.00	    61751.00	 14069932.00	        0.18	   309542.00	       77.00
  6.16	    30897.00	    61057.00	 14151580.00	        0.17	   310035.00	       77.00
  6.17	    30606.00	    60255.00	 14246099.00	        0.17	   310603.00	       77.00
  6.18	    30264.00	    59629.00	 14323565.00	        0.17	   311122.00	       77.00
  6.19	    29893.00	    59032.00	 14400828.00	        0.17	   311631.00	       77.00
  6.20	    29480.00	    58438.00	 14479564.00	        0.17	   312106.00	       75.00
  6.21	    29031.00	    57856.00	 14558250.00	        0.17	   312551.00	       75.00
  6.22	    28612.00	    57386.00	 14627838.00	        0.17	   313039.00	       75.00
  6.23	    28116.00	    56933.00	 14704040.00	        0.17	   313531.00	       74.00
  6.24	    27592.00	    56522.00	 14778560.00	        0.17	   314014.00	       74.00
  6.25	    27036.00	    56127.00	 14855371.00	        0.16	   314493.00	       74.00
  6.26	    26440.00	    55835.00	 14925030.00	        0.16	   314957.00	       73.00
  6.27	    25874.00	    55474.00	 14996387.00	        0.16	   315389.00	       73.00
  6.28	    25220.00	    55173.00	 15068657.00	        0.16	   315796.00	       73.00
  6.29	    24520.00	    54959.00	 15134931.00	        0.15	   316172.00	       73.00
  6.30	    23844.00	    54842.00	 15192295.00	        0.15	   316573.00	       73.00
  6.31	    23200.00	    54625.00	 15255410.00	        0.15	   316954.00	       73.00
  6.32	    22502.00	    54469.00	 15318590.00	        0.15	   317331.00	       73.00
  6.33	    21820.00	    54265.00	 15381955.00	        0.15	   317672.00	       73.00
  6.34	    21150.00	    54056.00	 15446383.00	        0.14	   318021.00	       73.00
  6.35	    20460.00	    53922.00	 15503731.00	        0.14	   318351.00	       73.00
  6.36	    19873.00	    53753.00	 15557975.00	        0.14	   318706.00	       73.00
  6.37	    19241.00	    53577.00	 15615561.00	        0.14	   319033.00	       72.00
  6.38	    18697.00	    53357.00	 15668367.00	        0.14	   319349.00	       71.00
  6.39	    18158.00	    53159.00	 15718919.00	        0.14	   319660.00	       69.00
  6.40	    17658.00	    52939.00	 15769807.00	        0.13	   319988.00	       69.00
  6.41	    17117.00	    52769.00	 15815913.00	        0.13	   320268.00	       69.00
  6.42	    16512.00	    52592.00	 15869644.00	        0.13	   320546.00	       69.00
  6.43	    16034.00	    52373.00	 15916473.00	        0.13	   320834.00	       69.00
  6.44	    15557.00	    52189.00	 15958760.00	        0.13	   321107.00	       68.00
  6.45	    15091.00	    51966.00	 16000850.00	        0.13	   321350.00	       67.00
  6.46	    14603.00	    51795.00	 16041043.00	        0.13	   321597.00	       66.00
  6.47	    14113.00	    51543.00	 16088129.00	        0.13	   321827.00	       66.00
  6.48	    13669.00	    51265.00	 16132334.00	        0.13	   322044.00	       66.00
  6.49	    13226.00	    50994.00	 16175487.00	        0.13	   322258.00	       65.00
  6.50	    12823.00	    50728.00	 16214848.00	        0.11	   322470.00	       64.00
  6.51	    12458.00	    50434.00	 16254736.00	        0.11	   322692.00	       64.00
  6.52	    12044.00	    50185.00	 16293744.00	        0.11	   322898.00	       63.00
  6.53	    11645.00	    49913.00	 16331785.00	        0.11	   323089.00	       61.00
  6.54	    11290.00	    49584.00	 16370471.00	        0.10	   323271.00	       60.00
  6.55	    10957.00	    49239.00	 16407762.00	        0.10	   323443.00	       58.00
  6.56	    10742.00	    48793.00	 16445456.00	        0.10	   323632.00	       58.00
  6.57	    10486.00	    48367.00	 16483789.00	        0.10	   323808.00	       58.00
  6.58	    10299.00	    47913.00	 16517661.00	        0.10	   323981.00	       58.00
  6.59	    10115.00	    47457.00	 16551239.00	        0.09	   324151.00	       58.00
  6.60	     9940.00	    47005.00	 16585050.00	        0.08	   324345.00	       58.00
  6.61	     9777.00	    46520.00	 16619341.00	        0.08	   324516.00	       57.00
  6.62	     9595.00	    46016.00	 16655087.00	        0.08	   324665.00	       57.00
  6.63	     9388.00	    45614.00	 16684692.00	        0.08	   324833.00	       57.00
  6.64	     9223.00	    45066.00	 16722087.00	        0.08	   324975.00	       56.00
  6.65	     9024.00	    44594.00	 16757536.00	        0.08	   325146.00	       56.00
  6.66	     8831.00	    44051.00	 16796019.00	        0.08	   325286.00	       56.00
  6.67	     8635.00	    43577.00	 16829799.00	        0.08	   325449.00	       54.00
  6.68	     8460.00	    43023.00	 16866299.00	        0.07	   325587.00	       53.00
  6.69	     8248.00	    42489.00	 16903859.00	        0.07	   325719.00	       53.00
  6.70	     8058.00	    41977.00	 16936161.00	        0.06	   325851.00	       53.00
  6.71	     7884.00	    41494.00	 16964409.00	        0.06	   325985.00	       52.00
  6.72	     7773.00	    40904.00	 16997225.00	        0.05	   326123.00	       52.00
  6.73	     7645.00	    40287.00	 17033842.00	        0.05	   326262.00	       52.00
  6.74	     7528.00	    39733.00	 17061342.00	        0.05	   326382.00	       51.00
  6.75	     7442.00	    39114.00	 17094144.00	        0.05	   326527.00	       51.00
  6.76	     7337.00	    38546.00	 17121536.00	        0.05	   326651.00	       51.00
  6.77	     7216.00	    37929.00	 17154022.00	        0.05	   326767.00	       51.00
  6.78	     7118.00	    37266.00	 17188431.00	        0.05	   326874.00	       47.00
  6.79	     7048.00	    36651.00	 17217122.00	        0.05	   327002.00	       47.00
  6.80	     6970.00	    36035.00	 17245991.00	        0.05	   327123.00	       46.00
  6.81	     6913.00	    35346.00	 17279323.00	        0.05	   327243.00	       46.00
  6.82	     6838.00	    34715.00	 17308970.00	        0.05	   327365.00	       44.00
  6.83	     6751.00	    34123.00	 17335726.00	        0.05	   327485.00	       43.00
  6.84	     6688.00	    33512.00	 17362504.00	        0.05	   327607.00	       42.00
  6.85	     6571.00	    32921.00	 17390403.00	        0.05	   327708.00	       42.00
  6.86	     6507.00	    32273.00	 17419999.00	        0.05	   327825.00	       42.00
  6.87	     6438.00	    31586.00	 17453690.00	        0.05	   327938.00	       42.00
  6.88	     6323.00	    30969.00	 17485174.00	        0.05	   328056.00	       42.00
  6.89	     6208.00	    30383.00	 17512121.00	        0.05	   328161.00	       41.00
  6.90	     6074.00	    29741.00	 17543992.00	        0.05	   328239.00	       41.00
  6.91	     5972.00	    29114.00	 17572291.00	        0.05	   328328.00	       41.00
  6.92	     5846.00	    28521.00	 17600405.00	        0.05	   328420.00	       40.00
  6.93	     5768.00	    27904.00	 17628727.00	        0.05	   328534.00	       40.00
  6.94	     5678.00	    27326.00	 17653385.00	        0.05	   328634.00	       39.00
  6.95	     5565.00	    26798.00	 17676109.00	        0.04	   328736.00	       39.00
  6.96	     5495.00	    26233.00	 17697407.00	        0.04	   328826.00	       39.00
  6.97	     5428.00	    25682.00	 17718678.00	        0.04	   328928.00	       39.00
  6.98	     5338.00	    25088.00	 17744778.00	        0.04	   329013.00	       37.00
  6.99	     5301.00	    24463.00	 17770887.00	        0.03	   329111.00	       36.00
  7.00	     5244.00	    23908.00	 17791082.00	        0.03	   329195.00	       36.00
  7.01	     5205.00	    23327.00	 17812379.00	        0.03	   329274.00	       35.00
  7.02	     5220.00	    22686.00	 17836893.00	        0.03	   329378.00	       33.00
  7.03	     5230.00	    22093.00	 17857157.00	        0.03	   329474.00	       32.00
  7.04	     5230.00	    21506.00	 17876411.00	        0.03	   329550.00	       32.00
  7.05	     5241.00	    20913.00	 17895838.00	        0.03	   329625.00	       32.00
  7.06	     5270.00	    20314.00	 17914835.00	        0.03	   329703.00	       32.00
  7.07	     5324.00	    19699.00	 17935277.00	        0.03	   329799.00	       32.00
  7.08	     5369.00	    19153.00	 17949326.00	        0.03	   329889.00	       32.00
  7.09	     5450.00	    18594.00	 17964865.00	        0.03	   330002.00	       31.00
  7.10	     5506.00	    18020.00	 17981957.00	        0.03	   330088.00	       31.00
  7.11	     5579.00	    17477.00	 17995478.00	        0.03	   330181.00	       31.00
  7.12	     5651.00	    16921.00	 18009777.00	        0.03	   330264.00	       31.00
  7.13	     5745.00	    16375.00	 18025055.00	        0.03	   330376.00	       28.00
  7.14	     5815.00	    15834.00	 18039953.00	        0.03	   330466.00	       25.00
  7.15	     5891.00	    15342.00	 18050693.00	        0.02	   330557.00	       25.00
  7.16	     5974.00	    14849.00	 18061737.00	        0.02	   330655.00	       25.00
  7.17	     6064.00	    14367.00	 18072958.00	        0.02	   330761.00	       25.00
  7.18	     6127.00	    13888.00	 18084609.00	        0.02	   330848.00	       25.00
  7.19	     6192.00	    13439.00	 18094435.00	        0.02	   330942.00	       25.00
  7.20	     6270.00	    13001.00	 18103571.00	        0.02	   331048.00	       25.00
  7.21	     6368.00	    12568.00	 18113135.00	        0.02	   331175.00	       25.00
  7.22	     6454.00	    12154.00	 18122172.00	        0.02	   331298.00	       24.00
  7.23	     6520.00	    11757.00	 18129945.00	        0.02	   331403.00	       23.00
  7.24	     6592.00	    11354.00	 18138234.00	        0.02	   331506.00	       23.00
  7.25	     6665.00	    11000.00	 18143478.00	        0.02	   331624.00	       22.00
  7.26	     6708.00	    10611.00	 18153130.00	        0.02	   331715.00	       22.00
  7.27	     6772.00	    10260.00	 18158832.00	        0.02	   331826.00	       20.00
  7.28	     6836.00	     9944.00	 18163212.00	        0.02	   331950.00	       20.00
  7.29	     6894.00	     9629.00	 18167672.00	        0.02	   332064.00	       20.00
  7.30	     6947.00	     9331.00	 18171359.00	        0.02	   332179.00	       20.00
  7.31	     6989.00	     9061.00	 18172766.00	        0.02	   332286.00	       20.00
  7.32	     7070.00	     8811.00	 18172163.00	        0.02	   332426.00	       20.00
  7.33	     7136.00	     8582.00	 18169746.00	        0.02	   332550.00	       20.00
  7.34	     7184.00	     8324.00	 18171004.00	        0.02	   332660.00	       20.00
  7.35	     7220.00	     8081.00	 18172456.00	        0.02	   332774.00	       19.00
  7.36	     7270.00	     7856.00	 18172453.00	        0.02	   332899.00	       19.00
  7.37	     7294.00	     7631.00	 18173963.00	        0.02	   333010.00	       18.00
  7.38	     7330.00	     7423.00	 18173364.00	        0.02	   333127.00	       18.00
  7.39	     7366.00	     7246.00	 18170152.00	        0.02	   333245.00	       18.00
  7.40	     7387.00	     7079.00	 18167600.00	        0.02	   333360.00	       18.00
  7.41	     7416.00	     6914.00	 18164800.00	        0.02	   333478.00	       16.00
  7.42	     7384.00	     6807.00	 18161471.00	        0.02	   333586.00	       14.00
  7.43	     7387.00	     6696.00	 18157140.00	        0.02	   333714.00	       14.00
  7.44	     7369.00	     6589.00	 18153294.00	        0.02	   333825.00	       13.00
  7.45	     7353.00	     6471.00	 18150120.00	        0.02	   333928.00	       13.00
  7.46	     7375.00	     6372.00	 18144114.00	        0.02	   334059.00	       13.00
  7.47	     7380.00	     6261.00	 18139249.00	        0.02	   334170.00	       13.00
  7.48	     7386.00	     6151.00	 18135324.00	        0.02	   334291.00	       13.00
  7.49	     7357.00	     6129.00	 18127162.00	        0.02	   334417.00	       13.00
  7.50	     7326.00	     6074.00	 18120715.00	        0.02	   334525.00	       13.00
  7.51	     7321.00	     6027.00	 18112299.00	        0.02	   334641.00	       13.00
  7.52	     7295.00	     6007.00	 18103846.00	        0.02	   334761.00	       13.00
  7.53	     7255.00	     5983.00	 18097224.00	        0.02	   334880.00	       13.00
  7.54	     7219.00	     5940.00	 18091588.00	        0.02	   334993.00	       13.00
  7.55	     7200.00	     5929.00	 18084383.00	        0.02	   335133.00	       13.00
  7.56	     7169.00	     5923.00	 18077379.00	        0.02	   335265.00	       13.00
  7.57	     7138.00	     5932.00	 18068477.00	        0.02	   335389.00	       13.00
  7.58	     7066.00	     5982.00	 18059228.00	        0.02	   335508.00	       13.00
  7.59	     7010.00	     6052.00	 18046715.00	        0.02	   335627.00	       13.00
  7.60	     6953.00	     6102.00	 18037627.00	        0.02	   335761.00	       13.00
  7.61	     6828.00	     6194.00	 18028671.00	        0.02	   335864.00	       13.00
  7.62	     6654.00	     6335.00	 18018911.00	        0.02	   335959.00	       12.00
  7.63	     6459.00	     6521.00	 18008898.00	        0.02	   336073.00	       11.00
  7.64	     6308.00	     6661.00	 17999032.00	        0.02	   336187.00	       11.00
  7.65	     6110.00	     6864.00	 17987887.00	        0.02	   336301.00	       11.00
  7.66	     5923.00	     7055.00	 17975721.00	        0.02	   336404.00	       11.00
  7.67	     5708.00	     7264.00	 17964387.00	        0.02	   336505.00	       11.00
  7.68	     5501.00	     7448.00	 17953921.00	        0.02	   336593.00	       11.00
  7.69	     5298.00	     7668.00	 17939810.00	        0.02	   336685.00	       11.00
  7.70	     5147.00	     7827.00	 17927280.00	        0.02	   336783.00	       11.00
  7.71	     4966.00	     7976.00	 17916209.00	        0.02	   336854.00	       11.00
  7.72	     4782.00	     8141.00	 17904955.00	        0.02	   336934.00	       11.00
  7.73	     4613.00	     8298.00	 17892849.00	        0.02	   337012.00	       11.00
  7.74	     4433.00	     8473.00	 17878964.00	        0.02	   337079.00	       11.00
  7.75	     4276.00	     8614.00	 17866135.00	        0.02	   337144.00	       11.00
  7.76	     4115.00	     8761.00	 17852967.00	        0.02	   337210.00	       11.00
  7.77	     3965.00	     8909.00	 17840120.00	        0.02	   337288.00	       11.00
  7.78	     3837.00	     9023.00	 17827941.00	        0.02	   337361.00	       11.00
  7.79	     3678.00	     9143.00	 17816667.00	        0.02	   337421.00	       11.00
  7.80	     3530.00	     9256.00	 17804729.00	        0.02	   337477.00	       11.00
  7.81	     3391.00	     9378.00	 17791708.00	        0.02	   337541.00	       10.00
  7.82	     3231.00	     9544.00	 17775003.00	        0.02	   337590.00	       10.00
  7.83	     3095.00	     9654.00	 17761048.00	        0.02	   337634.00	       10.00
  7.84	     2947.00	     9757.00	 17748940.00	        0.02	   337678.00	        9.00
  7.85	     2782.00	     9880.00	 17736894.00	        0.02	   337727.00	        9.00
  7.86	     2606.00	    10009.00	 17724187.00	        0.02	   337767.00	        9.00
  7.87	     2453.00	    10131.00	 17710497.00	        0.02	   337815.00	        9.00
  7.88	     2259.00	    10276.00	 17697567.00	        0.02	   337851.00	        9.00
  7.89	     2059.00	    10410.00	 17685276.00	        0.02	   337878.00	        8.00
  7.90	     1850.00	    10569.00	 17672669.00	        0.02	   337917.00	        7.00
  7.91	     1658.00	    10682.00	 17662040.00	        0.02	   337949.00	        7.00
  7.92	     1469.00	    10813.00	 17648655.00	        0.02	   337977.00	        7.00
  7.93	     1303.00	    10911.00	 17636384.00	        0.02	   338008.00	        7.00
  7.94	     1168.00	    10980.00	 17623190.00	        0.02	   338034.00	        6.00
  7.95	     1033.00	    11027.00	 17611170.00	        0.01	   338049.00	        6.00
  7.96	      893.00	    11066.00	 17600496.00	        0.01	   338069.00	        6.00
  7.97	      754.00	    11096.00	 17589736.00	        0.01	   338080.00	        6.00
  7.98	      627.00	    11124.00	 17577435.00	        0.01	   338088.00	        6.00
  7.99	      500.00	    11147.00	 17565735.00	        0.01	   338100.00	        6.00
  8.00	      387.00	    11126.00	 17556161.00	        0.01	   338105.00	        6.00
  8.01	      300.00	    11095.00	 17545014.00	        0.01	   338111.00	        6.00
  8.02	      252.00	    11025.00	 17534333.00	        0.01	   338123.00	        6.00
  8.03	      197.00	    10944.00	 17524784.00	        0.01	   338128.00	        6.00
  8.04	      147.00	    10874.00	 17512991.00	        0.01	   338133.00	        6.00
  8.05	      110.00	    10789.00	 17501310.00	        0.01	   338140.00	        6.00
  8.06	       80.00	    10667.00	 17492141.00	        0.01	   338141.00	        6.00
  8.07	       56.00	    10564.00	 17479961.00	        0.01	   338141.00	        6.00
  8.08	       36.00	    10447.00	 17468866.00	        0.01	   338141.00	        5.00
  8.09	       27.00	    10299.00	 17459785.00	        0.01	   338142.00	        4.00
  8.10	       14.00	    10163.00	 17449711.00	        0.01	   338142.00	        4.00
  8.11	        6.00	    10004.00	 17441474.00	        0.01	   338142.00	        4.00
  8.12	        4.00	     9841.00	 17432539.00	        0.01	   338142.00	        4.00
  8.13	        4.00	     9679.00	 17423332.00	        0.01	   338142.00	        4.00
  8.14	        3.00	     9506.00	 17415286.00	        0.01	   338142.00	        4.00
  8.15	        3.00	     9331.00	 17407105.00	        0.01	   338143.00	        4.00
  8.16	        1.00	     9143.00	 17399862.00	        0.01	   338143.00	        4.00
  8.17	        0.00	     8968.00	 17391393.00	        0.00	   338143.00	        4.00
  8.18	        0.00	     8777.00	 17384608.00	        0.00	   338143.00	        3.00
  8.19	        0.00	     8597.00	 17376365.00	        0.00	   338143.00	        3.00
  8.20	        0.00	     8414.00	 17368122.00	        0.00	   338143.00	        3.00
  8.21	        0.00	     8235.00	 17359477.00	        0.00	   338143.00	        3.00
  8.22	        0.00	     8053.00	 17351024.00	        0.00	   338143.00	        3.00
  8.23	        0.00	     7849.00	 17344953.00	        0.00	   338143.00	        3.00
  8.24	        0.00	     7687.00	 17334506.00	        0.00	   338143.00	        3.00
  8.25	        0.00	     7481.00	 17328466.00	        0.00	   338143.00	        3.00
  8.26	        0.00	     7285.00	 17321342.00	        0.00	   338143.00	        3.00
  8.27	        0.00	     7086.00	 17314664.00	        0.00	   338143.00	        3.00
  8.28	        0.00	     6872.00	 17309050.00	        0.00	   338143.00	        3.00
  8.29	        0.00	     6650.00	 17304255.00	        0.00	   338143.00	        3.00
  8.30	        0.00	     6435.00	 17298986.00	        0.00	   338143.00	        3.00
  8.31	        0.00	     6230.00	 17292747.00	        0.00	   338143.00	        3.00
  8.32	        0.00	     6027.00	 17286221.00	        0.00	   338143.00	        3.00
  8.33	        0.00	     5827.00	 17279397.00	        0.00	   338143.00	        3.00
  8.34	        0.00	     5615.00	 17273867.00	        0.00	   338143.00	        3.00
  8.35	        0.00	     5406.00	 17268076.00	        0.00	   338143.00	        3.00
  8.36	        0.00	     5209.00	 17261443.00	        0.00	   338143.00	        3.00
  8.37	        0.00	     5019.00	 17253970.00	        0.00	   338143.00	        3.00
  8.38	        0.00	     4823.00	 17247319.00	        0.00	   338143.00	        3.00
  8.39	        0.00	     4645.00	 17238993.00	        0.00	   338143.00	        3.00
  8.40	        0.00	     4446.00	 17233230.00	        0.00	   338143.00	        3.00
  8.41	        0.00	     4287.00	 17223447.00	        0.00	   338143.00	        3.00
  8.42	        0.00	     4119.00	 17215041.00	        0.00	   338143.00	        3.00
  8.43	        0.00	     3945.00	 17207347.00	        0.00	   338143.00	        3.00
  8.44	        0.00	     3768.00	 17200031.00	        0.00	   338143.00	        3.00
  8.45	        0.00	     3620.00	 17190132.00	        0.00	   338143.00	        3.00
  8.46	        0.00	     3460.00	 17181741.00	        0.00	   338143.00	        3.00
  8.47	        0.00	     3294.00	 17173933.00	        0.00	   338143.00	        3.00
  8.48	        0.00	     3113.00	 17167932.00	        0.00	   338143.00	        3.00
  8.49	        0.00	     2959.00	 17159440.00	        0.00	   338143.00	        3.00
  8.50	        0.00	     2817.00	 17150193.00	        0.00	   338143.00	        3.00
  8.51	        0.00	     2687.00	 17139892.00	        0.00	   338143.00	        3.00
  8.52	        0.00	     2558.00	 17129512.00	        0.00	   338143.00	        3.00
  8.53	        0.00	     2429.00	 17119423.00	        0.00	   338143.00	        3.00
  8.54	        0.00	     2296.00	 17109800.00	        0.00	   338143.00	        3.00
  8.55	        0.00	     2149.00	 17102322.00	        0.00	   338143.00	        2.00
  8.56	        0.00	     2032.00	 17091702.00	        0.00	   338143.00	        2.00
  8.57	        0.00	     1903.00	 17082707.00	        0.00	   338143.00	        2.00
  8.58	        0.00	     1802.00	 17071117.00	        0.00	   338143.00	        2.00
  8.59	        0.00	     1698.00	 17060282.00	        0.00	   338143.00	        2.00
  8.60	        0.00	     1594.00	 17049662.00	        0.00	   338143.00	        2.00
  8.61	        0.00	     1491.00	 17038974.00	        0.00	   338143.00	        2.00
  8.62	        0.00	     1407.00	 17026663.00	        0.00	   338143.00	        2.00
  8.63	        0.00	     1310.00	 17015905.00	        0.00	   338143.00	        2.00
  8.64	        0.00	     1216.00	 17005153.00	        0.00	   338143.00	        2.00
  8.65	        0.00	     1120.00	 16994741.00	        0.00	   338143.00	        2.00
  8.66	        0.00	     1040.00	 16982986.00	        0.00	   338143.00	        2.00
  8.67	        0.00	      978.00	 16969773.00	        0.00	   338143.00	        2.00
  8.68	        0.00	      902.00	 16957899.00	        0.00	   338143.00	        2.00
  8.69	        0.00	      841.00	 16944850.00	        0.00	   338143.00	        2.00
  8.70	        0.00	      796.00	 16930087.00	        0.00	   338143.00	        2.00
  8.71	        0.00	      743.00	 16916590.00	        0.00	   338143.00	        2.00
  8.72	        0.00	      705.00	 16902036.00	        0.00	   338143.00	        2.00
  8.73	        0.00	      660.00	 16887875.00	        0.00	   338143.00	        2.00
  8.74	        0.00	      602.00	 16874976.00	        0.00	   338143.00	        2.00
  8.75	        0.00	      557.00	 16861263.00	        0.00	   338143.00	        2.00
  8.76	        0.00	      517.00	 16846986.00	        0.00	   338143.00	        2.00
  8.77	        0.00	      480.00	 16832492.00	        0.00	   338143.00	        2.00
  8.78	        0.00	      456.00	 16816907.00	        0.00	   338143.00	        2.00
  8.79	        0.00	      429.00	 16801771.00	        0.00	   338143.00	        2.00
  8.80	        0.00	      399.00	 16786995.00	        0.00	   338143.00	        2.00
  8.81	        0.00	      368.00	 16772569.00	        0.00	   338143.00	        2.00
  8.82	        0.00	      334.00	 16757954.00	        0.00	   338143.00	        2.00
  8.83	        0.00	      312.00	 16742755.00	        0.00	   338143.00	        2.00
  8.84	        0.00	      281.00	 16728337.00	        0.00	   338143.00	        2.00
  8.85	        0.00	      253.00	 16713682.00	        0.00	   338143.00	        2.00
  8.86	        0.00	      227.00	 16699324.00	        0.00	   338143.00	        2.00
  8.87	        0.00	      205.00	 16684296.00	        0.00	   338143.00	        2.00
  8.88	        0.00	      187.00	 16669110.00	        0.00	   338143.00	        2.00
  8.89	        0.00	      168.00	 16653836.00	        0.00	   338143.00	        2.00
  8.90	        0.00	      160.00	 16637745.00	        0.00	   338143.00	        2.00
  8.91	        0.00	      148.00	 16622007.00	        0.00	   338143.00	        2.00
  8.92	        0.00	      136.00	 16606147.00	        0.00	   338143.00	        2.00
  8.93	        0.00	      129.00	 16589898.00	        0.00	   338143.00	        2.00
  8.94	        0.00	      121.00	 16573774.00	        0.00	   338143.00	        2.00
  8.95	        0.00	      104.00	 16558617.00	        0.00	   338143.00	        2.00
  8.96	        0.00	       96.00	 16542559.00	        0.00	   338143.00	        2.00
  8.97	        0.00	       83.00	 16527182.00	        0.00	   338143.00	        2.00
  8.98	        0.00	       79.00	 16510909.00	        0.00	   338143.00	        2.00
  8.99	        0.00	       70.00	 16495117.00	        0.00	   338143.00	        2.00
  9.00	        0.00	       61.00	 16479291.00	        0.00	   338143.00	        2.00
  9.01	        0.00	       59.00	 16462955.00	        0.00	   338143.00	        2.00
  9.02	        0.00	       53.00	 16446800.00	        0.00	   338143.00	        2.00
  9.03	        0.00	       48.00	 16430704.00	        0.00	   338143.00	        2.00
  9.04	        0.00	       41.00	 16415232.00	        0.00	   338143.00	        2.00
  9.05	        0.00	       35.00	 16399539.00	        0.00	   338143.00	        2.00
  9.06	        0.00	       33.00	 16383203.00	        0.00	   338143.00	        2.00
  9.07	        0.00	       29.00	 16367068.00	        0.00	   338143.00	        2.00
  9.08	        0.00	       27.00	 16350775.00	        0.00	   338143.00	        2.00
  9.09	        0.00	       27.00	 16334499.00	        0.00	   338143.00	        2.00
  9.10	        0.00	       26.00	 16318343.00	        0.00	   338143.00	        2.00
  9.11	        0.00	       25.00	 16302079.00	        0.00	   338143.00	        2.00
  9.12	        0.00	       23.00	 16286018.00	        0.00	   338143.00	        2.00
  9.13	        0.00	       22.00	 16269695.00	        0.00	   338143.00	        2.00
  9.14	        0.00	       21.00	 16253425.00	        0.00	   338143.00	        2.00
  9.15	        0.00	       20.00	 16237187.00	        0.00	   338143.00	        2.00
  9.16	        0.00	       20.00	 16220923.00	        0.00	   338143.00	        2.00
  9.17	        0.00	       19.00	 16204888.00	        0.00	   338143.00	        2.00
  9.18	        0.00	       16.00	 16188883.00	        0.00	   338143.00	        2.00
  9.19	        0.00	       13.00	 16172902.00	        0.00	   338143.00	        2.00
  9.20	        0.00	       10.00	 16157025.00	        0.00	   338143.00	        1.00
  9.21	        0.00	        9.00	 16140974.00	        0.00	   338143.00	        1.00
  9.22	        0.00	        9.00	 16124790.00	        0.00	   338143.00	        1.00
  9.23	        0.00	        6.00	 16109088.00	        0.00	   338143.00	        1.00
  9.24	        0.00	        5.00	 16093156.00	        0.00	   338143.00	        1.00
  9.25	        0.00	        5.00	 16077166.00	        0.00	   338143.00	        1.00
  9.26	        0.00	        5.00	 16060958.00	        0.00	   338143.00	        1.00
  9.27	        0.00	        5.00	 16045109.00	        0.00	   338143.00	        1.00
  9.28	        0.00	        4.00	 16028892.00	        0.00	   338143.00	        1.00
  9.29	        0.00	        3.00	 16013172.00	        0.00	   338143.00	        1.00
  9.30	        0.00	        3.00	 15997153.00	        0.00	   338143.00	        1.00
  9.31	        0.00	        3.00	 15981087.00	        0.00	   338143.00	        1.00
  9.32	        0.00	        2.00	 15965421.00	        0.00	   338143.00	        1.00
  9.33	        0.00	        2.00	 15949475.00	        0.00	   338143.00	        1.00
  9.34	        0.00	        2.00	 15933409.00	        0.00	   338143.00	        1.00
  9.35	        0.00	        1.00	 15917416.00	        0.00	   338143.00	        1.00
  9.36	        0.00	        1.00	 15901619.00	        0.00	   338143.00	        1.00
  9.37	        0.00	        1.00	 15885851.00	        0.00	   338143.00	        1.00
  9.38	        0.00	        1.00	 15870236.00	        0.00	   338143.00	        1.00
  9.39	        0.00	        0.00	 15854459.00	        0.00	   338143.00	        0.00
