Datatype: PopulationSize
  0.00	   316228.00	        0.00	 10000000.00	        1.00	        0.00	   316228.00
  0.01	   321243.00	      340.00	  9989473.00	        1.00	     5355.00	   316228.00
  0.02	   326139.00	      657.00	  9979221.00	        1.00	    10565.00	   316228.00
  0.03	   331245.00	     1018.00	  9969109.00	        1.00	    16030.00	   316228.00
  0.04	   336357.00	     1351.00	  9958729.00	        1.00	    21470.00	   316228.00
  0.05	   341650.00	     1705.00	  9948504.00	        1.00	    27113.00	   316228.00
  0.06	   347053.00	     2054.00	  9938058.00	        1.00	    32862.00	   316228.00
  0.07	   352555.00	     2390.00	  9927824.00	        1.00	    38690.00	   316228.00
  0.08	   358138.00	     2746.00	  9917565.00	        1.00	    44626.00	   316228.00
  0.09	   363724.00	     3110.00	  9907400.00	        1.00	    50565.00	   316228.00
  0.10	   369342.00	     3462.00	  9897130.00	        1.00	    56525.00	   316228.00
  0.11	   375144.00	     3854.00	  9886725.00	        1.00	    62710.00	   316228.00
  0.12	   380965.00	     4221.00	  9876458.00	        1.00	    68888.00	   316228.00
  0.13	   386839.00	     4603.00	  9866002.00	        1.00	    75129.00	   316228.00
  0.14	   392868.00	     4977.00	  9855916.00	        1.00	    81521.00	   316228.00
  0.15	   399073.00	     5367.00	  9845815.00	        1.00	    88110.00	   316227.00
  0.16	   405248.00	     5809.00	  9835538.00	        1.00	    94709.00	   316227.00
  0.17	   411836.00	     6217.00	  9825248.00	        1.00	   101697.00	   316227.00
  0.18	   418379.00	     6619.00	  9815114.00	        1.00	   108630.00	   316227.00
  0.19	   424954.00	     7059.00	  9804970.00	        1.00	   115633.00	   316227.00
  0.20	   431542.00	     7505.00	  9794793.00	        1.00	   122640.00	   316227.00
  0.21	   438266.00	     7960.00	  9784705.00	        1.00	   129798.00	   316225.00
  0.22	   445208.00	     8399.00	  9774670.00	        1.00	   137160.00	   316225.00
  0.23	   452331.00	     8873.00	  9764750.00	        1.00	   144734.00	   316225.00
  0.24	   459456.00	     9314.00	  9754989.00	        1.00	   152278.00	   316224.00
  0.25	   466864.00	     9780.00	  9745075.00	        1.00	   160127.00	   316222.00
  0.26	   474371.00	    10267.00	  9734946.00	        1.00	   168105.00	   316221.00
  0.27	   481834.00	    10731.00	  9724883.00	        1.00	   176005.00	   316220.00
  0.28	   489381.00	    11189.00	  9715164.00	        0.99	   183982.00	   316218.00
  0.29	   497055.00	    11672.00	  9705400.00	        0.99	   192101.00	   316217.00
  0.30	   504904.00	    12170.00	  9696065.00	        0.99	   200439.00	   316217.00
  0.31	   513119.00	    12638.00	  9687310.00	        0.99	   209102.00	   316212.00
  0.32	   521104.00	    13138.00	  9678246.00	        0.99	   217572.00	   316210.00
  0.33	   529244.00	    13647.00	  9669991.00	        0.99	   226204.00	   316207.00
  0.34	   537545.00	    14223.00	  9661556.00	        0.99	   235061.00	   316201.00
  0.35	   546108.00	    14789.00	  9652341.00	        0.99	   244166.00	   316200.00
  0.36	   554576.00	    15327.00	  9644320.00	        0.99	   253153.00	   316197.00
  0.37	   563481.00	    15869.00	  9636734.00	        0.99	   262587.00	   316190.00
  0.38	   572375.00	    16425.00	  9629488.00	        0.99	   272026.00	   316180.00
  0.39	   581375.00	    16968.00	  9624161.00	        0.99	   281571.00	   316167.00
  0.40	   590547.00	    17517.00	  9619250.00	        0.99	   291298.00	   316153.00
  0.41	   600158.00	    18059.00	  9614385.00	        0.99	   301459.00	   316146.00
  0.42	   609738.00	    18621.00	  9609414.00	        0.99	   311613.00	   316138.00
  0.43	   619420.00	    19181.00	  9605220.00	        0.99	   321853.00	   316125.00
  0.44	   629056.00	    19766.00	  9602425.00	        0.99	   332096.00	   316119.00
  0.45	   639031.00	    20344.00	  9600602.00	        0.99	   342702.00	   316101.00
  0.46	   649108.00	    20913.00	  9600002.00	        0.99	   353385.00	   316078.00
  0.47	   659581.00	    21490.00	  9598923.00	        0.99	   364478.00	   316057.00
  0.48	   669754.00	    22037.00	  9600574.00	        0.99	   375264.00	   316043.00
  0.49	   680413.00	    22578.00	  9601587.00	        0.99	   386513.00	   316030.00
  0.50	   691346.00	    23173.00	  9603829.00	        0.99	   398115.00	   316011.00
  0.51	   702314.00	    23790.00	  9605783.00	        0.99	   409766.00	   315994.00
  0.52	   713380.00	    24424.00	  9608312.00	        0.99	   421533.00	   315978.00
  0.53	   724626.00	    25034.00	  9612637.00	        0.99	   433478.00	   315955.00
  0.54	   736084.00	    25629.00	  9616826.00	        0.99	   445619.00	   315937.00
  0.55	   747719.00	    26260.00	  9622995.00	        0.99	   457979.00	   315921.00
  0.56	   759756.00	    26846.00	  9630152.00	        0.99	   470720.00	   315897.00
  0.57	   771610.00	    27461.00	  9639052.00	        0.99	   483312.00	   315875.00
  0.58	   783633.00	    28030.00	  9650903.00	        0.99	   496061.00	   315846.00
  0.59	   795866.00	    28660.00	  9660769.00	        0.99	   509047.00	   315823.00
  0.60	   808419.00	    29287.00	  9672095.00	        0.99	   522359.00	   315800.00
  0.61	   821083.00	    29914.00	  9684946.00	        0.99	   535812.00	   315780.00
  0.62	   834127.00	    30525.00	  9700672.00	        0.99	   549666.00	   315754.00
  0.63	   847478.00	    31176.00	  9714799.00	        0.99	   563841.00	   315731.00
  0.64	   860877.00	    31793.00	  9730484.00	        0.99	   578044.00	   315694.00
  0.65	   874474.00	    32432.00	  9747880.00	        0.99	   592485.00	   315661.00
  0.66	   888281.00	    33093.00	  9767118.00	        0.99	   607176.00	   315633.00
  0.67	   902044.00	    33721.00	  9785737.00	        0.99	   621791.00	   315603.00
  0.68	   916201.00	    34403.00	  9806591.00	        0.99	   636858.00	   315567.00
  0.69	   930726.00	    35092.00	  9828734.00	        0.99	   652320.00	   315531.00
  0.70	   945467.00	    35731.00	  9850934.00	        0.99	   667931.00	   315506.00
  0.71	   960273.00	    36407.00	  9875079.00	        0.99	   683672.00	   315468.00
  0.72	   975395.00	    37034.00	  9900772.00	        0.99	   699710.00	   315437.00
  0.73	   990704.00	    37769.00	  9926682.00	        0.99	   716030.00	   315411.00
  0.74	  1006324.00	    38474.00	  9952264.00	        0.99	   732614.00	   315387.00
  0.75	  1022210.00	    39193.00	  9981233.00	        0.99	   749514.00	   315351.00
  0.76	  1038445.00	    39945.00	 10011453.00	        0.99	   766822.00	   315323.00
  0.77	  1054669.00	    40691.00	 10044052.00	        0.99	   784134.00	   315298.00
  0.78	  1071189.00	    41449.00	 10074017.00	        0.99	   801730.00	   315272.00
  0.79	  1087931.00	    42178.00	 10106283.00	        0.99	   819538.00	   315240.00
  0.80	  1105246.00	    42978.00	 10136228.00	        0.99	   837975.00	   315215.00
  0.81	  1122730.00	    43754.00	 10170903.00	        0.99	   856590.00	   315187.00
  0.82	  1140294.00	    44548.00	 10204701.00	        0.99	   875297.00	   315158.00
  0.83	  1157822.00	    45328.00	 10241651.00	        0.99	   893998.00	   315126.00
  0.84	  1175976.00	    46096.00	 10276977.00	        0.99	   913284.00	   315100.00
  0.85	  1194356.00	    46977.00	 10314019.00	        0.99	   932908.00	   315068.00
  0.86	  1212746.00	    47887.00	 10354662.00	        0.99	   952626.00	   315037.00
  0.87	  1232077.00	    48759.00	 10390783.00	        0.99	   973196.00	   315015.00
  0.88	  1251455.00	    49617.00	 10434069.00	        0.99	   993861.00	   314990.00
  0.89	  1271014.00	    50519.00	 10478855.00	        0.99	  1014775.00	   314947.00
  0.90	  1291038.00	    51454.00	 10522166.00	        0.99	  1036149.00	   314914.00
  0.91	  1311468.00	    52412.00	 10565990.00	        0.99	  1057968.00	   314888.00
  0.92	  1332019.00	    53406.00	 10605618.00	        0.99	  1079908.00	   314859.00
  0.93	  1352788.00	    54422.00	 10652319.00	        0.99	  1102157.00	   314831.00
  0.94	  1374206.00	    55414.00	 10700893.00	        0.99	  1125030.00	   314807.00
  0.95	  1395838.00	    56529.00	 10746799.00	        0.99	  1148241.00	   314791.00
  0.96	  1417651.00	    57577.00	 10797133.00	        0.99	  1171601.00	   314774.00
  0.97	  1439974.00	    58604.00	 10847656.00	        0.99	  1195443.00	   314748.00
  0.98	  1462528.00	    59679.00	 10896973.00	        0.99	  1219575.00	   314720.00
  0.99	  1485448.00	    60744.00	 10951837.00	        0.99	  1244081.00	   314698.00
  1.00	  1508684.00	    61866.00	 11008056.00	        0.99	  1269015.00	   314671.00
  1.01	  1532124.00	    63058.00	 11062905.00	        0.99	  1294187.00	   314649.00
  1.02	  1556206.00	    64322.00	 11113527.00	        0.99	  1320015.00	   314630.00
  1.03	  1580352.00	    65628.00	 11173291.00	        0.99	  1346028.00	   314600.00
  1.04	  1605174.00	    66949.00	 11231418.00	        0.99	  1372744.00	   314573.00
  1.05	  1630458.00	    68201.00	 11286026.00	        0.99	  1399807.00	   314552.00
  1.06	  1656115.00	    69533.00	 11346317.00	        0.99	  1427395.00	   314530.00
  1.07	  1682174.00	    70848.00	 11413052.00	        0.99	  1455402.00	   314511.00
  1.08	  1708223.00	    72253.00	 11476119.00	        0.99	  1483457.00	   314494.00
  1.09	  1735082.00	    73698.00	 11538978.00	        0.99	  1512356.00	   314473.00
  1.10	  1762024.00	    75145.00	 11604780.00	        0.99	  1541402.00	   314460.00
  1.11	  1789350.00	    76759.00	 11668040.00	        0.99	  1570944.00	   314444.00
  1.12	  1817109.00	    78386.00	 11733791.00	        0.99	  1600933.00	   314425.00
  1.13	  1845207.00	    80004.00	 11800943.00	        0.99	  1631293.00	   314412.00
  1.14	  1873734.00	    81692.00	 11864267.00	        0.99	  1662089.00	   314393.00
  1.15	  1902794.00	    83382.00	 11933971.00	        0.99	  1693505.00	   314382.00
  1.16	  1932256.00	    85123.00	 12001008.00	        0.99	  1725345.00	   314361.00
  1.17	  1962452.00	    86841.00	 12076553.00	        0.99	  1757962.00	   314345.00
  1.18	  1993237.00	    88662.00	 12152496.00	        0.99	  1791266.00	   314332.00
  1.19	  2023997.00	    90502.00	 12232203.00	        0.99	  1824616.00	   314314.00
  1.20	  2055393.00	    92411.00	 12309294.00	        0.99	  1858638.00	   314302.00
  1.21	  2087283.00	    94343.00	 12390594.00	        0.99	  1893204.00	   314288.00
  1.22	  2119148.00	    96447.00	 12472072.00	        0.99	  1927944.00	   314273.00
  1.23	  2151634.00	    98487.00	 12554776.00	        0.99	  1963224.00	   314252.00
  1.24	  2185014.00	   100572.00	 12634711.00	        0.99	  1999442.00	   314235.00
  1.25	  2218806.00	   102641.00	 12725543.00	        0.99	  2036165.00	   314221.00
  1.26	  2252983.00	   104970.00	 12811597.00	        0.99	  2073438.00	   314204.00
  1.27	  2287590.00	   107060.00	 12903952.00	        0.99	  2110997.00	   314190.00
  1.28	  2322849.00	   109289.00	 12998050.00	        0.99	  2149369.00	   314175.00
  1.29	  2358308.00	   111754.00	 13091427.00	        0.99	  2188167.00	   314153.00
  1.30	  2394367.00	   114189.00	 13188090.00	        0.99	  2227538.00	   314139.00
  1.31	  2430905.00	   116845.00	 13280227.00	        0.99	  2267580.00	   314119.00
  1.32	  2468348.00	   119371.00	 13383103.00	        0.99	  2308471.00	   314108.00
  1.33	  2506400.00	   121996.00	 13484001.00	        0.99	  2350092.00	   314096.00
  1.34	  2544883.00	   124651.00	 13591234.00	        0.99	  2392222.00	   314088.00
  1.35	  2583801.00	   127455.00	 13695216.00	        0.99	  2434879.00	   314074.00
  1.36	  2623433.00	   130333.00	 13804741.00	        0.99	  2478411.00	   314060.00
  1.37	  2663637.00	   133251.00	 13916537.00	        0.99	  2522556.00	   314049.00
  1.38	  2703892.00	   136395.00	 14024512.00	        0.99	  2566947.00	   314040.00
  1.39	  2745090.00	   139626.00	 14132472.00	        0.99	  2612356.00	   314021.00
  1.40	  2786681.00	   142991.00	 14248803.00	        0.99	  2658366.00	   314009.00
  1.41	  2828918.00	   146346.00	 14367420.00	        0.99	  2705042.00	   313995.00
  1.42	  2871870.00	   149806.00	 14486255.00	        0.99	  2752570.00	   313986.00
  1.43	  2915293.00	   153218.00	 14608626.00	        0.99	  2800545.00	   313979.00
  1.44	  2959514.00	   156796.00	 14731193.00	        0.99	  2849442.00	   313974.00
  1.45	  3004748.00	   160498.00	 14853050.00	        0.99	  2899507.00	   313971.00
  1.46	  3050433.00	   164229.00	 14988001.00	        0.99	  2950184.00	   313963.00
  1.47	  3096522.00	   168157.00	 15116440.00	        0.99	  3001365.00	   313953.00
  1.48	  3142990.00	   172177.00	 15257919.00	        0.99	  3053160.00	   313944.00
  1.49	  3190339.00	   176184.00	 15402038.00	        0.99	  3105819.00	   313935.00
  1.50	  3237937.00	   180497.00	 15540130.00	        0.99	  3158985.00	   313928.00
  1.51	  3286521.00	   184761.00	 15685102.00	        0.99	  3213149.00	   313915.00
  1.52	  3335805.00	   189300.00	 15833157.00	        0.99	  3268330.00	   313907.00
  1.53	  3385300.00	   193795.00	 15985554.00	        0.99	  3323742.00	   313899.00
  1.54	  3435843.00	   198474.00	 16142222.00	        0.99	  3380387.00	   313894.00
  1.55	  3487440.00	   203289.00	 16305769.00	        0.99	  3438273.00	   313887.00
  1.56	  3539915.00	   208136.00	 16466816.00	        0.99	  3497076.00	   313876.00
  1.57	  3593268.00	   213218.00	 16634216.00	        0.99	  3557033.00	   313868.00
  1.58	  3646917.00	   218422.00	 16808919.00	        0.99	  3617505.00	   313863.00
  1.59	  3701175.00	   223779.00	 16983740.00	        0.99	  3678692.00	   313850.00
  1.60	  3756325.00	   229377.00	 17166296.00	        0.99	  3741134.00	   313844.00
  1.61	  3811613.00	   235043.00	 17350995.00	        0.99	  3803823.00	   313841.00
  1.62	  3867927.00	   240880.00	 17542426.00	        0.99	  3867729.00	   313828.00
  1.63	  3924603.00	   246951.00	 17734536.00	        0.99	  3932286.00	   313822.00
  1.64	  3982309.00	   253140.00	 17938244.00	        0.99	  3998074.00	   313813.00
  1.65	  4040701.00	   259520.00	 18139806.00	        0.99	  4064719.00	   313807.00
  1.66	  4099556.00	   266073.00	 18339549.00	        0.99	  4131983.00	   313801.00
  1.67	  4159312.00	   272630.00	 18554999.00	        0.99	  4200316.00	   313793.00
  1.68	  4220490.00	   279748.00	 18766696.00	        0.99	  4270543.00	   313785.00
  1.69	  4281687.00	   286864.00	 18994594.00	        0.99	  4340918.00	   313782.00
  1.70	  4344153.00	   294056.00	 19222649.00	        0.99	  4412693.00	   313774.00
  1.71	  4407346.00	   301598.00	 19456873.00	        0.99	  4485625.00	   313768.00
  1.72	  4471038.00	   309585.00	 19697752.00	        0.99	  4559536.00	   313760.00
  1.73	  4535166.00	   317681.00	 19936625.00	        0.99	  4633972.00	   313755.00
  1.74	  4600300.00	   325975.00	 20181534.00	        0.99	  4709710.00	   313749.00
  1.75	  4666416.00	   334569.00	 20438403.00	        0.99	  4786813.00	   313744.00
  1.76	  4733207.00	   343504.00	 20697670.00	        0.99	  4864976.00	   313737.00
  1.77	  4800620.00	   352704.00	 20965252.00	        0.99	  4944073.00	   313730.00
  1.78	  4868342.00	   362028.00	 21232264.00	        0.99	  5023621.00	   313724.00
  1.79	  4937496.00	   371580.00	 21511494.00	        0.99	  5104965.00	   313712.00
  1.80	  5007620.00	   381476.00	 21798151.00	        0.99	  5187709.00	   313707.00
  1.81	  5078590.00	   391566.00	 22089070.00	        0.99	  5271532.00	   313699.00
  1.82	  5149851.00	   401919.00	 22394003.00	        0.99	  5356011.00	   313696.00
  1.83	  5221927.00	   412664.00	 22708409.00	        0.99	  5441832.00	   313694.00
  1.84	  5295265.00	   424045.00	 23011978.00	        0.99	  5529436.00	   313689.00
  1.85	  5369515.00	   435487.00	 23335832.00	        0.99	  5618168.00	   313685.00
  1.86	  5444334.00	   447205.00	 23672517.00	        0.99	  5707941.00	   313681.00
  1.87	  5520174.00	   459394.00	 24008425.00	        0.99	  5799176.00	   313678.00
  1.88	  5596363.00	   472122.00	 24355709.00	        0.99	  5891453.00	   313674.00
  1.89	  5673840.00	   485404.00	 24703758.00	        0.99	  5985529.00	   313667.00
  1.90	  5752140.00	   498637.00	 25068247.00	        0.99	  6080533.00	   313659.00
  1.91	  5830521.00	   512689.00	 25433869.00	        0.99	  6176486.00	   313656.00
  1.92	  5910068.00	   526714.00	 25822777.00	        0.99	  6273830.00	   313652.00
  1.93	  5990792.00	   541457.00	 26202609.00	        0.99	  6372924.00	   313651.00
  1.94	  6072231.00	   556734.00	 26591876.00	        0.99	  6473436.00	   313648.00
  1.95	  6154032.00	   572087.00	 27004708.00	        0.99	  6574638.00	   313643.00
  1.96	  6237061.00	   588025.00	 27426577.00	        0.99	  6677773.00	   313641.00
  1.97	  6320763.00	   604644.00	 27869120.00	        0.99	  6782416.00	   313638.00
  1.98	  6404730.00	   622104.00	 28302737.00	        0.99	  6888046.00	   313635.00
  1.99	  6489577.00	   639856.00	 28761589.00	        0.99	  6995146.00	   313630.00
  2.00	  6575449.00	   658009.00	 29220536.00	        0.99	  7103706.00	   313619.00
  2.01	  6661858.00	   676937.00	 29690142.00	        0.99	  7213679.00	   313616.00
  2.02	  6749363.00	   696158.00	 30194682.00	        0.99	  7325384.00	   313612.00
  2.03	  6836573.00	   715888.00	 30716434.00	        0.99	  7437466.00	   313609.00
  2.04	  6924816.00	   736521.00	 31232493.00	        0.99	  7551465.00	   313606.00
  2.05	  7013895.00	   757601.00	 31759666.00	        0.99	  7666888.00	   313601.00
  2.06	  7104109.00	   779660.00	 32294502.00	        0.99	  7784488.00	   313597.00
  2.07	  7194981.00	   802445.00	 32838416.00	        0.99	  7903600.00	   313593.00
  2.08	  7285508.00	   825726.00	 33418013.00	        0.99	  8023189.00	   313589.00
  2.09	  7377092.00	   850006.00	 34015090.00	        0.99	  8145001.00	   313583.00
  2.10	  7469844.00	   874569.00	 34624530.00	        0.99	  8268463.00	   313580.00
  2.11	  7562098.00	   900464.00	 35238892.00	        0.99	  8392776.00	   313576.00
  2.12	  7655108.00	   927031.00	 35871522.00	        0.99	  8518709.00	   313573.00
  2.13	  7748447.00	   954716.00	 36510141.00	        0.99	  8646179.00	   313568.00
  2.14	  7843442.00	   983114.00	 37165948.00	        0.99	  8776217.00	   313564.00
  2.15	  7938669.00	  1012405.00	 37844986.00	        0.99	  8907615.00	   313557.00
  2.16	  8034570.00	  1042578.00	 38543913.00	        0.99	  9040828.00	   313556.00
  2.17	  8130312.00	  1073286.00	 39278063.00	        0.99	  9174781.00	   313550.00
  2.18	  8226284.00	  1105865.00	 40017730.00	        0.99	  9310920.00	   313549.00
  2.19	  8323386.00	  1138726.00	 40772423.00	        0.99	  9448641.00	   313545.00
  2.20	  8420377.00	  1172784.00	 41567484.00	        0.99	  9587911.00	   313543.00
  2.21	  8517288.00	  1207990.00	 42365328.00	        0.99	  9728287.00	   313537.00
  2.22	  8615229.00	  1244272.00	 43177052.00	        0.99	  9870906.00	   313530.00
  2.23	  8713023.00	  1281864.00	 44033401.00	        0.99	 10015179.00	   313527.00
  2.24	  8810983.00	  1320933.00	 44898401.00	        0.99	 10161206.00	   313523.00
  2.25	  8908560.00	  1360788.00	 45782658.00	        0.99	 10307876.00	   313517.00
  2.26	  9006534.00	  1401957.00	 46703538.00	        0.99	 10456672.00	   313515.00
  2.27	  9104538.00	  1444553.00	 47650321.00	        0.99	 10607161.00	   313509.00
  2.28	  9202501.00	  1488866.00	 48610484.00	        0.99	 10759443.00	   313508.00
  2.29	  9299963.00	  1534622.00	 49589312.00	        0.99	 10912921.00	   313504.00
  2.30	  9397508.00	  1581410.00	 50626408.00	        0.99	 11068176.00	   313503.00
  2.31	  9495566.00	  1629166.00	 51713564.00	        0.99	 11225396.00	   313498.00
  2.32	  9592192.00	  1679273.00	 52790545.00	        0.99	 11383491.00	   313498.00
  2.33	  9689888.00	  1730406.00	 53883796.00	        0.99	 11543898.00	   313493.00
  2.34	  9786912.00	  1783110.00	 55043724.00	        0.99	 11705928.00	   313491.00
  2.35	  9883335.00	  1837273.00	 56226394.00	        0.99	 11869086.00	   313486.00
  2.36	  9979358.00	  1893185.00	 57436709.00	        0.99	 12033898.00	   313485.00
  2.37	 10074916.00	  1951053.00	 58676658.00	        0.99	 12200582.00	   313481.00
  2.38	 10170813.00	  2010360.00	 59962003.00	        0.99	 12369550.00	   313477.00
  2.39	 10264863.00	  2071836.00	 61275764.00	        0.99	 12539167.00	   313473.00
  2.40	 10358519.00	  2135352.00	 62608615.00	        0.99	 12710610.00	   313472.00
  2.41	 10451341.00	  2200489.00	 63997262.00	        0.99	 12883511.00	   313469.00
  2.42	 10543444.00	  2267268.00	 65431677.00	        0.98	 13057843.00	   313468.00
  2.43	 10635401.00	  2335525.00	 66920276.00	        0.98	 13234084.00	   313463.00
  2.44	 10725222.00	  2407379.00	 68393776.00	        0.98	 13411706.00	   313461.00
  2.45	 10814462.00	  2480060.00	 69948427.00	        0.98	 13590430.00	   313458.00
  2.46	 10902387.00	  2555366.00	 71549303.00	        0.98	 13770977.00	   313453.00
  2.47	 10988721.00	  2632794.00	 73193238.00	        0.98	 13952632.00	   313448.00
  2.48	 11072985.00	  2712077.00	 74890378.00	        0.98	 14134618.00	   313444.00
  2.49	 11157522.00	  2793747.00	 76639968.00	        0.98	 14319891.00	   313440.00
  2.50	 11239775.00	  2877970.00	 78431325.00	        0.98	 14505904.00	   313439.00
  2.51	 11320903.00	  2964299.00	 80281743.00	        0.98	 14693600.00	   313436.00
  2.52	 11399989.00	  3052696.00	 82190938.00	        0.98	 14881956.00	   313434.00
  2.53	 11477399.00	  3143695.00	 84133404.00	        0.98	 15071639.00	   313434.00
  2.54	 11553225.00	  3237262.00	 86140993.00	        0.98	 15263023.00	   313433.00
  2.55	 11626295.00	  3333986.00	 88194986.00	        0.98	 15455422.00	   313432.00
  2.56	 11697996.00	  3432222.00	 90325572.00	        0.98	 15648831.00	   313426.00
  2.57	 11767236.00	  3533920.00	 92523736.00	        0.98	 15843985.00	   313421.00
  2.58	 11834927.00	  3637560.00	 94795309.00	        0.98	 16040334.00	   313418.00
  2.59	 11900373.00	  3743636.00	 97149552.00	        0.98	 16237837.00	   313417.00
  2.60	 11961959.00	  3853020.00	 99542204.00	        0.98	 16435304.00	   313413.00
  2.61	 12020858.00	  3965612.00	102033125.00	        0.98	 16634339.00	   313411.00
  2.62	 12078795.00	  4080469.00	104561670.00	        0.98	 16835212.00	   313403.00
  2.63	 12132149.00	  4198658.00	107185176.00	        0.98	 17035898.00	   313400.00
  2.64	 12183594.00	  4319203.00	109884875.00	        0.98	 17237865.00	   313396.00
  2.65	 12231625.00	  4443003.00	112685070.00	        0.98	 17440793.00	   313395.00
  2.66	 12277122.00	  4568967.00	115545366.00	        0.98	 17644077.00	   313391.00
  2.67	 12319233.00	  4698387.00	118460538.00	        0.98	 17848159.00	   313384.00
  2.68	 12358779.00	  4830058.00	121496673.00	        0.98	 18053258.00	   313380.00
  2.69	 12394021.00	  4965490.00	124640208.00	        0.98	 18259048.00	   313378.00
  2.70	 12426691.00	  5103140.00	127882306.00	        0.98	 18465599.00	   313376.00
  2.71	 12455147.00	  5244743.00	131169096.00	        0.98	 18672483.00	   313374.00
  2.72	 12479554.00	  5388917.00	134594718.00	        0.98	 18879422.00	   313367.00
  2.73	 12500511.00	  5535138.00	138123628.00	        0.98	 19086124.00	   313367.00
  2.74	 12517376.00	  5685334.00	141747512.00	        0.98	 19293865.00	   313362.00
  2.75	 12531052.00	  5838273.00	145440110.00	        0.98	 19501997.00	   313359.00
  2.76	 12541350.00	  5994215.00	149202598.00	        0.98	 19710592.00	   313358.00
  2.77	 12546885.00	  6152533.00	153170371.00	        0.98	 19919032.00	   313357.00
  2.78	 12548016.00	  6314009.00	157260476.00	        0.98	 20127664.00	   313356.00
  2.79	 12545225.00	  6477853.00	161442402.00	        0.98	 20335827.00	   313351.00
  2.80	 12538488.00	  6644588.00	165736960.00	        0.98	 20544220.00	   313350.00
  2.81	 12526488.00	  6814092.00	170209254.00	        0.98	 20752130.00	   313350.00
  2.82	 12510162.00	  6986389.00	174799511.00	        0.98	 20959875.00	   313347.00
  2.83	 12489502.00	  7161626.00	179515832.00	        0.98	 21167727.00	   313343.00
  2.84	 12464657.00	  7339837.00	184386742.00	        0.98	 21376165.00	   313339.00
  2.85	 12434143.00	  7520074.00	189393613.00	        0.98	 21582516.00	   313338.00
  2.86	 12397530.00	  7704652.00	194518476.00	        0.98	 21788554.00	   313336.00
  2.87	 12356992.00	  7889763.00	199837945.00	        0.98	 21993356.00	   313333.00
  2.88	 12311739.00	  8077687.00	205264176.00	        0.98	 22197587.00	   313330.00
  2.89	 12261393.00	  8268543.00	210864305.00	        0.98	 22401654.00	   313329.00
  2.90	 12206317.00	  8461299.00	216622021.00	        0.98	 22604759.00	   313327.00
  2.91	 12147408.00	  8655576.00	222516995.00	        0.98	 22807182.00	   313325.00
  2.92	 12083035.00	  8852152.00	228543730.00	        0.98	 23008021.00	   313323.00
  2.93	 12015408.00	  9048848.00	234811716.00	        0.98	 23208394.00	   313320.00
  2.94	 11942940.00	  9247690.00	241267697.00	        0.98	 23408278.00	   313318.00
  2.95	 11864262.00	  9448217.00	247884090.00	        0.98	 23605532.00	   313313.00
  2.96	 11781288.00	  9650166.00	254685058.00	        0.98	 23802014.00	   313312.00
  2.97	 11693921.00	  9853137.00	261670915.00	        0.98	 23997332.00	   313312.00
  2.98	 11600914.00	 10058201.00	268822154.00	        0.98	 24191048.00	   313308.00
  2.99	 11504273.00	 10263270.00	276120652.00	        0.98	 24382958.00	   313306.00
  3.00	 11403168.00	 10468415.00	283664144.00	        0.98	 24573276.00	   313306.00
  3.01	 11296730.00	 10674561.00	291425287.00	        0.98	 24761780.00	   313301.00
  3.02	 11184988.00	 10880106.00	299468336.00	        0.98	 24947516.00	   313299.00
  3.03	 11070430.00	 11086450.00	307627873.00	        0.98	 25132786.00	   313295.00
  3.04	 10950458.00	 11292584.00	316088595.00	        0.98	 25315854.00	   313294.00
  3.05	 10825877.00	 11498710.00	324735483.00	        0.98	 25496502.00	   313291.00
  3.06	 10698218.00	 11703695.00	333598661.00	        0.98	 25675466.00	   313287.00
  3.07	 10564728.00	 11908469.00	342772469.00	        0.98	 25851907.00	   313287.00
  3.08	 10429241.00	 12111895.00	352086733.00	        0.98	 26026821.00	   313280.00
  3.09	 10289752.00	 12312911.00	361717981.00	        0.98	 26198904.00	   313275.00
  3.10	 10146449.00	 12512929.00	371565554.00	        0.98	 26368730.00	   313274.00
  3.11	  9999722.00	 12711096.00	381600478.00	        0.98	 26535586.00	   313269.00
  3.12	  9848510.00	 12908758.00	391887570.00	        0.98	 26700437.00	   313266.00
  3.13	  9695144.00	 13102851.00	402446040.00	        0.98	 26862681.00	   313263.00
  3.14	  9538348.00	 13294026.00	413352554.00	        0.98	 27022504.00	   313257.00
  3.15	  9378558.00	 13483182.00	424453205.00	        0.98	 27179737.00	   313254.00
  3.16	  9217100.00	 13669145.00	435767296.00	        0.98	 27334683.00	   313250.00
  3.17	  9052922.00	 13851315.00	447371362.00	        0.98	 27486494.00	   313247.00
  3.18	  8886954.00	 14029312.00	459279398.00	        0.98	 27635818.00	   313244.00
  3.19	  8716837.00	 14204290.00	471513502.00	        0.98	 27781741.00	   313240.00
  3.20	  8545764.00	 14374518.00	484020069.00	        0.98	 27925180.00	   313236.00
  3.21	  8372703.00	 14540855.00	496792005.00	        0.98	 28065891.00	   313231.00
  3.22	  8198420.00	 14701595.00	509859408.00	        0.98	 28203233.00	   313230.00
  3.23	  8022482.00	 14857168.00	523299697.00	        0.98	 28338038.00	   313226.00
  3.24	  7845074.00	 15009316.00	536902735.00	        0.97	 28470042.00	   313225.00
  3.25	  7666481.00	 15155299.00	550889817.00	        0.97	 28599010.00	   313221.00
  3.26	  7486198.00	 15296177.00	565157637.00	        0.97	 28724569.00	   313216.00
  3.27	  7306079.00	 15431302.00	579682024.00	        0.97	 28847606.00	   313213.00
  3.28	  7125913.00	 15560201.00	594475684.00	        0.97	 28967582.00	   313212.00
  3.29	  6946069.00	 15681783.00	609648897.00	        0.97	 29084896.00	   313210.00
  3.30	  6766055.00	 15797746.00	625058353.00	        0.97	 29199336.00	   313201.00
  3.31	  6586153.00	 15905376.00	640890840.00	        0.97	 29310264.00	   313197.00
  3.32	  6406203.00	 16007543.00	656907925.00	        0.96	 29418112.00	   313195.00
  3.33	  6227682.00	 16101391.00	673299649.00	        0.96	 29523316.00	   313190.00
  3.34	  6049240.00	 16188295.00	690009834.00	        0.96	 29625371.00	   313187.00
  3.35	  5872107.00	 16267755.00	706986861.00	        0.96	 29724500.00	   313184.00
  3.36	  5696215.00	 16339408.00	724278983.00	        0.96	 29820749.00	   313181.00
  3.37	  5522217.00	 16403384.00	741806222.00	        0.95	 29914077.00	   313175.00
  3.38	  5348470.00	 16459916.00	759688803.00	        0.95	 30004343.00	   313171.00
  3.39	  5176183.00	 16508580.00	777870026.00	        0.95	 30091709.00	   313164.00
  3.40	  5005503.00	 16549699.00	796308179.00	        0.94	 30176239.00	   313156.00
  3.41	  4837810.00	 16580835.00	815153540.00	        0.94	 30258367.00	   313150.00
  3.42	  4672477.00	 16603736.00	834242910.00	        0.94	 30337507.00	   313150.00
  3.43	  4509451.00	 16618753.00	853557323.00	        0.93	 30413848.00	   313147.00
  3.44	  4348404.00	 16625848.00	873110886.00	        0.93	 30487162.00	   313142.00
  3.45	  4190341.00	 16622469.00	893134101.00	        0.92	 30558184.00	   313136.00
  3.46	  4034393.00	 16611315.00	913413091.00	        0.92	 30626595.00	   313130.00
  3.47	  3881908.00	 16592108.00	933873683.00	        0.91	 30692708.00	   313125.00
  3.48	  3732487.00	 16563926.00	954599395.00	        0.91	 30755976.00	   313121.00
  3.49	  3584806.00	 16528291.00	975541801.00	        0.90	 30816240.00	   313117.00
  3.50	  3441718.00	 16482797.00	996817179.00	        0.90	 30874995.00	   313113.00
  3.51	  3301804.00	 16428781.00	1018344513.00	        0.89	 30931381.00	   313108.00
  3.52	  3164331.00	 16367110.00	1040089281.00	        0.88	 30985174.00	   313097.00
  3.53	  3030944.00	 16295410.00	1062116755.00	        0.88	 31036269.00	   313088.00
  3.54	  2900240.00	 16217157.00	1084335399.00	        0.87	 31085765.00	   313083.00
  3.55	  2773655.00	 16129086.00	1106856643.00	        0.86	 31132988.00	   313073.00
  3.56	  2650042.00	 16034233.00	1129514380.00	        0.85	 31178186.00	   313067.00
  3.57	  2530091.00	 15931485.00	1152315563.00	        0.84	 31220985.00	   313059.00
  3.58	  2413961.00	 15821590.00	1175257931.00	        0.83	 31262263.00	   313052.00
  3.59	  2301086.00	 15703590.00	1198465294.00	        0.83	 31301618.00	   313039.00
  3.60	  2191535.00	 15579021.00	1221738573.00	        0.82	 31338726.00	   313028.00
  3.61	  2085538.00	 15446767.00	1245254664.00	        0.81	 31374435.00	   313011.00
  3.62	  1983511.00	 15306853.00	1268925207.00	        0.79	 31408349.00	   312996.00
  3.63	  1884499.00	 15160084.00	1292756985.00	        0.78	 31440258.00	   312984.00
  3.64	  1789307.00	 15007061.00	1316668379.00	        0.77	 31470881.00	   312962.00
  3.65	  1697828.00	 14847947.00	1340655710.00	        0.76	 31500078.00	   312935.00
  3.66	  1609072.00	 14683522.00	1364696265.00	        0.75	 31527453.00	   312918.00
  3.67	  1524897.00	 14512639.00	1388810198.00	        0.74	 31553911.00	   312899.00
  3.68	  1443310.00	 14336008.00	1413040232.00	        0.72	 31578565.00	   312875.00
  3.69	  1364640.00	 14152561.00	1437492973.00	        0.71	 31601800.00	   312850.00
  3.70	  1289598.00	 13964507.00	1461936017.00	        0.70	 31624155.00	   312818.00
  3.71	  1217512.00	 13773156.00	1486255869.00	        0.68	 31645047.00	   312797.00
  3.72	  1148692.00	 13576382.00	1510691170.00	        0.67	 31665035.00	   312765.00
  3.73	  1083191.00	 13375295.00	1535065625.00	        0.65	 31683539.00	   312714.00
  3.74	  1021034.00	 13170000.00	1559413532.00	        0.64	 31701037.00	   312669.00
  3.75	   960902.00	 12961032.00	1583813006.00	        0.63	 31717483.00	   312641.00
  3.76	   903982.00	 12748962.00	1608095905.00	        0.61	 31732954.00	   312599.00
  3.77	   849467.00	 12532649.00	1632480614.00	        0.59	 31747669.00	   312546.00
  3.78	   797852.00	 12313847.00	1656725575.00	        0.58	 31761469.00	   312480.00
  3.79	   748654.00	 12093247.00	1680834771.00	        0.56	 31774499.00	   312419.00
  3.80	   701934.00	 11869475.00	1704913450.00	        0.55	 31786517.00	   312342.00
  3.81	   657727.00	 11643062.00	1728936251.00	        0.53	 31797874.00	   312280.00
  3.82	   615891.00	 11415005.00	1752834691.00	        0.51	 31808696.00	   312178.00
  3.83	   575999.00	 11185956.00	1776571423.00	        0.50	 31818802.00	   312077.00
  3.84	   538413.00	 10956689.00	1800024691.00	        0.48	 31828115.00	   311980.00
  3.85	   502414.00	 10725621.00	1823443873.00	        0.46	 31836783.00	   311848.00
  3.86	   468770.00	 10493622.00	1846653586.00	        0.45	 31844767.00	   311728.00
  3.87	   437348.00	 10261801.00	1869611662.00	        0.43	 31852510.00	   311598.00
  3.88	   407317.00	 10029703.00	1892405039.00	        0.41	 31859593.00	   311422.00
  3.89	   379092.00	  9798289.00	1914897465.00	        0.40	 31866055.00	   311244.00
  3.90	   352497.00	  9567114.00	1937174309.00	        0.38	 31872125.00	   311039.00
  3.91	   327789.00	  9336056.00	1959232460.00	        0.37	 31877873.00	   310807.00
  3.92	   304398.00	  9105929.00	1981033484.00	        0.35	 31883095.00	   310571.00
  3.93	   282188.00	  8877752.00	2002507195.00	        0.33	 31887980.00	   310312.00
  3.94	   261309.00	  8650000.00	2023776821.00	        0.32	 31892453.00	   310028.00
  3.95	   241976.00	  8423728.00	2044741990.00	        0.30	 31896705.00	   309743.00
  3.96	   223318.00	  8199608.00	2065397212.00	        0.29	 31900533.00	   309403.00
  3.97	   206064.00	  7976876.00	2085771403.00	        0.27	 31904125.00	   309054.00
  3.98	   190076.00	  7755459.00	2105869694.00	        0.26	 31907316.00	   308665.00
  3.99	   175206.00	  7536811.00	2125592383.00	        0.25	 31910400.00	   308190.00
  4.00	   161425.00	  7321312.00	2144878152.00	        0.23	 31913167.00	   307661.00
  4.01	   148279.00	  7108390.00	2163847619.00	        0.22	 31915745.00	   307140.00
  4.02	   136073.00	  6896585.00	2182599671.00	        0.21	 31918033.00	   306557.00
  4.03	   124945.00	  6688667.00	2200887042.00	        0.20	 31920268.00	   305986.00
  4.04	   114352.00	  6483679.00	2218821463.00	        0.18	 31922285.00	   305282.00
  4.05	   104491.00	  6282081.00	2236347887.00	        0.17	 31924129.00	   304540.00
  4.06	    95455.00	  6083458.00	2253502897.00	        0.16	 31925781.00	   303778.00
  4.07	    87104.00	  5887366.00	2270349870.00	        0.15	 31927333.00	   302937.00
  4.08	    79478.00	  5695341.00	2286735700.00	        0.14	 31928827.00	   302043.00
  4.09	    72329.00	  5506396.00	2302777753.00	        0.13	 31930108.00	   301076.00
  4.10	    65738.00	  5321051.00	2318416631.00	        0.12	 31931277.00	   300046.00
  4.11	    59686.00	  5138954.00	2333693638.00	        0.12	 31932324.00	   298943.00
  4.12	    54011.00	  4960923.00	2348531969.00	        0.11	 31933242.00	   297731.00
  4.13	    48962.00	  4786291.00	2362990053.00	        0.10	 31934113.00	   296551.00
  4.14	    44218.00	  4614959.00	2377099399.00	        0.09	 31934839.00	   295267.00
  4.15	    39971.00	  4448211.00	2390717755.00	        0.09	 31935515.00	   293932.00
  4.16	    35989.00	  4285170.00	2403954625.00	        0.08	 31936111.00	   292456.00
  4.17	    32244.00	  4126655.00	2416742565.00	        0.07	 31936676.00	   290846.00
  4.18	    28845.00	  3972131.00	2429107527.00	        0.07	 31937169.00	   289188.00
  4.19	    25801.00	  3820989.00	2441126847.00	        0.06	 31937646.00	   287481.00
  4.20	    23137.00	  3673317.00	2452780596.00	        0.06	 31938074.00	   285617.00
  4.21	    20613.00	  3529434.00	2464065619.00	        0.05	 31938455.00	   283687.00
  4.22	    18317.00	  3389280.00	2474971636.00	        0.05	 31938771.00	   281688.00
  4.23	    16192.00	  3253729.00	2485419433.00	        0.04	 31939035.00	   279589.00
  4.24	    14363.00	  3121921.00	2495488465.00	        0.04	 31939306.00	   277393.00
  4.25	    12734.00	  2993527.00	2505204971.00	        0.04	 31939523.00	   275111.00
  4.26	    11203.00	  2868568.00	2514597456.00	        0.03	 31939719.00	   272675.00
  4.27	     9826.00	  2748372.00	2523512289.00	        0.03	 31939878.00	   270144.00
  4.28	     8667.00	  2631109.00	2532133631.00	        0.03	 31940039.00	   267554.00
  4.29	     7629.00	  2518260.00	2540321775.00	        0.02	 31940174.00	   264816.00
  4.30	     6685.00	  2408582.00	2548198773.00	        0.02	 31940285.00	   261945.00
  4.31	     5826.00	  2302562.00	2555723836.00	        0.02	 31940402.00	   258959.00
  4.32	     5115.00	  2199793.00	2562926340.00	        0.02	 31940493.00	   255937.00
  4.33	     4459.00	  2100709.00	2569772077.00	        0.02	 31940570.00	   252680.00
  4.34	     3866.00	  2005602.00	2576234157.00	        0.01	 31940634.00	   249375.00
  4.35	     3345.00	  1913421.00	2582415604.00	        0.01	 31940689.00	   245793.00
  4.36	     2864.00	  1825341.00	2588195659.00	        0.01	 31940732.00	   242323.00
  4.37	     2491.00	  1739666.00	2593742099.00	        0.01	 31940780.00	   238683.00
  4.38	     2144.00	  1657764.00	2598930632.00	        0.01	 31940826.00	   235014.00
  4.39	     1867.00	  1578664.00	2603842746.00	        0.01	 31940861.00	   231241.00
  4.40	     1602.00	  1502452.00	2608482971.00	        0.01	 31940882.00	   227382.00
  4.41	     1380.00	  1429577.00	2612798137.00	        0.01	 31940907.00	   223488.00
  4.42	     1196.00	  1359116.00	2616885393.00	        0.01	 31940928.00	   219371.00
  4.43	     1020.00	  1291660.00	2620683739.00	        0.00	 31940942.00	   215162.00
  4.44	      863.00	  1226914.00	2624223955.00	        0.00	 31940956.00	   210821.00
  4.45	      727.00	  1164724.00	2627520975.00	        0.00	 31940968.00	   206407.00
  4.46	      621.00	  1105245.00	2630553463.00	        0.00	 31940978.00	   201999.00
  4.47	      518.00	  1048775.00	2633299734.00	        0.00	 31940989.00	   197503.00
  4.48	      439.00	   994584.00	2635829462.00	        0.00	 31941000.00	   193164.00
  4.49	      384.00	   942233.00	2638185553.00	        0.00	 31941008.00	   188558.00
  4.50	      336.00	   892467.00	2640296443.00	        0.00	 31941015.00	   183970.00
  4.51	      276.00	   845103.00	2642172990.00	        0.00	 31941016.00	   179333.00
  4.52	      226.00	   799220.00	2643914041.00	        0.00	 31941018.00	   174613.00
  4.53	      187.00	   755803.00	2645411140.00	        0.00	 31941022.00	   169808.00
  4.54	      163.00	   714435.00	2646716965.00	        0.00	 31941029.00	   164971.00
  4.55	      125.00	   674876.00	2647854787.00	        0.00	 31941031.00	   160144.00
  4.56	      100.00	   637327.00	2648799960.00	        0.00	 31941032.00	   155376.00
  4.57	       84.00	   601797.00	2649551640.00	        0.00	 31941033.00	   150579.00
  4.58	       68.00	   568050.00	2650130024.00	        0.00	 31941034.00	   145796.00
  4.59	       52.00	   535972.00	2650550447.00	        0.00	 31941035.00	   141135.00
  4.60	       45.00	   505152.00	2650851903.00	        0.00	 31941036.00	   136449.00
  4.61	       35.00	   476045.00	2650986977.00	        0.00	 31941037.00	   131888.00
  4.62	       31.00	   448391.00	2650984793.00	        0.00	 31941037.00	   127283.00
  4.63	       30.00	   421928.00	2650873453.00	        0.00	 31941037.00	   122685.00
  4.64	       24.00	   396739.00	2650646190.00	        0.00	 31941038.00	   118227.00
  4.65	       21.00	   373193.00	2650255071.00	        0.00	 31941038.00	   113915.00
  4.66	       17.00	   350479.00	2649789194.00	        0.00	 31941038.00	   109510.00
  4.67	       14.00	   329176.00	2649192871.00	        0.00	 31941038.00	   105240.00
  4.68	       13.00	   309107.00	2648474366.00	        0.00	 31941038.00	   101034.00
  4.69	        9.00	   290050.00	2647661671.00	        0.00	 31941038.00	    96926.00
  4.70	        9.00	   271945.00	2646757171.00	        0.00	 31941039.00	    92880.00
  4.71	        8.00	   255046.00	2645737650.00	        0.00	 31941039.00	    89035.00
  4.72	        6.00	   239005.00	2644635972.00	        0.00	 31941039.00	    85273.00
  4.73	        5.00	   223966.00	2643440045.00	        0.00	 31941039.00	    81544.00
  4.74	        5.00	   209484.00	2642191582.00	        0.00	 31941039.00	    77776.00
  4.75	        5.00	   196123.00	2640838983.00	        0.00	 31941039.00	    74299.00
  4.76	        6.00	   183426.00	2639426288.00	        0.00	 31941040.00	    70783.00
  4.77	        5.00	   171433.00	2637948181.00	        0.00	 31941040.00	    67340.00
  4.78	        5.00	   160241.00	2636395417.00	        0.00	 31941040.00	    64124.00
  4.79	        5.00	   149493.00	2634800445.00	        0.00	 31941040.00	    60876.00
  4.80	        5.00	   139642.00	2633117563.00	        0.00	 31941040.00	    57915.00
  4.81	        4.00	   130395.00	2631380511.00	        0.00	 31941040.00	    55134.00
  4.82	        3.00	   121587.00	2629601257.00	        0.00	 31941040.00	    52273.00
  4.83	        3.00	   113504.00	2627754895.00	        0.00	 31941040.00	    49631.00
  4.84	        3.00	   105751.00	2625879726.00	        0.00	 31941040.00	    47037.00
  4.85	        3.00	    98546.00	2623954583.00	        0.00	 31941040.00	    44625.00
  4.86	        3.00	    91842.00	2621979737.00	        0.00	 31941040.00	    42255.00
  4.87	        3.00	    85548.00	2619967205.00	        0.00	 31941040.00	    40016.00
  4.88	        3.00	    79617.00	2617922449.00	        0.00	 31941040.00	    37850.00
  4.89	        3.00	    74073.00	2615840503.00	        0.00	 31941040.00	    35783.00
  4.90	        3.00	    68818.00	2613734705.00	        0.00	 31941040.00	    33798.00
  4.91	        3.00	    63997.00	2611589924.00	        0.00	 31941040.00	    31918.00
  4.92	        3.00	    59465.00	2609421010.00	        0.00	 31941040.00	    30132.00
  4.93	        2.00	    55270.00	2607218738.00	        0.00	 31941040.00	    28453.00
  4.94	        2.00	    51243.00	2605005933.00	        0.00	 31941040.00	    26834.00
  4.95	        2.00	    47555.00	2602759896.00	        0.00	 31941040.00	    25290.00
  4.96	        2.00	    43965.00	2600508520.00	        0.00	 31941040.00	    23703.00
  4.97	        1.00	    40685.00	2598227438.00	        0.00	 31941040.00	    22264.00
  4.98	        1.00	    37662.00	2595922826.00	        0.00	 31941040.00	    20950.00
  4.99	        1.00	    34796.00	2593608450.00	        0.00	 31941040.00	    19645.00
  5.00	        1.00	    32180.00	2591269766.00	        0.00	 31941040.00	    18428.00
  5.01	        1.00	    29739.00	2588914735.00	        0.00	 31941040.00	    17251.00
  5.02	        1.00	    27515.00	2586543111.00	        0.00	 31941040.00	    16171.00
  5.03	        1.00	    25337.00	2584170095.00	        0.00	 31941040.00	    15111.00
  5.04	        1.00	    23343.00	2581782872.00	        0.00	 31941040.00	    14150.00
  5.05	        1.00	    21561.00	2579376723.00	        0.00	 31941040.00	    13242.00
  5.06	        0.00	    19922.00	2576957155.00	        0.00	 31941040.00	    12400.00
  5.07	        0.00	    18317.00	2574537517.00	        0.00	 31941040.00	    11544.00
  5.08	        0.00	    16819.00	2572109327.00	        0.00	 31941040.00	    10773.00
  5.09	        0.00	    15506.00	2569665451.00	        0.00	 31941040.00	    10066.00
  5.10	        0.00	    14280.00	2567215917.00	        0.00	 31941040.00	     9371.00
  5.11	        0.00	    13116.00	2564759835.00	        0.00	 31941040.00	     8739.00
  5.12	        0.00	    12053.00	2562297073.00	        0.00	 31941040.00	     8141.00
  5.13	        0.00	    11077.00	2559829845.00	        0.00	 31941040.00	     7621.00
  5.14	        0.00	    10137.00	2557363048.00	        0.00	 31941040.00	     7071.00
  5.15	        0.00	     9322.00	2554886746.00	        0.00	 31941040.00	     6613.00
  5.16	        0.00	     8535.00	2552410205.00	        0.00	 31941040.00	     6146.00
  5.17	        0.00	     7870.00	2549922628.00	        0.00	 31941040.00	     5755.00
  5.18	        0.00	     7242.00	2547433400.00	        0.00	 31941040.00	     5358.00
  5.19	        0.00	     6669.00	2544944447.00	        0.00	 31941040.00	     4995.00
  5.20	        0.00	     6076.00	2542458249.00	        0.00	 31941040.00	     4612.00
  5.21	        0.00	     5600.00	2539961827.00	        0.00	 31941040.00	     4298.00
  5.22	        0.00	     5134.00	2537468081.00	        0.00	 31941040.00	     3980.00
  5.23	        0.00	     4708.00	2534973906.00	        0.00	 31941040.00	     3694.00
  5.24	        0.00	     4306.00	2532478103.00	        0.00	 31941040.00	     3404.00
  5.25	        0.00	     3916.00	2529984285.00	        0.00	 31941040.00	     3135.00
  5.26	        0.00	     3606.00	2527487568.00	        0.00	 31941040.00	     2936.00
  5.27	        0.00	     3248.00	2524996074.00	        0.00	 31941040.00	     2674.00
  5.28	        0.00	     2984.00	2522499217.00	        0.00	 31941040.00	     2480.00
  5.29	        0.00	     2740.00	2519999315.00	        0.00	 31941040.00	     2294.00
  5.30	        0.00	     2448.00	2517509017.00	        0.00	 31941040.00	     2079.00
  5.31	        0.00	     2213.00	2515014817.00	        0.00	 31941040.00	     1896.00
  5.32	        0.00	     2010.00	2512520524.00	        0.00	 31941040.00	     1738.00
  5.33	        0.00	     1832.00	2510028403.00	        0.00	 31941040.00	     1592.00
  5.34	        0.00	     1656.00	2507536614.00	        0.00	 31941040.00	     1452.00
  5.35	        0.00	     1506.00	2505043806.00	        0.00	 31941040.00	     1329.00
  5.36	        0.00	     1374.00	2502551814.00	        0.00	 31941040.00	     1214.00
  5.37	        0.00	     1240.00	2500063765.00	        0.00	 31941040.00	     1107.00
  5.38	        0.00	     1130.00	2497576633.00	        0.00	 31941040.00	     1007.00
  5.39	        0.00	     1042.00	2495088742.00	        0.00	 31941040.00	      928.00
  5.40	        0.00	      924.00	2492606143.00	        0.00	 31941040.00	      836.00
  5.41	        0.00	      831.00	2490123430.00	        0.00	 31941040.00	      751.00
  5.42	        0.00	      743.00	2487639108.00	        0.00	 31941040.00	      667.00
  5.43	        0.00	      667.00	2485161878.00	        0.00	 31941040.00	      605.00
  5.44	        0.00	      618.00	2482681066.00	        0.00	 31941040.00	      562.00
  5.45	        0.00	      565.00	2480204015.00	        0.00	 31941040.00	      516.00
  5.46	        0.00	      524.00	2477731374.00	        0.00	 31941040.00	      479.00
  5.47	        0.00	      480.00	2475261651.00	        0.00	 31941040.00	      437.00
  5.48	        0.00	      428.00	2472792300.00	        0.00	 31941040.00	      391.00
  5.49	        0.00	      392.00	2470325114.00	        0.00	 31941040.00	      361.00
  5.50	        0.00	      345.00	2467861478.00	        0.00	 31941040.00	      319.00
  5.51	        0.00	      309.00	2465401550.00	        0.00	 31941040.00	      287.00
  5.52	        0.00	      276.00	2462941279.00	        0.00	 31941040.00	      262.00
  5.53	        0.00	      251.00	2460485058.00	        0.00	 31941040.00	      238.00
  5.54	        0.00	      230.00	2458023556.00	        0.00	 31941040.00	      219.00
  5.55	        0.00	      211.00	2455570056.00	        0.00	 31941040.00	      202.00
  5.56	        0.00	      192.00	2453116965.00	        0.00	 31941040.00	      186.00
  5.57	        0.00	      170.00	2450667943.00	        0.00	 31941040.00	      166.00
  5.58	        0.00	      147.00	2448219933.00	        0.00	 31941040.00	      143.00
  5.59	        0.00	      137.00	2445774487.00	        0.00	 31941040.00	      133.00
  5.60	        0.00	      127.00	2443329496.00	        0.00	 31941040.00	      122.00
  5.61	        0.00	      112.00	2440887826.00	        0.00	 31941040.00	      108.00
  5.62	        0.00	       98.00	2438449524.00	        0.00	 31941040.00	       95.00
  5.63	        0.00	       86.00	2436015292.00	        0.00	 31941040.00	       83.00
  5.64	        0.00	       79.00	2433580210.00	        0.00	 31941040.00	       77.00
  5.65	        0.00	       72.00	2431147979.00	        0.00	 31941040.00	       70.00
  5.66	        0.00	       63.00	2428716886.00	        0.00	 31941040.00	       61.00
  5.67	        0.00	       57.00	2426291979.00	        0.00	 31941040.00	       56.00
  5.68	        0.00	       56.00	2423864943.00	        0.00	 31941040.00	       55.00
  5.69	        0.00	       53.00	2421442437.00	        0.00	 31941040.00	       52.00
  5.70	        0.00	       50.00	2419022403.00	        0.00	 31941040.00	       49.00
  5.71	        0.00	       43.00	2416606006.00	        0.00	 31941040.00	       43.00
  5.72	        0.00	       39.00	2414192064.00	        0.00	 31941040.00	       39.00
  5.73	        0.00	       33.00	2411778249.00	        0.00	 31941040.00	       33.00
  5.74	        0.00	       32.00	2409365702.00	        0.00	 31941040.00	       32.00
  5.75	        0.00	       30.00	2406956106.00	        0.00	 31941040.00	       30.00
  5.76	        0.00	       29.00	2404549314.00	        0.00	 31941040.00	       29.00
  5.77	        0.00	       28.00	2402144660.00	        0.00	 31941040.00	       28.00
  5.78	        0.00	       24.00	2399741947.00	        0.00	 31941040.00	       24.00
  5.79	        0.00	       21.00	2397343798.00	        0.00	 31941040.00	       21.00
  5.80	        0.00	       19.00	2394948716.00	        0.00	 31941040.00	       19.00
  5.81	        0.00	       18.00	2392554253.00	        0.00	 31941040.00	       18.00
  5.82	        0.00	       18.00	2390163285.00	        0.00	 31941040.00	       18.00
  5.83	        0.00	       13.00	2387772892.00	        0.00	 31941040.00	       13.00
  5.84	        0.00	       10.00	2385386080.00	        0.00	 31941040.00	       10.00
  5.85	        0.00	        9.00	2383001926.00	        0.00	 31941040.00	        9.00
  5.86	        0.00	        8.00	2380619685.00	        0.00	 31941040.00	        8.00
  5.87	        0.00	        8.00	2378241822.00	        0.00	 31941040.00	        8.00
  5.88	        0.00	        7.00	2375863631.00	        0.00	 31941040.00	        7.00
  5.89	        0.00	        7.00	2373488327.00	        0.00	 31941040.00	        7.00
  5.90	        0.00	        7.00	2371116601.00	        0.00	 31941040.00	        7.00
  5.91	        0.00	        5.00	2368747459.00	        0.00	 31941040.00	        5.00
  5.92	        0.00	        5.00	2366380622.00	        0.00	 31941040.00	        5.00
  5.93	        0.00	        5.00	2364014250.00	        0.00	 31941040.00	        5.00
  5.94	        0.00	        5.00	2361649492.00	        0.00	 31941040.00	        5.00
  5.95	        0.00	        4.00	2359290254.00	        0.00	 31941040.00	        4.00
  5.96	        0.00	        3.00	2356932121.00	        0.00	 31941040.00	        3.00
  5.97	        0.00	        3.00	2354575219.00	        0.00	 31941040.00	        3.00
  5.98	        0.00	        3.00	2352220144.00	        0.00	 31941040.00	        3.00
  5.99	        0.00	        3.00	2349868761.00	        0.00	 31941040.00	        3.00
  6.00	        0.00	        3.00	2347521440.00	        0.00	 31941040.00	        3.00
  6.01	        0.00	        3.00	2345177051.00	        0.00	 31941040.00	        3.00
  6.02	        0.00	        3.00	2342833441.00	        0.00	 31941040.00	        3.00
  6.03	        0.00	        3.00	2340494947.00	        0.00	 31941040.00	        3.00
  6.04	        0.00	        3.00	2338152713.00	        0.00	 31941040.00	        3.00
  6.05	        0.00	        3.00	2335816908.00	        0.00	 31941040.00	        3.00
  6.06	        0.00	        3.00	2333485074.00	        0.00	 31941040.00	        3.00
  6.07	        0.00	        2.00	2331151015.00	        0.00	 31941040.00	        2.00
  6.08	        0.00	        2.00	2328823121.00	        0.00	 31941040.00	        2.00
  6.09	        0.00	        2.00	2326493013.00	        0.00	 31941040.00	        2.00
  6.10	        0.00	        2.00	2324168458.00	        0.00	 31941040.00	        2.00
  6.11	        0.00	        2.00	2321846111.00	        0.00	 31941040.00	        2.00
  6.12	        0.00	        2.00	2319526404.00	        0.00	 31941040.00	        2.00
  6.13	        0.00	        2.00	2317206054.00	        0.00	 31941040.00	        2.00
  6.14	        0.00	        1.00	2314888420.00	        0.00	 31941040.00	        1.00
  6.15	        0.00	        1.00	2312577232.00	        0.00	 31941040.00	        1.00
  6.16	        0.00	        1.00	2310265591.00	        0.00	 31941040.00	        1.00
  6.17	        0.00	        1.00	2307955427.00	        0.00	 31941040.00	        1.00
  6.18	        0.00	        1.00	2305647368.00	        0.00	 31941040.00	        1.00
  6.19	        0.00	        1.00	2303342437.00	        0.00	 31941040.00	        1.00
  6.20	        0.00	        1.00	2301037693.00	        0.00	 31941040.00	        1.00
  6.21	        0.00	        1.00	2298737090.00	        0.00	 31941040.00	        1.00
  6.22	        0.00	        1.00	2296439318.00	        0.00	 31941040.00	        1.00
  6.23	        0.00	        1.00	2294145351.00	        0.00	 31941040.00	        1.00
  6.24	        0.00	        1.00	2291852739.00	        0.00	 31941040.00	        1.00
  6.25	        0.00	        1.00	2289562899.00	        0.00	 31941040.00	        1.00
  6.26	        0.00	        1.00	2287275928.00	        0.00	 31941040.00	        1.00
  6.27	        0.00	        1.00	2284990676.00	        0.00	 31941040.00	        1.00
  6.28	        0.00	        1.00	2282707243.00	        0.00	 31941040.00	        1.00
  6.29	        0.00	        1.00	2280425373.00	        0.00	 31941040.00	        1.00
  6.30	        0.00	        1.00	2278145571.00	        0.00	 31941040.00	        1.00
  6.31	        0.00	        1.00	2275870221.00	        0.00	 31941040.00	        1.00
  6.32	        0.00	        1.00	2273593692.00	        0.00	 31941040.00	        1.00
  6.33	        0.00	        1.00	2271321616.00	        0.00	 31941040.00	        1.00
  6.34	        0.00	        1.00	2269053521.00	        0.00	 31941040.00	        1.00
  6.35	        0.00	        1.00	2266785840.00	        0.00	 31941040.00	        1.00
  6.36	        0.00	        1.00	2264521301.00	        0.00	 31941040.00	        1.00
  6.37	        0.00	        0.00	2262257294.00	        0.00	 31941040.00	        0.00
