Datatype: PopulationSize
  0.00	        1.00	        0.00	        0.00	        1.00	        0.00	        1.00
  0.01	        1.00	        0.00	        0.00	        1.00	        0.00	        1.00
  0.02	        1.00	        0.00	        0.00	        1.00	        0.00	        1.00
  0.03	        1.00	        0.00	        0.00	        1.00	        0.00	        1.00
  0.04	        1.00	        0.00	        0.00	        1.00	        0.00	        1.00
  0.05	        1.00	        0.00	        0.00	        1.00	        0.00	        1.00
  0.06	        1.00	        0.00	        0.00	        1.00	        0.00	        1.00
  0.07	        1.00	        0.00	        0.00	        1.00	        0.00	        1.00
  0.08	        1.00	        0.00	        0.00	        1.00	        0.00	        1.00
  0.09	        1.00	        0.00	        0.00	        1.00	        0.00	        1.00
  0.10	        1.00	        0.00	        0.00	        1.00	        0.00	        1.00
  0.11	        1.00	        0.00	        0.00	        1.00	        0.00	        1.00
  0.12	        1.00	        0.00	        0.00	        1.00	        0.00	        1.00
  0.13	        1.00	        0.00	        0.00	        1.00	        0.00	        1.00
  0.14	        1.00	        0.00	        0.00	        1.00	        0.00	        1.00
  0.15	        1.00	        0.00	        0.00	        1.00	        0.00	        1.00
  0.16	        1.00	        0.00	        0.00	        1.00	        0.00	        1.00
  0.17	        1.00	        0.00	        0.00	        1.00	        0.00	        1.00
  0.18	        1.00	        0.00	        0.00	        1.00	        0.00	        1.00
  0.19	        1.00	        0.00	        0.00	        1.00	        0.00	        1.00
  0.20	        1.00	        0.00	        0.00	        1.00	        0.00	        1.00
  0.21	        1.00	        0.00	        0.00	        1.00	        0.00	        1.00
  0.22	        1.00	        0.00	        0.00	        1.00	        0.00	        1.00
  0.23	        1.00	        0.00	        0.00	        1.00	        0.00	        1.00
  0.24	        1.00	        0.00	        0.00	        1.00	        0.00	        1.00
  0.25	        1.00	        0.00	        0.00	        1.00	        0.00	        1.00
  0.26	        1.00	        0.00	        0.00	        1.00	        0.00	        1.00
  0.27	        1.00	        0.00	        0.00	        1.00	        0.00	        1.00
  0.28	        1.00	        0.00	        0.00	        1.00	        0.00	        1.00
  0.29	        1.00	        0.00	        0.00	        1.00	        0.00	        1.00
  0.30	        1.00	        0.00	        0.00	        1.00	        0.00	        1.00
  0.31	        1.00	        0.00	        0.00	        1.00	        0.00	        1.00
  0.32	        1.00	        0.00	        0.00	        1.00	        0.00	        1.00
  0.33	        1.00	        0.00	        0.00	        1.00	        0.00	        1.00
  0.34	        1.00	        0.00	        0.00	        1.00	        0.00	        1.00
  0.35	        1.00	        0.00	        0.00	        1.00	        0.00	        1.00
  0.36	        1.00	        0.00	        0.00	        1.00	        0.00	        1.00
  0.37	        1.00	        0.00	        0.00	        1.00	        0.00	        1.00
  0.38	        1.00	        0.00	        0.00	        1.00	        0.00	        1.00
  0.39	        1.00	        0.00	        0.00	        1.00	        0.00	        1.00
  0.40	        1.00	        0.00	        0.00	        1.00	        0.00	        1.00
  0.41	        1.00	        0.00	        0.00	        1.00	        0.00	        1.00
  0.42	        1.00	        0.00	        0.00	        1.00	        0.00	        1.00
  0.43	        1.00	        0.00	        0.00	        1.00	        0.00	        1.00
  0.44	        1.00	        0.00	        0.00	        1.00	        0.00	        1.00
  0.45	        1.00	        0.00	        0.00	        1.00	        0.00	        1.00
  0.46	        1.00	        0.00	        0.00	        1.00	        0.00	        1.00
  0.47	        1.00	        0.00	        0.00	        1.00	        0.00	        1.00
  0.48	        1.00	        0.00	        0.00	        1.00	        0.00	        1.00
  0.49	        1.00	        0.00	        0.00	        1.00	        0.00	        1.00
  0.50	        1.00	        0.00	        0.00	        1.00	        0.00	        1.00
  0.51	        1.00	        0.00	        0.00	        1.00	        0.00	        1.00
  0.52	        1.00	        0.00	        0.00	        1.00	        0.00	        1.00
  0.53	        1.00	        0.00	        0.00	        1.00	        0.00	        1.00
  0.54	        1.00	        0.00	        0.00	        1.00	        0.00	        1.00
  0.55	        1.00	        0.00	        0.00	        1.00	        0.00	        1.00
  0.56	        1.00	        0.00	        0.00	        1.00	        0.00	        1.00
  0.57	        1.00	        0.00	        0.00	        1.00	        0.00	        1.00
  0.58	        1.00	        0.00	        0.00	        1.00	        0.00	        1.00
  0.59	        1.00	        0.00	        0.00	        1.00	        0.00	        1.00
  0.60	        1.00	        0.00	        0.00	        1.00	        0.00	        1.00
  0.61	        1.00	        0.00	        0.00	        1.00	        0.00	        1.00
  0.62	        1.00	        0.00	        0.00	        1.00	        0.00	        1.00
  0.63	        1.00	        0.00	        0.00	        1.00	        0.00	        1.00
  0.64	        1.00	        0.00	        0.00	        1.00	        0.00	        1.00
  0.65	        1.00	        0.00	        0.00	        1.00	        0.00	        1.00
  0.66	        1.00	        0.00	        0.00	        1.00	        0.00	        1.00
  0.67	        1.00	        0.00	        0.00	        1.00	        0.00	        1.00
  0.68	        1.00	        0.00	        0.00	        1.00	        0.00	        1.00
  0.69	        1.00	        0.00	        0.00	        1.00	        0.00	        1.00
  0.70	        1.00	        0.00	        0.00	        1.00	        0.00	        1.00
  0.71	        1.00	        0.00	        0.00	        1.00	        0.00	        1.00
  0.72	        1.00	        0.00	        0.00	        1.00	        0.00	        1.00
  0.73	        1.00	        0.00	        0.00	        1.00	        0.00	        1.00
  0.74	        1.00	        0.00	        0.00	        1.00	        0.00	        1.00
  0.75	        1.00	        0.00	        0.00	        1.00	        0.00	        1.00
  0.76	        1.00	        0.00	        0.00	        1.00	        0.00	        1.00
  0.77	        1.00	        0.00	        0.00	        1.00	        0.00	        1.00
  0.78	        1.00	        0.00	        0.00	        1.00	        0.00	        1.00
  0.79	        1.00	        0.00	        0.00	        1.00	        0.00	        1.00
  0.80	        1.00	        0.00	        0.00	        1.00	        0.00	        1.00
  0.81	        1.00	        0.00	        0.00	        1.00	        0.00	        1.00
  0.82	        1.00	        0.00	        0.00	        1.00	        0.00	        1.00
  0.83	        1.00	        0.00	        0.00	        1.00	        0.00	        1.00
  0.84	        1.00	        0.00	        0.00	        1.00	        0.00	        1.00
  0.85	        1.00	        0.00	        0.00	        1.00	        0.00	        1.00
  0.86	        1.00	        0.00	        0.00	        1.00	        0.00	        1.00
  0.87	        1.00	        0.00	        0.00	        1.00	        0.00	        1.00
  0.88	        1.00	        0.00	        0.00	        1.00	        0.00	        1.00
  0.89	        1.00	        0.00	        0.00	        1.00	        0.00	        1.00
  0.90	        1.00	        0.00	        0.00	        1.00	        0.00	        1.00
  0.91	        1.00	        0.00	        0.00	        1.00	        0.00	        1.00
  0.92	        1.00	        0.00	        0.00	        1.00	        0.00	        1.00
  0.93	        1.00	        0.00	        0.00	        1.00	        0.00	        1.00
  0.94	        1.00	        0.00	        0.00	        1.00	        0.00	        1.00
  0.95	        1.00	        0.00	        0.00	        1.00	        0.00	        1.00
  0.96	        1.00	        0.00	        0.00	        1.00	        0.00	        1.00
  0.97	        1.00	        0.00	        0.00	        1.00	        0.00	        1.00
  0.98	        1.00	        0.00	        0.00	        1.00	        0.00	        1.00
  0.99	        1.00	        0.00	        0.00	        1.00	        0.00	        1.00
  1.00	        1.00	        0.00	        0.00	        1.00	        0.00	        1.00
  1.01	        1.00	        0.00	        0.00	        1.00	        0.00	        1.00
  1.02	        1.00	        0.00	        0.00	        1.00	        0.00	        1.00
  1.03	        1.00	        0.00	        0.00	        1.00	        0.00	        1.00
  1.04	        1.00	        0.00	        0.00	        1.00	        0.00	        1.00
  1.05	        1.00	        0.00	        0.00	        1.00	        0.00	        1.00
  1.06	        1.00	        0.00	        0.00	        1.00	        0.00	        1.00
  1.07	        1.00	        0.00	        0.00	        1.00	        0.00	        1.00
  1.08	        1.00	        0.00	        0.00	        1.00	        0.00	        1.00
  1.09	        1.00	        0.00	        0.00	        1.00	        0.00	        1.00
  1.10	        1.00	        0.00	        0.00	        1.00	        0.00	        1.00
  1.11	        1.00	        0.00	        0.00	        1.00	        0.00	        1.00
  1.12	        1.00	        0.00	        0.00	        1.00	        0.00	        1.00
  1.13	        1.00	        0.00	        0.00	        1.00	        0.00	        1.00
  1.14	        1.00	        0.00	        0.00	        1.00	        0.00	        1.00
  1.15	        1.00	        0.00	        0.00	        1.00	        0.00	        1.00
  1.16	        1.00	        0.00	        0.00	        1.00	        0.00	        1.00
  1.17	        1.00	        0.00	        0.00	        1.00	        0.00	        1.00
  1.18	        1.00	        0.00	        0.00	        1.00	        0.00	        1.00
  1.19	        1.00	        0.00	        0.00	        1.00	        0.00	        1.00
  1.20	        1.00	        0.00	        0.00	        1.00	        0.00	        1.00
  1.21	        1.00	        0.00	        0.00	        1.00	        0.00	        1.00
  1.22	        1.00	        0.00	        0.00	        1.00	        0.00	        1.00
  1.23	        1.00	        0.00	        0.00	        1.00	        0.00	        1.00
  1.24	        1.00	        0.00	        0.00	        1.00	        0.00	        1.00
  1.25	        1.00	        0.00	        0.00	        1.00	        0.00	        1.00
  1.26	        1.00	        0.00	        0.00	        1.00	        0.00	        1.00
  1.27	        1.00	        0.00	        0.00	        1.00	        0.00	        1.00
  1.28	        1.00	        0.00	        0.00	        1.00	        0.00	        1.00
  1.29	        1.00	        0.00	        0.00	        1.00	        0.00	        1.00
  1.30	        1.00	        0.00	        0.00	        1.00	        0.00	        1.00
  1.31	        1.00	        0.00	        0.00	        1.00	        0.00	        1.00
  1.32	        1.00	        0.00	        0.00	        1.00	        0.00	        1.00
  1.33	        1.00	        0.00	        0.00	        1.00	        0.00	        1.00
  1.34	        1.00	        0.00	        0.00	        1.00	        0.00	        1.00
  1.35	        1.00	        0.00	        0.00	        1.00	        0.00	        1.00
  1.36	        1.00	        0.00	        0.00	        1.00	        0.00	        1.00
  1.37	        1.00	        0.00	        0.00	        1.00	        0.00	        1.00
  1.38	        1.00	        0.00	        0.00	        1.00	        0.00	        1.00
  1.39	        1.00	        0.00	        0.00	        1.00	        0.00	        1.00
  1.40	        1.00	        0.00	        0.00	        1.00	        0.00	        1.00
  1.41	        1.00	        0.00	        0.00	        1.00	        0.00	        1.00
  1.42	        1.00	        0.00	        0.00	        1.00	        0.00	        1.00
  1.43	        1.00	        0.00	        0.00	        1.00	        0.00	        1.00
  1.44	        1.00	        0.00	        0.00	        1.00	        0.00	        1.00
  1.45	        1.00	        0.00	        0.00	        1.00	        0.00	        1.00
  1.46	        1.00	        0.00	        0.00	        1.00	        0.00	        1.00
  1.47	        1.00	        0.00	        0.00	        1.00	        0.00	        1.00
  1.48	        1.00	        0.00	        0.00	        1.00	        0.00	        1.00
  1.49	        1.00	        0.00	        0.00	        1.00	        0.00	        1.00
  1.50	        1.00	        0.00	        0.00	        1.00	        0.00	        1.00
  1.51	        1.00	        0.00	        0.00	        1.00	        0.00	        1.00
  1.52	        1.00	        0.00	        0.00	        1.00	        0.00	        1.00
  1.53	        1.00	        0.00	        0.00	        1.00	        0.00	        1.00
  1.54	        1.00	        0.00	        0.00	        1.00	        0.00	        1.00
  1.55	        1.00	        0.00	        0.00	        1.00	        0.00	        1.00
  1.56	        1.00	        0.00	        0.00	        1.00	        0.00	        1.00
  1.57	        1.00	        0.00	        0.00	        1.00	        0.00	        1.00
  1.58	        1.00	        0.00	        0.00	        1.00	        0.00	        1.00
  1.59	        1.00	        0.00	        0.00	        1.00	        0.00	        1.00
  1.60	        1.00	        0.00	        0.00	        1.00	        0.00	        1.00
  1.61	        1.00	        0.00	        0.00	        1.00	        0.00	        1.00
  1.62	        1.00	        0.00	        0.00	        1.00	        0.00	        1.00
  1.63	        1.00	        0.00	        0.00	        1.00	        0.00	        1.00
  1.64	        1.00	        0.00	        0.00	        1.00	        0.00	        1.00
  1.65	        1.00	        0.00	        0.00	        1.00	        0.00	        1.00
  1.66	        1.00	        0.00	        0.00	        1.00	        0.00	        1.00
  1.67	        1.00	        0.00	        0.00	        1.00	        0.00	        1.00
  1.68	        1.00	        0.00	        0.00	        1.00	        0.00	        1.00
  1.69	        1.00	        0.00	        0.00	        1.00	        0.00	        1.00
  1.70	        1.00	        0.00	        0.00	        1.00	        0.00	        1.00
  1.71	        1.00	        0.00	        0.00	        1.00	        0.00	        1.00
  1.72	        1.00	        0.00	        0.00	        1.00	        0.00	        1.00
  1.73	        1.00	        0.00	        0.00	        1.00	        0.00	        1.00
  1.74	        1.00	        0.00	        0.00	        1.00	        0.00	        1.00
  1.75	        1.00	        0.00	        0.00	        1.00	        0.00	        1.00
  1.76	        1.00	        0.00	        0.00	        1.00	        0.00	        1.00
  1.77	        1.00	        0.00	        0.00	        1.00	        0.00	        1.00
  1.78	        1.00	        0.00	        0.00	        1.00	        0.00	        1.00
  1.79	        1.00	        0.00	        0.00	        1.00	        0.00	        1.00
  1.80	        1.00	        0.00	        0.00	        1.00	        0.00	        1.00
  1.81	        1.00	        0.00	        0.00	        1.00	        0.00	        1.00
  1.82	        1.00	        0.00	        0.00	        1.00	        0.00	        1.00
  1.83	        1.00	        0.00	        0.00	        1.00	        0.00	        1.00
  1.84	        1.00	        0.00	        0.00	        1.00	        0.00	        1.00
  1.85	        1.00	        0.00	        0.00	        1.00	        0.00	        1.00
  1.86	        1.00	        0.00	        0.00	        1.00	        0.00	        1.00
  1.87	        1.00	        0.00	        0.00	        1.00	        0.00	        1.00
  1.88	        1.00	        0.00	        0.00	        1.00	        0.00	        1.00
  1.89	        1.00	        0.00	        0.00	        1.00	        0.00	        1.00
  1.90	        1.00	        0.00	        0.00	        1.00	        0.00	        1.00
  1.91	        1.00	        0.00	        0.00	        1.00	        0.00	        1.00
  1.92	        1.00	        0.00	        0.00	        1.00	        0.00	        1.00
  1.93	        1.00	        0.00	        0.00	        1.00	        0.00	        1.00
  1.94	        1.00	        0.00	        0.00	        1.00	        0.00	        1.00
  1.95	        1.00	        0.00	        0.00	        1.00	        0.00	        1.00
  1.96	        1.00	        0.00	        0.00	        1.00	        0.00	        1.00
  1.97	        1.00	        0.00	        0.00	        1.00	        0.00	        1.00
  1.98	        1.00	        0.00	        0.00	        1.00	        0.00	        1.00
  1.99	        1.00	        0.00	        0.00	        1.00	        0.00	        1.00
  2.00	        1.00	        0.00	        0.00	        1.00	        0.00	        1.00
  2.01	        1.00	        0.00	        0.00	        1.00	        0.00	        1.00
  2.02	        1.00	        0.00	        0.00	        1.00	        0.00	        1.00
  2.03	        1.00	        0.00	        0.00	        1.00	        0.00	        1.00
  2.04	        1.00	        0.00	        0.00	        1.00	        0.00	        1.00
  2.05	        1.00	        0.00	        0.00	        1.00	        0.00	        1.00
  2.06	        1.00	        0.00	        0.00	        1.00	        0.00	        1.00
  2.07	        1.00	        0.00	        0.00	        1.00	        0.00	        1.00
  2.08	        1.00	        0.00	        0.00	        1.00	        0.00	        1.00
  2.09	        1.00	        0.00	        0.00	        1.00	        0.00	        1.00
  2.10	        1.00	        0.00	        0.00	        1.00	        0.00	        1.00
  2.11	        1.00	        0.00	        0.00	        1.00	        0.00	        1.00
  2.12	        1.00	        0.00	        0.00	        1.00	        0.00	        1.00
  2.13	        1.00	        0.00	        0.00	        1.00	        0.00	        1.00
  2.14	        1.00	        0.00	        0.00	        1.00	        0.00	        1.00
  2.15	        1.00	        0.00	        0.00	        1.00	        0.00	        1.00
  2.16	        1.00	        0.00	        0.00	        1.00	        0.00	        1.00
  2.17	        1.00	        0.00	        0.00	        1.00	        0.00	        1.00
  2.18	        1.00	        0.00	        0.00	        1.00	        0.00	        1.00
  2.19	        1.00	        0.00	        0.00	        1.00	        0.00	        1.00
  2.20	        1.00	        0.00	        0.00	        1.00	        0.00	        1.00
  2.21	        1.00	        0.00	        0.00	        1.00	        0.00	        1.00
  2.22	        1.00	        0.00	        0.00	        1.00	        0.00	        1.00
  2.23	        1.00	        0.00	        0.00	        1.00	        0.00	        1.00
  2.24	        1.00	        0.00	        0.00	        1.00	        0.00	        1.00
  2.25	        1.00	        0.00	        0.00	        1.00	        0.00	        1.00
  2.26	        1.00	        0.00	        0.00	        1.00	        0.00	        1.00
  2.27	        1.00	        0.00	        0.00	        1.00	        0.00	        1.00
  2.28	        1.00	        0.00	        0.00	        1.00	        0.00	        1.00
  2.29	        1.00	        0.00	        0.00	        1.00	        0.00	        1.00
  2.30	        1.00	        0.00	        0.00	        1.00	        0.00	        1.00
  2.31	        1.00	        0.00	        0.00	        1.00	        0.00	        1.00
  2.32	        1.00	        0.00	        0.00	        1.00	        0.00	        1.00
  2.33	        1.00	        0.00	        0.00	        1.00	        0.00	        1.00
  2.34	        1.00	        0.00	        0.00	        1.00	        0.00	        1.00
  2.35	        1.00	        0.00	        0.00	        1.00	        0.00	        1.00
  2.36	        1.00	        0.00	        0.00	        1.00	        0.00	        1.00
  2.37	        1.00	        0.00	        0.00	        1.00	        0.00	        1.00
  2.38	        1.00	        0.00	        0.00	        1.00	        0.00	        1.00
  2.39	        1.00	        0.00	        0.00	        1.00	        0.00	        1.00
  2.40	        1.00	        0.00	        0.00	        1.00	        0.00	        1.00
  2.41	        1.00	        0.00	        0.00	        1.00	        0.00	        1.00
  2.42	        1.00	        0.00	        0.00	        1.00	        0.00	        1.00
  2.43	        1.00	        0.00	        0.00	        1.00	        0.00	        1.00
  2.44	        1.00	        0.00	        0.00	        1.00	        0.00	        1.00
  2.45	        1.00	        0.00	        0.00	        1.00	        0.00	        1.00
  2.46	        1.00	        0.00	        0.00	        1.00	        0.00	        1.00
  2.47	        1.00	        0.00	        0.00	        1.00	        0.00	        1.00
  2.48	        1.00	        0.00	        0.00	        1.00	        0.00	        1.00
  2.49	        1.00	        0.00	        0.00	        1.00	        0.00	        1.00
  2.50	        1.00	        0.00	        0.00	        1.00	        0.00	        1.00
  2.51	        1.00	        0.00	        0.00	        1.00	        0.00	        1.00
  2.52	        1.00	        0.00	        0.00	        1.00	        0.00	        1.00
  2.53	        1.00	        0.00	        0.00	        1.00	        0.00	        1.00
  2.54	        1.00	        0.00	        0.00	        1.00	        0.00	        1.00
  2.55	        1.00	        0.00	        0.00	        1.00	        0.00	        1.00
  2.56	        1.00	        0.00	        0.00	        1.00	        0.00	        1.00
  2.57	        1.00	        0.00	        0.00	        1.00	        0.00	        1.00
  2.58	        1.00	        0.00	        0.00	        1.00	        0.00	        1.00
  2.59	        1.00	        0.00	        0.00	        1.00	        0.00	        1.00
  2.60	        1.00	        0.00	        0.00	        1.00	        0.00	        1.00
  2.61	        1.00	        0.00	        0.00	        1.00	        0.00	        1.00
  2.62	        1.00	        0.00	        0.00	        1.00	        0.00	        1.00
  2.63	        1.00	        0.00	        0.00	        1.00	        0.00	        1.00
  2.64	        1.00	        0.00	        0.00	        1.00	        0.00	        1.00
  2.65	        1.00	        0.00	        0.00	        1.00	        0.00	        1.00
  2.66	        1.00	        0.00	        0.00	        1.00	        0.00	        1.00
  2.67	        1.00	        0.00	        0.00	        1.00	        0.00	        1.00
  2.68	        1.00	        0.00	        0.00	        1.00	        0.00	        1.00
  2.69	        1.00	        0.00	        0.00	        1.00	        0.00	        1.00
  2.70	        1.00	        0.00	        0.00	        1.00	        0.00	        1.00
  2.71	        1.00	        0.00	        0.00	        1.00	        0.00	        1.00
  2.72	        1.00	        0.00	        0.00	        1.00	        0.00	        1.00
  2.73	        1.00	        0.00	        0.00	        1.00	        0.00	        1.00
  2.74	        1.00	        0.00	        0.00	        1.00	        0.00	        1.00
  2.75	        1.00	        0.00	        0.00	        1.00	        0.00	        1.00
  2.76	        1.00	        0.00	        0.00	        1.00	        0.00	        1.00
  2.77	        1.00	        0.00	        0.00	        1.00	        0.00	        1.00
  2.78	        1.00	        0.00	        0.00	        1.00	        0.00	        1.00
  2.79	        1.00	        0.00	        0.00	        1.00	        0.00	        1.00
  2.80	        1.00	        0.00	        0.00	        1.00	        0.00	        1.00
  2.81	        1.00	        0.00	        0.00	        1.00	        0.00	        1.00
  2.82	        1.00	        0.00	        0.00	        1.00	        0.00	        1.00
  2.83	        1.00	        0.00	        0.00	        1.00	        0.00	        1.00
  2.84	        2.00	        0.00	        0.00	        1.00	        1.00	        1.00
  2.85	        2.00	        0.00	        0.00	        1.00	        1.00	        1.00
  2.86	        2.00	        0.00	        0.00	        1.00	        1.00	        1.00
  2.87	        2.00	        0.00	        0.00	        1.00	        1.00	        1.00
  2.88	        2.00	        0.00	        0.00	        1.00	        1.00	        1.00
  2.89	        2.00	        0.00	        0.00	        1.00	        1.00	        1.00
  2.90	        2.00	        0.00	        0.00	        1.00	        1.00	        1.00
  2.91	        2.00	        0.00	        0.00	        1.00	        1.00	        1.00
  2.92	        2.00	        0.00	        0.00	        1.00	        1.00	        1.00
  2.93	        2.00	        0.00	        0.00	        1.00	        1.00	        1.00
  2.94	        2.00	        0.00	        0.00	        1.00	        1.00	        1.00
  2.95	        2.00	        0.00	        0.00	        1.00	        1.00	        1.00
  2.96	        2.00	        0.00	        0.00	        1.00	        1.00	        1.00
  2.97	        2.00	        0.00	        0.00	        1.00	        1.00	        1.00
  2.98	        2.00	        0.00	        0.00	        1.00	        1.00	        1.00
  2.99	        2.00	        0.00	        0.00	        1.00	        1.00	        1.00
  3.00	        2.00	        0.00	        0.00	        1.00	        1.00	        1.00
  3.01	        2.00	        0.00	        0.00	        1.00	        1.00	        1.00
  3.02	        2.00	        0.00	        0.00	        1.00	        1.00	        1.00
  3.03	        2.00	        0.00	        0.00	        1.00	        1.00	        1.00
  3.04	        2.00	        0.00	        0.00	        1.00	        1.00	        1.00
  3.05	        2.00	        0.00	        0.00	        1.00	        1.00	        1.00
  3.06	        2.00	        0.00	        0.00	        1.00	        1.00	        1.00
  3.07	        2.00	        0.00	        0.00	        1.00	        1.00	        1.00
  3.08	        2.00	        0.00	        0.00	        1.00	        1.00	        1.00
  3.09	        2.00	        0.00	        0.00	        1.00	        1.00	        1.00
  3.10	        2.00	        0.00	        0.00	        1.00	        1.00	        1.00
  3.11	        2.00	        0.00	        0.00	        1.00	        1.00	        1.00
  3.12	        2.00	        0.00	        0.00	        1.00	        1.00	        1.00
  3.13	        2.00	        0.00	        0.00	        1.00	        1.00	        1.00
  3.14	        2.00	        0.00	        0.00	        1.00	        1.00	        1.00
  3.15	        2.00	        0.00	        0.00	        1.00	        1.00	        1.00
  3.16	        2.00	        0.00	        0.00	        1.00	        1.00	        1.00
  3.17	        2.00	        0.00	        0.00	        1.00	        1.00	        1.00
  3.18	        2.00	        0.00	        0.00	        1.00	        1.00	        1.00
  3.19	        2.00	        0.00	        0.00	        1.00	        1.00	        1.00
  3.20	        2.00	        0.00	        0.00	        1.00	        1.00	        1.00
  3.21	        2.00	        0.00	        0.00	        1.00	        1.00	        1.00
  3.22	        2.00	        0.00	        0.00	        1.00	        1.00	        1.00
  3.23	        2.00	        0.00	        0.00	        1.00	        1.00	        1.00
  3.24	        2.00	        0.00	        0.00	        1.00	        1.00	        1.00
  3.25	        2.00	        0.00	        0.00	        1.00	        1.00	        1.00
  3.26	        2.00	        0.00	        0.00	        1.00	        1.00	        1.00
  3.27	        2.00	        0.00	        0.00	        1.00	        1.00	        1.00
  3.28	        2.00	        0.00	        0.00	        1.00	        1.00	        1.00
  3.29	        2.00	        0.00	        0.00	        1.00	        1.00	        1.00
  3.30	        2.00	        0.00	        0.00	        1.00	        1.00	        1.00
  3.31	        2.00	        0.00	        0.00	        1.00	        1.00	        1.00
  3.32	        2.00	        0.00	        0.00	        1.00	        1.00	        1.00
  3.33	        2.00	        0.00	        0.00	        1.00	        1.00	        1.00
  3.34	        2.00	        0.00	        0.00	        1.00	        1.00	        1.00
  3.35	        2.00	        0.00	        0.00	        1.00	        1.00	        1.00
  3.36	        2.00	        0.00	        0.00	        1.00	        1.00	        1.00
  3.37	        2.00	        0.00	        0.00	        1.00	        1.00	        1.00
  3.38	        2.00	        0.00	        0.00	        1.00	        1.00	        1.00
  3.39	        2.00	        0.00	        0.00	        1.00	        1.00	        1.00
  3.40	        2.00	        0.00	        0.00	        1.00	        1.00	        1.00
  3.41	        2.00	        0.00	        0.00	        1.00	        1.00	        1.00
  3.42	        2.00	        0.00	        0.00	        1.00	        1.00	        1.00
  3.43	        2.00	        0.00	        0.00	        1.00	        1.00	        1.00
  3.44	        2.00	        0.00	        0.00	        1.00	        1.00	        1.00
  3.45	        2.00	        0.00	        0.00	        1.00	        1.00	        1.00
  3.46	        2.00	        0.00	        0.00	        1.00	        1.00	        1.00
  3.47	        2.00	        0.00	        0.00	        1.00	        1.00	        1.00
  3.48	        2.00	        0.00	        0.00	        1.00	        1.00	        1.00
  3.49	        2.00	        0.00	        0.00	        1.00	        1.00	        1.00
  3.50	        2.00	        0.00	        0.00	        1.00	        1.00	        1.00
  3.51	        2.00	        0.00	        0.00	        1.00	        1.00	        1.00
  3.52	        2.00	        0.00	        0.00	        1.00	        1.00	        1.00
  3.53	        2.00	        0.00	        0.00	        1.00	        1.00	        1.00
  3.54	        2.00	        0.00	        0.00	        1.00	        1.00	        1.00
  3.55	        2.00	        0.00	        0.00	        1.00	        1.00	        1.00
  3.56	        2.00	        0.00	        0.00	        1.00	        1.00	        1.00
  3.57	        2.00	        0.00	        0.00	        1.00	        1.00	        1.00
  3.58	        2.00	        0.00	        0.00	        1.00	        1.00	        1.00
  3.59	        2.00	        0.00	        0.00	        1.00	        1.00	        1.00
  3.60	        2.00	        0.00	        0.00	        1.00	        1.00	        1.00
  3.61	        2.00	        0.00	        0.00	        1.00	        1.00	        1.00
  3.62	        2.00	        0.00	        0.00	        1.00	        1.00	        1.00
  3.63	        2.00	        0.00	        0.00	        1.00	        1.00	        1.00
  3.64	        2.00	        0.00	        0.00	        1.00	        1.00	        1.00
  3.65	        2.00	        0.00	        0.00	        1.00	        1.00	        1.00
  3.66	        2.00	        0.00	        0.00	        1.00	        1.00	        1.00
  3.67	        2.00	        0.00	        0.00	        1.00	        1.00	        1.00
  3.68	        2.00	        0.00	        0.00	        1.00	        1.00	        1.00
  3.69	        2.00	        0.00	        0.00	        1.00	        1.00	        1.00
  3.70	        2.00	        0.00	        0.00	        1.00	        1.00	        1.00
  3.71	        2.00	        0.00	        0.00	        1.00	        1.00	        1.00
  3.72	        2.00	        0.00	        0.00	        1.00	        1.00	        1.00
  3.73	        2.00	        0.00	        0.00	        1.00	        1.00	        1.00
  3.74	        2.00	        0.00	        0.00	        1.00	        1.00	        1.00
  3.75	        2.00	        0.00	        0.00	        1.00	        1.00	        1.00
  3.76	        2.00	        0.00	        0.00	        1.00	        1.00	        1.00
  3.77	        3.00	        0.00	        0.00	        1.00	        2.00	        1.00
  3.78	        3.00	        0.00	        0.00	        1.00	        2.00	        1.00
  3.79	        4.00	        0.00	        0.00	        1.00	        3.00	        1.00
  3.80	        4.00	        0.00	        0.00	        1.00	        3.00	        1.00
  3.81	        4.00	        0.00	        0.00	        1.00	        3.00	        1.00
  3.82	        4.00	        0.00	        0.00	        1.00	        3.00	        1.00
  3.83	        4.00	        0.00	        0.00	        1.00	        3.00	        1.00
  3.84	        4.00	        0.00	        0.00	        1.00	        3.00	        1.00
  3.85	        4.00	        0.00	        0.00	        1.00	        3.00	        1.00
  3.86	        4.00	        0.00	        0.00	        1.00	        3.00	        1.00
  3.87	        4.00	        0.00	        0.00	        1.00	        3.00	        1.00
  3.88	        4.00	        0.00	        0.00	        1.00	        3.00	        1.00
  3.89	        4.00	        0.00	        0.00	        1.00	        3.00	        1.00
  3.90	        4.00	        0.00	        0.00	        1.00	        3.00	        1.00
  3.91	        4.00	        0.00	        0.00	        1.00	        3.00	        1.00
  3.92	        4.00	        0.00	        0.00	        1.00	        3.00	        1.00
  3.93	        5.00	        0.00	        0.00	        1.00	        4.00	        1.00
  3.94	        5.00	        0.00	        0.00	        1.00	        4.00	        1.00
  3.95	        5.00	        0.00	        0.00	        1.00	        4.00	        1.00
  3.96	        5.00	        0.00	        0.00	        1.00	        4.00	        1.00
  3.97	        6.00	        0.00	        0.00	        1.00	        5.00	        1.00
  3.98	        6.00	        0.00	        0.00	        1.00	        5.00	        1.00
  3.99	        6.00	        0.00	        0.00	        1.00	        5.00	        1.00
  4.00	        6.00	        0.00	        0.00	        1.00	        5.00	        1.00
  4.01	        6.00	        0.00	        0.00	        1.00	        5.00	        1.00
  4.02	        6.00	        0.00	        0.00	        1.00	        5.00	        1.00
  4.03	        7.00	        0.00	        0.00	        1.00	        6.00	        1.00
  4.04	        7.00	        0.00	        0.00	        1.00	        6.00	        1.00
  4.05	        7.00	        0.00	        0.00	        1.00	        6.00	        1.00
  4.06	        7.00	        0.00	        0.00	        1.00	        6.00	        1.00
  4.07	        7.00	        0.00	        0.00	        1.00	        6.00	        1.00
  4.08	        7.00	        0.00	        0.00	        1.00	        6.00	        1.00
  4.09	        7.00	        0.00	        0.00	        1.00	        6.00	        1.00
  4.10	        7.00	        0.00	        0.00	        1.00	        6.00	        1.00
  4.11	        7.00	        0.00	        0.00	        1.00	        6.00	        1.00
  4.12	        7.00	        0.00	        0.00	        1.00	        6.00	        1.00
  4.13	        7.00	        0.00	        0.00	        1.00	        6.00	        1.00
  4.14	        8.00	        0.00	        0.00	        1.00	        7.00	        1.00
  4.15	        8.00	        0.00	        0.00	        1.00	        7.00	        1.00
  4.16	        8.00	        0.00	        0.00	        1.00	        7.00	        1.00
  4.17	        8.00	        0.00	        0.00	        1.00	        7.00	        1.00
  4.18	        8.00	        0.00	        0.00	        1.00	        7.00	        1.00
  4.19	        8.00	        0.00	        0.00	        1.00	        7.00	        1.00
  4.20	        9.00	        0.00	        0.00	        1.00	        8.00	        1.00
  4.21	        9.00	        0.00	        0.00	        1.00	        8.00	        1.00
  4.22	        9.00	        0.00	        0.00	        1.00	        8.00	        1.00
  4.23	        9.00	        0.00	        0.00	        1.00	        8.00	        1.00
  4.24	        9.00	        0.00	        0.00	        1.00	        8.00	        1.00
  4.25	        9.00	        0.00	        0.00	        1.00	        8.00	        1.00
  4.26	       10.00	        0.00	        0.00	        1.00	        9.00	        1.00
  4.27	       10.00	        0.00	        0.00	        1.00	        9.00	        1.00
  4.28	       11.00	        0.00	        0.00	        1.00	       10.00	        1.00
  4.29	       11.00	        0.00	        0.00	        1.00	       10.00	        1.00
  4.30	       11.00	        0.00	        0.00	        1.00	       10.00	        1.00
  4.31	       11.00	        0.00	        0.00	        1.00	       10.00	        1.00
  4.32	       11.00	        0.00	        0.00	        1.00	       10.00	        1.00
  4.33	       11.00	        0.00	        0.00	        1.00	       10.00	        1.00
  4.34	       13.00	        0.00	        0.00	        1.00	       12.00	        1.00
  4.35	       14.00	        0.00	        0.00	        1.00	       13.00	        1.00
  4.36	       15.00	        0.00	        0.00	        1.00	       14.00	        1.00
  4.37	       16.00	        0.00	        0.00	        1.00	       15.00	        1.00
  4.38	       16.00	        0.00	        0.00	        1.00	       15.00	        1.00
  4.39	       16.00	        0.00	        0.00	        1.00	       15.00	        1.00
  4.40	       16.00	        0.00	        0.00	        1.00	       15.00	        1.00
  4.41	       16.00	        0.00	        0.00	        1.00	       15.00	        1.00
  4.42	       16.00	        0.00	        0.00	        1.00	       15.00	        1.00
  4.43	       16.00	        0.00	        0.00	        1.00	       15.00	        1.00
  4.44	       16.00	        0.00	        0.00	        1.00	       15.00	        1.00
  4.45	       18.00	        0.00	        0.00	        1.00	       17.00	        1.00
  4.46	       18.00	        0.00	        0.00	        1.00	       17.00	        1.00
  4.47	       19.00	        0.00	        0.00	        1.00	       18.00	        1.00
  4.48	       19.00	        0.00	        0.00	        1.00	       18.00	        1.00
  4.49	       19.00	        0.00	        0.00	        1.00	       18.00	        1.00
  4.50	       20.00	        0.00	        0.00	        1.00	       19.00	        1.00
  4.51	       20.00	        0.00	        0.00	        1.00	       19.00	        1.00
  4.52	       20.00	        0.00	        0.00	        1.00	       19.00	        1.00
  4.53	       20.00	        0.00	        0.00	        1.00	       19.00	        1.00
  4.54	       20.00	        0.00	        0.00	        1.00	       19.00	        1.00
  4.55	       20.00	        0.00	        0.00	        1.00	       19.00	        1.00
  4.56	       20.00	        0.00	        0.00	        1.00	       19.00	        1.00
  4.57	       20.00	        0.00	        0.00	        1.00	       19.00	        1.00
  4.58	       21.00	        0.00	        0.00	        1.00	       20.00	        1.00
  4.59	       21.00	        0.00	        0.00	        1.00	       20.00	        1.00
  4.60	       21.00	        0.00	        0.00	        1.00	       20.00	        1.00
  4.61	       21.00	        0.00	        0.00	        1.00	       20.00	        1.00
  4.62	       21.00	        0.00	        0.00	        1.00	       20.00	        1.00
  4.63	       21.00	        0.00	        0.00	        1.00	       20.00	        1.00
  4.64	       21.00	        0.00	        0.00	        1.00	       20.00	        1.00
  4.65	       22.00	        0.00	        0.00	        1.00	       21.00	        1.00
  4.66	       22.00	        0.00	        0.00	        1.00	       21.00	        1.00
  4.67	       22.00	        0.00	        0.00	        1.00	       21.00	        1.00
  4.68	       22.00	        0.00	        0.00	        1.00	       21.00	        1.00
  4.69	       22.00	        0.00	        0.00	        1.00	       21.00	        1.00
  4.70	       22.00	        0.00	        0.00	        1.00	       21.00	        1.00
  4.71	       22.00	        0.00	        0.00	        1.00	       21.00	        1.00
  4.72	       22.00	        0.00	        0.00	        1.00	       21.00	        1.00
  4.73	       22.00	        0.00	        0.00	        1.00	       21.00	        1.00
  4.74	       22.00	        0.00	        0.00	        1.00	       21.00	        1.00
  4.75	       22.00	        0.00	        0.00	        1.00	       21.00	        1.00
  4.76	       22.00	        0.00	        0.00	        1.00	       21.00	        1.00
  4.77	       22.00	        0.00	        0.00	        1.00	       21.00	        1.00
  4.78	       22.00	        0.00	        0.00	        1.00	       21.00	        1.00
  4.79	       23.00	        0.00	        0.00	        1.00	       22.00	        1.00
  4.80	       23.00	        0.00	        0.00	        1.00	       22.00	        1.00
  4.81	       23.00	        0.00	        0.00	        1.00	       22.00	        1.00
  4.82	       23.00	        0.00	        0.00	        1.00	       22.00	        1.00
  4.83	       23.00	        0.00	        0.00	        1.00	       22.00	        1.00
  4.84	       23.00	        0.00	        0.00	        1.00	       22.00	        1.00
  4.85	       23.00	        0.00	        0.00	        1.00	       22.00	        1.00
  4.86	       23.00	        0.00	        0.00	        1.00	       22.00	        1.00
  4.87	       23.00	        0.00	        0.00	        1.00	       22.00	        1.00
  4.88	       24.00	        0.00	        0.00	        1.00	       23.00	        1.00
  4.89	       24.00	        0.00	        0.00	        1.00	       23.00	        1.00
  4.90	       24.00	        0.00	        0.00	        1.00	       23.00	        1.00
  4.91	       24.00	        0.00	        0.00	        1.00	       23.00	        1.00
  4.92	       24.00	        0.00	        0.00	        1.00	       23.00	        1.00
  4.93	       25.00	        0.00	        0.00	        1.00	       24.00	        1.00
  4.94	       25.00	        0.00	        0.00	        1.00	       24.00	        1.00
  4.95	       25.00	        0.00	        0.00	        1.00	       24.00	        1.00
  4.96	       25.00	        0.00	        0.00	        1.00	       24.00	        1.00
  4.97	       26.00	        0.00	        0.00	        1.00	       25.00	        1.00
  4.98	       26.00	        0.00	        0.00	        1.00	       25.00	        1.00
  4.99	       26.00	        0.00	        0.00	        1.00	       25.00	        1.00
  5.00	       26.00	        0.00	   599999.00	        1.00	       25.00	        1.00
  5.01	       26.00	        0.00	   599977.00	        1.00	       25.00	        1.00
  5.02	       26.00	        0.00	   599963.00	        1.00	       25.00	        1.00
  5.03	       28.00	        0.00	   599942.00	        1.00	       27.00	        1.00
  5.04	       28.00	        0.00	   599918.00	        1.00	       27.00	        1.00
  5.05	       28.00	        0.00	   599906.00	        1.00	       27.00	        1.00
  5.06	       28.00	        0.00	   599882.00	        1.00	       27.00	        1.00
  5.07	       28.00	        0.00	   599858.00	        1.00	       27.00	        1.00
  5.08	       29.00	        0.00	   599837.00	        1.00	       28.00	        1.00
  5.09	       29.00	        0.00	   599819.00	        1.00	       28.00	        1.00
  5.10	       29.00	        0.00	   599806.00	        1.00	       28.00	        1.00
  5.11	       30.00	        0.00	   599785.00	        1.00	       29.00	        1.00
  5.12	       30.00	        0.00	   599769.00	        1.00	       29.00	        1.00
  5.13	       30.00	        0.00	   599746.00	        1.00	       29.00	        1.00
  5.14	       32.00	        0.00	   599727.00	        1.00	       31.00	        1.00
  5.15	       32.00	        0.00	   599714.00	        1.00	       31.00	        1.00
  5.16	       32.00	        0.00	   599696.00	        1.00	       31.00	        1.00
  5.17	       34.00	        0.00	   599680.00	        1.00	       33.00	        1.00
  5.18	       35.00	        0.00	   599668.00	        1.00	       34.00	        1.00
  5.19	       35.00	        0.00	   599650.00	        1.00	       34.00	        1.00
  5.20	       36.00	        0.00	   599626.00	        1.00	       35.00	        1.00
  5.21	       37.00	        0.00	   599604.00	        1.00	       36.00	        1.00
  5.22	       38.00	        0.00	   599582.00	        1.00	       37.00	        1.00
  5.23	       38.00	        0.00	   599560.00	        1.00	       37.00	        1.00
  5.24	       38.00	        0.00	   599545.00	        1.00	       37.00	        1.00
  5.25	       39.00	        0.00	   599529.00	        1.00	       38.00	        1.00
  5.26	       40.00	        0.00	   599510.00	        1.00	       39.00	        1.00
  5.27	       41.00	        0.00	   599493.00	        1.00	       40.00	        1.00
  5.28	       41.00	        0.00	   599477.00	        1.00	       40.00	        1.00
  5.29	       42.00	        0.00	   599463.00	        1.00	       41.00	        1.00
  5.30	       42.00	        0.00	   599447.00	        1.00	       41.00	        1.00
  5.31	       42.00	        0.00	   599433.00	        1.00	       41.00	        1.00
  5.32	       42.00	        0.00	   599416.00	        1.00	       41.00	        1.00
  5.33	       42.00	        0.00	   599406.00	        1.00	       41.00	        1.00
  5.34	       44.00	        0.00	   599391.00	        1.00	       43.00	        1.00
  5.35	       44.00	        0.00	   599367.00	        1.00	       43.00	        1.00
  5.36	       45.00	        0.00	   599352.00	        1.00	       44.00	        1.00
  5.37	       47.00	        0.00	   599333.00	        1.00	       46.00	        1.00
  5.38	       49.00	        0.00	   599319.00	        1.00	       48.00	        1.00
  5.39	       49.00	        0.00	   599307.00	        1.00	       48.00	        1.00
  5.40	       51.00	        0.00	   599284.00	        1.00	       50.00	        1.00
  5.41	       51.00	        0.00	   599269.00	        1.00	       50.00	        1.00
  5.42	       51.00	        0.00	   599254.00	        1.00	       50.00	        1.00
  5.43	       51.00	        0.00	   599236.00	        1.00	       50.00	        1.00
  5.44	       51.00	        0.00	   599217.00	        1.00	       50.00	        1.00
  5.45	       52.00	        0.00	   599207.00	        1.00	       51.00	        1.00
  5.46	       53.00	        0.00	   599183.00	        1.00	       52.00	        1.00
  5.47	       53.00	        0.00	   599166.00	        1.00	       52.00	        1.00
  5.48	       55.00	        0.00	   599147.00	        1.00	       54.00	        1.00
  5.49	       56.00	        0.00	   599136.00	        1.00	       55.00	        1.00
  5.50	       56.00	        0.00	   599127.00	        1.00	       55.00	        1.00
  5.51	       56.00	        0.00	   599110.00	        1.00	       55.00	        1.00
  5.52	       56.00	        0.00	   599086.00	        1.00	       55.00	        1.00
  5.53	       56.00	        0.00	   599063.00	        1.00	       55.00	        1.00
  5.54	       58.00	        0.00	   599040.00	        1.00	       57.00	        1.00
  5.55	       59.00	        0.00	   599023.00	        1.00	       58.00	        1.00
  5.56	       60.00	        0.00	   599010.00	        1.00	       59.00	        1.00
  5.57	       61.00	        0.00	   598994.00	        1.00	       60.00	        1.00
  5.58	       63.00	        0.00	   598972.00	        1.00	       62.00	        1.00
  5.59	       65.00	        0.00	   598951.00	        1.00	       64.00	        1.00
  5.60	       65.00	        0.00	   598934.00	        1.00	       64.00	        1.00
  5.61	       68.00	        0.00	   598919.00	        1.00	       67.00	        1.00
  5.62	       71.00	        0.00	   598907.00	        1.00	       70.00	        1.00
  5.63	       72.00	        0.00	   598887.00	        1.00	       71.00	        1.00
  5.64	       73.00	        0.00	   598866.00	        1.00	       72.00	        1.00
  5.65	       74.00	        1.00	   598847.00	        1.00	       74.00	        1.00
  5.66	       74.00	        1.00	   598835.00	        1.00	       74.00	        1.00
  5.67	       75.00	        1.00	   598815.00	        1.00	       75.00	        1.00
  5.68	       77.00	        1.00	   598792.00	        1.00	       77.00	        1.00
  5.69	       78.00	        1.00	   598780.00	        1.00	       78.00	        1.00
  5.70	       79.00	        1.00	   598768.00	        1.00	       79.00	        1.00
  5.71	       80.00	        1.00	   598753.00	        1.00	       80.00	        1.00
  5.72	       81.00	        1.00	   598736.00	        1.00	       81.00	        1.00
  5.73	       84.00	        1.00	   598709.00	        1.00	       84.00	        1.00
  5.74	       86.00	        1.00	   598689.00	        1.00	       86.00	        1.00
  5.75	       86.00	        1.00	   598667.00	        1.00	       86.00	        1.00
  5.76	       87.00	        1.00	   598647.00	        1.00	       87.00	        1.00
  5.77	       88.00	        1.00	   598628.00	        1.00	       88.00	        1.00
  5.78	       92.00	        1.00	   598616.00	        1.00	       92.00	        1.00
  5.79	       95.00	        1.00	   598588.00	        1.00	       95.00	        1.00
  5.80	       96.00	        1.00	   598573.00	        1.00	       96.00	        1.00
  5.81	       98.00	        1.00	   598548.00	        1.00	       98.00	        1.00
  5.82	       99.00	        1.00	   598534.00	        1.00	       99.00	        1.00
  5.83	      100.00	        1.00	   598517.00	        1.00	      100.00	        1.00
  5.84	      101.00	        1.00	   598497.00	        1.00	      101.00	        1.00
  5.85	      103.00	        1.00	   598479.00	        1.00	      103.00	        1.00
  5.86	      106.00	        1.00	   598460.00	        1.00	      106.00	        1.00
  5.87	      106.00	        1.00	   598437.00	        1.00	      106.00	        1.00
  5.88	      106.00	        1.00	   598414.00	        1.00	      106.00	        1.00
  5.89	      112.00	        1.00	   598398.00	        1.00	      112.00	        1.00
  5.90	      115.00	        1.00	   598382.00	        1.00	      115.00	        1.00
  5.91	      118.00	        1.00	   598367.00	        1.00	      118.00	        1.00
  5.92	      120.00	        1.00	   598353.00	        1.00	      120.00	        1.00
  5.93	      122.00	        1.00	   598335.00	        1.00	      122.00	        1.00
  5.94	      126.00	        1.00	   598312.00	        1.00	      126.00	        1.00
  5.95	      127.00	        1.00	   598300.00	        1.00	      127.00	        1.00
  5.96	      127.00	        1.00	   598278.00	        1.00	      127.00	        1.00
  5.97	      128.00	        1.00	   598264.00	        1.00	      128.00	        1.00
  5.98	      128.00	        1.00	   598241.00	        1.00	      128.00	        1.00
  5.99	      129.00	        1.00	   598223.00	        1.00	      129.00	        1.00
  6.00	      131.00	        1.00	   598212.00	        1.00	      131.00	        1.00
  6.01	      136.00	        1.00	   598194.00	        1.00	      136.00	        1.00
  6.02	      137.00	        1.00	   598168.00	        1.00	      137.00	        1.00
  6.03	      137.00	        1.00	   598149.00	        1.00	      137.00	        1.00
  6.04	      141.00	        1.00	   598130.00	        1.00	      141.00	        1.00
  6.05	      143.00	        2.00	   598117.00	        1.00	      144.00	        1.00
  6.06	      148.00	        2.00	   598108.00	        1.00	      149.00	        1.00
  6.07	      152.00	        2.00	   598091.00	        1.00	      153.00	        1.00
  6.08	      154.00	        2.00	   598078.00	        1.00	      155.00	        1.00
  6.09	      156.00	        2.00	   598054.00	        1.00	      157.00	        1.00
  6.10	      161.00	        2.00	   598049.00	        1.00	      162.00	        1.00
  6.11	      161.00	        2.00	   598033.00	        1.00	      162.00	        1.00
  6.12	      167.00	        2.00	   598019.00	        1.00	      168.00	        1.00
  6.13	      171.00	        2.00	   598004.00	        1.00	      172.00	        1.00
  6.14	      172.00	        2.00	   597983.00	        1.00	      173.00	        1.00
  6.15	      174.00	        2.00	   597971.00	        1.00	      175.00	        1.00
  6.16	      176.00	        2.00	   597946.00	        1.00	      177.00	        1.00
  6.17	      180.00	        2.00	   597935.00	        1.00	      181.00	        1.00
  6.18	      182.00	        2.00	   597909.00	        1.00	      183.00	        1.00
  6.19	      187.00	        2.00	   597890.00	        1.00	      188.00	        1.00
  6.20	      189.00	        2.00	   597868.00	        1.00	      190.00	        1.00
  6.21	      192.00	        2.00	   597842.00	        1.00	      193.00	        1.00
  6.22	      194.00	        2.00	   597827.00	        1.00	      195.00	        1.00
  6.23	      196.00	        2.00	   597814.00	        1.00	      197.00	        1.00
  6.24	      199.00	        2.00	   597790.00	        1.00	      200.00	        1.00
  6.25	      200.00	        2.00	   597775.00	        1.00	      201.00	        1.00
  6.26	      207.00	        2.00	   597757.00	        1.00	      208.00	        1.00
  6.27	      211.00	        2.00	   597742.00	        1.00	      212.00	        1.00
  6.28	      218.00	        2.00	   597720.00	        1.00	      219.00	        1.00
  6.29	      222.00	        2.00	   597688.00	        1.00	      223.00	        1.00
  6.30	      226.00	        2.00	   597669.00	        1.00	      227.00	        1.00
  6.31	      235.00	        2.00	   597643.00	        1.00	      236.00	        1.00
  6.32	      239.00	        2.00	   597629.00	        1.00	      240.00	        1.00
  6.33	      246.00	        2.00	   597614.00	        1.00	      247.00	        1.00
  6.34	      251.00	        2.00	   597594.00	        1.00	      252.00	        1.00
  6.35	      258.00	        2.00	   597573.00	        1.00	      259.00	        1.00
  6.36	      263.00	        2.00	   597551.00	        1.00	      264.00	        1.00
  6.37	      270.00	        2.00	   597540.00	        1.00	      271.00	        1.00
  6.38	      274.00	        2.00	   597528.00	        1.00	      275.00	        1.00
  6.39	      280.00	        2.00	   597507.00	        1.00	      281.00	        1.00
  6.40	      286.00	        2.00	   597494.00	        1.00	      287.00	        1.00
  6.41	       97.00	      195.00	   597669.00	        1.00	      292.00	        1.00
  6.42	       97.00	      196.00	   597649.00	        1.00	      293.00	        1.00
  6.43	       98.00	      196.00	   597628.00	        1.00	      294.00	        1.00
  6.44	       99.00	      196.00	   597602.00	        1.00	      295.00	        1.00
  6.45	       99.00	      196.00	   597578.00	        1.00	      295.00	        1.00
  6.46	       99.00	      196.00	   597553.00	        1.00	      295.00	        1.00
  6.47	      100.00	      196.00	   597532.00	        1.00	      296.00	        1.00
  6.48	      103.00	      196.00	   597514.00	        1.00	      299.00	        1.00
  6.49	      104.00	      196.00	   597501.00	        1.00	      300.00	        1.00
  6.50	      108.00	      196.00	   597486.00	        1.00	      304.00	        1.00
  6.51	      109.00	      196.00	   597464.00	        1.00	      305.00	        1.00
  6.52	      113.00	      196.00	   597442.00	        1.00	      309.00	        1.00
  6.53	      113.00	      197.00	   597428.00	        1.00	      310.00	        1.00
  6.54	      113.00	      197.00	   597403.00	        1.00	      310.00	        1.00
  6.55	      114.00	      197.00	   597378.00	        1.00	      311.00	        1.00
  6.56	      116.00	      197.00	   597353.00	        1.00	      313.00	        1.00
  6.57	      117.00	      197.00	   597336.00	        1.00	      314.00	        1.00
  6.58	      115.00	      199.00	   597320.00	        1.00	      314.00	        1.00
  6.59	      118.00	      199.00	   597308.00	        1.00	      317.00	        1.00
  6.60	      120.00	      199.00	   597292.00	        1.00	      319.00	        1.00
  6.61	      124.00	      199.00	   597279.00	        1.00	      323.00	        1.00
  6.62	      124.00	      199.00	   597261.00	        1.00	      323.00	        1.00
  6.63	      126.00	      199.00	   597242.00	        1.00	      325.00	        1.00
  6.64	      126.00	      199.00	   597214.00	        1.00	      325.00	        1.00
  6.65	      132.00	      199.00	   597193.00	        1.00	      331.00	        1.00
  6.66	      139.00	      199.00	   597178.00	        1.00	      338.00	        1.00
  6.67	      141.00	      199.00	   597164.00	        1.00	      340.00	        1.00
  6.68	      146.00	      199.00	   597144.00	        1.00	      345.00	        1.00
  6.69	      150.00	      199.00	   597116.00	        1.00	      349.00	        1.00
  6.70	      152.00	      199.00	   597101.00	        1.00	      351.00	        1.00
  6.71	      158.00	      199.00	   597078.00	        1.00	      357.00	        1.00
  6.72	      160.00	      199.00	   597054.00	        1.00	      359.00	        1.00
  6.73	      165.00	      199.00	   597036.00	        1.00	      364.00	        1.00
  6.74	      170.00	      199.00	   597017.00	        1.00	      369.00	        1.00
  6.75	      170.00	      199.00	   596995.00	        1.00	      369.00	        1.00
  6.76	      173.00	      199.00	   596982.00	        1.00	      372.00	        1.00
  6.77	      173.00	      199.00	   596969.00	        1.00	      372.00	        1.00
  6.78	      173.00	      199.00	   596958.00	        1.00	      372.00	        1.00
  6.79	      177.00	      199.00	   596947.00	        1.00	      376.00	        1.00
  6.80	      180.00	      199.00	   596933.00	        1.00	      379.00	        1.00
  6.81	      183.00	      199.00	   596915.00	        1.00	      382.00	        1.00
  6.82	      185.00	      199.00	   596897.00	        1.00	      384.00	        1.00
  6.83	      190.00	      199.00	   596880.00	        1.00	      389.00	        1.00
  6.84	      193.00	      199.00	   596872.00	        1.00	      392.00	        1.00
  6.85	      195.00	      199.00	   596849.00	        1.00	      394.00	        1.00
  6.86	      197.00	      199.00	   596831.00	        1.00	      396.00	        1.00
  6.87	      201.00	      199.00	   596809.00	        1.00	      400.00	        1.00
  6.88	      201.00	      199.00	   596790.00	        1.00	      400.00	        1.00
  6.89	      202.00	      199.00	   596773.00	        1.00	      401.00	        1.00
  6.90	      202.00	      200.00	   596756.00	        1.00	      402.00	        1.00
  6.91	      207.00	      200.00	   596743.00	        1.00	      407.00	        1.00
  6.92	      208.00	      200.00	   596725.00	        1.00	      408.00	        1.00
  6.93	       83.00	      325.00	   596901.00	        1.00	      409.00	        1.00
  6.94	       84.00	      325.00	   596881.00	        1.00	      410.00	        1.00
  6.95	       86.00	      325.00	   596858.00	        1.00	      412.00	        1.00
  6.96	       89.00	      325.00	   596848.00	        1.00	      415.00	        1.00
  6.97	       90.00	      325.00	   596832.00	        1.00	      416.00	        1.00
  6.98	       92.00	      325.00	   596820.00	        1.00	      418.00	        1.00
  6.99	       96.00	      325.00	   596800.00	        1.00	      422.00	        1.00
  7.00	       25.00	      396.00	   597177.00	        1.00	      424.00	        1.00
  7.01	        6.00	      414.00	   597561.00	        1.00	      425.00	        1.00
  7.02	        4.00	      414.00	   597939.00	        1.00	      425.00	        1.00
  7.03	        4.00	      414.00	   597915.00	        1.00	      425.00	        1.00
  7.04	        4.00	      414.00	   597896.00	        1.00	      425.00	        1.00
  7.05	        3.00	      414.00	   598079.00	        1.00	      425.00	        1.00
  7.06	        3.00	      414.00	   598265.00	        1.00	      426.00	        1.00
  7.07	        3.00	      414.00	   598243.00	        1.00	      426.00	        1.00
  7.08	        2.00	      415.00	   598228.00	        1.00	      426.00	        1.00
  7.09	        2.00	      415.00	   598210.00	        1.00	      426.00	        1.00
  7.10	        2.00	      415.00	   598188.00	        1.00	      426.00	        1.00
  7.11	        2.00	      415.00	   598172.00	        1.00	      426.00	        1.00
  7.12	        0.00	      415.00	   598560.00	        0.00	      426.00	        1.00
  7.13	        0.00	      414.00	   598736.00	        0.00	      426.00	        1.00
  7.14	        0.00	      410.00	   599521.00	        0.00	      426.00	        1.00
  7.15	        0.00	      408.00	   599901.00	        0.00	      426.00	        1.00
  7.16	        0.00	      406.00	   600279.00	        0.00	      426.00	        1.00
  7.17	        0.00	      403.00	   600851.00	        0.00	      426.00	        1.00
  7.18	        0.00	      401.00	   601231.00	        0.00	      426.00	        1.00
  7.19	        0.00	      397.00	   602015.00	        0.00	      426.00	        1.00
  7.20	        0.00	      394.00	   602593.00	        0.00	      426.00	        1.00
  7.21	        0.00	      392.00	   602974.00	        0.00	      426.00	        1.00
  7.22	        0.00	      391.00	   603155.00	        0.00	      426.00	        1.00
  7.23	        0.00	      387.00	   603935.00	        0.00	      426.00	        1.00
  7.24	        0.00	      384.00	   604518.00	        0.00	      426.00	        1.00
  7.25	        0.00	      381.00	   605092.00	        0.00	      426.00	        1.00
  7.26	        0.00	      380.00	   605274.00	        0.00	      426.00	        1.00
  7.27	        0.00	      378.00	   605660.00	        0.00	      426.00	        1.00
  7.28	        0.00	      376.00	   606038.00	        0.00	      426.00	        1.00
  7.29	        0.00	      374.00	   606416.00	        0.00	      426.00	        1.00
  7.30	        0.00	      372.00	   606797.00	        0.00	      426.00	        1.00
  7.31	        0.00	      368.00	   607582.00	        0.00	      426.00	        1.00
  7.32	        0.00	      368.00	   607568.00	        0.00	      426.00	        1.00
  7.33	        0.00	      364.00	   608348.00	        0.00	      426.00	        1.00
  7.34	        0.00	      361.00	   608918.00	        0.00	      426.00	        1.00
  7.35	        0.00	      358.00	   609495.00	        0.00	      426.00	        1.00
  7.36	        0.00	      356.00	   609872.00	        0.00	      426.00	        1.00
  7.37	        0.00	      354.00	   610246.00	        0.00	      426.00	        1.00
  7.38	        0.00	      352.00	   610628.00	        0.00	      426.00	        1.00
  7.39	        0.00	      351.00	   610801.00	        0.00	      426.00	        1.00
  7.40	        0.00	      349.00	   611169.00	        0.00	      426.00	        1.00
  7.41	        0.00	      345.00	   611944.00	        0.00	      426.00	        1.00
  7.42	        0.00	      339.00	   613119.00	        0.00	      426.00	        1.00
  7.43	        0.00	      337.00	   613489.00	        0.00	      426.00	        1.00
  7.44	        0.00	      333.00	   614265.00	        0.00	      426.00	        1.00
  7.45	        0.00	      330.00	   614837.00	        0.00	      426.00	        1.00
  7.46	        0.00	      328.00	   615216.00	        0.00	      426.00	        1.00
  7.47	        0.00	      326.00	   615578.00	        0.00	      426.00	        1.00
  7.48	        0.00	      324.00	   615956.00	        0.00	      426.00	        1.00
  7.49	        0.00	      322.00	   616333.00	        0.00	      426.00	        1.00
  7.50	        0.00	      318.00	   617113.00	        0.00	      426.00	        1.00
  7.51	        0.00	      318.00	   617089.00	        0.00	      426.00	        1.00
  7.52	        0.00	      315.00	   617652.00	        0.00	      426.00	        1.00
  7.53	        0.00	      312.00	   618221.00	        0.00	      426.00	        1.00
  7.54	        0.00	      310.00	   618594.00	        0.00	      426.00	        1.00
  7.55	        0.00	      306.00	   619362.00	        0.00	      426.00	        1.00
  7.56	        0.00	      305.00	   619533.00	        0.00	      426.00	        1.00
  7.57	        0.00	      304.00	   619708.00	        0.00	      426.00	        1.00
  7.58	        0.00	      303.00	   619874.00	        0.00	      426.00	        1.00
  7.59	        0.00	      300.00	   620446.00	        0.00	      426.00	        1.00
  7.60	        0.00	      299.00	   620620.00	        0.00	      426.00	        1.00
  7.61	        0.00	      297.00	   620996.00	        0.00	      426.00	        1.00
  7.62	        0.00	      295.00	   621365.00	        0.00	      426.00	        1.00
  7.63	        0.00	      295.00	   621329.00	        0.00	      426.00	        1.00
  7.64	        0.00	      291.00	   622101.00	        0.00	      426.00	        1.00
  7.65	        0.00	      289.00	   622469.00	        0.00	      426.00	        1.00
  7.66	        0.00	      286.00	   623052.00	        0.00	      426.00	        1.00
  7.67	        0.00	      279.00	   624425.00	        0.00	      426.00	        1.00
  7.68	        0.00	      278.00	   624595.00	        0.00	      426.00	        1.00
  7.69	        0.00	      275.00	   625173.00	        0.00	      426.00	        1.00
  7.70	        0.00	      273.00	   625549.00	        0.00	      426.00	        1.00
  7.71	        0.00	      267.00	   626720.00	        0.00	      426.00	        1.00
  7.72	        0.00	      263.00	   627486.00	        0.00	      426.00	        1.00
  7.73	        0.00	      258.00	   628460.00	        0.00	      426.00	        1.00
  7.74	        0.00	      257.00	   628630.00	        0.00	      426.00	        1.00
  7.75	        0.00	      256.00	   628795.00	        0.00	      426.00	        1.00
  7.76	        0.00	      253.00	   629369.00	        0.00	      426.00	        1.00
  7.77	        0.00	      252.00	   629544.00	        0.00	      426.00	        1.00
  7.78	        0.00	      250.00	   629923.00	        0.00	      426.00	        1.00
  7.79	        0.00	      248.00	   630291.00	        0.00	      426.00	        1.00
  7.80	        0.00	      246.00	   630661.00	        0.00	      426.00	        1.00
  7.81	        0.00	      243.00	   631237.00	        0.00	      426.00	        1.00
  7.82	        0.00	      237.00	   632405.00	        0.00	      426.00	        1.00
  7.83	        0.00	      233.00	   633167.00	        0.00	      426.00	        1.00
  7.84	        0.00	      227.00	   634335.00	        0.00	      426.00	        1.00
  7.85	        0.00	      223.00	   635104.00	        0.00	      426.00	        1.00
  7.86	        0.00	      219.00	   635868.00	        0.00	      426.00	        1.00
  7.87	        0.00	      217.00	   636236.00	        0.00	      426.00	        1.00
  7.88	        0.00	      214.00	   636811.00	        0.00	      426.00	        1.00
  7.89	        0.00	      211.00	   637370.00	        0.00	      426.00	        1.00
  7.90	        0.00	      205.00	   638536.00	        0.00	      426.00	        1.00
  7.91	        0.00	      201.00	   639295.00	        0.00	      426.00	        1.00
  7.92	        0.00	      197.00	   640072.00	        0.00	      426.00	        1.00
  7.93	        0.00	      191.00	   641234.00	        0.00	      426.00	        1.00
  7.94	        0.00	      189.00	   641599.00	        0.00	      426.00	        1.00
  7.95	        0.00	      189.00	   641567.00	        0.00	      426.00	        1.00
  7.96	        0.00	      186.00	   642137.00	        0.00	      426.00	        1.00
  7.97	        0.00	      185.00	   642309.00	        0.00	      426.00	        1.00
  7.98	        0.00	      179.00	   643472.00	        0.00	      426.00	        1.00
  7.99	        0.00	      178.00	   643634.00	        0.00	      426.00	        1.00
  8.00	        0.00	      175.00	   644202.00	        0.00	      426.00	        1.00
  8.01	        0.00	      169.00	   645379.00	        0.00	      426.00	        1.00
  8.02	        0.00	      165.00	   646147.00	        0.00	      426.00	        1.00
  8.03	        0.00	      159.00	   647313.00	        0.00	      426.00	        1.00
  8.04	        0.00	      158.00	   647480.00	        0.00	      426.00	        1.00
  8.05	        0.00	      154.00	   648247.00	        0.00	      426.00	        1.00
  8.06	        0.00	      149.00	   649222.00	        0.00	      426.00	        1.00
  8.07	        0.00	      145.00	   649995.00	        0.00	      426.00	        1.00
  8.08	        0.00	      141.00	   650772.00	        0.00	      426.00	        1.00
  8.09	        0.00	      137.00	   651537.00	        0.00	      426.00	        1.00
  8.10	        0.00	      135.00	   651906.00	        0.00	      426.00	        1.00
  8.11	        0.00	      132.00	   652471.00	        0.00	      426.00	        1.00
  8.12	        0.00	      131.00	   652631.00	        0.00	      426.00	        1.00
  8.13	        0.00	      129.00	   652996.00	        0.00	      426.00	        1.00
  8.14	        0.00	      129.00	   652964.00	        0.00	      426.00	        1.00
  8.15	        0.00	      124.00	   653914.00	        0.00	      426.00	        1.00
  8.16	        0.00	      123.00	   654080.00	        0.00	      426.00	        1.00
  8.17	        0.00	      123.00	   654039.00	        0.00	      426.00	        1.00
  8.18	        0.00	      121.00	   654414.00	        0.00	      426.00	        1.00
  8.19	        0.00	      117.00	   655178.00	        0.00	      426.00	        1.00
  8.20	        0.00	      114.00	   655750.00	        0.00	      426.00	        1.00
  8.21	        0.00	      110.00	   656506.00	        0.00	      426.00	        1.00
  8.22	        0.00	      106.00	   657267.00	        0.00	      426.00	        1.00
  8.23	        0.00	      102.00	   658030.00	        0.00	      426.00	        1.00
  8.24	        0.00	      101.00	   658200.00	        0.00	      426.00	        1.00
  8.25	        0.00	      100.00	   658370.00	        0.00	      426.00	        1.00
  8.26	        0.00	       98.00	   658732.00	        0.00	      426.00	        1.00
  8.27	        0.00	       95.00	   659296.00	        0.00	      426.00	        1.00
  8.28	        0.00	       95.00	   659274.00	        0.00	      426.00	        1.00
  8.29	        0.00	       88.00	   660646.00	        0.00	      426.00	        1.00
  8.30	        0.00	       87.00	   660812.00	        0.00	      426.00	        1.00
  8.31	        0.00	       85.00	   661178.00	        0.00	      426.00	        1.00
  8.32	        0.00	       85.00	   661151.00	        0.00	      426.00	        1.00
  8.33	        0.00	       85.00	   661132.00	        0.00	      426.00	        1.00
  8.34	        0.00	       82.00	   661703.00	        0.00	      426.00	        1.00
  8.35	        0.00	       81.00	   661882.00	        0.00	      426.00	        1.00
  8.36	        0.00	       78.00	   662453.00	        0.00	      426.00	        1.00
  8.37	        0.00	       77.00	   662616.00	        0.00	      426.00	        1.00
  8.38	        0.00	       74.00	   663191.00	        0.00	      426.00	        1.00
  8.39	        0.00	       72.00	   663567.00	        0.00	      426.00	        1.00
  8.40	        0.00	       69.00	   664139.00	        0.00	      426.00	        1.00
  8.41	        0.00	       68.00	   664297.00	        0.00	      426.00	        1.00
  8.42	        0.00	       66.00	   664672.00	        0.00	      426.00	        1.00
  8.43	        0.00	       62.00	   665445.00	        0.00	      426.00	        1.00
  8.44	        0.00	       60.00	   665817.00	        0.00	      426.00	        1.00
  8.45	        0.00	       56.00	   666591.00	        0.00	      426.00	        1.00
  8.46	        0.00	       55.00	   666763.00	        0.00	      426.00	        1.00
  8.47	        0.00	       53.00	   667136.00	        0.00	      426.00	        1.00
  8.48	        0.00	       52.00	   667307.00	        0.00	      426.00	        1.00
  8.49	        0.00	       51.00	   667478.00	        0.00	      426.00	        1.00
  8.50	        0.00	       50.00	   667649.00	        0.00	      426.00	        1.00
  8.51	        0.00	       48.00	   668013.00	        0.00	      426.00	        1.00
  8.52	        0.00	       47.00	   668190.00	        0.00	      426.00	        1.00
  8.53	        0.00	       46.00	   668360.00	        0.00	      426.00	        1.00
  8.54	        0.00	       42.00	   669134.00	        0.00	      426.00	        1.00
  8.55	        0.00	       38.00	   669901.00	        0.00	      426.00	        1.00
  8.56	        0.00	       36.00	   670279.00	        0.00	      426.00	        1.00
  8.57	        0.00	       32.00	   671063.00	        0.00	      426.00	        1.00
  8.58	        0.00	       31.00	   671237.00	        0.00	      426.00	        1.00
  8.59	        0.00	       31.00	   671214.00	        0.00	      426.00	        1.00
  8.60	        0.00	       30.00	   671388.00	        0.00	      426.00	        1.00
  8.61	        0.00	       28.00	   671754.00	        0.00	      426.00	        1.00
  8.62	        0.00	       24.00	   672522.00	        0.00	      426.00	        1.00
  8.63	        0.00	       23.00	   672698.00	        0.00	      426.00	        1.00
  8.64	        0.00	       22.00	   672877.00	        0.00	      426.00	        1.00
  8.65	        0.00	       22.00	   672862.00	        0.00	      426.00	        1.00
  8.66	        0.00	       22.00	   672840.00	        0.00	      426.00	        1.00
  8.67	        0.00	       22.00	   672810.00	        0.00	      426.00	        1.00
  8.68	        0.00	       22.00	   672789.00	        0.00	      426.00	        1.00
  8.69	        0.00	       21.00	   672971.00	        0.00	      426.00	        1.00
  8.70	        0.00	       21.00	   672949.00	        0.00	      426.00	        1.00
  8.71	        0.00	       19.00	   673317.00	        0.00	      426.00	        1.00
  8.72	        0.00	       19.00	   673296.00	        0.00	      426.00	        1.00
  8.73	        0.00	       19.00	   673269.00	        0.00	      426.00	        1.00
  8.74	        0.00	       18.00	   673443.00	        0.00	      426.00	        1.00
  8.75	        0.00	       16.00	   673823.00	        0.00	      426.00	        1.00
  8.76	        0.00	       15.00	   673995.00	        0.00	      426.00	        1.00
  8.77	        0.00	       14.00	   674177.00	        0.00	      426.00	        1.00
  8.78	        0.00	       14.00	   674153.00	        0.00	      426.00	        1.00
  8.79	        0.00	       13.00	   674334.00	        0.00	      426.00	        1.00
  8.80	        0.00	       12.00	   674511.00	        0.00	      426.00	        1.00
  8.81	        0.00	       12.00	   674496.00	        0.00	      426.00	        1.00
  8.82	        0.00	       11.00	   674678.00	        0.00	      426.00	        1.00
  8.83	        0.00	       11.00	   674651.00	        0.00	      426.00	        1.00
  8.84	        0.00	       11.00	   674633.00	        0.00	      426.00	        1.00
  8.85	        0.00	       10.00	   674815.00	        0.00	      426.00	        1.00
  8.86	        0.00	       10.00	   674797.00	        0.00	      426.00	        1.00
  8.87	        0.00	       10.00	   674766.00	        0.00	      426.00	        1.00
  8.88	        0.00	       10.00	   674743.00	        0.00	      426.00	        1.00
  8.89	        0.00	        9.00	   674922.00	        0.00	      426.00	        1.00
  8.90	        0.00	        8.00	   675098.00	        0.00	      426.00	        1.00
  8.91	        0.00	        8.00	   675078.00	        0.00	      426.00	        1.00
  8.92	        0.00	        7.00	   675257.00	        0.00	      426.00	        1.00
  8.93	        0.00	        7.00	   675231.00	        0.00	      426.00	        1.00
  8.94	        0.00	        6.00	   675400.00	        0.00	      426.00	        1.00
  8.95	        0.00	        6.00	   675381.00	        0.00	      426.00	        1.00
  8.96	        0.00	        6.00	   675362.00	        0.00	      426.00	        1.00
  8.97	        0.00	        6.00	   675337.00	        0.00	      426.00	        1.00
  8.98	        0.00	        6.00	   675305.00	        0.00	      426.00	        1.00
  8.99	        0.00	        6.00	   675283.00	        0.00	      426.00	        1.00
  9.00	        0.00	        6.00	   675264.00	        0.00	      426.00	        1.00
  9.01	        0.00	        6.00	   675240.00	        0.00	      426.00	        1.00
  9.02	        0.00	        6.00	   675223.00	        0.00	      426.00	        1.00
  9.03	        0.00	        5.00	   675401.00	        0.00	      426.00	        1.00
  9.04	        0.00	        5.00	   675388.00	        0.00	      426.00	        1.00
  9.05	        0.00	        5.00	   675376.00	        0.00	      426.00	        1.00
  9.06	        0.00	        4.00	   675554.00	        0.00	      426.00	        1.00
  9.07	        0.00	        4.00	   675530.00	        0.00	      426.00	        1.00
  9.08	        0.00	        4.00	   675510.00	        0.00	      426.00	        1.00
  9.09	        0.00	        4.00	   675485.00	        0.00	      426.00	        1.00
  9.10	        0.00	        4.00	   675463.00	        0.00	      426.00	        1.00
  9.11	        0.00	        4.00	   675441.00	        0.00	      426.00	        1.00
  9.12	        0.00	        3.00	   675626.00	        0.00	      426.00	        1.00
  9.13	        0.00	        3.00	   675609.00	        0.00	      426.00	        1.00
  9.14	        0.00	        3.00	   675591.00	        0.00	      426.00	        1.00
  9.15	        0.00	        2.00	   675768.00	        0.00	      426.00	        1.00
  9.16	        0.00	        2.00	   675739.00	        0.00	      426.00	        1.00
  9.17	        0.00	        2.00	   675714.00	        0.00	      426.00	        1.00
  9.18	        0.00	        2.00	   675693.00	        0.00	      426.00	        1.00
  9.19	        0.00	        2.00	   675665.00	        0.00	      426.00	        1.00
  9.20	        0.00	        2.00	   675650.00	        0.00	      426.00	        1.00
  9.21	        0.00	        2.00	   675632.00	        0.00	      426.00	        1.00
  9.22	        0.00	        2.00	   675613.00	        0.00	      426.00	        1.00
  9.23	        0.00	        1.00	   675794.00	        0.00	      426.00	        1.00
  9.24	        0.00	        1.00	   675770.00	        0.00	      426.00	        1.00
  9.25	        0.00	        1.00	   675746.00	        0.00	      426.00	        1.00
  9.26	        0.00	        1.00	   675726.00	        0.00	      426.00	        1.00
  9.27	        0.00	        1.00	   675705.00	        0.00	      426.00	        1.00
  9.28	        0.00	        1.00	   675687.00	        0.00	      426.00	        1.00
  9.29	        0.00	        1.00	   675663.00	        0.00	      426.00	        1.00
  9.30	        0.00	        1.00	   675642.00	        0.00	      426.00	        1.00
  9.31	        0.00	        1.00	   675623.00	        0.00	      426.00	        1.00
  9.32	        0.00	        1.00	   675596.00	        0.00	      426.00	        1.00
  9.33	        0.00	        1.00	   675574.00	        0.00	      426.00	        1.00
  9.34	        0.00	        1.00	   675553.00	        0.00	      426.00	        1.00
  9.35	        0.00	        1.00	   675532.00	        0.00	      426.00	        1.00
  9.36	        0.00	        0.00	   675716.00	        0.00	      426.00	        0.00
