Datatype: PopulationSize
  0.00	        1.00	        0.00	        0.00	        1.00	        0.00	        1.00
  0.01	        1.00	        0.00	        0.00	        1.00	        0.00	        1.00
  0.02	        1.00	        0.00	        0.00	        1.00	        0.00	        1.00
  0.03	        1.00	        0.00	        0.00	        1.00	        0.00	        1.00
  0.04	        1.00	        0.00	        0.00	        1.00	        0.00	        1.00
  0.05	        1.00	        0.00	        0.00	        1.00	        0.00	        1.00
  0.06	        1.00	        0.00	        0.00	        1.00	        0.00	        1.00
  0.07	        1.00	        0.00	        0.00	        1.00	        0.00	        1.00
  0.08	        1.00	        0.00	        0.00	        1.00	        0.00	        1.00
  0.09	        1.00	        0.00	        0.00	        1.00	        0.00	        1.00
  0.10	        1.00	        0.00	        0.00	        1.00	        0.00	        1.00
  0.11	        1.00	        0.00	        0.00	        1.00	        0.00	        1.00
  0.12	        1.00	        0.00	        0.00	        1.00	        0.00	        1.00
  0.13	        1.00	        0.00	        0.00	        1.00	        0.00	        1.00
  0.14	        1.00	        0.00	        0.00	        1.00	        0.00	        1.00
  0.15	        1.00	        0.00	        0.00	        1.00	        0.00	        1.00
  0.16	        1.00	        0.00	        0.00	        1.00	        0.00	        1.00
  0.17	        1.00	        0.00	        0.00	        1.00	        0.00	        1.00
  0.18	        1.00	        0.00	        0.00	        1.00	        0.00	        1.00
  0.19	        1.00	        0.00	        0.00	        1.00	        0.00	        1.00
  0.20	        1.00	        0.00	        0.00	        1.00	        0.00	        1.00
  0.21	        1.00	        0.00	        0.00	        1.00	        0.00	        1.00
  0.22	        1.00	        0.00	        0.00	        1.00	        0.00	        1.00
  0.23	        1.00	        0.00	        0.00	        1.00	        0.00	        1.00
  0.24	        1.00	        0.00	        0.00	        1.00	        0.00	        1.00
  0.25	        1.00	        0.00	        0.00	        1.00	        0.00	        1.00
  0.26	        1.00	        0.00	        0.00	        1.00	        0.00	        1.00
  0.27	        1.00	        0.00	        0.00	        1.00	        0.00	        1.00
  0.28	        1.00	        0.00	        0.00	        1.00	        0.00	        1.00
  0.29	        1.00	        0.00	        0.00	        1.00	        0.00	        1.00
  0.30	        1.00	        0.00	        0.00	        1.00	        0.00	        1.00
  0.31	        2.00	        0.00	        0.00	        1.00	        1.00	        1.00
  0.32	        2.00	        0.00	        0.00	        1.00	        1.00	        1.00
  0.33	        2.00	        0.00	        0.00	        1.00	        1.00	        1.00
  0.34	        2.00	        0.00	        0.00	        1.00	        1.00	        1.00
  0.35	        2.00	        0.00	        0.00	        1.00	        1.00	        1.00
  0.36	        2.00	        0.00	        0.00	        1.00	        1.00	        1.00
  0.37	        2.00	        0.00	        0.00	        1.00	        1.00	        1.00
  0.38	        2.00	        0.00	        0.00	        1.00	        1.00	        1.00
  0.39	        2.00	        0.00	        0.00	        1.00	        1.00	        1.00
  0.40	        2.00	        0.00	        0.00	        1.00	        1.00	        1.00
  0.41	        2.00	        0.00	        0.00	        1.00	        1.00	        1.00
  0.42	        2.00	        0.00	        0.00	        1.00	        1.00	        1.00
  0.43	        2.00	        0.00	        0.00	        1.00	        1.00	        1.00
  0.44	        2.00	        0.00	        0.00	        1.00	        1.00	        1.00
  0.45	        2.00	        0.00	        0.00	        1.00	        1.00	        1.00
  0.46	        2.00	        0.00	        0.00	        1.00	        1.00	        1.00
  0.47	        2.00	        0.00	        0.00	        1.00	        1.00	        1.00
  0.48	        2.00	        0.00	        0.00	        1.00	        1.00	        1.00
  0.49	        2.00	        0.00	        0.00	        1.00	        1.00	        1.00
  0.50	        2.00	        0.00	        0.00	        1.00	        1.00	        1.00
  0.51	        2.00	        0.00	        0.00	        1.00	        1.00	        1.00
  0.52	        2.00	        0.00	        0.00	        1.00	        1.00	        1.00
  0.53	        2.00	        0.00	        0.00	        1.00	        1.00	        1.00
  0.54	        2.00	        0.00	        0.00	        1.00	        1.00	        1.00
  0.55	        2.00	        0.00	        0.00	        1.00	        1.00	        1.00
  0.56	        2.00	        0.00	        0.00	        1.00	        1.00	        1.00
  0.57	        2.00	        0.00	        0.00	        1.00	        1.00	        1.00
  0.58	        2.00	        0.00	        0.00	        1.00	        1.00	        1.00
  0.59	        2.00	        0.00	        0.00	        1.00	        1.00	        1.00
  0.60	        2.00	        0.00	        0.00	        1.00	        1.00	        1.00
  0.61	        2.00	        0.00	        0.00	        1.00	        1.00	        1.00
  0.62	        2.00	        0.00	        0.00	        1.00	        1.00	        1.00
  0.63	        2.00	        0.00	        0.00	        1.00	        1.00	        1.00
  0.64	        2.00	        0.00	        0.00	        1.00	        1.00	        1.00
  0.65	        2.00	        0.00	        0.00	        1.00	        1.00	        1.00
  0.66	        2.00	        0.00	        0.00	        1.00	        1.00	        1.00
  0.67	        2.00	        0.00	        0.00	        1.00	        1.00	        1.00
  0.68	        2.00	        0.00	        0.00	        1.00	        1.00	        1.00
  0.69	        2.00	        0.00	        0.00	        1.00	        1.00	        1.00
  0.70	        2.00	        0.00	        0.00	        1.00	        1.00	        1.00
  0.71	        2.00	        0.00	        0.00	        1.00	        1.00	        1.00
  0.72	        2.00	        0.00	        0.00	        1.00	        1.00	        1.00
  0.73	        2.00	        0.00	        0.00	        1.00	        1.00	        1.00
  0.74	        2.00	        0.00	        0.00	        1.00	        1.00	        1.00
  0.75	        2.00	        0.00	        0.00	        1.00	        1.00	        1.00
  0.76	        2.00	        0.00	        0.00	        1.00	        1.00	        1.00
  0.77	        2.00	        0.00	        0.00	        1.00	        1.00	        1.00
  0.78	        2.00	        0.00	        0.00	        1.00	        1.00	        1.00
  0.79	        2.00	        0.00	        0.00	        1.00	        1.00	        1.00
  0.80	        2.00	        0.00	        0.00	        1.00	        1.00	        1.00
  0.81	        2.00	        0.00	        0.00	        1.00	        1.00	        1.00
  0.82	        2.00	        0.00	        0.00	        1.00	        1.00	        1.00
  0.83	        2.00	        0.00	        0.00	        1.00	        1.00	        1.00
  0.84	        2.00	        0.00	        0.00	        1.00	        1.00	        1.00
  0.85	        2.00	        0.00	        0.00	        1.00	        1.00	        1.00
  0.86	        2.00	        0.00	        0.00	        1.00	        1.00	        1.00
  0.87	        2.00	        0.00	        0.00	        1.00	        1.00	        1.00
  0.88	        2.00	        0.00	        0.00	        1.00	        1.00	        1.00
  0.89	        2.00	        0.00	        0.00	        1.00	        1.00	        1.00
  0.90	        2.00	        0.00	        0.00	        1.00	        1.00	        1.00
  0.91	        2.00	        0.00	        0.00	        1.00	        1.00	        1.00
  0.92	        3.00	        0.00	        0.00	        1.00	        2.00	        1.00
  0.93	        3.00	        0.00	        0.00	        1.00	        2.00	        1.00
  0.94	        3.00	        0.00	        0.00	        1.00	        2.00	        1.00
  0.95	        3.00	        0.00	        0.00	        1.00	        2.00	        1.00
  0.96	        3.00	        0.00	        0.00	        1.00	        2.00	        1.00
  0.97	        3.00	        0.00	        0.00	        1.00	        2.00	        1.00
  0.98	        3.00	        0.00	        0.00	        1.00	        2.00	        1.00
  0.99	        3.00	        0.00	        0.00	        1.00	        2.00	        1.00
  1.00	        3.00	        0.00	        0.00	        1.00	        2.00	        1.00
  1.01	        3.00	        0.00	        0.00	        1.00	        2.00	        1.00
  1.02	        4.00	        0.00	        0.00	        1.00	        3.00	        1.00
  1.03	        4.00	        0.00	        0.00	        1.00	        3.00	        1.00
  1.04	        5.00	        0.00	        0.00	        1.00	        4.00	        1.00
  1.05	        5.00	        0.00	        0.00	        1.00	        4.00	        1.00
  1.06	        5.00	        0.00	        0.00	        1.00	        4.00	        1.00
  1.07	        5.00	        0.00	        0.00	        1.00	        4.00	        1.00
  1.08	        5.00	        0.00	        0.00	        1.00	        4.00	        1.00
  1.09	        6.00	        0.00	        0.00	        1.00	        5.00	        1.00
  1.10	        6.00	        0.00	        0.00	        1.00	        5.00	        1.00
  1.11	        6.00	        0.00	        0.00	        1.00	        5.00	        1.00
  1.12	        7.00	        0.00	        0.00	        1.00	        6.00	        1.00
  1.13	        7.00	        0.00	        0.00	        1.00	        6.00	        1.00
  1.14	        7.00	        0.00	        0.00	        1.00	        6.00	        1.00
  1.15	        7.00	        0.00	        0.00	        1.00	        6.00	        1.00
  1.16	        7.00	        0.00	        0.00	        1.00	        6.00	        1.00
  1.17	        7.00	        0.00	        0.00	        1.00	        6.00	        1.00
  1.18	        7.00	        0.00	        0.00	        1.00	        6.00	        1.00
  1.19	        7.00	        0.00	        0.00	        1.00	        6.00	        1.00
  1.20	        7.00	        0.00	        0.00	        1.00	        6.00	        1.00
  1.21	        8.00	        0.00	        0.00	        1.00	        7.00	        1.00
  1.22	        8.00	        0.00	        0.00	        1.00	        7.00	        1.00
  1.23	        8.00	        0.00	        0.00	        1.00	        7.00	        1.00
  1.24	        8.00	        0.00	        0.00	        1.00	        7.00	        1.00
  1.25	        8.00	        0.00	        0.00	        1.00	        7.00	        1.00
  1.26	        8.00	        0.00	        0.00	        1.00	        7.00	        1.00
  1.27	        8.00	        0.00	        0.00	        1.00	        7.00	        1.00
  1.28	        8.00	        0.00	        0.00	        1.00	        7.00	        1.00
  1.29	        9.00	        0.00	        0.00	        1.00	        8.00	        1.00
  1.30	       10.00	        0.00	        0.00	        1.00	        9.00	        1.00
  1.31	       10.00	        0.00	        0.00	        1.00	        9.00	        1.00
  1.32	       10.00	        0.00	        0.00	        1.00	        9.00	        1.00
  1.33	       10.00	        0.00	        0.00	        1.00	        9.00	        1.00
  1.34	       11.00	        0.00	        0.00	        1.00	       10.00	        1.00
  1.35	       11.00	        0.00	        0.00	        1.00	       10.00	        1.00
  1.36	       11.00	        0.00	        0.00	        1.00	       10.00	        1.00
  1.37	       11.00	        0.00	        0.00	        1.00	       10.00	        1.00
  1.38	       11.00	        0.00	        0.00	        1.00	       10.00	        1.00
  1.39	       12.00	        0.00	        0.00	        1.00	       11.00	        1.00
  1.40	       12.00	        0.00	        0.00	        1.00	       11.00	        1.00
  1.41	       12.00	        0.00	        0.00	        1.00	       11.00	        1.00
  1.42	       13.00	        0.00	        0.00	        1.00	       12.00	        1.00
  1.43	       13.00	        0.00	        0.00	        1.00	       12.00	        1.00
  1.44	       13.00	        0.00	        0.00	        1.00	       12.00	        1.00
  1.45	       13.00	        0.00	        0.00	        1.00	       12.00	        1.00
  1.46	       14.00	        0.00	        0.00	        1.00	       13.00	        1.00
  1.47	       14.00	        0.00	        0.00	        1.00	       13.00	        1.00
  1.48	       14.00	        0.00	        0.00	        1.00	       13.00	        1.00
  1.49	       15.00	        0.00	        0.00	        1.00	       14.00	        1.00
  1.50	       15.00	        0.00	        0.00	        1.00	       14.00	        1.00
  1.51	       15.00	        0.00	        0.00	        1.00	       14.00	        1.00
  1.52	       16.00	        0.00	        0.00	        1.00	       15.00	        1.00
  1.53	       17.00	        0.00	        0.00	        1.00	       16.00	        1.00
  1.54	       17.00	        0.00	        0.00	        1.00	       16.00	        1.00
  1.55	       17.00	        0.00	        0.00	        1.00	       16.00	        1.00
  1.56	       18.00	        0.00	        0.00	        1.00	       17.00	        1.00
  1.57	       18.00	        0.00	        0.00	        1.00	       17.00	        1.00
  1.58	       19.00	        0.00	        0.00	        1.00	       18.00	        1.00
  1.59	       19.00	        0.00	        0.00	        1.00	       18.00	        1.00
  1.60	       20.00	        0.00	        0.00	        1.00	       19.00	        1.00
  1.61	       20.00	        0.00	        0.00	        1.00	       19.00	        1.00
  1.62	       20.00	        0.00	        0.00	        1.00	       19.00	        1.00
  1.63	       21.00	        0.00	        0.00	        1.00	       20.00	        1.00
  1.64	       22.00	        0.00	        0.00	        1.00	       21.00	        1.00
  1.65	       22.00	        0.00	        0.00	        1.00	       21.00	        1.00
  1.66	       22.00	        0.00	        0.00	        1.00	       21.00	        1.00
  1.67	       24.00	        0.00	        0.00	        1.00	       23.00	        1.00
  1.68	       25.00	        0.00	        0.00	        1.00	       24.00	        1.00
  1.69	       25.00	        0.00	        0.00	        1.00	       24.00	        1.00
  1.70	       25.00	        0.00	        0.00	        1.00	       24.00	        1.00
  1.71	       25.00	        0.00	        0.00	        1.00	       24.00	        1.00
  1.72	       25.00	        0.00	        0.00	        1.00	       24.00	        1.00
  1.73	       25.00	        0.00	        0.00	        1.00	       24.00	        1.00
  1.74	       25.00	        0.00	        0.00	        1.00	       24.00	        1.00
  1.75	       26.00	        0.00	        0.00	        1.00	       25.00	        1.00
  1.76	       26.00	        0.00	        0.00	        1.00	       25.00	        1.00
  1.77	       26.00	        0.00	        0.00	        1.00	       25.00	        1.00
  1.78	       26.00	        0.00	        0.00	        1.00	       25.00	        1.00
  1.79	       26.00	        0.00	        0.00	        1.00	       25.00	        1.00
  1.80	       27.00	        0.00	        0.00	        1.00	       26.00	        1.00
  1.81	       28.00	        0.00	        0.00	        1.00	       27.00	        1.00
  1.82	       28.00	        0.00	        0.00	        1.00	       27.00	        1.00
  1.83	       28.00	        0.00	        0.00	        1.00	       27.00	        1.00
  1.84	       29.00	        0.00	        0.00	        1.00	       28.00	        1.00
  1.85	       29.00	        0.00	        0.00	        1.00	       28.00	        1.00
  1.86	       29.00	        0.00	        0.00	        1.00	       28.00	        1.00
  1.87	       31.00	        0.00	        0.00	        1.00	       30.00	        1.00
  1.88	       31.00	        0.00	        0.00	        1.00	       30.00	        1.00
  1.89	       31.00	        0.00	        0.00	        1.00	       30.00	        1.00
  1.90	       32.00	        0.00	        0.00	        1.00	       31.00	        1.00
  1.91	       32.00	        0.00	        0.00	        1.00	       31.00	        1.00
  1.92	       32.00	        0.00	        0.00	        1.00	       31.00	        1.00
  1.93	       33.00	        0.00	        0.00	        1.00	       32.00	        1.00
  1.94	       33.00	        0.00	        0.00	        1.00	       32.00	        1.00
  1.95	       34.00	        0.00	        0.00	        1.00	       33.00	        1.00
  1.96	       35.00	        0.00	        0.00	        1.00	       34.00	        1.00
  1.97	       35.00	        0.00	        0.00	        1.00	       34.00	        1.00
  1.98	       36.00	        0.00	        0.00	        1.00	       35.00	        1.00
  1.99	       37.00	        0.00	        0.00	        1.00	       36.00	        1.00
  2.00	       37.00	        0.00	        0.00	        1.00	       36.00	        1.00
  2.01	       37.00	        0.00	        0.00	        1.00	       36.00	        1.00
  2.02	       37.00	        0.00	        0.00	        1.00	       36.00	        1.00
  2.03	       37.00	        0.00	        0.00	        1.00	       36.00	        1.00
  2.04	       40.00	        0.00	        0.00	        1.00	       39.00	        1.00
  2.05	       40.00	        0.00	        0.00	        1.00	       39.00	        1.00
  2.06	       40.00	        0.00	        0.00	        1.00	       39.00	        1.00
  2.07	       41.00	        0.00	        0.00	        1.00	       40.00	        1.00
  2.08	       42.00	        0.00	        0.00	        1.00	       41.00	        1.00
  2.09	       44.00	        0.00	        0.00	        1.00	       43.00	        1.00
  2.10	       45.00	        0.00	        0.00	        1.00	       44.00	        1.00
  2.11	       45.00	        0.00	        0.00	        1.00	       44.00	        1.00
  2.12	       47.00	        0.00	        0.00	        1.00	       46.00	        1.00
  2.13	       48.00	        0.00	        0.00	        1.00	       47.00	        1.00
  2.14	       50.00	        0.00	        0.00	        1.00	       49.00	        1.00
  2.15	       50.00	        0.00	        0.00	        1.00	       49.00	        1.00
  2.16	       50.00	        0.00	        0.00	        1.00	       49.00	        1.00
  2.17	       51.00	        0.00	        0.00	        1.00	       50.00	        1.00
  2.18	       52.00	        0.00	        0.00	        1.00	       51.00	        1.00
  2.19	       54.00	        0.00	        0.00	        1.00	       53.00	        1.00
  2.20	       55.00	        0.00	        0.00	        1.00	       54.00	        1.00
  2.21	       55.00	        0.00	        0.00	        1.00	       54.00	        1.00
  2.22	       56.00	        0.00	        0.00	        1.00	       55.00	        1.00
  2.23	       56.00	        0.00	        0.00	        1.00	       55.00	        1.00
  2.24	       56.00	        0.00	        0.00	        1.00	       55.00	        1.00
  2.25	       57.00	        0.00	        0.00	        1.00	       56.00	        1.00
  2.26	       60.00	        0.00	        0.00	        1.00	       59.00	        1.00
  2.27	       61.00	        0.00	        0.00	        1.00	       60.00	        1.00
  2.28	       62.00	        0.00	        0.00	        1.00	       61.00	        1.00
  2.29	       64.00	        0.00	        0.00	        1.00	       63.00	        1.00
  2.30	       66.00	        0.00	        0.00	        1.00	       65.00	        1.00
  2.31	       66.00	        0.00	        0.00	        1.00	       65.00	        1.00
  2.32	       67.00	        0.00	        0.00	        1.00	       66.00	        1.00
  2.33	       68.00	        0.00	        0.00	        1.00	       67.00	        1.00
  2.34	       68.00	        0.00	        0.00	        1.00	       67.00	        1.00
  2.35	       70.00	        0.00	        0.00	        1.00	       69.00	        1.00
  2.36	       70.00	        0.00	        0.00	        1.00	       69.00	        1.00
  2.37	       72.00	        0.00	        0.00	        1.00	       71.00	        1.00
  2.38	       74.00	        0.00	        0.00	        1.00	       73.00	        1.00
  2.39	       75.00	        0.00	        0.00	        1.00	       74.00	        1.00
  2.40	       75.00	        0.00	        0.00	        1.00	       74.00	        1.00
  2.41	       76.00	        0.00	        0.00	        1.00	       75.00	        1.00
  2.42	       77.00	        0.00	        0.00	        1.00	       76.00	        1.00
  2.43	       79.00	        0.00	        0.00	        1.00	       78.00	        1.00
  2.44	       81.00	        0.00	        0.00	        1.00	       80.00	        1.00
  2.45	       82.00	        0.00	        0.00	        1.00	       81.00	        1.00
  2.46	       83.00	        0.00	        0.00	        1.00	       82.00	        1.00
  2.47	       83.00	        0.00	        0.00	        1.00	       82.00	        1.00
  2.48	       83.00	        0.00	        0.00	        1.00	       82.00	        1.00
  2.49	       84.00	        0.00	        0.00	        1.00	       83.00	        1.00
  2.50	       85.00	        0.00	        0.00	        1.00	       84.00	        1.00
  2.51	       85.00	        0.00	        0.00	        1.00	       84.00	        1.00
  2.52	       87.00	        0.00	        0.00	        1.00	       86.00	        1.00
  2.53	       89.00	        0.00	        0.00	        1.00	       88.00	        1.00
  2.54	       90.00	        0.00	        0.00	        1.00	       89.00	        1.00
  2.55	       92.00	        0.00	        0.00	        1.00	       91.00	        1.00
  2.56	       95.00	        0.00	        0.00	        1.00	       94.00	        1.00
  2.57	       95.00	        0.00	        0.00	        1.00	       94.00	        1.00
  2.58	       97.00	        0.00	        0.00	        1.00	       96.00	        1.00
  2.59	       99.00	        0.00	        0.00	        1.00	       98.00	        1.00
  2.60	      100.00	        0.00	        0.00	        1.00	       99.00	        1.00
  2.61	      100.00	        0.00	        0.00	        1.00	       99.00	        1.00
  2.62	      100.00	        0.00	        0.00	        1.00	       99.00	        1.00
  2.63	      101.00	        0.00	        0.00	        1.00	      100.00	        1.00
  2.64	      103.00	        0.00	        0.00	        1.00	      102.00	        1.00
  2.65	      106.00	        0.00	        0.00	        1.00	      105.00	        1.00
  2.66	      108.00	        0.00	        0.00	        1.00	      107.00	        1.00
  2.67	      109.00	        0.00	        0.00	        1.00	      108.00	        1.00
  2.68	      111.00	        0.00	        0.00	        1.00	      110.00	        1.00
  2.69	      111.00	        0.00	        0.00	        1.00	      110.00	        1.00
  2.70	      115.00	        0.00	        0.00	        1.00	      114.00	        1.00
  2.71	      116.00	        0.00	        0.00	        1.00	      115.00	        1.00
  2.72	      116.00	        0.00	        0.00	        1.00	      115.00	        1.00
  2.73	      117.00	        0.00	        0.00	        1.00	      116.00	        1.00
  2.74	      119.00	        0.00	        0.00	        1.00	      118.00	        1.00
  2.75	      121.00	        0.00	        0.00	        1.00	      120.00	        1.00
  2.76	      125.00	        0.00	        0.00	        1.00	      124.00	        1.00
  2.77	      129.00	        0.00	        0.00	        1.00	      128.00	        1.00
  2.78	      134.00	        0.00	        0.00	        1.00	      133.00	        1.00
  2.79	      135.00	        0.00	        0.00	        1.00	      134.00	        1.00
  2.80	      139.00	        0.00	        0.00	        1.00	      138.00	        1.00
  2.81	      140.00	        0.00	        0.00	        1.00	      139.00	        1.00
  2.82	      148.00	        0.00	        0.00	        1.00	      147.00	        1.00
  2.83	      151.00	        0.00	        0.00	        1.00	      150.00	        1.00
  2.84	      154.00	        0.00	        0.00	        1.00	      153.00	        1.00
  2.85	      155.00	        0.00	        0.00	        1.00	      154.00	        1.00
  2.86	      155.00	        0.00	        0.00	        1.00	      154.00	        1.00
  2.87	      160.00	        0.00	        0.00	        1.00	      159.00	        1.00
  2.88	      166.00	        0.00	        0.00	        1.00	      165.00	        1.00
  2.89	      170.00	        0.00	        0.00	        1.00	      169.00	        1.00
  2.90	      173.00	        0.00	        0.00	        1.00	      172.00	        1.00
  2.91	      176.00	        0.00	        0.00	        1.00	      175.00	        1.00
  2.92	      176.00	        0.00	        0.00	        1.00	      175.00	        1.00
  2.93	      179.00	        0.00	        0.00	        1.00	      178.00	        1.00
  2.94	      179.00	        0.00	        0.00	        1.00	      178.00	        1.00
  2.95	      184.00	        0.00	        0.00	        1.00	      183.00	        1.00
  2.96	      187.00	        0.00	        0.00	        1.00	      186.00	        1.00
  2.97	      189.00	        0.00	        0.00	        1.00	      188.00	        1.00
  2.98	      192.00	        0.00	        0.00	        1.00	      191.00	        1.00
  2.99	      196.00	        0.00	        0.00	        1.00	      195.00	        1.00
  3.00	      197.00	        0.00	   600000.00	        1.00	      196.00	        1.00
  3.01	      200.00	        0.00	   599980.00	        1.00	      199.00	        1.00
  3.02	      202.00	        0.00	   599966.00	        1.00	      201.00	        1.00
  3.03	      203.00	        0.00	   599954.00	        1.00	      202.00	        1.00
  3.04	      205.00	        0.00	   599933.00	        1.00	      204.00	        1.00
  3.05	      208.00	        0.00	   599920.00	        1.00	      207.00	        1.00
  3.06	      212.00	        0.00	   599905.00	        1.00	      211.00	        1.00
  3.07	      214.00	        0.00	   599888.00	        1.00	      213.00	        1.00
  3.08	      215.00	        0.00	   599872.00	        1.00	      214.00	        1.00
  3.09	      220.00	        0.00	   599855.00	        1.00	      219.00	        1.00
  3.10	      223.00	        0.00	   599838.00	        1.00	      222.00	        1.00
  3.11	      231.00	        0.00	   599818.00	        1.00	      230.00	        1.00
  3.12	      232.00	        0.00	   599797.00	        1.00	      231.00	        1.00
  3.13	      234.00	        0.00	   599778.00	        1.00	      233.00	        1.00
  3.14	      237.00	        0.00	   599760.00	        1.00	      236.00	        1.00
  3.15	      240.00	        0.00	   599743.00	        1.00	      239.00	        1.00
  3.16	      244.00	        0.00	   599728.00	        1.00	      243.00	        1.00
  3.17	      247.00	        0.00	   599711.00	        1.00	      246.00	        1.00
  3.18	      253.00	        0.00	   599698.00	        1.00	      252.00	        1.00
  3.19	      256.00	        0.00	   599686.00	        1.00	      255.00	        1.00
  3.20	      260.00	        0.00	   599670.00	        1.00	      259.00	        1.00
  3.21	      264.00	        0.00	   599655.00	        1.00	      263.00	        1.00
  3.22	      270.00	        0.00	   599635.00	        1.00	      269.00	        1.00
  3.23	      274.00	        0.00	   599618.00	        1.00	      273.00	        1.00
  3.24	      280.00	        0.00	   599601.00	        1.00	      279.00	        1.00
  3.25	      283.00	        0.00	   599589.00	        1.00	      282.00	        1.00
  3.26	      288.00	        0.00	   599570.00	        1.00	      287.00	        1.00
  3.27	      291.00	        0.00	   599549.00	        1.00	      290.00	        1.00
  3.28	      296.00	        0.00	   599534.00	        1.00	      295.00	        1.00
  3.29	      301.00	        0.00	   599506.00	        1.00	      300.00	        1.00
  3.30	      312.00	        0.00	   599477.00	        1.00	      311.00	        1.00
  3.31	      317.00	        0.00	   599459.00	        1.00	      316.00	        1.00
  3.32	      323.00	        0.00	   599439.00	        1.00	      322.00	        1.00
  3.33	      331.00	        0.00	   599427.00	        1.00	      330.00	        1.00
  3.34	      338.00	        0.00	   599406.00	        1.00	      337.00	        1.00
  3.35	      342.00	        0.00	   599392.00	        1.00	      341.00	        1.00
  3.36	      347.00	        0.00	   599376.00	        1.00	      346.00	        1.00
  3.37	      353.00	        0.00	   599356.00	        1.00	      352.00	        1.00
  3.38	      357.00	        0.00	   599338.00	        1.00	      356.00	        1.00
  3.39	      365.00	        0.00	   599320.00	        1.00	      364.00	        1.00
  3.40	      372.00	        0.00	   599296.00	        1.00	      371.00	        1.00
  3.41	      384.00	        0.00	   599281.00	        1.00	      383.00	        1.00
  3.42	      389.00	        0.00	   599267.00	        1.00	      388.00	        1.00
  3.43	      394.00	        0.00	   599247.00	        1.00	      393.00	        1.00
  3.44	      402.00	        0.00	   599224.00	        1.00	      401.00	        1.00
  3.45	      409.00	        0.00	   599202.00	        1.00	      408.00	        1.00
  3.46	      414.00	        0.00	   599181.00	        1.00	      413.00	        1.00
  3.47	      421.00	        0.00	   599157.00	        1.00	      420.00	        1.00
  3.48	      425.00	        0.00	   599139.00	        1.00	      424.00	        1.00
  3.49	      431.00	        0.00	   599120.00	        1.00	      430.00	        1.00
  3.50	      439.00	        0.00	   599093.00	        1.00	      438.00	        1.00
  3.51	      445.00	        0.00	   599077.00	        1.00	      444.00	        1.00
  3.52	      453.00	        0.00	   599057.00	        1.00	      452.00	        1.00
  3.53	      461.00	        0.00	   599049.00	        1.00	      460.00	        1.00
  3.54	      465.00	        0.00	   599031.00	        1.00	      464.00	        1.00
  3.55	      473.00	        0.00	   599014.00	        1.00	      472.00	        1.00
  3.56	      479.00	        0.00	   598991.00	        1.00	      478.00	        1.00
  3.57	      486.00	        0.00	   598971.00	        1.00	      485.00	        1.00
  3.58	      490.00	        0.00	   598958.00	        1.00	      489.00	        1.00
  3.59	      500.00	        0.00	   598936.00	        1.00	      499.00	        1.00
  3.60	      509.00	        0.00	   598910.00	        1.00	      508.00	        1.00
  3.61	      522.00	        0.00	   598887.00	        1.00	      521.00	        1.00
  3.62	      530.00	        0.00	   598867.00	        1.00	      529.00	        1.00
  3.63	      551.00	        0.00	   598857.00	        1.00	      550.00	        1.00
  3.64	      559.00	        0.00	   598837.00	        1.00	      558.00	        1.00
  3.65	      565.00	        0.00	   598812.00	        1.00	      564.00	        1.00
  3.66	      575.00	        0.00	   598789.00	        1.00	      574.00	        1.00
  3.67	      590.00	        0.00	   598779.00	        1.00	      589.00	        1.00
  3.68	      598.00	        1.00	   598764.00	        1.00	      598.00	        1.00
  3.69	      614.00	        1.00	   598750.00	        1.00	      614.00	        1.00
  3.70	      620.00	        1.00	   598725.00	        1.00	      620.00	        1.00
  3.71	      630.00	        1.00	   598701.00	        1.00	      630.00	        1.00
  3.72	      642.00	        2.00	   598682.00	        1.00	      643.00	        1.00
  3.73	      655.00	        2.00	   598665.00	        1.00	      656.00	        1.00
  3.74	      661.00	        3.00	   598647.00	        1.00	      663.00	        1.00
  3.75	      669.00	        3.00	   598627.00	        1.00	      671.00	        1.00
  3.76	      675.00	        3.00	   598610.00	        1.00	      677.00	        1.00
  3.77	      688.00	        3.00	   598581.00	        1.00	      690.00	        1.00
  3.78	      703.00	        3.00	   598563.00	        1.00	      705.00	        1.00
  3.79	      717.00	        3.00	   598545.00	        1.00	      719.00	        1.00
  3.80	      725.00	        3.00	   598528.00	        1.00	      727.00	        1.00
  3.81	      739.00	        3.00	   598503.00	        1.00	      741.00	        1.00
  3.82	      748.00	        3.00	   598477.00	        1.00	      750.00	        1.00
  3.83	      759.00	        3.00	   598456.00	        1.00	      761.00	        1.00
  3.84	      770.00	        3.00	   598436.00	        1.00	      772.00	        1.00
  3.85	      783.00	        3.00	   598425.00	        1.00	      785.00	        1.00
  3.86	      796.00	        3.00	   598402.00	        1.00	      798.00	        1.00
  3.87	      810.00	        3.00	   598387.00	        1.00	      812.00	        1.00
  3.88	      821.00	        3.00	   598371.00	        1.00	      823.00	        1.00
  3.89	      831.00	        3.00	   598352.00	        1.00	      833.00	        1.00
  3.90	      842.00	        3.00	   598334.00	        1.00	      844.00	        1.00
  3.91	      862.00	        3.00	   598316.00	        1.00	      864.00	        1.00
  3.92	      875.00	        3.00	   598300.00	        1.00	      877.00	        1.00
  3.93	      889.00	        3.00	   598290.00	        1.00	      891.00	        1.00
  3.94	      902.00	        3.00	   598272.00	        1.00	      904.00	        1.00
  3.95	      921.00	        3.00	   598257.00	        1.00	      923.00	        1.00
  3.96	      938.00	        3.00	   598235.00	        1.00	      940.00	        1.00
  3.97	      953.00	        3.00	   598222.00	        1.00	      955.00	        1.00
  3.98	      974.00	        3.00	   598200.00	        1.00	      976.00	        1.00
  3.99	      992.00	        3.00	   598188.00	        1.00	      994.00	        1.00
  4.00	     1022.00	        3.00	   598169.00	        1.00	     1024.00	        1.00
  4.01	     1043.00	        3.00	   598158.00	        1.00	     1045.00	        1.00
  4.02	     1060.00	        3.00	   598134.00	        1.00	     1062.00	        1.00
  4.03	     1068.00	        3.00	   598113.00	        1.00	     1070.00	        1.00
  4.04	     1085.00	        3.00	   598099.00	        1.00	     1087.00	        1.00
  4.05	     1100.00	        3.00	   598074.00	        1.00	     1102.00	        1.00
  4.06	     1122.00	        3.00	   598056.00	        1.00	     1124.00	        1.00
  4.07	     1139.00	        3.00	   598039.00	        1.00	     1141.00	        1.00
  4.08	     1166.00	        3.00	   598026.00	        1.00	     1168.00	        1.00
  4.09	     1186.00	        3.00	   598006.00	        1.00	     1188.00	        1.00
  4.10	     1209.00	        3.00	   597984.00	        1.00	     1211.00	        1.00
  4.11	     1229.00	        5.00	   597958.00	        1.00	     1233.00	        1.00
  4.12	     1245.00	        6.00	   597936.00	        1.00	     1250.00	        1.00
  4.13	     1266.00	        6.00	   597916.00	        1.00	     1271.00	        1.00
  4.14	     1285.00	        8.00	   597897.00	        1.00	     1292.00	        1.00
  4.15	     1303.00	        8.00	   597884.00	        1.00	     1310.00	        1.00
  4.16	     1326.00	        8.00	   597866.00	        1.00	     1333.00	        1.00
  4.17	     1351.00	        8.00	   597853.00	        1.00	     1358.00	        1.00
  4.18	     1377.00	        8.00	   597834.00	        1.00	     1384.00	        1.00
  4.19	     1397.00	        8.00	   597814.00	        1.00	     1404.00	        1.00
  4.20	     1419.00	        9.00	   597796.00	        1.00	     1427.00	        1.00
  4.21	     1440.00	        9.00	   597779.00	        1.00	     1448.00	        1.00
  4.22	     1473.00	        9.00	   597757.00	        1.00	     1481.00	        1.00
  4.23	     1492.00	        9.00	   597742.00	        1.00	     1500.00	        1.00
  4.24	     1521.00	        9.00	   597724.00	        1.00	     1529.00	        1.00
  4.25	     1541.00	        9.00	   597709.00	        1.00	     1549.00	        1.00
  4.26	     1565.00	        9.00	   597695.00	        1.00	     1573.00	        1.00
  4.27	     1593.00	        9.00	   597675.00	        1.00	     1601.00	        1.00
  4.28	     1618.00	        9.00	   597660.00	        1.00	     1626.00	        1.00
  4.29	     1641.00	        9.00	   597650.00	        1.00	     1649.00	        1.00
  4.30	     1671.00	        9.00	   597627.00	        1.00	     1679.00	        1.00
  4.31	     1690.00	        9.00	   597614.00	        1.00	     1698.00	        1.00
  4.32	     1713.00	        9.00	   597600.00	        1.00	     1721.00	        1.00
  4.33	     1739.00	        9.00	   597583.00	        1.00	     1747.00	        1.00
  4.34	     1771.00	        9.00	   597567.00	        1.00	     1779.00	        1.00
  4.35	     1795.00	        9.00	   597550.00	        1.00	     1803.00	        1.00
  4.36	     1831.00	        9.00	   597534.00	        1.00	     1839.00	        1.00
  4.37	     1852.00	        9.00	   597516.00	        1.00	     1860.00	        1.00
  4.38	     1873.00	        9.00	   597489.00	        1.00	     1881.00	        1.00
  4.39	     1908.00	        9.00	   597464.00	        1.00	     1916.00	        1.00
  4.40	     1933.00	        9.00	   597440.00	        1.00	     1941.00	        1.00
  4.41	     1973.00	       10.00	   597421.00	        1.00	     1982.00	        1.00
  4.42	     2002.00	       10.00	   597411.00	        1.00	     2011.00	        1.00
  4.43	     2033.00	       10.00	   597394.00	        1.00	     2042.00	        1.00
  4.44	     2066.00	       10.00	   597375.00	        1.00	     2075.00	        1.00
  4.45	     2095.00	       10.00	   597357.00	        1.00	     2104.00	        1.00
  4.46	     2131.00	       10.00	   597334.00	        1.00	     2140.00	        1.00
  4.47	     2163.00	       10.00	   597312.00	        1.00	     2172.00	        1.00
  4.48	     2189.00	       10.00	   597286.00	        1.00	     2198.00	        1.00
  4.49	     2217.00	       10.00	   597262.00	        1.00	     2226.00	        1.00
  4.50	     2258.00	       10.00	   597242.00	        1.00	     2267.00	        1.00
  4.51	     2289.00	       11.00	   597218.00	        1.00	     2299.00	        1.00
  4.52	     2323.00	       11.00	   597202.00	        1.00	     2333.00	        1.00
  4.53	     2361.00	       11.00	   597188.00	        1.00	     2371.00	        1.00
  4.54	     2400.00	       11.00	   597166.00	        1.00	     2410.00	        1.00
  4.55	     2447.00	       11.00	   597145.00	        1.00	     2457.00	        1.00
  4.56	     2490.00	       11.00	   597121.00	        1.00	     2500.00	        1.00
  4.57	     2536.00	       11.00	   597107.00	        1.00	     2546.00	        1.00
  4.58	     2580.00	       11.00	   597081.00	        1.00	     2590.00	        1.00
  4.59	     2621.00	       11.00	   597057.00	        1.00	     2631.00	        1.00
  4.60	     2657.00	       13.00	   597031.00	        1.00	     2669.00	        1.00
  4.61	     2708.00	       14.00	   597017.00	        1.00	     2721.00	        1.00
  4.62	     2759.00	       14.00	   597002.00	        1.00	     2772.00	        1.00
  4.63	     2801.00	       14.00	   596982.00	        1.00	     2814.00	        1.00
  4.64	     2843.00	       14.00	   596966.00	        1.00	     2856.00	        1.00
  4.65	     2880.00	       16.00	   596949.00	        1.00	     2895.00	        1.00
  4.66	     2924.00	       16.00	   596937.00	        1.00	     2939.00	        1.00
  4.67	     2968.00	       19.00	   596924.00	        1.00	     2986.00	        1.00
  4.68	     3017.00	       20.00	   596900.00	        1.00	     3036.00	        1.00
  4.69	     3068.00	       20.00	   596883.00	        1.00	     3087.00	        1.00
  4.70	     3116.00	       20.00	   596859.00	        1.00	     3135.00	        1.00
  4.71	     3160.00	       22.00	   596842.00	        1.00	     3181.00	        1.00
  4.72	     3206.00	       22.00	   596823.00	        1.00	     3227.00	        1.00
  4.73	     3260.00	       22.00	   596808.00	        1.00	     3281.00	        1.00
  4.74	     3318.00	       22.00	   596788.00	        1.00	     3339.00	        1.00
  4.75	     3377.00	       22.00	   596769.00	        1.00	     3398.00	        1.00
  4.76	     3432.00	       22.00	   596755.00	        1.00	     3453.00	        1.00
  4.77	     3478.00	       22.00	   596735.00	        1.00	     3499.00	        1.00
  4.78	     3539.00	       22.00	   596725.00	        1.00	     3560.00	        1.00
  4.79	     3604.00	       22.00	   596702.00	        1.00	     3625.00	        1.00
  4.80	     3668.00	       22.00	   596680.00	        1.00	     3689.00	        1.00
  4.81	     3723.00	       25.00	   596667.00	        1.00	     3747.00	        1.00
  4.82	     3783.00	       25.00	   596649.00	        1.00	     3807.00	        1.00
  4.83	     3846.00	       26.00	   596631.00	        1.00	     3871.00	        1.00
  4.84	     3903.00	       26.00	   596615.00	        1.00	     3928.00	        1.00
  4.85	     3966.00	       27.00	   596594.00	        1.00	     3992.00	        1.00
  4.86	     4021.00	       27.00	   596578.00	        1.00	     4047.00	        1.00
  4.87	     4088.00	       27.00	   596567.00	        1.00	     4114.00	        1.00
  4.88	     4152.00	       27.00	   596546.00	        1.00	     4178.00	        1.00
  4.89	     4210.00	       27.00	   596526.00	        1.00	     4236.00	        1.00
  4.90	     4274.00	       28.00	   596514.00	        1.00	     4301.00	        1.00
  4.91	     4332.00	       28.00	   596506.00	        1.00	     4359.00	        1.00
  4.92	     4170.00	      241.00	   596684.00	        1.00	     4411.00	        1.00
  4.93	     4243.00	      241.00	   596667.00	        1.00	     4484.00	        1.00
  4.94	     4309.00	      241.00	   596649.00	        1.00	     4550.00	        1.00
  4.95	     4376.00	      242.00	   596635.00	        1.00	     4618.00	        1.00
  4.96	     4448.00	      242.00	   596619.00	        1.00	     4690.00	        1.00
  4.97	     4513.00	      243.00	   596595.00	        1.00	     4756.00	        1.00
  4.98	     4581.00	      243.00	   596579.00	        1.00	     4824.00	        1.00
  4.99	     4661.00	      244.00	   596553.00	        1.00	     4905.00	        1.00
  5.00	     4734.00	      247.00	   596526.00	        1.00	     4981.00	        1.00
  5.01	     4819.00	      248.00	   596506.00	        1.00	     5067.00	        1.00
  5.02	     4899.00	      248.00	   596490.00	        1.00	     5147.00	        1.00
  5.03	     4956.00	      248.00	   596474.00	        1.00	     5204.00	        1.00
  5.04	     5032.00	      248.00	   596459.00	        1.00	     5280.00	        1.00
  5.05	     5128.00	      248.00	   596437.00	        1.00	     5376.00	        1.00
  5.06	     5028.00	      425.00	   596618.00	        1.00	     5454.00	        1.00
  5.07	     5109.00	      426.00	   596593.00	        1.00	     5536.00	        1.00
  5.08	     5191.00	      426.00	   596577.00	        1.00	     5618.00	        1.00
  5.09	     5266.00	      428.00	   596563.00	        1.00	     5695.00	        1.00
  5.10	     5344.00	      431.00	   596537.00	        1.00	     5776.00	        1.00
  5.11	     5416.00	      434.00	   596514.00	        1.00	     5851.00	        1.00
  5.12	     5517.00	      434.00	   596498.00	        1.00	     5952.00	        1.00
  5.13	     5462.00	      572.00	   596671.00	        1.00	     6036.00	        1.00
  5.14	     5568.00	      572.00	   596647.00	        1.00	     6142.00	        1.00
  5.15	     5661.00	      572.00	   596626.00	        1.00	     6235.00	        1.00
  5.16	     5743.00	      572.00	   596606.00	        1.00	     6317.00	        1.00
  5.17	     5839.00	      574.00	   596584.00	        1.00	     6415.00	        1.00
  5.18	     5928.00	      575.00	   596562.00	        1.00	     6505.00	        1.00
  5.19	     6026.00	      575.00	   596551.00	        1.00	     6603.00	        1.00
  5.20	     5934.00	      779.00	   596732.00	        1.00	     6716.00	        1.00
  5.21	     6030.00	      785.00	   596702.00	        1.00	     6818.00	        1.00
  5.22	     6120.00	      788.00	   596681.00	        1.00	     6911.00	        1.00
  5.23	     6241.00	      788.00	   596658.00	        1.00	     7032.00	        1.00
  5.24	     6187.00	      953.00	   596837.00	        1.00	     7144.00	        1.00
  5.25	     6272.00	      955.00	   596813.00	        1.00	     7231.00	        1.00
  5.26	     6208.00	     1129.00	   596997.00	        1.00	     7342.00	        1.00
  5.27	     6313.00	     1129.00	   596975.00	        1.00	     7447.00	        1.00
  5.28	     6231.00	     1300.00	   597154.00	        1.00	     7537.00	        1.00
  5.29	     6328.00	     1301.00	   597136.00	        1.00	     7635.00	        1.00
  5.30	     6252.00	     1470.00	   597318.00	        1.00	     7729.00	        1.00
  5.31	     6336.00	     1476.00	   597297.00	        1.00	     7819.00	        1.00
  5.32	     6450.00	     1481.00	   597268.00	        1.00	     7938.00	        1.00
  5.33	     6552.00	     1481.00	   597259.00	        1.00	     8040.00	        1.00
  5.34	     6473.00	     1649.00	   597443.00	        1.00	     8130.00	        1.00
  5.35	     6565.00	     1650.00	   597428.00	        1.00	     8223.00	        1.00
  5.36	     6664.00	     1650.00	   597409.00	        1.00	     8322.00	        1.00
  5.37	     6771.00	     1650.00	   597390.00	        1.00	     8429.00	        1.00
  5.38	     6885.00	     1651.00	   597375.00	        1.00	     8544.00	        1.00
  5.39	     6988.00	     1654.00	   597350.00	        1.00	     8650.00	        1.00
  5.40	     6908.00	     1826.00	   597535.00	        1.00	     8743.00	        1.00
  5.41	     7037.00	     1829.00	   597518.00	        1.00	     8875.00	        1.00
  5.42	     7168.00	     1830.00	   597495.00	        1.00	     9007.00	        1.00
  5.43	     7118.00	     1986.00	   597672.00	        1.00	     9114.00	        1.00
  5.44	     7092.00	     2133.00	   597855.00	        1.00	     9236.00	        1.00
  5.45	     7213.00	     2135.00	   597836.00	        1.00	     9359.00	        1.00
  5.46	     7319.00	     2139.00	   597804.00	        1.00	     9469.00	        1.00
  5.47	     7295.00	     2294.00	   597985.00	        1.00	     9601.00	        1.00
  5.48	     7420.00	     2295.00	   597956.00	        1.00	     9727.00	        1.00
  5.49	     7371.00	     2456.00	   598130.00	        1.00	     9840.00	        1.00
  5.50	     7302.00	     2626.00	   598302.00	        1.00	     9942.00	        1.00
  5.51	     6974.00	     3072.00	   598877.00	        1.00	    10063.00	        1.00
  5.52	     7093.00	     3072.00	   598852.00	        1.00	    10182.00	        1.00
  5.53	     7199.00	     3079.00	   598820.00	        1.00	    10295.00	        1.00
  5.54	     7175.00	     3215.00	   599000.00	        1.00	    10408.00	        1.00
  5.55	     6630.00	     3870.00	   599967.00	        1.00	    10523.00	        1.00
  5.56	     6472.00	     4137.00	   600343.00	        1.00	    10634.00	        1.00
  5.57	     6289.00	     4398.00	   600721.00	        1.00	    10714.00	        1.00
  5.58	     6256.00	     4524.00	   600893.00	        1.00	    10808.00	        1.00
  5.59	     5945.00	     4916.00	   601477.00	        1.00	    10892.00	        1.00
  5.60	     5912.00	     5041.00	   601651.00	        1.00	    10985.00	        1.00
  5.61	     5896.00	     5152.00	   601821.00	        1.00	    11081.00	        1.00
  5.62	     5660.00	     5475.00	   602391.00	        1.00	    11171.00	        1.00
  5.63	     5739.00	     5480.00	   602362.00	        1.00	    11255.00	        1.00
  5.64	     5731.00	     5585.00	   602527.00	        1.00	    11353.00	        1.00
  5.65	     5553.00	     5871.00	   603097.00	        1.00	    11464.00	        1.00
  5.66	     5634.00	     5877.00	   603072.00	        1.00	    11551.00	        1.00
  5.67	     5561.00	     6030.00	   603447.00	        1.00	    11633.00	        1.00
  5.68	     5472.00	     6212.00	   603822.00	        1.00	    11728.00	        1.00
  5.69	     5347.00	     6425.00	   604197.00	        1.00	    11818.00	        1.00
  5.70	     4897.00	     6941.00	   605362.00	        1.00	    11890.00	        1.00
  5.71	     4629.00	     7280.00	   606123.00	        1.00	    11965.00	        1.00
  5.72	     4473.00	     7508.00	   606698.00	        1.00	    12040.00	        1.00
  5.73	     4026.00	     8011.00	   608067.00	        1.00	    12103.00	        1.00
  5.74	     3749.00	     8348.00	   609030.00	        1.00	    12168.00	        1.00
  5.75	     3615.00	     8538.00	   609589.00	        1.00	    12227.00	        1.00
  5.76	     3186.00	     9007.00	   611145.00	        1.00	    12275.00	        1.00
  5.77	     3023.00	     9225.00	   611897.00	        1.00	    12334.00	        1.00
  5.78	     2971.00	     9319.00	   612253.00	        1.00	    12378.00	        1.00
  5.79	     2857.00	     9485.00	   613009.00	        1.00	    12434.00	        1.00
  5.80	     2761.00	     9640.00	   613568.00	        1.00	    12496.00	        1.00
  5.81	     2539.00	     9907.00	   614927.00	        1.00	    12548.00	        1.00
  5.82	     2421.00	    10061.00	   615667.00	        1.00	    12588.00	        1.00
  5.83	     2209.00	    10305.00	   616806.00	        1.00	    12626.00	        1.00
  5.84	     2056.00	    10486.00	   617753.00	        1.00	    12659.00	        1.00
  5.85	     1716.00	    10845.00	   620094.00	        1.00	    12690.00	        1.00
  5.86	     1551.00	    11026.00	   621433.00	        1.00	    12713.00	        1.00
  5.87	     1416.00	    11181.00	   622986.00	        1.00	    12741.00	        1.00
  5.88	     1283.00	    11323.00	   624313.00	        1.00	    12757.00	        1.00
  5.89	     1026.00	    11584.00	   627041.00	        1.00	    12775.00	        1.00
  5.90	      906.00	    11712.00	   628568.00	        1.00	    12791.00	        1.00
  5.91	      722.00	    11896.00	   631681.00	        1.00	    12807.00	        1.00
  5.92	      663.00	    11963.00	   632602.00	        1.00	    12820.00	        1.00
  5.93	      537.00	    12086.00	   635126.00	        1.00	    12830.00	        1.00
  5.94	      446.00	    12171.00	   637431.00	        1.00	    12836.00	        1.00
  5.95	      390.00	    12223.00	   639537.00	        1.00	    12843.00	        1.00
  5.96	      314.00	    12290.00	   642225.00	        1.00	    12848.00	        1.00
  5.97	      241.00	    12353.00	   645931.00	        1.00	    12857.00	        1.00
  5.98	      192.00	    12388.00	   649226.00	        1.00	    12860.00	        1.00
  5.99	      146.00	    12417.00	   652905.00	        1.00	    12862.00	        1.00
  6.00	       93.00	    12447.00	   657575.00	        1.00	    12863.00	        1.00
  6.01	       76.00	    12451.00	   660281.00	        1.00	    12864.00	        1.00
  6.02	       61.00	    12455.00	   662565.00	        1.00	    12865.00	        1.00
  6.03	       45.00	    12450.00	   666852.00	        1.00	    12866.00	        1.00
  6.04	       28.00	    12441.00	   671909.00	        1.00	    12866.00	        1.00
  6.05	       15.00	    12423.00	   677947.00	        1.00	    12866.00	        1.00
  6.06	        9.00	    12406.00	   682377.00	        1.00	    12866.00	        1.00
  6.07	        7.00	    12387.00	   686396.00	        1.00	    12866.00	        1.00
  6.08	        3.00	    12369.00	   690645.00	        1.00	    12866.00	        1.00
  6.09	        2.00	    12342.00	   696059.00	        1.00	    12866.00	        1.00
  6.10	        2.00	    12315.00	   701262.00	        1.00	    12866.00	        1.00
  6.11	        1.00	    12296.00	   705087.00	        1.00	    12866.00	        1.00
  6.12	        0.00	    12265.00	   711294.00	        0.00	    12866.00	        1.00
  6.13	        0.00	    12241.00	   715880.00	        0.00	    12866.00	        1.00
  6.14	        0.00	    12204.00	   723067.00	        0.00	    12866.00	        1.00
  6.15	        0.00	    12171.00	   729421.00	        0.00	    12866.00	        1.00
  6.16	        0.00	    12131.00	   737170.00	        0.00	    12866.00	        1.00
  6.17	        0.00	    12104.00	   742315.00	        0.00	    12866.00	        1.00
  6.18	        0.00	    12065.00	   749870.00	        0.00	    12866.00	        1.00
  6.19	        0.00	    12026.00	   757414.00	        0.00	    12866.00	        1.00
  6.20	        0.00	    11986.00	   765189.00	        0.00	    12866.00	        1.00
  6.21	        0.00	    11937.00	   774698.00	        0.00	    12866.00	        1.00
  6.22	        0.00	    11904.00	   781030.00	        0.00	    12866.00	        1.00
  6.23	        0.00	    11856.00	   790330.00	        0.00	    12866.00	        1.00
  6.24	        0.00	    11812.00	   798820.00	        0.00	    12866.00	        1.00
  6.25	        0.00	    11778.00	   805287.00	        0.00	    12866.00	        1.00
  6.26	        0.00	    11735.00	   813539.00	        0.00	    12866.00	        1.00
  6.27	        0.00	    11688.00	   822577.00	        0.00	    12866.00	        1.00
  6.28	        0.00	    11644.00	   831037.00	        0.00	    12866.00	        1.00
  6.29	        0.00	    11599.00	   839646.00	        0.00	    12866.00	        1.00
  6.30	        0.00	    11543.00	   850487.00	        0.00	    12866.00	        1.00
  6.31	        0.00	    11483.00	   862102.00	        0.00	    12866.00	        1.00
  6.32	        0.00	    11426.00	   873084.00	        0.00	    12866.00	        1.00
  6.33	        0.00	    11367.00	   884448.00	        0.00	    12866.00	        1.00
  6.34	        0.00	    11313.00	   894854.00	        0.00	    12866.00	        1.00
  6.35	        0.00	    11246.00	   907845.00	        0.00	    12866.00	        1.00
  6.36	        0.00	    11195.00	   917565.00	        0.00	    12866.00	        1.00
  6.37	        0.00	    11126.00	   930925.00	        0.00	    12866.00	        1.00
  6.38	        0.00	    11065.00	   942652.00	        0.00	    12866.00	        1.00
  6.39	        0.00	    11008.00	   953603.00	        0.00	    12866.00	        1.00
  6.40	        0.00	    10919.00	   970925.00	        0.00	    12866.00	        1.00
  6.41	        0.00	    10831.00	   987967.00	        0.00	    12866.00	        1.00
  6.42	        0.00	    10747.00	  1004216.00	        0.00	    12866.00	        1.00
  6.43	        0.00	    10670.00	  1019062.00	        0.00	    12866.00	        1.00
  6.44	        0.00	    10591.00	  1034249.00	        0.00	    12866.00	        1.00
  6.45	        0.00	    10503.00	  1051283.00	        0.00	    12866.00	        1.00
  6.46	        0.00	    10419.00	  1067486.00	        0.00	    12866.00	        1.00
  6.47	        0.00	    10334.00	  1083850.00	        0.00	    12866.00	        1.00
  6.48	        0.00	    10245.00	  1101027.00	        0.00	    12866.00	        1.00
  6.49	        0.00	    10150.00	  1119359.00	        0.00	    12866.00	        1.00
  6.50	        0.00	    10050.00	  1138685.00	        0.00	    12866.00	        1.00
  6.51	        0.00	     9950.00	  1158032.00	        0.00	    12866.00	        1.00
  6.52	        0.00	     9840.00	  1179336.00	        0.00	    12866.00	        1.00
  6.53	        0.00	     9754.00	  1195844.00	        0.00	    12866.00	        1.00
  6.54	        0.00	     9657.00	  1214514.00	        0.00	    12866.00	        1.00
  6.55	        0.00	     9560.00	  1233160.00	        0.00	    12866.00	        1.00
  6.56	        0.00	     9459.00	  1252627.00	        0.00	    12866.00	        1.00
  6.57	        0.00	     9349.00	  1273836.00	        0.00	    12866.00	        1.00
  6.58	        0.00	     9226.00	  1297638.00	        0.00	    12866.00	        1.00
  6.59	        0.00	     9120.00	  1318026.00	        0.00	    12866.00	        1.00
  6.60	        0.00	     9019.00	  1337401.00	        0.00	    12866.00	        1.00
  6.61	        0.00	     8928.00	  1354725.00	        0.00	    12866.00	        1.00
  6.62	        0.00	     8808.00	  1377846.00	        0.00	    12866.00	        1.00
  6.63	        0.00	     8692.00	  1400171.00	        0.00	    12866.00	        1.00
  6.64	        0.00	     8558.00	  1426072.00	        0.00	    12866.00	        1.00
  6.65	        0.00	     8446.00	  1447485.00	        0.00	    12866.00	        1.00
  6.66	        0.00	     8339.00	  1467897.00	        0.00	    12866.00	        1.00
  6.67	        0.00	     8205.00	  1493793.00	        0.00	    12866.00	        1.00
  6.68	        0.00	     8084.00	  1517009.00	        0.00	    12866.00	        1.00
  6.69	        0.00	     7956.00	  1541602.00	        0.00	    12866.00	        1.00
  6.70	        0.00	     7824.00	  1567073.00	        0.00	    12866.00	        1.00
  6.71	        0.00	     7720.00	  1586926.00	        0.00	    12866.00	        1.00
  6.72	        0.00	     7591.00	  1611694.00	        0.00	    12866.00	        1.00
  6.73	        0.00	     7447.00	  1639525.00	        0.00	    12866.00	        1.00
  6.74	        0.00	     7344.00	  1659057.00	        0.00	    12866.00	        1.00
  6.75	        0.00	     7237.00	  1679453.00	        0.00	    12866.00	        1.00
  6.76	        0.00	     7110.00	  1703873.00	        0.00	    12866.00	        1.00
  6.77	        0.00	     6982.00	  1728488.00	        0.00	    12866.00	        1.00
  6.78	        0.00	     6857.00	  1752482.00	        0.00	    12866.00	        1.00
  6.79	        0.00	     6750.00	  1772883.00	        0.00	    12866.00	        1.00
  6.80	        0.00	     6620.00	  1797827.00	        0.00	    12866.00	        1.00
  6.81	        0.00	     6481.00	  1824614.00	        0.00	    12866.00	        1.00
  6.82	        0.00	     6363.00	  1847181.00	        0.00	    12866.00	        1.00
  6.83	        0.00	     6243.00	  1870118.00	        0.00	    12866.00	        1.00
  6.84	        0.00	     6134.00	  1890899.00	        0.00	    12866.00	        1.00
  6.85	        0.00	     6023.00	  1912086.00	        0.00	    12866.00	        1.00
  6.86	        0.00	     5885.00	  1938600.00	        0.00	    12866.00	        1.00
  6.87	        0.00	     5775.00	  1959547.00	        0.00	    12866.00	        1.00
  6.88	        0.00	     5638.00	  1985926.00	        0.00	    12866.00	        1.00
  6.89	        0.00	     5529.00	  2006659.00	        0.00	    12866.00	        1.00
  6.90	        0.00	     5429.00	  2025654.00	        0.00	    12866.00	        1.00
  6.91	        0.00	     5310.00	  2048391.00	        0.00	    12866.00	        1.00
  6.92	        0.00	     5201.00	  2069215.00	        0.00	    12866.00	        1.00
  6.93	        0.00	     5089.00	  2090611.00	        0.00	    12866.00	        1.00
  6.94	        0.00	     4958.00	  2115825.00	        0.00	    12866.00	        1.00
  6.95	        0.00	     4851.00	  2136176.00	        0.00	    12866.00	        1.00
  6.96	        0.00	     4748.00	  2155769.00	        0.00	    12866.00	        1.00
  6.97	        0.00	     4649.00	  2174587.00	        0.00	    12866.00	        1.00
  6.98	        0.00	     4527.00	  2197956.00	        0.00	    12866.00	        1.00
  6.99	        0.00	     4398.00	  2222767.00	        0.00	    12866.00	        1.00
  7.00	        0.00	     4289.00	  2243618.00	        0.00	    12866.00	        1.00
  7.01	        0.00	     4173.00	  2265888.00	        0.00	    12866.00	        1.00
  7.02	        0.00	     4083.00	  2282895.00	        0.00	    12866.00	        1.00
  7.03	        0.00	     3984.00	  2301693.00	        0.00	    12866.00	        1.00
  7.04	        0.00	     3901.00	  2317342.00	        0.00	    12866.00	        1.00
  7.05	        0.00	     3806.00	  2335407.00	        0.00	    12866.00	        1.00
  7.06	        0.00	     3712.00	  2353348.00	        0.00	    12866.00	        1.00
  7.07	        0.00	     3618.00	  2371202.00	        0.00	    12866.00	        1.00
  7.08	        0.00	     3526.00	  2388710.00	        0.00	    12866.00	        1.00
  7.09	        0.00	     3431.00	  2406805.00	        0.00	    12866.00	        1.00
  7.10	        0.00	     3321.00	  2427887.00	        0.00	    12866.00	        1.00
  7.11	        0.00	     3228.00	  2445637.00	        0.00	    12866.00	        1.00
  7.12	        0.00	     3140.00	  2462399.00	        0.00	    12866.00	        1.00
  7.13	        0.00	     3062.00	  2477125.00	        0.00	    12866.00	        1.00
  7.14	        0.00	     2986.00	  2491501.00	        0.00	    12866.00	        1.00
  7.15	        0.00	     2912.00	  2505476.00	        0.00	    12866.00	        1.00
  7.16	        0.00	     2826.00	  2521846.00	        0.00	    12866.00	        1.00
  7.17	        0.00	     2722.00	  2541876.00	        0.00	    12866.00	        1.00
  7.18	        0.00	     2655.00	  2554487.00	        0.00	    12866.00	        1.00
  7.19	        0.00	     2585.00	  2567731.00	        0.00	    12866.00	        1.00
  7.20	        0.00	     2503.00	  2583342.00	        0.00	    12866.00	        1.00
  7.21	        0.00	     2423.00	  2598615.00	        0.00	    12866.00	        1.00
  7.22	        0.00	     2357.00	  2611051.00	        0.00	    12866.00	        1.00
  7.23	        0.00	     2305.00	  2620712.00	        0.00	    12866.00	        1.00
  7.24	        0.00	     2234.00	  2634185.00	        0.00	    12866.00	        1.00
  7.25	        0.00	     2170.00	  2646319.00	        0.00	    12866.00	        1.00
  7.26	        0.00	     2081.00	  2663396.00	        0.00	    12866.00	        1.00
  7.27	        0.00	     2019.00	  2675147.00	        0.00	    12866.00	        1.00
  7.28	        0.00	     1958.00	  2686655.00	        0.00	    12866.00	        1.00
  7.29	        0.00	     1897.00	  2698179.00	        0.00	    12866.00	        1.00
  7.30	        0.00	     1838.00	  2709356.00	        0.00	    12866.00	        1.00
  7.31	        0.00	     1777.00	  2720897.00	        0.00	    12866.00	        1.00
  7.32	        0.00	     1731.00	  2729442.00	        0.00	    12866.00	        1.00
  7.33	        0.00	     1676.00	  2739812.00	        0.00	    12866.00	        1.00
  7.34	        0.00	     1614.00	  2751588.00	        0.00	    12866.00	        1.00
  7.35	        0.00	     1550.00	  2763766.00	        0.00	    12866.00	        1.00
  7.36	        0.00	     1510.00	  2771207.00	        0.00	    12866.00	        1.00
  7.37	        0.00	     1473.00	  2778049.00	        0.00	    12866.00	        1.00
  7.38	        0.00	     1420.00	  2788084.00	        0.00	    12866.00	        1.00
  7.39	        0.00	     1369.00	  2797750.00	        0.00	    12866.00	        1.00
  7.40	        0.00	     1315.00	  2808000.00	        0.00	    12866.00	        1.00
  7.41	        0.00	     1266.00	  2817268.00	        0.00	    12866.00	        1.00
  7.42	        0.00	     1216.00	  2826793.00	        0.00	    12866.00	        1.00
  7.43	        0.00	     1177.00	  2834092.00	        0.00	    12866.00	        1.00
  7.44	        0.00	     1129.00	  2843230.00	        0.00	    12866.00	        1.00
  7.45	        0.00	     1083.00	  2851985.00	        0.00	    12866.00	        1.00
  7.46	        0.00	     1046.00	  2858944.00	        0.00	    12866.00	        1.00
  7.47	        0.00	     1011.00	  2865490.00	        0.00	    12866.00	        1.00
  7.48	        0.00	      977.00	  2871811.00	        0.00	    12866.00	        1.00
  7.49	        0.00	      946.00	  2877576.00	        0.00	    12866.00	        1.00
  7.50	        0.00	      906.00	  2885111.00	        0.00	    12866.00	        1.00
  7.51	        0.00	      879.00	  2890083.00	        0.00	    12866.00	        1.00
  7.52	        0.00	      844.00	  2896688.00	        0.00	    12866.00	        1.00
  7.53	        0.00	      809.00	  2903247.00	        0.00	    12866.00	        1.00
  7.54	        0.00	      791.00	  2906459.00	        0.00	    12866.00	        1.00
  7.55	        0.00	      766.00	  2911054.00	        0.00	    12866.00	        1.00
  7.56	        0.00	      737.00	  2916497.00	        0.00	    12866.00	        1.00
  7.57	        0.00	      710.00	  2921532.00	        0.00	    12866.00	        1.00
  7.58	        0.00	      678.00	  2927566.00	        0.00	    12866.00	        1.00
  7.59	        0.00	      655.00	  2931812.00	        0.00	    12866.00	        1.00
  7.60	        0.00	      630.00	  2936487.00	        0.00	    12866.00	        1.00
  7.61	        0.00	      613.00	  2939601.00	        0.00	    12866.00	        1.00
  7.62	        0.00	      585.00	  2944865.00	        0.00	    12866.00	        1.00
  7.63	        0.00	      562.00	  2949164.00	        0.00	    12866.00	        1.00
  7.64	        0.00	      540.00	  2953244.00	        0.00	    12866.00	        1.00
  7.65	        0.00	      519.00	  2957149.00	        0.00	    12866.00	        1.00
  7.66	        0.00	      500.00	  2960639.00	        0.00	    12866.00	        1.00
  7.67	        0.00	      482.00	  2963975.00	        0.00	    12866.00	        1.00
  7.68	        0.00	      468.00	  2966505.00	        0.00	    12866.00	        1.00
  7.69	        0.00	      447.00	  2970419.00	        0.00	    12866.00	        1.00
  7.70	        0.00	      432.00	  2973122.00	        0.00	    12866.00	        1.00
  7.71	        0.00	      413.00	  2976621.00	        0.00	    12866.00	        1.00
  7.72	        0.00	      402.00	  2978554.00	        0.00	    12866.00	        1.00
  7.73	        0.00	      386.00	  2981492.00	        0.00	    12866.00	        1.00
  7.74	        0.00	      373.00	  2983860.00	        0.00	    12866.00	        1.00
  7.75	        0.00	      356.00	  2987019.00	        0.00	    12866.00	        1.00
  7.76	        0.00	      344.00	  2989177.00	        0.00	    12866.00	        1.00
  7.77	        0.00	      328.00	  2992127.00	        0.00	    12866.00	        1.00
  7.78	        0.00	      321.00	  2993281.00	        0.00	    12866.00	        1.00
  7.79	        0.00	      303.00	  2996666.00	        0.00	    12866.00	        1.00
  7.80	        0.00	      293.00	  2998457.00	        0.00	    12866.00	        1.00
  7.81	        0.00	      282.00	  3000458.00	        0.00	    12866.00	        1.00
  7.82	        0.00	      275.00	  3001634.00	        0.00	    12866.00	        1.00
  7.83	        0.00	      261.00	  3004240.00	        0.00	    12866.00	        1.00
  7.84	        0.00	      252.00	  3005844.00	        0.00	    12866.00	        1.00
  7.85	        0.00	      247.00	  3006628.00	        0.00	    12866.00	        1.00
  7.86	        0.00	      238.00	  3008216.00	        0.00	    12866.00	        1.00
  7.87	        0.00	      220.00	  3011586.00	        0.00	    12866.00	        1.00
  7.88	        0.00	      214.00	  3012573.00	        0.00	    12866.00	        1.00
  7.89	        0.00	      200.00	  3015212.00	        0.00	    12866.00	        1.00
  7.90	        0.00	      189.00	  3017202.00	        0.00	    12866.00	        1.00
  7.91	        0.00	      177.00	  3019420.00	        0.00	    12866.00	        1.00
  7.92	        0.00	      169.00	  3020806.00	        0.00	    12866.00	        1.00
  7.93	        0.00	      160.00	  3022425.00	        0.00	    12866.00	        1.00
  7.94	        0.00	      151.00	  3024058.00	        0.00	    12866.00	        1.00
  7.95	        0.00	      147.00	  3024709.00	        0.00	    12866.00	        1.00
  7.96	        0.00	      140.00	  3025940.00	        0.00	    12866.00	        1.00
  7.97	        0.00	      132.00	  3027382.00	        0.00	    12866.00	        1.00
  7.98	        0.00	      124.00	  3028813.00	        0.00	    12866.00	        1.00
  7.99	        0.00	      123.00	  3028836.00	        0.00	    12866.00	        1.00
  8.00	        0.00	      113.00	  3030676.00	        0.00	    12866.00	        1.00
  8.01	        0.00	      111.00	  3030921.00	        0.00	    12866.00	        1.00
  8.02	        0.00	      107.00	  3031580.00	        0.00	    12866.00	        1.00
  8.03	        0.00	      105.00	  3031821.00	        0.00	    12866.00	        1.00
  8.04	        0.00	      100.00	  3032662.00	        0.00	    12866.00	        1.00
  8.05	        0.00	       97.00	  3033118.00	        0.00	    12866.00	        1.00
  8.06	        0.00	       92.00	  3033973.00	        0.00	    12866.00	        1.00
  8.07	        0.00	       89.00	  3034413.00	        0.00	    12866.00	        1.00
  8.08	        0.00	       85.00	  3035082.00	        0.00	    12866.00	        1.00
  8.09	        0.00	       82.00	  3035527.00	        0.00	    12866.00	        1.00
  8.10	        0.00	       79.00	  3035996.00	        0.00	    12866.00	        1.00
  8.11	        0.00	       76.00	  3036443.00	        0.00	    12866.00	        1.00
  8.12	        0.00	       75.00	  3036495.00	        0.00	    12866.00	        1.00
  8.13	        0.00	       73.00	  3036764.00	        0.00	    12866.00	        1.00
  8.14	        0.00	       69.00	  3037418.00	        0.00	    12866.00	        1.00
  8.15	        0.00	       68.00	  3037472.00	        0.00	    12866.00	        1.00
  8.16	        0.00	       64.00	  3038136.00	        0.00	    12866.00	        1.00
  8.17	        0.00	       61.00	  3038616.00	        0.00	    12866.00	        1.00
  8.18	        0.00	       58.00	  3039090.00	        0.00	    12866.00	        1.00
  8.19	        0.00	       55.00	  3039562.00	        0.00	    12866.00	        1.00
  8.20	        0.00	       53.00	  3039854.00	        0.00	    12866.00	        1.00
  8.21	        0.00	       49.00	  3040538.00	        0.00	    12866.00	        1.00
  8.22	        0.00	       49.00	  3040414.00	        0.00	    12866.00	        1.00
  8.23	        0.00	       47.00	  3040702.00	        0.00	    12866.00	        1.00
  8.24	        0.00	       45.00	  3040978.00	        0.00	    12866.00	        1.00
  8.25	        0.00	       39.00	  3042032.00	        0.00	    12866.00	        1.00
  8.26	        0.00	       38.00	  3042104.00	        0.00	    12866.00	        1.00
  8.27	        0.00	       37.00	  3042183.00	        0.00	    12866.00	        1.00
  8.28	        0.00	       36.00	  3042275.00	        0.00	    12866.00	        1.00
  8.29	        0.00	       34.00	  3042553.00	        0.00	    12866.00	        1.00
  8.30	        0.00	       33.00	  3042635.00	        0.00	    12866.00	        1.00
  8.31	        0.00	       30.00	  3043100.00	        0.00	    12866.00	        1.00
  8.32	        0.00	       26.00	  3043790.00	        0.00	    12866.00	        1.00
  8.33	        0.00	       25.00	  3043881.00	        0.00	    12866.00	        1.00
  8.34	        0.00	       22.00	  3044364.00	        0.00	    12866.00	        1.00
  8.35	        0.00	       21.00	  3044451.00	        0.00	    12866.00	        1.00
  8.36	        0.00	       19.00	  3044733.00	        0.00	    12866.00	        1.00
  8.37	        0.00	       19.00	  3044635.00	        0.00	    12866.00	        1.00
  8.38	        0.00	       17.00	  3044936.00	        0.00	    12866.00	        1.00
  8.39	        0.00	       17.00	  3044820.00	        0.00	    12866.00	        1.00
  8.40	        0.00	       17.00	  3044719.00	        0.00	    12866.00	        1.00
  8.41	        0.00	       16.00	  3044804.00	        0.00	    12866.00	        1.00
  8.42	        0.00	       14.00	  3045095.00	        0.00	    12866.00	        1.00
  8.43	        0.00	       14.00	  3044970.00	        0.00	    12866.00	        1.00
  8.44	        0.00	       14.00	  3044869.00	        0.00	    12866.00	        1.00
  8.45	        0.00	       14.00	  3044759.00	        0.00	    12866.00	        1.00
  8.46	        0.00	       14.00	  3044658.00	        0.00	    12866.00	        1.00
  8.47	        0.00	       13.00	  3044757.00	        0.00	    12866.00	        1.00
  8.48	        0.00	       13.00	  3044643.00	        0.00	    12866.00	        1.00
  8.49	        0.00	       11.00	  3044951.00	        0.00	    12866.00	        1.00
  8.50	        0.00	        9.00	  3045242.00	        0.00	    12866.00	        1.00
  8.51	        0.00	        8.00	  3045331.00	        0.00	    12866.00	        1.00
  8.52	        0.00	        8.00	  3045211.00	        0.00	    12866.00	        1.00
  8.53	        0.00	        8.00	  3045115.00	        0.00	    12866.00	        1.00
  8.54	        0.00	        8.00	  3045024.00	        0.00	    12866.00	        1.00
  8.55	        0.00	        8.00	  3044911.00	        0.00	    12866.00	        1.00
  8.56	        0.00	        7.00	  3045002.00	        0.00	    12866.00	        1.00
  8.57	        0.00	        7.00	  3044908.00	        0.00	    12866.00	        1.00
  8.58	        0.00	        7.00	  3044806.00	        0.00	    12866.00	        1.00
  8.59	        0.00	        7.00	  3044692.00	        0.00	    12866.00	        1.00
  8.60	        0.00	        7.00	  3044603.00	        0.00	    12866.00	        1.00
  8.61	        0.00	        6.00	  3044680.00	        0.00	    12866.00	        1.00
  8.62	        0.00	        6.00	  3044572.00	        0.00	    12866.00	        1.00
  8.63	        0.00	        6.00	  3044483.00	        0.00	    12866.00	        1.00
  8.64	        0.00	        5.00	  3044588.00	        0.00	    12866.00	        1.00
  8.65	        0.00	        4.00	  3044676.00	        0.00	    12866.00	        1.00
  8.66	        0.00	        4.00	  3044590.00	        0.00	    12866.00	        1.00
  8.67	        0.00	        4.00	  3044496.00	        0.00	    12866.00	        1.00
  8.68	        0.00	        4.00	  3044394.00	        0.00	    12866.00	        1.00
  8.69	        0.00	        4.00	  3044313.00	        0.00	    12866.00	        1.00
  8.70	        0.00	        4.00	  3044198.00	        0.00	    12866.00	        1.00
  8.71	        0.00	        4.00	  3044105.00	        0.00	    12866.00	        1.00
  8.72	        0.00	        4.00	  3044003.00	        0.00	    12866.00	        1.00
  8.73	        0.00	        3.00	  3044104.00	        0.00	    12866.00	        1.00
  8.74	        0.00	        3.00	  3044004.00	        0.00	    12866.00	        1.00
  8.75	        0.00	        3.00	  3043899.00	        0.00	    12866.00	        1.00
  8.76	        0.00	        3.00	  3043775.00	        0.00	    12866.00	        1.00
  8.77	        0.00	        3.00	  3043680.00	        0.00	    12866.00	        1.00
  8.78	        0.00	        3.00	  3043586.00	        0.00	    12866.00	        1.00
  8.79	        0.00	        3.00	  3043483.00	        0.00	    12866.00	        1.00
  8.80	        0.00	        3.00	  3043388.00	        0.00	    12866.00	        1.00
  8.81	        0.00	        3.00	  3043290.00	        0.00	    12866.00	        1.00
  8.82	        0.00	        3.00	  3043198.00	        0.00	    12866.00	        1.00
  8.83	        0.00	        3.00	  3043092.00	        0.00	    12866.00	        1.00
  8.84	        0.00	        3.00	  3042994.00	        0.00	    12866.00	        1.00
  8.85	        0.00	        3.00	  3042915.00	        0.00	    12866.00	        1.00
  8.86	        0.00	        3.00	  3042812.00	        0.00	    12866.00	        1.00
  8.87	        0.00	        3.00	  3042733.00	        0.00	    12866.00	        1.00
  8.88	        0.00	        3.00	  3042631.00	        0.00	    12866.00	        1.00
  8.89	        0.00	        2.00	  3042727.00	        0.00	    12866.00	        1.00
  8.90	        0.00	        2.00	  3042624.00	        0.00	    12866.00	        1.00
  8.91	        0.00	        2.00	  3042540.00	        0.00	    12866.00	        1.00
  8.92	        0.00	        2.00	  3042456.00	        0.00	    12866.00	        1.00
  8.93	        0.00	        2.00	  3042352.00	        0.00	    12866.00	        1.00
  8.94	        0.00	        2.00	  3042273.00	        0.00	    12866.00	        1.00
  8.95	        0.00	        2.00	  3042172.00	        0.00	    12866.00	        1.00
  8.96	        0.00	        2.00	  3042074.00	        0.00	    12866.00	        1.00
  8.97	        0.00	        2.00	  3041984.00	        0.00	    12866.00	        1.00
  8.98	        0.00	        2.00	  3041898.00	        0.00	    12866.00	        1.00
  8.99	        0.00	        2.00	  3041815.00	        0.00	    12866.00	        1.00
  9.00	        0.00	        2.00	  3041708.00	        0.00	    12866.00	        1.00
  9.01	        0.00	        2.00	  3041599.00	        0.00	    12866.00	        1.00
  9.02	        0.00	        1.00	  3041696.00	        0.00	    12866.00	        1.00
  9.03	        0.00	        1.00	  3041601.00	        0.00	    12866.00	        1.00
  9.04	        0.00	        1.00	  3041517.00	        0.00	    12866.00	        1.00
  9.05	        0.00	        1.00	  3041429.00	        0.00	    12866.00	        1.00
  9.06	        0.00	        1.00	  3041341.00	        0.00	    12866.00	        1.00
  9.07	        0.00	        1.00	  3041260.00	        0.00	    12866.00	        1.00
  9.08	        0.00	        1.00	  3041144.00	        0.00	    12866.00	        1.00
  9.09	        0.00	        1.00	  3041060.00	        0.00	    12866.00	        1.00
  9.10	        0.00	        1.00	  3040960.00	        0.00	    12866.00	        1.00
  9.11	        0.00	        1.00	  3040876.00	        0.00	    12866.00	        1.00
  9.12	        0.00	        1.00	  3040784.00	        0.00	    12866.00	        1.00
  9.13	        0.00	        1.00	  3040690.00	        0.00	    12866.00	        1.00
  9.14	        0.00	        1.00	  3040586.00	        0.00	    12866.00	        1.00
  9.15	        0.00	        1.00	  3040471.00	        0.00	    12866.00	        1.00
  9.16	        0.00	        1.00	  3040381.00	        0.00	    12866.00	        1.00
  9.17	        0.00	        1.00	  3040266.00	        0.00	    12866.00	        1.00
  9.18	        0.00	        1.00	  3040164.00	        0.00	    12866.00	        1.00
  9.19	        0.00	        1.00	  3040067.00	        0.00	    12866.00	        1.00
  9.20	        0.00	        1.00	  3039980.00	        0.00	    12866.00	        1.00
  9.21	        0.00	        1.00	  3039894.00	        0.00	    12866.00	        1.00
  9.22	        0.00	        1.00	  3039797.00	        0.00	    12866.00	        1.00
  9.23	        0.00	        1.00	  3039716.00	        0.00	    12866.00	        1.00
  9.24	        0.00	        1.00	  3039626.00	        0.00	    12866.00	        1.00
  9.25	        0.00	        1.00	  3039544.00	        0.00	    12866.00	        1.00
  9.26	        0.00	        1.00	  3039453.00	        0.00	    12866.00	        1.00
  9.27	        0.00	        1.00	  3039356.00	        0.00	    12866.00	        1.00
  9.28	        0.00	        1.00	  3039266.00	        0.00	    12866.00	        1.00
  9.29	        0.00	        1.00	  3039177.00	        0.00	    12866.00	        1.00
  9.30	        0.00	        1.00	  3039071.00	        0.00	    12866.00	        1.00
  9.31	        0.00	        1.00	  3038964.00	        0.00	    12866.00	        1.00
  9.32	        0.00	        1.00	  3038863.00	        0.00	    12866.00	        1.00
  9.33	        0.00	        1.00	  3038782.00	        0.00	    12866.00	        1.00
  9.34	        0.00	        1.00	  3038676.00	        0.00	    12866.00	        1.00
  9.35	        0.00	        1.00	  3038581.00	        0.00	    12866.00	        1.00
  9.36	        0.00	        1.00	  3038464.00	        0.00	    12866.00	        1.00
  9.37	        0.00	        1.00	  3038372.00	        0.00	    12866.00	        1.00
  9.38	        0.00	        1.00	  3038288.00	        0.00	    12866.00	        1.00
  9.39	        0.00	        1.00	  3038194.00	        0.00	    12866.00	        1.00
  9.40	        0.00	        1.00	  3038099.00	        0.00	    12866.00	        1.00
  9.41	        0.00	        1.00	  3038007.00	        0.00	    12866.00	        1.00
  9.42	        0.00	        1.00	  3037921.00	        0.00	    12866.00	        1.00
  9.43	        0.00	        1.00	  3037829.00	        0.00	    12866.00	        1.00
  9.44	        0.00	        1.00	  3037731.00	        0.00	    12866.00	        1.00
  9.45	        0.00	        1.00	  3037639.00	        0.00	    12866.00	        1.00
  9.46	        0.00	        0.00	  3037758.00	        0.00	    12866.00	        0.00
