Datatype: PopulationSize
  0.00	 10000000.00	        0.00	1000000000.00	        1.00	        0.00	 10000000.00
  0.01	  9204285.00	   955758.00	997998026.00	        1.00	   160035.00	 10000000.00
  0.02	  8483350.00	  1823949.00	995995938.00	        1.00	   307279.00	 10000000.00
  0.03	  7828095.00	  2615041.00	993994042.00	        1.00	   443105.00	 10000000.00
  0.04	  7231661.00	  3336858.00	991990906.00	        1.00	   568474.00	 10000000.00
  0.05	  6685074.00	  3999388.00	989987414.00	        1.00	   684393.00	 10000000.00
  0.06	  6184719.00	  4607029.00	987983476.00	        1.00	   791666.00	 10000000.00
  0.07	  5727715.00	  5163359.00	985983210.00	        1.00	   890960.00	 10000000.00
  0.08	  5308728.00	  5674405.00	983982511.00	        1.00	   983002.00	 10000000.00
  0.09	  4923094.00	  6145104.00	981984202.00	        1.00	  1068043.00	 10000000.00
  0.10	  4568983.00	  6578177.00	979988558.00	        1.00	  1146983.00	 10000000.00
  0.11	  4242501.00	  6978012.00	977993041.00	        1.00	  1220329.00	 10000000.00
  0.12	  3940955.00	  7347568.00	976001202.00	        1.00	  1288344.00	 10000000.00
  0.13	  3663798.00	  7688055.00	974013306.00	        1.00	  1351706.00	 10000000.00
  0.14	  3406490.00	  8004177.00	972031607.00	        1.00	  1410612.00	 10000000.00
  0.15	  3168630.00	  8296790.00	970053856.00	        1.00	  1465511.00	  9999999.00
  0.16	  2947589.00	  8568734.00	968084814.00	        1.00	  1516679.00	  9999999.00
  0.17	  2741056.00	  8822313.00	966130100.00	        1.00	  1564179.00	  9999999.00
  0.18	  2548304.00	  9058318.00	964190698.00	        1.00	  1608165.00	  9999999.00
  0.19	  2367023.00	  9279497.00	962268155.00	        1.00	  1649118.00	  9999999.00
  0.20	  2197081.00	  9485952.00	960368333.00	        1.00	  1687077.00	  9999998.00
  0.21	  2034540.00	  9681490.00	958513202.00	        1.00	  1722303.00	  9999998.00
  0.22	  1880553.00	  9864985.00	956698318.00	        1.00	  1754815.00	  9999998.00
  0.23	  1731728.00	 10039801.00	954947321.00	        1.00	  1784953.00	  9999998.00
  0.24	  1588372.00	 10205379.00	953259695.00	        1.00	  1812639.00	  9999998.00
  0.25	  1450442.00	 10361366.00	951654171.00	        1.00	  1837708.00	  9999998.00
  0.26	  1315894.00	 10510055.00	950154742.00	        1.00	  1860942.00	  9999998.00
  0.27	  1186176.00	 10649510.00	948761104.00	        1.00	  1881871.00	  9999998.00
  0.28	  1059452.00	 10781040.00	947514723.00	        0.99	  1900745.00	  9999997.00
  0.29	   938169.00	 10902582.00	946405639.00	        0.98	  1917806.00	  9999995.00
  0.30	   821252.00	 11013861.00	945486748.00	        0.97	  1932703.00	  9999990.00
  0.31	   708943.00	 11114124.00	944779050.00	        0.96	  1945375.00	  9999982.00
  0.32	   602659.00	 11201965.00	944305514.00	        0.93	  1956272.00	  9999966.00
  0.33	   504719.00	 11275463.00	944049672.00	        0.89	  1965546.00	  9999945.00
  0.34	   414866.00	 11333525.00	944083661.00	        0.85	  1973155.00	  9999903.00
  0.35	   334497.00	 11375122.00	944395378.00	        0.78	  1979414.00	  9999824.00
  0.36	   264103.00	 11399104.00	945029944.00	        0.71	  1984424.00	  9999698.00
  0.37	   204598.00	 11404629.00	945988710.00	        0.63	  1988386.00	  9999434.00
  0.38	   154775.00	 11393021.00	947268482.00	        0.54	  1991364.00	  9998940.00
  0.39	   114100.00	 11363867.00	948933885.00	        0.45	  1993675.00	  9998130.00
  0.40	    81835.00	 11317764.00	950990886.00	        0.36	  1995290.00	  9996789.00
  0.41	    57071.00	 11255661.00	953449583.00	        0.27	  1996460.00	  9994456.00
  0.42	    38721.00	 11178964.00	956296162.00	        0.20	  1997260.00	  9990694.00
  0.43	    25578.00	 11089365.00	959509681.00	        0.14	  1997806.00	  9984840.00
  0.44	    16515.00	 10987103.00	963143122.00	        0.10	  1998160.00	  9975620.00
  0.45	    10302.00	 10873187.00	967204058.00	        0.07	  1998384.00	  9961893.00
  0.46	     6255.00	 10748439.00	971693042.00	        0.04	  1998527.00	  9941849.00
  0.47	     3579.00	 10614977.00	976538033.00	        0.02	  1998602.00	  9913567.00
  0.48	     1999.00	 10471529.00	981823563.00	        0.01	  1998655.00	  9874528.00
  0.49	     1062.00	 10319760.00	987490528.00	        0.01	  1998690.00	  9822587.00
  0.50	      536.00	 10159570.00	993551508.00	        0.00	  1998702.00	  9755336.00
  0.51	      259.00	  9992151.00	999962172.00	        0.00	  1998709.00	  9671892.00
  0.52	      112.00	  9817702.00	1006717259.00	        0.00	  1998711.00	  9570796.00
  0.53	       52.00	  9635286.00	1013865508.00	        0.00	  1998712.00	  9450769.00
  0.54	       18.00	  9447238.00	1021293377.00	        0.00	  1998713.00	  9313403.00
  0.55	        7.00	  9252739.00	1029045046.00	        0.00	  1998713.00	  9158535.00
  0.56	        2.00	  9052359.00	1037093484.00	        0.00	  1998713.00	  8988669.00
  0.57	        0.00	  8847721.00	1045355832.00	        0.00	  1998713.00	  8806046.00
  0.58	        0.00	  8638557.00	1053849442.00	        0.00	  1998713.00	  8612247.00
  0.59	        0.00	  8425159.00	1062561320.00	        0.00	  1998713.00	  8409216.00
  0.60	        0.00	  8208523.00	1071441140.00	        0.00	  1998713.00	  8199143.00
  0.61	        0.00	  7988793.00	1080483663.00	        0.00	  1998713.00	  7983497.00
  0.62	        0.00	  7766218.00	1089675358.00	        0.00	  1998713.00	  7763291.00
  0.63	        0.00	  7541913.00	1098959517.00	        0.00	  1998713.00	  7540404.00
  0.64	        0.00	  7316299.00	1108316071.00	        0.00	  1998713.00	  7315565.00
  0.65	        0.00	  7089551.00	1117740550.00	        0.00	  1998713.00	  7089189.00
  0.66	        0.00	  6862548.00	1127187190.00	        0.00	  1998713.00	  6862374.00
  0.67	        0.00	  6636256.00	1136608664.00	        0.00	  1998713.00	  6636172.00
  0.68	        0.00	  6409914.00	1146042636.00	        0.00	  1998713.00	  6409865.00
  0.69	        0.00	  6184966.00	1155417154.00	        0.00	  1998713.00	  6184941.00
  0.70	        0.00	  5960345.00	1164786075.00	        0.00	  1998713.00	  5960322.00
  0.71	        0.00	  5738737.00	1174015873.00	        0.00	  1998713.00	  5738715.00
  0.72	        0.00	  5519452.00	1183138284.00	        0.00	  1998713.00	  5519429.00
  0.73	        0.00	  5302350.00	1192163067.00	        0.00	  1998713.00	  5302328.00
  0.74	        0.00	  5087903.00	1201070097.00	        0.00	  1998713.00	  5087874.00
  0.75	        0.00	  4876945.00	1209815028.00	        0.00	  1998713.00	  4876921.00
  0.76	        0.00	  4669919.00	1218374767.00	        0.00	  1998713.00	  4669897.00
  0.77	        0.00	  4466633.00	1226760528.00	        0.00	  1998713.00	  4466613.00
  0.78	        0.00	  4268332.00	1234909159.00	        0.00	  1998713.00	  4268309.00
  0.79	        0.00	  4075501.00	1242795440.00	        0.00	  1998713.00	  4075472.00
  0.80	        0.00	  3886634.00	1250498331.00	        0.00	  1998713.00	  3886603.00
  0.81	        0.00	  3703316.00	1257936614.00	        0.00	  1998713.00	  3703286.00
  0.82	        0.00	  3524088.00	1265182613.00	        0.00	  1998713.00	  3524063.00
  0.83	        0.00	  3351111.00	1272128314.00	        0.00	  1998713.00	  3351086.00
  0.84	        0.00	  3182945.00	1278844929.00	        0.00	  1998713.00	  3182922.00
  0.85	        0.00	  3020093.00	1285309689.00	        0.00	  1998713.00	  3020059.00
  0.86	        0.00	  2863253.00	1291485599.00	        0.00	  1998713.00	  2863216.00
  0.87	        0.00	  2711541.00	1297420718.00	        0.00	  1998713.00	  2711495.00
  0.88	        0.00	  2566404.00	1303036441.00	        0.00	  1998713.00	  2566366.00
  0.89	        0.00	  2425694.00	1308443261.00	        0.00	  1998713.00	  2425652.00
  0.90	        0.00	  2291227.00	1313547314.00	        0.00	  1998713.00	  2291193.00
  0.91	        0.00	  2161430.00	1318428208.00	        0.00	  1998713.00	  2161393.00
  0.92	        0.00	  2036797.00	1323062852.00	        0.00	  1998713.00	  2036753.00
  0.93	        0.00	  1917960.00	1327420968.00	        0.00	  1998713.00	  1917917.00
  0.94	        0.00	  1804252.00	1331531521.00	        0.00	  1998713.00	  1804207.00
  0.95	        0.00	  1695932.00	1335380152.00	        0.00	  1998713.00	  1695885.00
  0.96	        0.00	  1592424.00	1339002505.00	        0.00	  1998713.00	  1592368.00
  0.97	        0.00	  1494155.00	1342368299.00	        0.00	  1998713.00	  1494121.00
  0.98	        0.00	  1401189.00	1345480726.00	        0.00	  1998713.00	  1401135.00
  0.99	        0.00	  1312944.00	1348364051.00	        0.00	  1998713.00	  1312879.00
  1.00	        0.00	  1228426.00	1351071926.00	        0.00	  1998713.00	  1228349.00
  1.01	        0.00	  1148712.00	1353547540.00	        0.00	  1998713.00	  1148633.00
  1.02	        0.00	  1073659.00	1355798633.00	        0.00	  1998713.00	  1073584.00
  1.03	        0.00	  1002603.00	1357854986.00	        0.00	  1998713.00	  1002525.00
  1.04	        0.00	   934818.00	1359756239.00	        0.00	  1998713.00	   934732.00
  1.05	        0.00	   871005.00	1361467153.00	        0.00	  1998713.00	   870913.00
  1.06	        0.00	   810829.00	1363002822.00	        0.00	  1998713.00	   810727.00
  1.07	        0.00	   754207.00	1364364373.00	        0.00	  1998713.00	   754113.00
  1.08	        0.00	   701584.00	1365532543.00	        0.00	  1998713.00	   701494.00
  1.09	        0.00	   651930.00	1366557279.00	        0.00	  1998713.00	   651836.00
  1.10	        0.00	   605196.00	1367444567.00	        0.00	  1998713.00	   605106.00
  1.11	        0.00	   561396.00	1368189169.00	        0.00	  1998713.00	   561306.00
  1.12	        0.00	   520291.00	1368805491.00	        0.00	  1998713.00	   520201.00
  1.13	        0.00	   481896.00	1369288394.00	        0.00	  1998713.00	   481816.00
  1.14	        0.00	   446025.00	1369650526.00	        0.00	  1998713.00	   445943.00
  1.15	        0.00	   412414.00	1369903257.00	        0.00	  1998713.00	   412336.00
  1.16	        0.00	   381237.00	1370041071.00	        0.00	  1998713.00	   381158.00
  1.17	        0.00	   352078.00	1370079258.00	        0.00	  1998713.00	   351994.00
  1.18	        0.00	   324915.00	1370023692.00	        0.00	  1998713.00	   324831.00
  1.19	        0.00	   299648.00	1369875951.00	        0.00	  1998713.00	   299561.00
  1.20	        0.00	   276378.00	1369632699.00	        0.00	  1998713.00	   276294.00
  1.21	        0.00	   254415.00	1369325251.00	        0.00	  1998713.00	   254335.00
  1.22	        0.00	   233975.00	1368946748.00	        0.00	  1998713.00	   233896.00
  1.23	        0.00	   215392.00	1368476634.00	        0.00	  1998713.00	   215314.00
  1.24	        0.00	   197770.00	1367964096.00	        0.00	  1998713.00	   197690.00
  1.25	        0.00	   181758.00	1367370635.00	        0.00	  1998713.00	   181679.00
  1.26	        0.00	   166889.00	1366724905.00	        0.00	  1998713.00	   166815.00
  1.27	        0.00	   153259.00	1366017498.00	        0.00	  1998713.00	   153188.00
  1.28	        0.00	   140439.00	1365271680.00	        0.00	  1998713.00	   140368.00
  1.29	        0.00	   128846.00	1364468782.00	        0.00	  1998713.00	   128776.00
  1.30	        0.00	   118183.00	1363620936.00	        0.00	  1998713.00	   118117.00
  1.31	        0.00	   108212.00	1362741202.00	        0.00	  1998713.00	   108159.00
  1.32	        0.00	    98923.00	1361828549.00	        0.00	  1998713.00	    98876.00
  1.33	        0.00	    90452.00	1360879014.00	        0.00	  1998713.00	    90408.00
  1.34	        0.00	    82728.00	1359894097.00	        0.00	  1998713.00	    82677.00
  1.35	        0.00	    75578.00	1358879824.00	        0.00	  1998713.00	    75524.00
  1.36	        0.00	    69019.00	1357843060.00	        0.00	  1998713.00	    68967.00
  1.37	        0.00	    62885.00	1356783507.00	        0.00	  1998713.00	    62831.00
  1.38	        0.00	    57412.00	1355694026.00	        0.00	  1998713.00	    57355.00
  1.39	        0.00	    52322.00	1354584567.00	        0.00	  1998713.00	    52264.00
  1.40	        0.00	    47629.00	1353458828.00	        0.00	  1998713.00	    47571.00
  1.41	        0.00	    43400.00	1352314445.00	        0.00	  1998713.00	    43344.00
  1.42	        0.00	    39525.00	1351151051.00	        0.00	  1998713.00	    39476.00
  1.43	        0.00	    36002.00	1349971643.00	        0.00	  1998713.00	    35954.00
  1.44	        0.00	    32750.00	1348779865.00	        0.00	  1998713.00	    32710.00
  1.45	        0.00	    29798.00	1347576043.00	        0.00	  1998713.00	    29763.00
  1.46	        0.00	    26986.00	1346365712.00	        0.00	  1998713.00	    26951.00
  1.47	        0.00	    24452.00	1345142019.00	        0.00	  1998713.00	    24421.00
  1.48	        0.00	    22131.00	1343910600.00	        0.00	  1998713.00	    22106.00
  1.49	        0.00	    20002.00	1342671011.00	        0.00	  1998713.00	    19979.00
  1.50	        0.00	    18084.00	1341422941.00	        0.00	  1998713.00	    18063.00
  1.51	        0.00	    16350.00	1340166649.00	        0.00	  1998713.00	    16335.00
  1.52	        0.00	    14838.00	1338900980.00	        0.00	  1998713.00	    14823.00
  1.53	        0.00	    13469.00	1337628490.00	        0.00	  1998713.00	    13453.00
  1.54	        0.00	    12229.00	1336350036.00	        0.00	  1998713.00	    12215.00
  1.55	        0.00	    11058.00	1335073755.00	        0.00	  1998713.00	    11048.00
  1.56	        0.00	     9983.00	1333789862.00	        0.00	  1998713.00	     9971.00
  1.57	        0.00	     8994.00	1332506095.00	        0.00	  1998713.00	     8984.00
  1.58	        0.00	     8120.00	1331215743.00	        0.00	  1998713.00	     8112.00
  1.59	        0.00	     7288.00	1329924829.00	        0.00	  1998713.00	     7281.00
  1.60	        0.00	     6558.00	1328631343.00	        0.00	  1998713.00	     6552.00
  1.61	        0.00	     5891.00	1327335730.00	        0.00	  1998713.00	     5886.00
  1.62	        0.00	     5251.00	1326040468.00	        0.00	  1998713.00	     5246.00
  1.63	        0.00	     4761.00	1324739482.00	        0.00	  1998713.00	     4756.00
  1.64	        0.00	     4296.00	1323440142.00	        0.00	  1998713.00	     4292.00
  1.65	        0.00	     3907.00	1322136789.00	        0.00	  1998713.00	     3905.00
  1.66	        0.00	     3508.00	1320835389.00	        0.00	  1998713.00	     3506.00
  1.67	        0.00	     3156.00	1319532543.00	        0.00	  1998713.00	     3154.00
  1.68	        0.00	     2836.00	1318227492.00	        0.00	  1998713.00	     2835.00
  1.69	        0.00	     2574.00	1316922960.00	        0.00	  1998713.00	     2573.00
  1.70	        0.00	     2290.00	1315619270.00	        0.00	  1998713.00	     2289.00
  1.71	        0.00	     2075.00	1314313737.00	        0.00	  1998713.00	     2073.00
  1.72	        0.00	     1870.00	1313011282.00	        0.00	  1998713.00	     1869.00
  1.73	        0.00	     1677.00	1311706807.00	        0.00	  1998713.00	     1676.00
  1.74	        0.00	     1503.00	1310403988.00	        0.00	  1998713.00	     1502.00
  1.75	        0.00	     1347.00	1309101970.00	        0.00	  1998713.00	     1346.00
  1.76	        0.00	     1202.00	1307801803.00	        0.00	  1998713.00	     1201.00
  1.77	        0.00	     1070.00	1306498680.00	        0.00	  1998713.00	     1069.00
  1.78	        0.00	      967.00	1305199097.00	        0.00	  1998713.00	      965.00
  1.79	        0.00	      862.00	1303899583.00	        0.00	  1998713.00	      860.00
  1.80	        0.00	      762.00	1302599614.00	        0.00	  1998713.00	      760.00
  1.81	        0.00	      675.00	1301304488.00	        0.00	  1998713.00	      673.00
  1.82	        0.00	      607.00	1300007871.00	        0.00	  1998713.00	      605.00
  1.83	        0.00	      544.00	1298711711.00	        0.00	  1998713.00	      543.00
  1.84	        0.00	      477.00	1297417830.00	        0.00	  1998713.00	      476.00
  1.85	        0.00	      431.00	1296122864.00	        0.00	  1998713.00	      430.00
  1.86	        0.00	      382.00	1294830185.00	        0.00	  1998713.00	      381.00
  1.87	        0.00	      348.00	1293536105.00	        0.00	  1998713.00	      347.00
  1.88	        0.00	      308.00	1292244160.00	        0.00	  1998713.00	      307.00
  1.89	        0.00	      269.00	1290954549.00	        0.00	  1998713.00	      269.00
  1.90	        0.00	      243.00	1289665725.00	        0.00	  1998713.00	      243.00
  1.91	        0.00	      217.00	1288376632.00	        0.00	  1998713.00	      217.00
  1.92	        0.00	      197.00	1287089771.00	        0.00	  1998713.00	      197.00
  1.93	        0.00	      172.00	1285802068.00	        0.00	  1998713.00	      172.00
  1.94	        0.00	      157.00	1284516505.00	        0.00	  1998713.00	      157.00
  1.95	        0.00	      140.00	1283233827.00	        0.00	  1998713.00	      140.00
  1.96	        0.00	      124.00	1281950858.00	        0.00	  1998713.00	      124.00
  1.97	        0.00	      117.00	1280670376.00	        0.00	  1998713.00	      117.00
  1.98	        0.00	      100.00	1279391097.00	        0.00	  1998713.00	      100.00
  1.99	        0.00	       92.00	1278113411.00	        0.00	  1998713.00	       92.00
  2.00	        0.00	       86.00	1276836420.00	        0.00	  1998713.00	       86.00
  2.01	        0.00	       75.00	1275561506.00	        0.00	  1998713.00	       75.00
  2.02	        0.00	       62.00	1274286729.00	        0.00	  1998713.00	       62.00
  2.03	        0.00	       61.00	1273013061.00	        0.00	  1998713.00	       61.00
  2.04	        0.00	       53.00	1271743028.00	        0.00	  1998713.00	       53.00
  2.05	        0.00	       46.00	1270474694.00	        0.00	  1998713.00	       46.00
  2.06	        0.00	       39.00	1269203088.00	        0.00	  1998713.00	       39.00
  2.07	        0.00	       37.00	1267934114.00	        0.00	  1998713.00	       37.00
  2.08	        0.00	       35.00	1266666105.00	        0.00	  1998713.00	       35.00
  2.09	        0.00	       29.00	1265401061.00	        0.00	  1998713.00	       29.00
  2.10	        0.00	       25.00	1264137083.00	        0.00	  1998713.00	       25.00
  2.11	        0.00	       22.00	1262874831.00	        0.00	  1998713.00	       22.00
  2.12	        0.00	       19.00	1261614255.00	        0.00	  1998713.00	       19.00
  2.13	        0.00	       17.00	1260354302.00	        0.00	  1998713.00	       17.00
  2.14	        0.00	       13.00	1259095920.00	        0.00	  1998713.00	       13.00
  2.15	        0.00	       11.00	1257834604.00	        0.00	  1998713.00	       11.00
  2.16	        0.00	        9.00	1256578439.00	        0.00	  1998713.00	        9.00
  2.17	        0.00	        8.00	1255323494.00	        0.00	  1998713.00	        8.00
  2.18	        0.00	        8.00	1254068215.00	        0.00	  1998713.00	        8.00
  2.19	        0.00	        8.00	1252816496.00	        0.00	  1998713.00	        8.00
  2.20	        0.00	        7.00	1251564167.00	        0.00	  1998713.00	        7.00
  2.21	        0.00	        7.00	1250311899.00	        0.00	  1998713.00	        7.00
  2.22	        0.00	        7.00	1249064026.00	        0.00	  1998713.00	        7.00
  2.23	        0.00	        7.00	1247816877.00	        0.00	  1998713.00	        7.00
  2.24	        0.00	        5.00	1246570501.00	        0.00	  1998713.00	        5.00
  2.25	        0.00	        5.00	1245325750.00	        0.00	  1998713.00	        5.00
  2.26	        0.00	        4.00	1244082104.00	        0.00	  1998713.00	        4.00
  2.27	        0.00	        4.00	1242840734.00	        0.00	  1998713.00	        4.00
  2.28	        0.00	        4.00	1241597939.00	        0.00	  1998713.00	        4.00
  2.29	        0.00	        4.00	1240357568.00	        0.00	  1998713.00	        4.00
  2.30	        0.00	        4.00	1239119379.00	        0.00	  1998713.00	        4.00
  2.31	        0.00	        3.00	1237881669.00	        0.00	  1998713.00	        3.00
  2.32	        0.00	        2.00	1236644766.00	        0.00	  1998713.00	        2.00
  2.33	        0.00	        2.00	1235408243.00	        0.00	  1998713.00	        2.00
  2.34	        0.00	        2.00	1234172037.00	        0.00	  1998713.00	        2.00
  2.35	        0.00	        2.00	1232938453.00	        0.00	  1998713.00	        2.00
  2.36	        0.00	        1.00	1231707245.00	        0.00	  1998713.00	        1.00
  2.37	        0.00	        1.00	1230476786.00	        0.00	  1998713.00	        1.00
  2.38	        0.00	        1.00	1229246266.00	        0.00	  1998713.00	        1.00
  2.39	        0.00	        1.00	1228018236.00	        0.00	  1998713.00	        1.00
  2.40	        0.00	        1.00	1226790669.00	        0.00	  1998713.00	        1.00
  2.41	        0.00	        1.00	1225566126.00	        0.00	  1998713.00	        1.00
  2.42	        0.00	        1.00	1224340465.00	        0.00	  1998713.00	        1.00
  2.43	        0.00	        1.00	1223117329.00	        0.00	  1998713.00	        1.00
  2.44	        0.00	        1.00	1221894361.00	        0.00	  1998713.00	        1.00
  2.45	        0.00	        1.00	1220672186.00	        0.00	  1998713.00	        1.00
  2.46	        0.00	        1.00	1219452199.00	        0.00	  1998713.00	        1.00
  2.47	        0.00	        1.00	1218232995.00	        0.00	  1998713.00	        1.00
  2.48	        0.00	        1.00	1217014927.00	        0.00	  1998713.00	        1.00
  2.49	        0.00	        1.00	1215799455.00	        0.00	  1998713.00	        1.00
  2.50	        0.00	        1.00	1214582643.00	        0.00	  1998713.00	        1.00
  2.51	        0.00	        1.00	1213369718.00	        0.00	  1998713.00	        1.00
  2.52	        0.00	        1.00	1212157358.00	        0.00	  1998713.00	        1.00
  2.53	        0.00	        0.00	1210944869.00	        0.00	  1998713.00	        0.00
