Datatype: PopulationSize
  0.00	 31622777.00	        0.00	       10.00	        1.00	        0.00	 31622777.00
  0.01	 32153541.00	        0.00	       10.00	        1.00	   530764.00	 31622777.00
  0.02	 32692747.00	        0.00	       10.00	        1.00	  1069970.00	 31622777.00
  0.03	 33241930.00	        0.00	       10.00	        1.00	  1619153.00	 31622777.00
  0.04	 33798398.00	        0.00	       10.00	        1.00	  2175621.00	 31622777.00
  0.05	 34365059.00	        0.00	       10.00	        1.00	  2742282.00	 31622777.00
  0.06	 34941312.00	        0.00	       10.00	        1.00	  3318535.00	 31622777.00
  0.07	 35527338.00	        0.00	       10.00	        1.00	  3904561.00	 31622777.00
  0.08	 36123211.00	        0.00	       10.00	        1.00	  4500434.00	 31622777.00
  0.09	 36728320.00	        0.00	       10.00	        1.00	  5105543.00	 31622777.00
  0.10	 37345207.00	        0.00	       10.00	        1.00	  5722430.00	 31622777.00
  0.11	 37970519.00	        0.00	       10.00	        1.00	  6347742.00	 31622777.00
  0.12	 38606282.00	        0.00	       10.00	        1.00	  6983505.00	 31622777.00
  0.13	 39253146.00	        0.00	       10.00	        1.00	  7630369.00	 31622777.00
  0.14	 39909963.00	        0.00	       10.00	        1.00	  8287186.00	 31622777.00
  0.15	 40579395.00	        0.00	       10.00	        1.00	  8956618.00	 31622777.00
  0.16	 41259544.00	        0.00	       10.00	        1.00	  9636767.00	 31622777.00
  0.17	 41950688.00	        0.00	       10.00	        1.00	 10327911.00	 31622777.00
  0.18	 42652764.00	        0.00	       10.00	        1.00	 11029987.00	 31622777.00
  0.19	 43366047.00	        0.00	       10.00	        1.00	 11743270.00	 31622777.00
  0.20	 44093358.00	        0.00	       10.00	        1.00	 12470581.00	 31622777.00
  0.21	 44831558.00	        0.00	       10.00	        1.00	 13208781.00	 31622777.00
  0.22	 45581143.00	        0.00	       10.00	        1.00	 13958366.00	 31622777.00
  0.23	 46343586.00	        0.00	       10.00	        1.00	 14720809.00	 31622777.00
  0.24	 47118927.00	        0.00	       10.00	        1.00	 15496150.00	 31622777.00
  0.25	 47905337.00	        0.00	       10.00	        1.00	 16282560.00	 31622777.00
  0.26	 48705698.00	        0.00	       10.00	        1.00	 17082921.00	 31622777.00
  0.27	 49520210.00	        0.00	       10.00	        1.00	 17897433.00	 31622777.00
  0.28	 50348046.00	        0.00	       10.00	        1.00	 18725269.00	 31622777.00
  0.29	 51190211.00	        0.00	      109.00	        1.00	 19567435.00	 31622777.00
  0.30	 52046409.00	        0.00	      108.00	        1.00	 20423633.00	 31622777.00
  0.31	 52916552.00	        0.00	      108.00	        1.00	 21293776.00	 31622777.00
  0.32	 53801100.00	        0.00	      108.00	        1.00	 22178324.00	 31622777.00
  0.33	 54700267.00	        0.00	      108.00	        1.00	 23077491.00	 31622777.00
  0.34	 55613333.00	        0.00	      108.00	        1.00	 23990557.00	 31622777.00
  0.35	 56545302.00	        0.00	      207.00	        1.00	 24922527.00	 31622777.00
  0.36	 57490089.00	        0.00	      306.00	        1.00	 25867315.00	 31622777.00
  0.37	 58449876.00	        0.00	      801.00	        1.00	 26827107.00	 31622777.00
  0.38	 59423534.00	        0.00	     1492.00	        1.00	 27800772.00	 31622777.00
  0.39	 60415373.00	        0.00	     2976.00	        1.00	 28792626.00	 31622777.00
  0.40	 61422605.00	        0.00	     5844.00	        1.00	 29799887.00	 31622777.00
  0.41	 62449586.00	        0.00	     9006.00	        1.00	 30826900.00	 31622777.00
  0.42	 63492858.00	        0.00	    15328.00	        1.00	 31870236.00	 31622777.00
  0.43	 64552804.00	        0.00	    25805.00	        1.00	 32930288.00	 31622777.00
  0.44	 65629779.00	        0.00	    46872.00	        1.00	 34007476.00	 31622777.00
  0.45	 66725349.00	        0.00	    76010.00	        1.00	 35103341.00	 31622777.00
  0.46	 67836393.00	        0.00	   116096.00	        1.00	 36214791.00	 31622745.00
  0.47	 68967610.00	        0.00	   168023.00	        1.00	 37346534.00	 31622647.00
  0.48	 70116640.00	        0.00	   233369.00	        1.00	 38496226.00	 31622423.00
  0.49	 71285210.00	        0.00	   316650.00	        1.00	 39665640.00	 31622139.00
  0.50	 72471401.00	        0.00	   416065.00	        1.00	 40852839.00	 31621882.00
  0.51	 73678367.00	        0.00	   552907.00	        1.00	 42061192.00	 31621619.00
  0.52	 74902936.00	        0.00	   723554.00	        1.00	 43287491.00	 31621222.00
  0.53	 76146845.00	        0.00	   934515.00	        1.00	 44533539.00	 31620664.00
  0.54	 77410415.00	        0.00	  1192443.00	        1.00	 45799726.00	 31620054.00
  0.55	 78695890.00	        0.00	  1528458.00	        1.00	 47088610.00	 31619350.00
  0.56	 80002995.00	        0.00	  1930369.00	        1.00	 48399792.00	 31618358.00
  0.57	 81326564.00	        0.00	  2430540.00	        1.00	 49728437.00	 31617224.00
  0.58	 82673197.00	        0.00	  3028245.00	        1.00	 51081136.00	 31615554.00
  0.59	 84039123.00	        0.00	  3729642.00	        1.00	 52454182.00	 31613559.00
  0.60	 85427239.00	        0.00	  4531426.00	        1.00	 53850440.00	 31611328.00
  0.61	 86836878.00	        0.00	  5492085.00	        1.00	 55269835.00	 31608940.00
  0.62	 88270306.00	        0.00	  6599044.00	        1.00	 56714509.00	 31606169.00
  0.63	 89721862.00	        0.00	  7938289.00	        1.00	 58179669.00	 31602413.00
  0.64	 91196392.00	        0.00	  9492822.00	        1.00	 59669993.00	 31598558.00
  0.65	 92694199.00	        0.00	 11321064.00	        1.00	 61186378.00	 31594162.00
  0.66	 94210598.00	        0.00	 13454669.00	        1.00	 62724462.00	 31588681.00
  0.67	 95747527.00	        0.00	 15910216.00	        1.00	 64286351.00	 31582142.00
  0.68	 97306501.00	        0.00	 18704064.00	        1.00	 65873728.00	 31575163.00
  0.69	 98887512.00	        0.00	 21959018.00	        1.00	 67487832.00	 31567090.00
  0.70	100489746.00	        0.00	 25655919.00	        1.00	 69127665.00	 31557910.00
  0.71	102111240.00	        0.00	 29880577.00	        1.00	 70792128.00	 31547303.00
  0.72	103753992.00	        0.00	 34694521.00	        1.00	 72483849.00	 31535528.00
  0.73	105415433.00	        0.00	 40208385.00	        1.00	 74201383.00	 31522551.00
  0.74	107097989.00	        0.00	 46442393.00	        1.00	 75947369.00	 31507363.00
  0.75	108798763.00	        0.00	 53563508.00	        1.00	 77720609.00	 31490169.00
  0.76	110520063.00	        0.00	 61488172.00	        1.00	 79522566.00	 31471774.00
  0.77	112258126.00	        0.00	 70418641.00	        1.00	 81351545.00	 31450163.00
  0.78	114009189.00	        0.00	 80538068.00	        1.00	 83205628.00	 31427224.00
  0.79	115772838.00	        0.00	 92060689.00	        1.00	 85086582.00	 31402511.00
  0.80	117552695.00	        0.00	104993578.00	        1.00	 86998128.00	 31373051.00
  0.81	119344136.00	        0.00	119461562.00	        1.00	 88936909.00	 31340532.00
  0.82	121148979.00	        0.00	135570957.00	        0.99	 90905839.00	 31304929.00
  0.83	122966054.00	        0.00	153372015.00	        0.99	 92904274.00	 31264462.00
  0.84	124792389.00	        0.00	173167188.00	        0.99	 94932317.00	 31222714.00
  0.85	126622352.00	        0.00	195248763.00	        0.99	 96987298.00	 31174996.00
  0.86	128460078.00	        0.00	219756916.00	        0.99	 99074799.00	 31123666.00
  0.87	130291005.00	        0.00	247293727.00	        0.99	101186379.00	 31067010.00
  0.88	132118191.00	        0.00	277939936.00	        0.99	103325936.00	 31003975.00
  0.89	133946194.00	        0.00	311523621.00	        0.99	105496328.00	 30934765.00
  0.90	135769573.00	        0.00	348573412.00	        0.98	107697483.00	 30858005.00
  0.91	137576964.00	        0.00	390066885.00	        0.98	109927955.00	 30779801.00
  0.92	139363747.00	        0.00	436195309.00	        0.98	112185130.00	 30691212.00
  0.93	141132813.00	        0.00	486729867.00	        0.98	114469598.00	 30591453.00
  0.94	142875055.00	        0.00	542971671.00	        0.98	116785469.00	 30486734.00
  0.95	144580686.00	        0.00	605068695.00	        0.97	119124529.00	 30370256.00
  0.96	146255816.00	        0.00	672958109.00	        0.97	121492284.00	 30242925.00
  0.97	147881084.00	        0.00	748203296.00	        0.97	123885286.00	 30107367.00
  0.98	149452322.00	        0.00	830948964.00	        0.96	126300861.00	 29957879.00
  0.99	150967172.00	        0.00	921638178.00	        0.96	128741217.00	 29796831.00
  1.00	152412195.00	        0.00	1021192856.00	        0.95	131202322.00	 29622235.00
  1.01	153782835.00	        0.00	1130275253.00	        0.95	133686423.00	 29433377.00
  1.02	155069366.00	        0.00	1249736636.00	        0.94	136192466.00	 29227217.00
  1.03	156249255.00	        0.00	1381190518.00	        0.94	138714415.00	 29007387.00
  1.04	157333237.00	        0.00	1523938033.00	        0.93	141256029.00	 28767675.00
  1.05	158303878.00	        0.00	1679271576.00	        0.93	143813022.00	 28510014.00
  1.06	159130613.00	        0.00	1850043546.00	        0.92	146383870.00	 28237987.00
  1.07	159829771.00	        0.00	2034278238.00	        0.91	148965059.00	 27939070.00
  1.08	160410345.00	        0.00	2230807876.00	        0.90	151553887.00	 27615768.00
  1.09	160822084.00	        0.00	2444466812.00	        0.89	154149134.00	 27285895.00
  1.10	161058153.00	        0.00	2675778217.00	        0.88	156749465.00	 26928974.00
  1.11	161117337.00	        0.00	2924491260.00	        0.87	159351284.00	 26543643.00
  1.12	160936548.00	        0.00	3196268967.00	        0.86	161949016.00	 26145060.00
  1.13	160542602.00	        0.00	3488089449.00	        0.85	164539109.00	 25708556.00
  1.14	159940073.00	        0.00	3799480607.00	        0.84	167121551.00	 25242442.00
  1.15	159058869.00	        0.00	4136508412.00	        0.82	169687814.00	 24763594.00
  1.16	157904083.00	        0.00	4498939878.00	        0.81	172240973.00	 24245084.00
  1.17	156484171.00	        0.00	4884991518.00	        0.79	174771618.00	 23694248.00
  1.18	154761078.00	        0.00	5297620060.00	        0.78	177271886.00	 23117553.00
  1.19	152699618.00	        0.00	5740130510.00	        0.76	179740352.00	 22514124.00
  1.20	150377719.00	        0.00	6204415081.00	        0.74	182173229.00	 21870335.00
  1.21	147755469.00	        0.00	6693698076.00	        0.72	184563299.00	 21204192.00
  1.22	144770525.00	        0.00	7213944126.00	        0.70	186909033.00	 20521320.00
  1.23	141416871.00	        0.00	7765119121.00	        0.68	189204350.00	 19795548.00
  1.24	137670739.00	        0.00	8348650533.00	        0.66	191440188.00	 19043944.00
  1.25	133576970.00	        0.00	8959734744.00	        0.63	193613164.00	 18251289.00
  1.26	129085254.00	        0.00	9602606694.00	        0.61	195716089.00	 17445577.00
  1.27	124283437.00	        0.00	10268092802.00	        0.58	197744388.00	 16595675.00
  1.28	119124925.00	        0.00	10959944222.00	        0.56	199689575.00	 15736289.00
  1.29	113687419.00	        0.00	11670177564.00	        0.53	201549055.00	 14856385.00
  1.30	108013999.00	        0.00	12394066484.00	        0.50	203318119.00	 13960484.00
  1.31	102135914.00	        0.00	13128122649.00	        0.47	204992974.00	 13063669.00
  1.32	 96112891.00	        0.00	13866593314.00	        0.44	206575080.00	 12163123.00
  1.33	 90022720.00	        0.00	14601482625.00	        0.41	208061505.00	 11268031.00
  1.34	 83961982.00	        0.00	15322899505.00	        0.38	209448748.00	 10383147.00
  1.35	 77968911.00	        0.00	16027005005.00	        0.35	210735857.00	  9536089.00
  1.36	 72211518.00	        0.00	16697659999.00	        0.33	211927474.00	  8708500.00
  1.37	 66616706.00	        0.00	17342651489.00	        0.30	213028862.00	  7939860.00
  1.38	 61223222.00	        0.00	17958329214.00	        0.27	214041701.00	  7206311.00
  1.39	 56021881.00	        0.00	18546247245.00	        0.25	214972064.00	  6515645.00
  1.40	 51008810.00	        0.00	19106708064.00	        0.22	215819002.00	  5866164.00
  1.41	 46271228.00	        0.00	19631734499.00	        0.20	216588570.00	  5253558.00
  1.42	 41689402.00	        0.00	20133583397.00	        0.18	217284727.00	  4695406.00
  1.43	 37281287.00	        0.00	20610526501.00	        0.16	217907718.00	  4161117.00
  1.44	 33126733.00	        0.00	21055182754.00	        0.14	218462476.00	  3658931.00
  1.45	 29193734.00	        0.00	21471266211.00	        0.13	218954217.00	  3201303.00
  1.46	 25559065.00	        0.00	21851524271.00	        0.11	219385985.00	  2773952.00
  1.47	 22126835.00	        0.00	22205925652.00	        0.10	219762277.00	  2392221.00
  1.48	 18923547.00	        0.00	22532080446.00	        0.08	220085435.00	  2035325.00
  1.49	 15960995.00	        0.00	22829405168.00	        0.07	220360693.00	  1713015.00
  1.50	 13131783.00	        0.00	23108706359.00	        0.06	220590123.00	  1421979.00
  1.51	 10658598.00	        0.00	23348487069.00	        0.05	220778394.00	  1145963.00
  1.52	  8477792.00	        0.00	23555425326.00	        0.04	220928934.00	   916671.00
  1.53	  6599131.00	        0.00	23729116298.00	        0.03	221047228.00	   714900.00
  1.54	  5011577.00	        0.00	23871223886.00	        0.03	221138735.00	   546258.00
  1.55	  3678221.00	        0.00	23985775167.00	        0.02	221206946.00	   407165.00
  1.56	  2554379.00	        0.00	24077653202.00	        0.01	221256239.00	   295588.00
  1.57	  1672839.00	        0.00	24143952184.00	        0.01	221289876.00	   198643.00
  1.58	  1008587.00	        0.00	24187499665.00	        0.01	221311097.00	   127635.00
  1.59	   547997.00	        0.00	24210018300.00	        0.00	221323496.00	    74900.00
  1.60	   246022.00	        0.00	24216264862.00	        0.00	221329840.00	    38771.00
  1.61	    66366.00	        0.00	24210037980.00	        0.00	221332350.00	    16181.00
  1.62	     8206.00	        0.00	24191628592.00	        0.00	221332892.00	     3506.00
  1.63	      466.00	        0.00	24168215334.00	        0.00	221332953.00	      372.00
  1.64	       16.00	        0.00	24144102434.00	        0.00	221332955.00	       16.00
  1.65	        0.00	        0.00	24119962195.00	        0.00	221332955.00	        0.00
