Datatype: PopulationSize
  0.00	        1.00	        0.00	        0.00	        1.00	        0.00	        1.00
  0.01	        1.00	        0.00	        0.00	        1.00	        0.00	        1.00
  0.02	        1.00	        0.00	        0.00	        1.00	        0.00	        1.00
  0.03	        1.00	        0.00	        0.00	        1.00	        0.00	        1.00
  0.04	        1.00	        0.00	        0.00	        1.00	        0.00	        1.00
  0.05	        1.00	        0.00	        0.00	        1.00	        0.00	        1.00
  0.06	        1.00	        0.00	        0.00	        1.00	        0.00	        1.00
  0.07	        1.00	        0.00	        0.00	        1.00	        0.00	        1.00
  0.08	        1.00	        0.00	        0.00	        1.00	        0.00	        1.00
  0.09	        1.00	        0.00	        0.00	        1.00	        0.00	        1.00
  0.10	        1.00	        0.00	        0.00	        1.00	        0.00	        1.00
  0.11	        1.00	        0.00	        0.00	        1.00	        0.00	        1.00
  0.12	        1.00	        0.00	        0.00	        1.00	        0.00	        1.00
  0.13	        1.00	        0.00	        0.00	        1.00	        0.00	        1.00
  0.14	        1.00	        0.00	        0.00	        1.00	        0.00	        1.00
  0.15	        1.00	        0.00	        0.00	        1.00	        0.00	        1.00
  0.16	        1.00	        0.00	        0.00	        1.00	        0.00	        1.00
  0.17	        1.00	        0.00	        0.00	        1.00	        0.00	        1.00
  0.18	        1.00	        0.00	        0.00	        1.00	        0.00	        1.00
  0.19	        1.00	        0.00	        0.00	        1.00	        0.00	        1.00
  0.20	        1.00	        0.00	        0.00	        1.00	        0.00	        1.00
  0.21	        1.00	        0.00	        0.00	        1.00	        0.00	        1.00
  0.22	        1.00	        0.00	        0.00	        1.00	        0.00	        1.00
  0.23	        1.00	        0.00	        0.00	        1.00	        0.00	        1.00
  0.24	        1.00	        0.00	        0.00	        1.00	        0.00	        1.00
  0.25	        1.00	        0.00	        0.00	        1.00	        0.00	        1.00
  0.26	        1.00	        0.00	        0.00	        1.00	        0.00	        1.00
  0.27	        1.00	        0.00	        0.00	        1.00	        0.00	        1.00
  0.28	        1.00	        0.00	        0.00	        1.00	        0.00	        1.00
  0.29	        1.00	        0.00	        0.00	        1.00	        0.00	        1.00
  0.30	        1.00	        0.00	        0.00	        1.00	        0.00	        1.00
  0.31	        1.00	        0.00	        0.00	        1.00	        0.00	        1.00
  0.32	        1.00	        0.00	        0.00	        1.00	        0.00	        1.00
  0.33	        1.00	        0.00	        0.00	        1.00	        0.00	        1.00
  0.34	        1.00	        0.00	        0.00	        1.00	        0.00	        1.00
  0.35	        1.00	        0.00	        0.00	        1.00	        0.00	        1.00
  0.36	        1.00	        0.00	        0.00	        1.00	        0.00	        1.00
  0.37	        1.00	        0.00	        0.00	        1.00	        0.00	        1.00
  0.38	        1.00	        0.00	        0.00	        1.00	        0.00	        1.00
  0.39	        1.00	        0.00	        0.00	        1.00	        0.00	        1.00
  0.40	        1.00	        0.00	        0.00	        1.00	        0.00	        1.00
  0.41	        1.00	        0.00	        0.00	        1.00	        0.00	        1.00
  0.42	        1.00	        0.00	        0.00	        1.00	        0.00	        1.00
  0.43	        1.00	        0.00	        0.00	        1.00	        0.00	        1.00
  0.44	        1.00	        0.00	        0.00	        1.00	        0.00	        1.00
  0.45	        1.00	        0.00	        0.00	        1.00	        0.00	        1.00
  0.46	        1.00	        0.00	        0.00	        1.00	        0.00	        1.00
  0.47	        1.00	        0.00	        0.00	        1.00	        0.00	        1.00
  0.48	        1.00	        0.00	        0.00	        1.00	        0.00	        1.00
  0.49	        1.00	        0.00	        0.00	        1.00	        0.00	        1.00
  0.50	        1.00	        0.00	        0.00	        1.00	        0.00	        1.00
  0.51	        1.00	        0.00	        0.00	        1.00	        0.00	        1.00
  0.52	        1.00	        0.00	        0.00	        1.00	        0.00	        1.00
  0.53	        1.00	        0.00	        0.00	        1.00	        0.00	        1.00
  0.54	        1.00	        0.00	        0.00	        1.00	        0.00	        1.00
  0.55	        1.00	        0.00	        0.00	        1.00	        0.00	        1.00
  0.56	        1.00	        0.00	        0.00	        1.00	        0.00	        1.00
  0.57	        1.00	        0.00	        0.00	        1.00	        0.00	        1.00
  0.58	        1.00	        0.00	        0.00	        1.00	        0.00	        1.00
  0.59	        1.00	        0.00	        0.00	        1.00	        0.00	        1.00
  0.60	        1.00	        0.00	        0.00	        1.00	        0.00	        1.00
  0.61	        1.00	        0.00	        0.00	        1.00	        0.00	        1.00
  0.62	        1.00	        0.00	        0.00	        1.00	        0.00	        1.00
  0.63	        1.00	        0.00	        0.00	        1.00	        0.00	        1.00
  0.64	        1.00	        0.00	        0.00	        1.00	        0.00	        1.00
  0.65	        1.00	        0.00	        0.00	        1.00	        0.00	        1.00
  0.66	        1.00	        0.00	        0.00	        1.00	        0.00	        1.00
  0.67	        1.00	        0.00	        0.00	        1.00	        0.00	        1.00
  0.68	        1.00	        0.00	        0.00	        1.00	        0.00	        1.00
  0.69	        1.00	        0.00	        0.00	        1.00	        0.00	        1.00
  0.70	        1.00	        0.00	        0.00	        1.00	        0.00	        1.00
  0.71	        1.00	        0.00	        0.00	        1.00	        0.00	        1.00
  0.72	        1.00	        0.00	        0.00	        1.00	        0.00	        1.00
  0.73	        1.00	        0.00	        0.00	        1.00	        0.00	        1.00
  0.74	        1.00	        0.00	        0.00	        1.00	        0.00	        1.00
  0.75	        1.00	        0.00	        0.00	        1.00	        0.00	        1.00
  0.76	        2.00	        0.00	        0.00	        1.00	        1.00	        1.00
  0.77	        2.00	        0.00	        0.00	        1.00	        1.00	        1.00
  0.78	        2.00	        0.00	        0.00	        1.00	        1.00	        1.00
  0.79	        2.00	        0.00	        0.00	        1.00	        1.00	        1.00
  0.80	        2.00	        0.00	        0.00	        1.00	        1.00	        1.00
  0.81	        2.00	        0.00	        0.00	        1.00	        1.00	        1.00
  0.82	        2.00	        0.00	        0.00	        1.00	        1.00	        1.00
  0.83	        2.00	        0.00	        0.00	        1.00	        1.00	        1.00
  0.84	        2.00	        0.00	        0.00	        1.00	        1.00	        1.00
  0.85	        2.00	        0.00	        0.00	        1.00	        1.00	        1.00
  0.86	        2.00	        0.00	        0.00	        1.00	        1.00	        1.00
  0.87	        2.00	        0.00	        0.00	        1.00	        1.00	        1.00
  0.88	        2.00	        0.00	        0.00	        1.00	        1.00	        1.00
  0.89	        2.00	        0.00	        0.00	        1.00	        1.00	        1.00
  0.90	        2.00	        0.00	        0.00	        1.00	        1.00	        1.00
  0.91	        2.00	        0.00	        0.00	        1.00	        1.00	        1.00
  0.92	        2.00	        0.00	        0.00	        1.00	        1.00	        1.00
  0.93	        2.00	        0.00	        0.00	        1.00	        1.00	        1.00
  0.94	        2.00	        0.00	        0.00	        1.00	        1.00	        1.00
  0.95	        2.00	        0.00	        0.00	        1.00	        1.00	        1.00
  0.96	        2.00	        0.00	        0.00	        1.00	        1.00	        1.00
  0.97	        2.00	        0.00	        0.00	        1.00	        1.00	        1.00
  0.98	        3.00	        0.00	        0.00	        1.00	        2.00	        1.00
  0.99	        3.00	        0.00	        0.00	        1.00	        2.00	        1.00
  1.00	        4.00	        0.00	        0.00	        1.00	        3.00	        1.00
  1.01	        4.00	        0.00	        0.00	        1.00	        3.00	        1.00
  1.02	        4.00	        0.00	        0.00	        1.00	        3.00	        1.00
  1.03	        4.00	        0.00	        0.00	        1.00	        3.00	        1.00
  1.04	        4.00	        0.00	        0.00	        1.00	        3.00	        1.00
  1.05	        4.00	        0.00	        0.00	        1.00	        3.00	        1.00
  1.06	        4.00	        0.00	        0.00	        1.00	        3.00	        1.00
  1.07	        4.00	        0.00	        0.00	        1.00	        3.00	        1.00
  1.08	        4.00	        0.00	        0.00	        1.00	        3.00	        1.00
  1.09	        5.00	        0.00	        0.00	        1.00	        4.00	        1.00
  1.10	        5.00	        0.00	        0.00	        1.00	        4.00	        1.00
  1.11	        5.00	        0.00	        0.00	        1.00	        4.00	        1.00
  1.12	        5.00	        0.00	        0.00	        1.00	        4.00	        1.00
  1.13	        5.00	        0.00	        0.00	        1.00	        4.00	        1.00
  1.14	        5.00	        0.00	        0.00	        1.00	        4.00	        1.00
  1.15	        5.00	        0.00	        0.00	        1.00	        4.00	        1.00
  1.16	        6.00	        0.00	        0.00	        1.00	        5.00	        1.00
  1.17	        6.00	        0.00	        0.00	        1.00	        5.00	        1.00
  1.18	        6.00	        0.00	        0.00	        1.00	        5.00	        1.00
  1.19	        6.00	        0.00	        0.00	        1.00	        5.00	        1.00
  1.20	        6.00	        0.00	        0.00	        1.00	        5.00	        1.00
  1.21	        6.00	        0.00	        0.00	        1.00	        5.00	        1.00
  1.22	        6.00	        0.00	        0.00	        1.00	        5.00	        1.00
  1.23	        6.00	        0.00	        0.00	        1.00	        5.00	        1.00
  1.24	        6.00	        0.00	        0.00	        1.00	        5.00	        1.00
  1.25	        8.00	        0.00	        0.00	        1.00	        7.00	        1.00
  1.26	        8.00	        0.00	        0.00	        1.00	        7.00	        1.00
  1.27	        8.00	        0.00	        0.00	        1.00	        7.00	        1.00
  1.28	        8.00	        0.00	        0.00	        1.00	        7.00	        1.00
  1.29	        8.00	        0.00	        0.00	        1.00	        7.00	        1.00
  1.30	        8.00	        0.00	        0.00	        1.00	        7.00	        1.00
  1.31	        8.00	        0.00	        0.00	        1.00	        7.00	        1.00
  1.32	        8.00	        0.00	        0.00	        1.00	        7.00	        1.00
  1.33	        8.00	        0.00	        0.00	        1.00	        7.00	        1.00
  1.34	        8.00	        0.00	        0.00	        1.00	        7.00	        1.00
  1.35	        8.00	        0.00	        0.00	        1.00	        7.00	        1.00
  1.36	        9.00	        0.00	        0.00	        1.00	        8.00	        1.00
  1.37	        9.00	        0.00	        0.00	        1.00	        8.00	        1.00
  1.38	        9.00	        0.00	        0.00	        1.00	        8.00	        1.00
  1.39	        9.00	        0.00	        0.00	        1.00	        8.00	        1.00
  1.40	        9.00	        0.00	        0.00	        1.00	        8.00	        1.00
  1.41	        9.00	        0.00	        0.00	        1.00	        8.00	        1.00
  1.42	        9.00	        0.00	        0.00	        1.00	        8.00	        1.00
  1.43	        9.00	        0.00	        0.00	        1.00	        8.00	        1.00
  1.44	        9.00	        0.00	        0.00	        1.00	        8.00	        1.00
  1.45	        9.00	        0.00	        0.00	        1.00	        8.00	        1.00
  1.46	        9.00	        0.00	        0.00	        1.00	        8.00	        1.00
  1.47	        9.00	        0.00	        0.00	        1.00	        8.00	        1.00
  1.48	        9.00	        0.00	        0.00	        1.00	        8.00	        1.00
  1.49	        9.00	        0.00	        0.00	        1.00	        8.00	        1.00
  1.50	       10.00	        0.00	        0.00	        1.00	        9.00	        1.00
  1.51	       10.00	        0.00	        0.00	        1.00	        9.00	        1.00
  1.52	       10.00	        0.00	        0.00	        1.00	        9.00	        1.00
  1.53	       10.00	        0.00	        0.00	        1.00	        9.00	        1.00
  1.54	       10.00	        0.00	        0.00	        1.00	        9.00	        1.00
  1.55	       10.00	        0.00	        0.00	        1.00	        9.00	        1.00
  1.56	       10.00	        0.00	        0.00	        1.00	        9.00	        1.00
  1.57	       10.00	        0.00	        0.00	        1.00	        9.00	        1.00
  1.58	       10.00	        0.00	        0.00	        1.00	        9.00	        1.00
  1.59	       10.00	        0.00	        0.00	        1.00	        9.00	        1.00
  1.60	       10.00	        0.00	        0.00	        1.00	        9.00	        1.00
  1.61	       10.00	        0.00	        0.00	        1.00	        9.00	        1.00
  1.62	       11.00	        0.00	        0.00	        1.00	       10.00	        1.00
  1.63	       11.00	        0.00	        0.00	        1.00	       10.00	        1.00
  1.64	       11.00	        0.00	        0.00	        1.00	       10.00	        1.00
  1.65	       11.00	        0.00	        0.00	        1.00	       10.00	        1.00
  1.66	       11.00	        0.00	        0.00	        1.00	       10.00	        1.00
  1.67	       11.00	        0.00	        0.00	        1.00	       10.00	        1.00
  1.68	       11.00	        0.00	        0.00	        1.00	       10.00	        1.00
  1.69	       12.00	        0.00	        0.00	        1.00	       11.00	        1.00
  1.70	       12.00	        0.00	        0.00	        1.00	       11.00	        1.00
  1.71	       12.00	        0.00	        0.00	        1.00	       11.00	        1.00
  1.72	       12.00	        0.00	        0.00	        1.00	       11.00	        1.00
  1.73	       12.00	        0.00	        0.00	        1.00	       11.00	        1.00
  1.74	       12.00	        0.00	        0.00	        1.00	       11.00	        1.00
  1.75	       12.00	        0.00	        0.00	        1.00	       11.00	        1.00
  1.76	       12.00	        0.00	        0.00	        1.00	       11.00	        1.00
  1.77	       12.00	        0.00	        0.00	        1.00	       11.00	        1.00
  1.78	       12.00	        0.00	        0.00	        1.00	       11.00	        1.00
  1.79	       12.00	        0.00	        0.00	        1.00	       11.00	        1.00
  1.80	       12.00	        0.00	        0.00	        1.00	       11.00	        1.00
  1.81	       12.00	        0.00	        0.00	        1.00	       11.00	        1.00
  1.82	       13.00	        0.00	        0.00	        1.00	       12.00	        1.00
  1.83	       13.00	        0.00	        0.00	        1.00	       12.00	        1.00
  1.84	       13.00	        0.00	        0.00	        1.00	       12.00	        1.00
  1.85	       13.00	        0.00	        0.00	        1.00	       12.00	        1.00
  1.86	       13.00	        0.00	        0.00	        1.00	       12.00	        1.00
  1.87	       14.00	        0.00	        0.00	        1.00	       13.00	        1.00
  1.88	       14.00	        0.00	        0.00	        1.00	       13.00	        1.00
  1.89	       14.00	        0.00	        0.00	        1.00	       13.00	        1.00
  1.90	       14.00	        0.00	        0.00	        1.00	       13.00	        1.00
  1.91	       16.00	        0.00	        0.00	        1.00	       15.00	        1.00
  1.92	       16.00	        0.00	        0.00	        1.00	       15.00	        1.00
  1.93	       16.00	        0.00	        0.00	        1.00	       15.00	        1.00
  1.94	       16.00	        0.00	        0.00	        1.00	       15.00	        1.00
  1.95	       16.00	        0.00	        0.00	        1.00	       15.00	        1.00
  1.96	       17.00	        0.00	        0.00	        1.00	       16.00	        1.00
  1.97	       17.00	        0.00	        0.00	        1.00	       16.00	        1.00
  1.98	       17.00	        0.00	        0.00	        1.00	       16.00	        1.00
  1.99	       17.00	        0.00	        0.00	        1.00	       16.00	        1.00
  2.00	       17.00	        0.00	        0.00	        1.00	       16.00	        1.00
  2.01	       17.00	        0.00	        0.00	        1.00	       16.00	        1.00
  2.02	       17.00	        0.00	        0.00	        1.00	       16.00	        1.00
  2.03	       17.00	        0.00	        0.00	        1.00	       16.00	        1.00
  2.04	       17.00	        0.00	        0.00	        1.00	       16.00	        1.00
  2.05	       18.00	        0.00	        0.00	        1.00	       17.00	        1.00
  2.06	       19.00	        0.00	        0.00	        1.00	       18.00	        1.00
  2.07	       20.00	        0.00	        0.00	        1.00	       19.00	        1.00
  2.08	       20.00	        0.00	        0.00	        1.00	       19.00	        1.00
  2.09	       20.00	        0.00	        0.00	        1.00	       19.00	        1.00
  2.10	       20.00	        0.00	        0.00	        1.00	       19.00	        1.00
  2.11	       20.00	        0.00	        0.00	        1.00	       19.00	        1.00
  2.12	       20.00	        0.00	        0.00	        1.00	       19.00	        1.00
  2.13	       20.00	        0.00	        0.00	        1.00	       19.00	        1.00
  2.14	       20.00	        0.00	        0.00	        1.00	       19.00	        1.00
  2.15	       20.00	        0.00	        0.00	        1.00	       19.00	        1.00
  2.16	       20.00	        0.00	        0.00	        1.00	       19.00	        1.00
  2.17	       20.00	        0.00	        0.00	        1.00	       19.00	        1.00
  2.18	       20.00	        0.00	        0.00	        1.00	       19.00	        1.00
  2.19	       21.00	        0.00	        0.00	        1.00	       20.00	        1.00
  2.20	       21.00	        0.00	        0.00	        1.00	       20.00	        1.00
  2.21	       21.00	        0.00	        0.00	        1.00	       20.00	        1.00
  2.22	       21.00	        0.00	        0.00	        1.00	       20.00	        1.00
  2.23	       21.00	        0.00	        0.00	        1.00	       20.00	        1.00
  2.24	       21.00	        0.00	        0.00	        1.00	       20.00	        1.00
  2.25	       22.00	        0.00	        0.00	        1.00	       21.00	        1.00
  2.26	       22.00	        0.00	        0.00	        1.00	       21.00	        1.00
  2.27	       22.00	        0.00	        0.00	        1.00	       21.00	        1.00
  2.28	       22.00	        0.00	        0.00	        1.00	       21.00	        1.00
  2.29	       22.00	        0.00	        0.00	        1.00	       21.00	        1.00
  2.30	       22.00	        0.00	        0.00	        1.00	       21.00	        1.00
  2.31	       22.00	        0.00	        0.00	        1.00	       21.00	        1.00
  2.32	       23.00	        0.00	        0.00	        1.00	       22.00	        1.00
  2.33	       23.00	        0.00	        0.00	        1.00	       22.00	        1.00
  2.34	       23.00	        0.00	        0.00	        1.00	       22.00	        1.00
  2.35	       24.00	        0.00	        0.00	        1.00	       23.00	        1.00
  2.36	       25.00	        0.00	        0.00	        1.00	       24.00	        1.00
  2.37	       25.00	        0.00	        0.00	        1.00	       24.00	        1.00
  2.38	       26.00	        0.00	        0.00	        1.00	       25.00	        1.00
  2.39	       26.00	        0.00	        0.00	        1.00	       25.00	        1.00
  2.40	       27.00	        0.00	        0.00	        1.00	       26.00	        1.00
  2.41	       27.00	        0.00	        0.00	        1.00	       26.00	        1.00
  2.42	       27.00	        0.00	        0.00	        1.00	       26.00	        1.00
  2.43	       27.00	        0.00	        0.00	        1.00	       26.00	        1.00
  2.44	       27.00	        0.00	        0.00	        1.00	       26.00	        1.00
  2.45	       27.00	        0.00	        0.00	        1.00	       26.00	        1.00
  2.46	       27.00	        0.00	        0.00	        1.00	       26.00	        1.00
  2.47	       27.00	        0.00	        0.00	        1.00	       26.00	        1.00
  2.48	       28.00	        0.00	        0.00	        1.00	       27.00	        1.00
  2.49	       28.00	        0.00	        0.00	        1.00	       27.00	        1.00
  2.50	       28.00	        0.00	        0.00	        1.00	       27.00	        1.00
  2.51	       28.00	        0.00	        0.00	        1.00	       27.00	        1.00
  2.52	       31.00	        0.00	        0.00	        1.00	       30.00	        1.00
  2.53	       31.00	        0.00	        0.00	        1.00	       30.00	        1.00
  2.54	       31.00	        0.00	        0.00	        1.00	       30.00	        1.00
  2.55	       31.00	        0.00	        0.00	        1.00	       30.00	        1.00
  2.56	       33.00	        0.00	        0.00	        1.00	       32.00	        1.00
  2.57	       35.00	        0.00	        0.00	        1.00	       34.00	        1.00
  2.58	       35.00	        0.00	        0.00	        1.00	       34.00	        1.00
  2.59	       36.00	        0.00	        0.00	        1.00	       35.00	        1.00
  2.60	       36.00	        0.00	        0.00	        1.00	       35.00	        1.00
  2.61	       36.00	        0.00	        0.00	        1.00	       35.00	        1.00
  2.62	       36.00	        0.00	        0.00	        1.00	       35.00	        1.00
  2.63	       36.00	        0.00	        0.00	        1.00	       35.00	        1.00
  2.64	       36.00	        0.00	        0.00	        1.00	       35.00	        1.00
  2.65	       36.00	        0.00	        0.00	        1.00	       35.00	        1.00
  2.66	       36.00	        0.00	        0.00	        1.00	       35.00	        1.00
  2.67	       36.00	        0.00	        0.00	        1.00	       35.00	        1.00
  2.68	       37.00	        0.00	        0.00	        1.00	       36.00	        1.00
  2.69	       37.00	        0.00	        0.00	        1.00	       36.00	        1.00
  2.70	       37.00	        0.00	        0.00	        1.00	       36.00	        1.00
  2.71	       37.00	        0.00	        0.00	        1.00	       36.00	        1.00
  2.72	       37.00	        0.00	        0.00	        1.00	       36.00	        1.00
  2.73	       39.00	        0.00	        0.00	        1.00	       38.00	        1.00
  2.74	       40.00	        0.00	        0.00	        1.00	       39.00	        1.00
  2.75	       41.00	        0.00	        0.00	        1.00	       40.00	        1.00
  2.76	       43.00	        0.00	        0.00	        1.00	       42.00	        1.00
  2.77	       44.00	        0.00	        0.00	        1.00	       43.00	        1.00
  2.78	       44.00	        0.00	        0.00	        1.00	       43.00	        1.00
  2.79	       45.00	        0.00	        0.00	        1.00	       44.00	        1.00
  2.80	       45.00	        0.00	        0.00	        1.00	       44.00	        1.00
  2.81	       45.00	        0.00	        0.00	        1.00	       44.00	        1.00
  2.82	       46.00	        0.00	        0.00	        1.00	       45.00	        1.00
  2.83	       47.00	        0.00	        0.00	        1.00	       46.00	        1.00
  2.84	       48.00	        0.00	        0.00	        1.00	       47.00	        1.00
  2.85	       48.00	        0.00	        0.00	        1.00	       47.00	        1.00
  2.86	       48.00	        0.00	        0.00	        1.00	       47.00	        1.00
  2.87	       48.00	        0.00	        0.00	        1.00	       47.00	        1.00
  2.88	       51.00	        0.00	        0.00	        1.00	       50.00	        1.00
  2.89	       52.00	        0.00	        0.00	        1.00	       51.00	        1.00
  2.90	       52.00	        0.00	        0.00	        1.00	       51.00	        1.00
  2.91	       52.00	        0.00	        0.00	        1.00	       51.00	        1.00
  2.92	       53.00	        0.00	        0.00	        1.00	       52.00	        1.00
  2.93	       55.00	        0.00	        0.00	        1.00	       54.00	        1.00
  2.94	       55.00	        0.00	        0.00	        1.00	       54.00	        1.00
  2.95	       55.00	        0.00	        0.00	        1.00	       54.00	        1.00
  2.96	       56.00	        0.00	        0.00	        1.00	       55.00	        1.00
  2.97	       56.00	        0.00	        0.00	        1.00	       55.00	        1.00
  2.98	       57.00	        0.00	        0.00	        1.00	       56.00	        1.00
  2.99	       58.00	        0.00	        0.00	        1.00	       57.00	        1.00
  3.00	       59.00	        0.00	   600000.00	        1.00	       58.00	        1.00
  3.01	       60.00	        0.00	   599986.00	        1.00	       59.00	        1.00
  3.02	       60.00	        0.00	   599971.00	        1.00	       59.00	        1.00
  3.03	       62.00	        0.00	   599961.00	        1.00	       61.00	        1.00
  3.04	       62.00	        0.00	   599945.00	        1.00	       61.00	        1.00
  3.05	       62.00	        0.00	   599932.00	        1.00	       61.00	        1.00
  3.06	       63.00	        0.00	   599914.00	        1.00	       62.00	        1.00
  3.07	       65.00	        0.00	   599901.00	        1.00	       64.00	        1.00
  3.08	       67.00	        0.00	   599879.00	        1.00	       66.00	        1.00
  3.09	       69.00	        0.00	   599865.00	        1.00	       68.00	        1.00
  3.10	       69.00	        0.00	   599848.00	        1.00	       68.00	        1.00
  3.11	       70.00	        0.00	   599826.00	        1.00	       69.00	        1.00
  3.12	       70.00	        0.00	   599804.00	        1.00	       69.00	        1.00
  3.13	       72.00	        0.00	   599787.00	        1.00	       71.00	        1.00
  3.14	       73.00	        0.00	   599770.00	        1.00	       72.00	        1.00
  3.15	       74.00	        0.00	   599755.00	        1.00	       73.00	        1.00
  3.16	       75.00	        0.00	   599737.00	        1.00	       74.00	        1.00
  3.17	       76.00	        0.00	   599722.00	        1.00	       75.00	        1.00
  3.18	       76.00	        0.00	   599707.00	        1.00	       75.00	        1.00
  3.19	       78.00	        0.00	   599688.00	        1.00	       77.00	        1.00
  3.20	       81.00	        0.00	   599668.00	        1.00	       80.00	        1.00
  3.21	       84.00	        0.00	   599642.00	        1.00	       83.00	        1.00
  3.22	       85.00	        0.00	   599622.00	        1.00	       84.00	        1.00
  3.23	       85.00	        0.00	   599600.00	        1.00	       84.00	        1.00
  3.24	       89.00	        0.00	   599583.00	        1.00	       88.00	        1.00
  3.25	       91.00	        0.00	   599565.00	        1.00	       90.00	        1.00
  3.26	       92.00	        0.00	   599547.00	        1.00	       91.00	        1.00
  3.27	       92.00	        0.00	   599525.00	        1.00	       91.00	        1.00
  3.28	       92.00	        0.00	   599511.00	        1.00	       91.00	        1.00
  3.29	       92.00	        0.00	   599491.00	        1.00	       91.00	        1.00
  3.30	       93.00	        0.00	   599479.00	        1.00	       92.00	        1.00
  3.31	       96.00	        0.00	   599462.00	        1.00	       95.00	        1.00
  3.32	       97.00	        0.00	   599439.00	        1.00	       96.00	        1.00
  3.33	       98.00	        0.00	   599418.00	        1.00	       97.00	        1.00
  3.34	       98.00	        0.00	   599399.00	        1.00	       97.00	        1.00
  3.35	       98.00	        0.00	   599376.00	        1.00	       97.00	        1.00
  3.36	       98.00	        0.00	   599361.00	        1.00	       97.00	        1.00
  3.37	       99.00	        0.00	   599344.00	        1.00	       98.00	        1.00
  3.38	      101.00	        0.00	   599327.00	        1.00	      100.00	        1.00
  3.39	      101.00	        0.00	   599310.00	        1.00	      100.00	        1.00
  3.40	      101.00	        0.00	   599291.00	        1.00	      100.00	        1.00
  3.41	      103.00	        0.00	   599266.00	        1.00	      102.00	        1.00
  3.42	      107.00	        0.00	   599242.00	        1.00	      106.00	        1.00
  3.43	      107.00	        0.00	   599223.00	        1.00	      106.00	        1.00
  3.44	      112.00	        0.00	   599208.00	        1.00	      111.00	        1.00
  3.45	      113.00	        0.00	   599198.00	        1.00	      112.00	        1.00
  3.46	      116.00	        0.00	   599184.00	        1.00	      115.00	        1.00
  3.47	      119.00	        0.00	   599164.00	        1.00	      118.00	        1.00
  3.48	      122.00	        0.00	   599152.00	        1.00	      121.00	        1.00
  3.49	      123.00	        0.00	   599138.00	        1.00	      122.00	        1.00
  3.50	      123.00	        0.00	   599121.00	        1.00	      122.00	        1.00
  3.51	      125.00	        0.00	   599107.00	        1.00	      124.00	        1.00
  3.52	      127.00	        1.00	   599081.00	        1.00	      127.00	        1.00
  3.53	      129.00	        1.00	   599062.00	        1.00	      129.00	        1.00
  3.54	      131.00	        2.00	   599049.00	        1.00	      132.00	        1.00
  3.55	      136.00	        2.00	   599025.00	        1.00	      137.00	        1.00
  3.56	      138.00	        2.00	   599005.00	        1.00	      139.00	        1.00
  3.57	      139.00	        2.00	   598985.00	        1.00	      140.00	        1.00
  3.58	      143.00	        2.00	   598964.00	        1.00	      144.00	        1.00
  3.59	      144.00	        2.00	   598950.00	        1.00	      145.00	        1.00
  3.60	      145.00	        2.00	   598939.00	        1.00	      146.00	        1.00
  3.61	      148.00	        2.00	   598930.00	        1.00	      149.00	        1.00
  3.62	      150.00	        2.00	   598911.00	        1.00	      151.00	        1.00
  3.63	      155.00	        2.00	   598898.00	        1.00	      156.00	        1.00
  3.64	      157.00	        2.00	   598874.00	        1.00	      158.00	        1.00
  3.65	      159.00	        2.00	   598851.00	        1.00	      160.00	        1.00
  3.66	      163.00	        2.00	   598826.00	        1.00	      164.00	        1.00
  3.67	      165.00	        2.00	   598807.00	        1.00	      166.00	        1.00
  3.68	      165.00	        2.00	   598783.00	        1.00	      166.00	        1.00
  3.69	      167.00	        4.00	   598763.00	        1.00	      170.00	        1.00
  3.70	      169.00	        4.00	   598744.00	        1.00	      172.00	        1.00
  3.71	      169.00	        4.00	   598729.00	        1.00	      172.00	        1.00
  3.72	      170.00	        5.00	   598708.00	        1.00	      174.00	        1.00
  3.73	      172.00	        5.00	   598689.00	        1.00	      176.00	        1.00
  3.74	      176.00	        5.00	   598673.00	        1.00	      180.00	        1.00
  3.75	      178.00	        5.00	   598654.00	        1.00	      182.00	        1.00
  3.76	      183.00	        5.00	   598635.00	        1.00	      187.00	        1.00
  3.77	      185.00	        5.00	   598620.00	        1.00	      189.00	        1.00
  3.78	      186.00	        5.00	   598597.00	        1.00	      190.00	        1.00
  3.79	      189.00	        5.00	   598581.00	        1.00	      193.00	        1.00
  3.80	      193.00	        5.00	   598558.00	        1.00	      197.00	        1.00
  3.81	      193.00	        5.00	   598543.00	        1.00	      197.00	        1.00
  3.82	      197.00	        5.00	   598532.00	        1.00	      201.00	        1.00
  3.83	      200.00	        5.00	   598504.00	        1.00	      204.00	        1.00
  3.84	      202.00	        5.00	   598479.00	        1.00	      206.00	        1.00
  3.85	      206.00	        5.00	   598466.00	        1.00	      210.00	        1.00
  3.86	      211.00	        5.00	   598447.00	        1.00	      215.00	        1.00
  3.87	      215.00	        5.00	   598422.00	        1.00	      219.00	        1.00
  3.88	      211.00	       10.00	   598407.00	        1.00	      220.00	        1.00
  3.89	      215.00	       10.00	   598385.00	        1.00	      224.00	        1.00
  3.90	      218.00	       10.00	   598369.00	        1.00	      227.00	        1.00
  3.91	      221.00	       10.00	   598357.00	        1.00	      230.00	        1.00
  3.92	      226.00	       10.00	   598335.00	        1.00	      235.00	        1.00
  3.93	      230.00	       10.00	   598316.00	        1.00	      239.00	        1.00
  3.94	      234.00	       10.00	   598294.00	        1.00	      243.00	        1.00
  3.95	      234.00	       10.00	   598268.00	        1.00	      243.00	        1.00
  3.96	      239.00	       10.00	   598255.00	        1.00	      248.00	        1.00
  3.97	      243.00	       10.00	   598235.00	        1.00	      252.00	        1.00
  3.98	      249.00	       10.00	   598215.00	        1.00	      258.00	        1.00
  3.99	      250.00	       10.00	   598202.00	        1.00	      259.00	        1.00
  4.00	      255.00	       10.00	   598176.00	        1.00	      264.00	        1.00
  4.01	      257.00	       10.00	   598153.00	        1.00	      266.00	        1.00
  4.02	      264.00	       10.00	   598135.00	        1.00	      273.00	        1.00
  4.03	      265.00	       10.00	   598117.00	        1.00	      274.00	        1.00
  4.04	      273.00	       10.00	   598100.00	        1.00	      282.00	        1.00
  4.05	      278.00	       10.00	   598084.00	        1.00	      287.00	        1.00
  4.06	      284.00	       12.00	   598062.00	        1.00	      295.00	        1.00
  4.07	      287.00	       12.00	   598049.00	        1.00	      298.00	        1.00
  4.08	      292.00	       12.00	   598026.00	        1.00	      303.00	        1.00
  4.09	      300.00	       12.00	   598004.00	        1.00	      311.00	        1.00
  4.10	      307.00	       12.00	   597982.00	        1.00	      318.00	        1.00
  4.11	      313.00	       12.00	   597969.00	        1.00	      324.00	        1.00
  4.12	      318.00	       13.00	   597956.00	        1.00	      330.00	        1.00
  4.13	      320.00	       13.00	   597939.00	        1.00	      332.00	        1.00
  4.14	      323.00	       13.00	   597916.00	        1.00	      335.00	        1.00
  4.15	      334.00	       13.00	   597893.00	        1.00	      346.00	        1.00
  4.16	      343.00	       13.00	   597883.00	        1.00	      355.00	        1.00
  4.17	      348.00	       13.00	   597866.00	        1.00	      360.00	        1.00
  4.18	      349.00	       13.00	   597851.00	        1.00	      361.00	        1.00
  4.19	      353.00	       13.00	   597839.00	        1.00	      365.00	        1.00
  4.20	      360.00	       14.00	   597825.00	        1.00	      373.00	        1.00
  4.21	      369.00	       14.00	   597807.00	        1.00	      382.00	        1.00
  4.22	      373.00	       14.00	   597789.00	        1.00	      386.00	        1.00
  4.23	      378.00	       14.00	   597772.00	        1.00	      391.00	        1.00
  4.24	      383.00	       14.00	   597752.00	        1.00	      396.00	        1.00
  4.25	      388.00	       14.00	   597734.00	        1.00	      401.00	        1.00
  4.26	      393.00	       15.00	   597719.00	        1.00	      407.00	        1.00
  4.27	      398.00	       15.00	   597691.00	        1.00	      412.00	        1.00
  4.28	      399.00	       15.00	   597682.00	        1.00	      413.00	        1.00
  4.29	      403.00	       15.00	   597664.00	        1.00	      417.00	        1.00
  4.30	      408.00	       15.00	   597644.00	        1.00	      422.00	        1.00
  4.31	      412.00	       16.00	   597628.00	        1.00	      427.00	        1.00
  4.32	      414.00	       16.00	   597604.00	        1.00	      429.00	        1.00
  4.33	      422.00	       16.00	   597582.00	        1.00	      437.00	        1.00
  4.34	      427.00	       16.00	   597562.00	        1.00	      442.00	        1.00
  4.35	      433.00	       16.00	   597543.00	        1.00	      448.00	        1.00
  4.36	      434.00	       16.00	   597517.00	        1.00	      449.00	        1.00
  4.37	      438.00	       16.00	   597495.00	        1.00	      453.00	        1.00
  4.38	      445.00	       16.00	   597483.00	        1.00	      460.00	        1.00
  4.39	      449.00	       16.00	   597468.00	        1.00	      464.00	        1.00
  4.40	      457.00	       16.00	   597448.00	        1.00	      472.00	        1.00
  4.41	      463.00	       16.00	   597429.00	        1.00	      478.00	        1.00
  4.42	      476.00	       16.00	   597410.00	        1.00	      491.00	        1.00
  4.43	      489.00	       16.00	   597391.00	        1.00	      504.00	        1.00
  4.44	      496.00	       17.00	   597375.00	        1.00	      512.00	        1.00
  4.45	      504.00	       17.00	   597360.00	        1.00	      520.00	        1.00
  4.46	      331.00	      194.00	   597548.00	        1.00	      525.00	        1.00
  4.47	      338.00	      194.00	   597536.00	        1.00	      532.00	        1.00
  4.48	      227.00	      312.00	   597716.00	        1.00	      540.00	        1.00
  4.49	      230.00	      312.00	   597697.00	        1.00	      543.00	        1.00
  4.50	      233.00	      312.00	   597677.00	        1.00	      546.00	        1.00
  4.51	      238.00	      312.00	   597659.00	        1.00	      551.00	        1.00
  4.52	      243.00	      312.00	   597644.00	        1.00	      556.00	        1.00
  4.53	      247.00	      312.00	   597624.00	        1.00	      560.00	        1.00
  4.54	      251.00	      312.00	   597604.00	        1.00	      564.00	        1.00
  4.55	      256.00	      312.00	   597585.00	        1.00	      569.00	        1.00
  4.56	      260.00	      312.00	   597572.00	        1.00	      573.00	        1.00
  4.57	      267.00	      312.00	   597547.00	        1.00	      580.00	        1.00
  4.58	      275.00	      313.00	   597522.00	        1.00	      589.00	        1.00
  4.59	      280.00	      313.00	   597506.00	        1.00	      594.00	        1.00
  4.60	      287.00	      313.00	   597485.00	        1.00	      601.00	        1.00
  4.61	      291.00	      313.00	   597468.00	        1.00	      605.00	        1.00
  4.62	      294.00	      313.00	   597445.00	        1.00	      608.00	        1.00
  4.63	      298.00	      313.00	   597423.00	        1.00	      612.00	        1.00
  4.64	      303.00	      313.00	   597408.00	        1.00	      617.00	        1.00
  4.65	      314.00	      313.00	   597388.00	        1.00	      628.00	        1.00
  4.66	      326.00	      313.00	   597365.00	        1.00	      640.00	        1.00
  4.67	      329.00	      313.00	   597347.00	        1.00	      643.00	        1.00
  4.68	      335.00	      313.00	   597335.00	        1.00	      649.00	        1.00
  4.69	      337.00	      313.00	   597321.00	        1.00	      651.00	        1.00
  4.70	      236.00	      420.00	   597498.00	        1.00	      658.00	        1.00
  4.71	      240.00	      420.00	   597472.00	        1.00	      662.00	        1.00
  4.72	      244.00	      421.00	   597452.00	        1.00	      667.00	        1.00
  4.73	      245.00	      421.00	   597439.00	        1.00	      668.00	        1.00
  4.74	      248.00	      422.00	   597416.00	        1.00	      672.00	        1.00
  4.75	      252.00	      422.00	   597385.00	        1.00	      676.00	        1.00
  4.76	      254.00	      422.00	   597373.00	        1.00	      678.00	        1.00
  4.77	      256.00	      423.00	   597355.00	        1.00	      681.00	        1.00
  4.78	      258.00	      423.00	   597343.00	        1.00	      683.00	        1.00
  4.79	      183.00	      503.00	   597527.00	        1.00	      689.00	        1.00
  4.80	      185.00	      503.00	   597509.00	        1.00	      691.00	        1.00
  4.81	      188.00	      503.00	   597486.00	        1.00	      694.00	        1.00
  4.82	      138.00	      555.00	   597666.00	        1.00	      697.00	        1.00
  4.83	      140.00	      555.00	   597653.00	        1.00	      699.00	        1.00
  4.84	      143.00	      555.00	   597634.00	        1.00	      702.00	        1.00
  4.85	      144.00	      555.00	   597609.00	        1.00	      703.00	        1.00
  4.86	      115.00	      584.00	   597785.00	        1.00	      704.00	        1.00
  4.87	      117.00	      584.00	   597755.00	        1.00	      706.00	        1.00
  4.88	      120.00	      584.00	   597741.00	        1.00	      709.00	        1.00
  4.89	      121.00	      584.00	   597717.00	        1.00	      710.00	        1.00
  4.90	      122.00	      584.00	   597700.00	        1.00	      711.00	        1.00
  4.91	      124.00	      584.00	   597684.00	        1.00	      713.00	        1.00
  4.92	      128.00	      584.00	   597664.00	        1.00	      717.00	        1.00
  4.93	      129.00	      584.00	   597644.00	        1.00	      718.00	        1.00
  4.94	      134.00	      584.00	   597621.00	        1.00	      723.00	        1.00
  4.95	      133.00	      585.00	   597611.00	        1.00	      723.00	        1.00
  4.96	      134.00	      585.00	   597587.00	        1.00	      724.00	        1.00
  4.97	      137.00	      585.00	   597572.00	        1.00	      727.00	        1.00
  4.98	       69.00	      654.00	   597955.00	        1.00	      730.00	        1.00
  4.99	       70.00	      654.00	   597935.00	        1.00	      731.00	        1.00
  5.00	       50.00	      673.00	   598118.00	        1.00	      731.00	        1.00
  5.01	       33.00	      689.00	   598496.00	        1.00	      732.00	        1.00
  5.02	       33.00	      689.00	   598471.00	        1.00	      732.00	        1.00
  5.03	       28.00	      694.00	   598642.00	        1.00	      733.00	        1.00
  5.04	       21.00	      700.00	   599028.00	        1.00	      734.00	        1.00
  5.05	       10.00	      710.00	   599208.00	        1.00	      734.00	        1.00
  5.06	        3.00	      714.00	   599787.00	        1.00	      734.00	        1.00
  5.07	        3.00	      714.00	   599967.00	        1.00	      735.00	        1.00
  5.08	        3.00	      713.00	   600157.00	        1.00	      735.00	        1.00
  5.09	        2.00	      711.00	   600737.00	        1.00	      735.00	        1.00
  5.10	        1.00	      709.00	   601312.00	        1.00	      735.00	        1.00
  5.11	        1.00	      707.00	   601687.00	        1.00	      735.00	        1.00
  5.12	        1.00	      707.00	   601672.00	        1.00	      735.00	        1.00
  5.13	        1.00	      706.00	   601858.00	        1.00	      735.00	        1.00
  5.14	        0.00	      706.00	   602036.00	        0.00	      735.00	        1.00
  5.15	        0.00	      704.00	   602414.00	        0.00	      735.00	        1.00
  5.16	        0.00	      703.00	   602594.00	        0.00	      735.00	        1.00
  5.17	        0.00	      702.00	   602776.00	        0.00	      735.00	        1.00
  5.18	        0.00	      700.00	   603147.00	        0.00	      735.00	        1.00
  5.19	        0.00	      698.00	   603515.00	        0.00	      735.00	        1.00
  5.20	        0.00	      696.00	   603897.00	        0.00	      735.00	        1.00
  5.21	        0.00	      695.00	   604076.00	        0.00	      735.00	        1.00
  5.22	        0.00	      692.00	   604657.00	        0.00	      735.00	        1.00
  5.23	        0.00	      689.00	   605243.00	        0.00	      735.00	        1.00
  5.24	        0.00	      686.00	   605831.00	        0.00	      735.00	        1.00
  5.25	        0.00	      683.00	   606399.00	        0.00	      735.00	        1.00
  5.26	        0.00	      682.00	   606570.00	        0.00	      735.00	        1.00
  5.27	        0.00	      681.00	   606748.00	        0.00	      735.00	        1.00
  5.28	        0.00	      676.00	   607722.00	        0.00	      735.00	        1.00
  5.29	        0.00	      674.00	   608099.00	        0.00	      735.00	        1.00
  5.30	        0.00	      673.00	   608265.00	        0.00	      735.00	        1.00
  5.31	        0.00	      670.00	   608840.00	        0.00	      735.00	        1.00
  5.32	        0.00	      668.00	   609207.00	        0.00	      735.00	        1.00
  5.33	        0.00	      666.00	   609576.00	        0.00	      735.00	        1.00
  5.34	        0.00	      659.00	   610950.00	        0.00	      735.00	        1.00
  5.35	        0.00	      656.00	   611520.00	        0.00	      735.00	        1.00
  5.36	        0.00	      653.00	   612099.00	        0.00	      735.00	        1.00
  5.37	        0.00	      650.00	   612678.00	        0.00	      735.00	        1.00
  5.38	        0.00	      648.00	   613053.00	        0.00	      735.00	        1.00
  5.39	        0.00	      646.00	   613435.00	        0.00	      735.00	        1.00
  5.40	        0.00	      644.00	   613809.00	        0.00	      735.00	        1.00
  5.41	        0.00	      642.00	   614166.00	        0.00	      735.00	        1.00
  5.42	        0.00	      634.00	   615736.00	        0.00	      735.00	        1.00
  5.43	        0.00	      630.00	   616493.00	        0.00	      735.00	        1.00
  5.44	        0.00	      624.00	   617668.00	        0.00	      735.00	        1.00
  5.45	        0.00	      618.00	   618831.00	        0.00	      735.00	        1.00
  5.46	        0.00	      615.00	   619401.00	        0.00	      735.00	        1.00
  5.47	        0.00	      610.00	   620368.00	        0.00	      735.00	        1.00
  5.48	        0.00	      602.00	   621931.00	        0.00	      735.00	        1.00
  5.49	        0.00	      596.00	   623103.00	        0.00	      735.00	        1.00
  5.50	        0.00	      592.00	   623866.00	        0.00	      735.00	        1.00
  5.51	        0.00	      588.00	   624635.00	        0.00	      735.00	        1.00
  5.52	        0.00	      584.00	   625393.00	        0.00	      735.00	        1.00
  5.53	        0.00	      570.00	   628162.00	        0.00	      735.00	        1.00
  5.54	        0.00	      566.00	   628929.00	        0.00	      735.00	        1.00
  5.55	        0.00	      562.00	   629693.00	        0.00	      735.00	        1.00
  5.56	        0.00	      559.00	   630258.00	        0.00	      735.00	        1.00
  5.57	        0.00	      553.00	   631422.00	        0.00	      735.00	        1.00
  5.58	        0.00	      549.00	   632181.00	        0.00	      735.00	        1.00
  5.59	        0.00	      541.00	   633741.00	        0.00	      735.00	        1.00
  5.60	        0.00	      533.00	   635303.00	        0.00	      735.00	        1.00
  5.61	        0.00	      525.00	   636859.00	        0.00	      735.00	        1.00
  5.62	        0.00	      519.00	   638016.00	        0.00	      735.00	        1.00
  5.63	        0.00	      509.00	   639976.00	        0.00	      735.00	        1.00
  5.64	        0.00	      505.00	   640736.00	        0.00	      735.00	        1.00
  5.65	        0.00	      495.00	   642704.00	        0.00	      735.00	        1.00
  5.66	        0.00	      486.00	   644456.00	        0.00	      735.00	        1.00
  5.67	        0.00	      482.00	   645221.00	        0.00	      735.00	        1.00
  5.68	        0.00	      477.00	   646172.00	        0.00	      735.00	        1.00
  5.69	        0.00	      470.00	   647527.00	        0.00	      735.00	        1.00
  5.70	        0.00	      466.00	   648291.00	        0.00	      735.00	        1.00
  5.71	        0.00	      463.00	   648848.00	        0.00	      735.00	        1.00
  5.72	        0.00	      456.00	   650210.00	        0.00	      735.00	        1.00
  5.73	        0.00	      448.00	   651758.00	        0.00	      735.00	        1.00
  5.74	        0.00	      442.00	   652909.00	        0.00	      735.00	        1.00
  5.75	        0.00	      437.00	   653875.00	        0.00	      735.00	        1.00
  5.76	        0.00	      432.00	   654834.00	        0.00	      735.00	        1.00
  5.77	        0.00	      429.00	   655395.00	        0.00	      735.00	        1.00
  5.78	        0.00	      424.00	   656355.00	        0.00	      735.00	        1.00
  5.79	        0.00	      416.00	   657900.00	        0.00	      735.00	        1.00
  5.80	        0.00	      406.00	   659849.00	        0.00	      735.00	        1.00
  5.81	        0.00	      400.00	   661008.00	        0.00	      735.00	        1.00
  5.82	        0.00	      396.00	   661764.00	        0.00	      735.00	        1.00
  5.83	        0.00	      393.00	   662309.00	        0.00	      735.00	        1.00
  5.84	        0.00	      389.00	   663061.00	        0.00	      735.00	        1.00
  5.85	        0.00	      382.00	   664430.00	        0.00	      735.00	        1.00
  5.86	        0.00	      375.00	   665788.00	        0.00	      735.00	        1.00
  5.87	        0.00	      364.00	   667950.00	        0.00	      735.00	        1.00
  5.88	        0.00	      354.00	   669909.00	        0.00	      735.00	        1.00
  5.89	        0.00	      347.00	   671269.00	        0.00	      735.00	        1.00
  5.90	        0.00	      340.00	   672622.00	        0.00	      735.00	        1.00
  5.91	        0.00	      332.00	   674181.00	        0.00	      735.00	        1.00
  5.92	        0.00	      329.00	   674723.00	        0.00	      735.00	        1.00
  5.93	        0.00	      324.00	   675683.00	        0.00	      735.00	        1.00
  5.94	        0.00	      319.00	   676631.00	        0.00	      735.00	        1.00
  5.95	        0.00	      311.00	   678184.00	        0.00	      735.00	        1.00
  5.96	        0.00	      304.00	   679542.00	        0.00	      735.00	        1.00
  5.97	        0.00	      298.00	   680708.00	        0.00	      735.00	        1.00
  5.98	        0.00	      292.00	   681879.00	        0.00	      735.00	        1.00
  5.99	        0.00	      289.00	   682438.00	        0.00	      735.00	        1.00
  6.00	        0.00	      288.00	   682594.00	        0.00	      735.00	        1.00
  6.01	        0.00	      276.00	   684955.00	        0.00	      735.00	        1.00
  6.02	        0.00	      271.00	   685916.00	        0.00	      735.00	        1.00
  6.03	        0.00	      265.00	   687072.00	        0.00	      735.00	        1.00
  6.04	        0.00	      254.00	   689229.00	        0.00	      735.00	        1.00
  6.05	        0.00	      248.00	   690399.00	        0.00	      735.00	        1.00
  6.06	        0.00	      237.00	   692557.00	        0.00	      735.00	        1.00
  6.07	        0.00	      229.00	   694111.00	        0.00	      735.00	        1.00
  6.08	        0.00	      218.00	   696276.00	        0.00	      735.00	        1.00
  6.09	        0.00	      213.00	   697244.00	        0.00	      735.00	        1.00
  6.10	        0.00	      209.00	   698005.00	        0.00	      735.00	        1.00
  6.11	        0.00	      205.00	   698757.00	        0.00	      735.00	        1.00
  6.12	        0.00	      200.00	   699706.00	        0.00	      735.00	        1.00
  6.13	        0.00	      192.00	   701262.00	        0.00	      735.00	        1.00
  6.14	        0.00	      189.00	   701818.00	        0.00	      735.00	        1.00
  6.15	        0.00	      181.00	   703371.00	        0.00	      735.00	        1.00
  6.16	        0.00	      178.00	   703921.00	        0.00	      735.00	        1.00
  6.17	        0.00	      172.00	   705084.00	        0.00	      735.00	        1.00
  6.18	        0.00	      172.00	   705042.00	        0.00	      735.00	        1.00
  6.19	        0.00	      168.00	   705793.00	        0.00	      735.00	        1.00
  6.20	        0.00	      166.00	   706157.00	        0.00	      735.00	        1.00
  6.21	        0.00	      165.00	   706318.00	        0.00	      735.00	        1.00
  6.22	        0.00	      161.00	   707086.00	        0.00	      735.00	        1.00
  6.23	        0.00	      153.00	   708653.00	        0.00	      735.00	        1.00
  6.24	        0.00	      151.00	   709020.00	        0.00	      735.00	        1.00
  6.25	        0.00	      145.00	   710174.00	        0.00	      735.00	        1.00
  6.26	        0.00	      145.00	   710130.00	        0.00	      735.00	        1.00
  6.27	        0.00	      143.00	   710498.00	        0.00	      735.00	        1.00
  6.28	        0.00	      141.00	   710863.00	        0.00	      735.00	        1.00
  6.29	        0.00	      135.00	   712028.00	        0.00	      735.00	        1.00
  6.30	        0.00	      131.00	   712785.00	        0.00	      735.00	        1.00
  6.31	        0.00	      128.00	   713355.00	        0.00	      735.00	        1.00
  6.32	        0.00	      127.00	   713517.00	        0.00	      735.00	        1.00
  6.33	        0.00	      124.00	   714099.00	        0.00	      735.00	        1.00
  6.34	        0.00	      124.00	   714064.00	        0.00	      735.00	        1.00
  6.35	        0.00	      120.00	   714829.00	        0.00	      735.00	        1.00
  6.36	        0.00	      114.00	   715994.00	        0.00	      735.00	        1.00
  6.37	        0.00	      112.00	   716357.00	        0.00	      735.00	        1.00
  6.38	        0.00	      109.00	   716918.00	        0.00	      735.00	        1.00
  6.39	        0.00	      107.00	   717290.00	        0.00	      735.00	        1.00
  6.40	        0.00	      103.00	   718059.00	        0.00	      735.00	        1.00
  6.41	        0.00	      102.00	   718230.00	        0.00	      735.00	        1.00
  6.42	        0.00	      100.00	   718593.00	        0.00	      735.00	        1.00
  6.43	        0.00	       97.00	   719152.00	        0.00	      735.00	        1.00
  6.44	        0.00	       94.00	   719716.00	        0.00	      735.00	        1.00
  6.45	        0.00	       89.00	   720684.00	        0.00	      735.00	        1.00
  6.46	        0.00	       86.00	   721250.00	        0.00	      735.00	        1.00
  6.47	        0.00	       78.00	   722812.00	        0.00	      735.00	        1.00
  6.48	        0.00	       76.00	   723170.00	        0.00	      735.00	        1.00
  6.49	        0.00	       74.00	   723533.00	        0.00	      735.00	        1.00
  6.50	        0.00	       73.00	   723708.00	        0.00	      735.00	        1.00
  6.51	        0.00	       71.00	   724079.00	        0.00	      735.00	        1.00
  6.52	        0.00	       67.00	   724855.00	        0.00	      735.00	        1.00
  6.53	        0.00	       66.00	   725023.00	        0.00	      735.00	        1.00
  6.54	        0.00	       63.00	   725590.00	        0.00	      735.00	        1.00
  6.55	        0.00	       63.00	   725561.00	        0.00	      735.00	        1.00
  6.56	        0.00	       58.00	   726537.00	        0.00	      735.00	        1.00
  6.57	        0.00	       56.00	   726912.00	        0.00	      735.00	        1.00
  6.58	        0.00	       53.00	   727476.00	        0.00	      735.00	        1.00
  6.59	        0.00	       51.00	   727842.00	        0.00	      735.00	        1.00
  6.60	        0.00	       51.00	   727813.00	        0.00	      735.00	        1.00
  6.61	        0.00	       50.00	   727980.00	        0.00	      735.00	        1.00
  6.62	        0.00	       47.00	   728548.00	        0.00	      735.00	        1.00
  6.63	        0.00	       46.00	   728720.00	        0.00	      735.00	        1.00
  6.64	        0.00	       44.00	   729092.00	        0.00	      735.00	        1.00
  6.65	        0.00	       39.00	   730058.00	        0.00	      735.00	        1.00
  6.66	        0.00	       39.00	   730037.00	        0.00	      735.00	        1.00
  6.67	        0.00	       38.00	   730205.00	        0.00	      735.00	        1.00
  6.68	        0.00	       33.00	   731174.00	        0.00	      735.00	        1.00
  6.69	        0.00	       33.00	   731150.00	        0.00	      735.00	        1.00
  6.70	        0.00	       33.00	   731114.00	        0.00	      735.00	        1.00
  6.71	        0.00	       33.00	   731084.00	        0.00	      735.00	        1.00
  6.72	        0.00	       31.00	   731459.00	        0.00	      735.00	        1.00
  6.73	        0.00	       29.00	   731828.00	        0.00	      735.00	        1.00
  6.74	        0.00	       26.00	   732405.00	        0.00	      735.00	        1.00
  6.75	        0.00	       25.00	   732577.00	        0.00	      735.00	        1.00
  6.76	        0.00	       24.00	   732754.00	        0.00	      735.00	        1.00
  6.77	        0.00	       23.00	   732929.00	        0.00	      735.00	        1.00
  6.78	        0.00	       22.00	   733101.00	        0.00	      735.00	        1.00
  6.79	        0.00	       21.00	   733274.00	        0.00	      735.00	        1.00
  6.80	        0.00	       20.00	   733442.00	        0.00	      735.00	        1.00
  6.81	        0.00	       18.00	   733812.00	        0.00	      735.00	        1.00
  6.82	        0.00	       17.00	   733981.00	        0.00	      735.00	        1.00
  6.83	        0.00	       17.00	   733956.00	        0.00	      735.00	        1.00
  6.84	        0.00	       16.00	   734125.00	        0.00	      735.00	        1.00
  6.85	        0.00	       14.00	   734503.00	        0.00	      735.00	        1.00
  6.86	        0.00	       12.00	   734880.00	        0.00	      735.00	        1.00
  6.87	        0.00	       12.00	   734859.00	        0.00	      735.00	        1.00
  6.88	        0.00	       11.00	   735026.00	        0.00	      735.00	        1.00
  6.89	        0.00	       10.00	   735205.00	        0.00	      735.00	        1.00
  6.90	        0.00	        9.00	   735392.00	        0.00	      735.00	        1.00
  6.91	        0.00	        9.00	   735374.00	        0.00	      735.00	        1.00
  6.92	        0.00	        9.00	   735352.00	        0.00	      735.00	        1.00
  6.93	        0.00	        6.00	   735930.00	        0.00	      735.00	        1.00
  6.94	        0.00	        6.00	   735906.00	        0.00	      735.00	        1.00
  6.95	        0.00	        6.00	   735888.00	        0.00	      735.00	        1.00
  6.96	        0.00	        6.00	   735864.00	        0.00	      735.00	        1.00
  6.97	        0.00	        6.00	   735844.00	        0.00	      735.00	        1.00
  6.98	        0.00	        6.00	   735815.00	        0.00	      735.00	        1.00
  6.99	        0.00	        6.00	   735790.00	        0.00	      735.00	        1.00
  7.00	        0.00	        6.00	   735764.00	        0.00	      735.00	        1.00
  7.01	        0.00	        6.00	   735751.00	        0.00	      735.00	        1.00
  7.02	        0.00	        6.00	   735722.00	        0.00	      735.00	        1.00
  7.03	        0.00	        6.00	   735701.00	        0.00	      735.00	        1.00
  7.04	        0.00	        6.00	   735672.00	        0.00	      735.00	        1.00
  7.05	        0.00	        5.00	   735852.00	        0.00	      735.00	        1.00
  7.06	        0.00	        5.00	   735833.00	        0.00	      735.00	        1.00
  7.07	        0.00	        5.00	   735813.00	        0.00	      735.00	        1.00
  7.08	        0.00	        5.00	   735792.00	        0.00	      735.00	        1.00
  7.09	        0.00	        5.00	   735771.00	        0.00	      735.00	        1.00
  7.10	        0.00	        4.00	   735944.00	        0.00	      735.00	        1.00
  7.11	        0.00	        4.00	   735919.00	        0.00	      735.00	        1.00
  7.12	        0.00	        4.00	   735894.00	        0.00	      735.00	        1.00
  7.13	        0.00	        4.00	   735871.00	        0.00	      735.00	        1.00
  7.14	        0.00	        3.00	   736040.00	        0.00	      735.00	        1.00
  7.15	        0.00	        3.00	   736005.00	        0.00	      735.00	        1.00
  7.16	        0.00	        3.00	   735981.00	        0.00	      735.00	        1.00
  7.17	        0.00	        3.00	   735953.00	        0.00	      735.00	        1.00
  7.18	        0.00	        3.00	   735922.00	        0.00	      735.00	        1.00
  7.19	        0.00	        3.00	   735896.00	        0.00	      735.00	        1.00
  7.20	        0.00	        3.00	   735873.00	        0.00	      735.00	        1.00
  7.21	        0.00	        3.00	   735851.00	        0.00	      735.00	        1.00
  7.22	        0.00	        2.00	   736025.00	        0.00	      735.00	        1.00
  7.23	        0.00	        2.00	   736010.00	        0.00	      735.00	        1.00
  7.24	        0.00	        2.00	   735991.00	        0.00	      735.00	        1.00
  7.25	        0.00	        2.00	   735968.00	        0.00	      735.00	        1.00
  7.26	        0.00	        1.00	   736149.00	        0.00	      735.00	        1.00
  7.27	        0.00	        1.00	   736129.00	        0.00	      735.00	        1.00
  7.28	        0.00	        1.00	   736107.00	        0.00	      735.00	        1.00
  7.29	        0.00	        1.00	   736088.00	        0.00	      735.00	        1.00
  7.30	        0.00	        1.00	   736069.00	        0.00	      735.00	        1.00
  7.31	        0.00	        1.00	   736047.00	        0.00	      735.00	        1.00
  7.32	        0.00	        1.00	   736023.00	        0.00	      735.00	        1.00
  7.33	        0.00	        1.00	   735991.00	        0.00	      735.00	        1.00
  7.34	        0.00	        1.00	   735968.00	        0.00	      735.00	        1.00
  7.35	        0.00	        1.00	   735949.00	        0.00	      735.00	        1.00
  7.36	        0.00	        1.00	   735930.00	        0.00	      735.00	        1.00
  7.37	        0.00	        1.00	   735911.00	        0.00	      735.00	        1.00
  7.38	        0.00	        1.00	   735896.00	        0.00	      735.00	        1.00
  7.39	        0.00	        1.00	   735875.00	        0.00	      735.00	        1.00
  7.40	        0.00	        1.00	   735850.00	        0.00	      735.00	        1.00
  7.41	        0.00	        1.00	   735826.00	        0.00	      735.00	        1.00
  7.42	        0.00	        1.00	   735796.00	        0.00	      735.00	        1.00
  7.43	        0.00	        1.00	   735778.00	        0.00	      735.00	        1.00
  7.44	        0.00	        1.00	   735759.00	        0.00	      735.00	        1.00
  7.45	        0.00	        1.00	   735738.00	        0.00	      735.00	        1.00
  7.46	        0.00	        1.00	   735720.00	        0.00	      735.00	        1.00
  7.47	        0.00	        1.00	   735701.00	        0.00	      735.00	        1.00
  7.48	        0.00	        1.00	   735684.00	        0.00	      735.00	        1.00
  7.49	        0.00	        1.00	   735660.00	        0.00	      735.00	        1.00
  7.50	        0.00	        1.00	   735636.00	        0.00	      735.00	        1.00
  7.51	        0.00	        1.00	   735612.00	        0.00	      735.00	        1.00
  7.52	        0.00	        1.00	   735592.00	        0.00	      735.00	        1.00
  7.53	        0.00	        1.00	   735575.00	        0.00	      735.00	        1.00
  7.54	        0.00	        1.00	   735555.00	        0.00	      735.00	        1.00
  7.55	        0.00	        1.00	   735527.00	        0.00	      735.00	        1.00
  7.56	        0.00	        1.00	   735500.00	        0.00	      735.00	        1.00
  7.57	        0.00	        1.00	   735474.00	        0.00	      735.00	        1.00
  7.58	        0.00	        1.00	   735449.00	        0.00	      735.00	        1.00
  7.59	        0.00	        0.00	   735628.00	        0.00	      735.00	        0.00
