Datatype: PopulationSize
  0.00	  3162278.00	        0.00	  3162278.00	        1.00	        0.00	  3162278.00
  0.01	  3214495.00	      994.00	  3158174.00	        1.00	    53210.00	  3162278.00
  0.02	  3267386.00	     1957.00	  3154013.00	        1.00	   107063.00	  3162278.00
  0.03	  3321178.00	     3004.00	  3149801.00	        1.00	   161896.00	  3162278.00
  0.04	  3376042.00	     3958.00	  3145708.00	        1.00	   217710.00	  3162278.00
  0.05	  3431671.00	     4998.00	  3141557.00	        1.00	   274367.00	  3162278.00
  0.06	  3488401.00	     6014.00	  3137466.00	        1.00	   332094.00	  3162278.00
  0.07	  3545720.00	     7032.00	  3133279.00	        1.00	   390416.00	  3162278.00
  0.08	  3603994.00	     8124.00	  3129114.00	        1.00	   449757.00	  3162278.00
  0.09	  3663693.00	     9209.00	  3124981.00	        1.00	   510512.00	  3162278.00
  0.10	  3724198.00	    10291.00	  3120892.00	        1.00	   572075.00	  3162278.00
  0.11	  3785811.00	    11340.00	  3116679.00	        1.00	   634709.00	  3162278.00
  0.12	  3848231.00	    12473.00	  3112453.00	        1.00	   698230.00	  3162278.00
  0.13	  3911387.00	    13540.00	  3108243.00	        1.00	   762422.00	  3162278.00
  0.14	  3976342.00	    14588.00	  3104170.00	        1.00	   828392.00	  3162278.00
  0.15	  4042278.00	    15696.00	  3100105.00	        1.00	   895390.00	  3162278.00
  0.16	  4108965.00	    16803.00	  3096048.00	        1.00	   963151.00	  3162278.00
  0.17	  4176804.00	    17883.00	  3091876.00	        1.00	  1032029.00	  3162278.00
  0.18	  4245362.00	    19031.00	  3087696.00	        1.00	  1101685.00	  3162278.00
  0.19	  4315694.00	    20214.00	  3083630.00	        1.00	  1173163.00	  3162278.00
  0.20	  4386873.00	    21430.00	  3079752.00	        1.00	  1245509.00	  3162278.00
  0.21	  4459275.00	    22600.00	  3075653.00	        1.00	  1319030.00	  3162278.00
  0.22	  4532649.00	    23758.00	  3071521.00	        1.00	  1393504.00	  3162278.00
  0.23	  4607678.00	    24996.00	  3067653.00	        1.00	  1469709.00	  3162278.00
  0.24	  4684141.00	    26349.00	  3063890.00	        1.00	  1547470.00	  3162278.00
  0.25	  4761559.00	    27700.00	  3059959.00	        1.00	  1626187.00	  3162278.00
  0.26	  4839609.00	    29312.00	  3056524.00	        1.00	  1705793.00	  3162278.00
  0.27	  4918526.00	    30789.00	  3052748.00	        1.00	  1786138.00	  3162278.00
  0.28	  4999555.00	    32246.00	  3049479.00	        1.00	  1868561.00	  3162278.00
  0.29	  5081610.00	    34066.00	  3046253.00	        1.00	  1952377.00	  3162278.00
  0.30	  5164830.00	    36093.00	  3043398.00	        1.00	  2037564.00	  3162278.00
  0.31	  5249337.00	    38373.00	  3041037.00	        1.00	  2124294.00	  3162278.00
  0.32	  5335169.00	    40675.00	  3038978.00	        1.00	  2212380.00	  3162278.00
  0.33	  5422274.00	    42982.00	  3036747.00	        1.00	  2301733.00	  3162278.00
  0.34	  5510658.00	    45761.00	  3035483.00	        1.00	  2392855.00	  3162278.00
  0.35	  5600107.00	    49019.00	  3035014.00	        1.00	  2485546.00	  3162278.00
  0.36	  5690896.00	    52482.00	  3034977.00	        1.00	  2579758.00	  3162278.00
  0.37	  5782306.00	    56591.00	  3035826.00	        1.00	  2675273.00	  3162278.00
  0.38	  5875023.00	    60803.00	  3036870.00	        1.00	  2772197.00	  3162278.00
  0.39	  5968247.00	    65897.00	  3039297.00	        1.00	  2870529.00	  3162278.00
  0.40	  6063641.00	    71156.00	  3042072.00	        1.00	  2971221.00	  3162278.00
  0.41	  6159911.00	    76634.00	  3045051.00	        1.00	  3072998.00	  3162278.00
  0.42	  6256917.00	    82548.00	  3048988.00	        1.00	  3175965.00	  3162278.00
  0.43	  6354038.00	    89323.00	  3054132.00	        1.00	  3279939.00	  3162278.00
  0.44	  6452044.00	    97477.00	  3061507.00	        1.00	  3386208.00	  3162278.00
  0.45	  6552842.00	   104972.00	  3068200.00	        1.00	  3494607.00	  3162278.00
  0.46	  6653074.00	   113897.00	  3076483.00	        1.00	  3603899.00	  3162278.00
  0.47	  6755919.00	   122535.00	  3084845.00	        1.00	  3715512.00	  3162278.00
  0.48	  6858476.00	   133148.00	  3096412.00	        1.00	  3828861.00	  3162278.00
  0.49	  6962841.00	   143555.00	  3107929.00	        1.00	  3943806.00	  3162278.00
  0.50	  7066227.00	   156312.00	  3123048.00	        1.00	  4060199.00	  3162278.00
  0.51	  7171629.00	   169326.00	  3138034.00	        1.00	  4178861.00	  3162278.00
  0.52	  7279128.00	   182341.00	  3153373.00	        1.00	  4299613.00	  3162278.00
  0.53	  7384742.00	   197647.00	  3172235.00	        1.00	  4420870.00	  3162278.00
  0.54	  7493754.00	   212124.00	  3190376.00	        1.00	  4544660.00	  3162278.00
  0.55	  7602758.00	   228187.00	  3212126.00	        1.00	  4670106.00	  3162278.00
  0.56	  7712112.00	   245453.00	  3233994.00	        1.00	  4797110.00	  3162278.00
  0.57	  7820969.00	   264963.00	  3260562.00	        1.00	  4925947.00	  3162278.00
  0.58	  7931840.00	   284625.00	  3287755.00	        1.00	  5056933.00	  3162278.00
  0.59	  8043893.00	   304643.00	  3316206.00	        1.00	  5189515.00	  3162278.00
  0.60	  8156592.00	   325790.00	  3346305.00	        1.00	  5323902.00	  3162278.00
  0.61	  8271702.00	   346736.00	  3377348.00	        1.00	  5460529.00	  3162278.00
  0.62	  8385471.00	   370483.00	  3413920.00	        1.00	  5598713.00	  3162277.00
  0.63	  8502887.00	   392957.00	  3447851.00	        1.00	  5739190.00	  3162277.00
  0.64	  8619401.00	   417563.00	  3486300.00	        1.00	  5880979.00	  3162275.00
  0.65	  8736482.00	   443913.00	  3529020.00	        1.00	  6025189.00	  3162275.00
  0.66	  8854475.00	   471512.00	  3574681.00	        1.00	  6171623.00	  3162274.00
  0.67	  8974596.00	   498651.00	  3621310.00	        1.00	  6319744.00	  3162273.00
  0.68	  9095456.00	   526890.00	  3672559.00	        1.00	  6469790.00	  3162272.00
  0.69	  9215899.00	   557151.00	  3727064.00	        1.00	  6621503.00	  3162269.00
  0.70	  9337494.00	   589216.00	  3788300.00	        1.00	  6776316.00	  3162265.00
  0.71	  9460076.00	   622046.00	  3853793.00	        1.00	  6932941.00	  3162256.00
  0.72	  9583472.00	   656039.00	  3922804.00	        1.00	  7091655.00	  3162251.00
  0.73	  9706828.00	   690697.00	  3998332.00	        1.00	  7251118.00	  3162242.00
  0.74	  9832765.00	   725683.00	  4077327.00	        1.00	  7413576.00	  3162238.00
  0.75	  9957072.00	   763990.00	  4164135.00	        0.99	  7577845.00	  3162228.00
  0.76	 10082395.00	   803319.00	  4254937.00	        0.99	  7744228.00	  3162212.00
  0.77	 10209521.00	   842945.00	  4354253.00	        0.99	  7912874.00	  3162195.00
  0.78	 10337106.00	   884148.00	  4464089.00	        0.99	  8083789.00	  3162188.00
  0.79	 10465663.00	   925729.00	  4580258.00	        0.99	  8256190.00	  3162169.00
  0.80	 10592225.00	   971167.00	  4708771.00	        0.99	  8430695.00	  3162156.00
  0.81	 10721402.00	  1016372.00	  4847186.00	        0.99	  8607781.00	  3162136.00
  0.82	 10853958.00	  1060665.00	  4987384.00	        0.99	  8787356.00	  3162116.00
  0.83	 10982709.00	  1110185.00	  5146598.00	        0.99	  8968727.00	  3162092.00
  0.84	 11114880.00	  1158449.00	  5318753.00	        0.99	  9152585.00	  3162048.00
  0.85	 11249647.00	  1206010.00	  5491136.00	        0.98	  9338337.00	  3162005.00
  0.86	 11382897.00	  1256923.00	  5682400.00	        0.98	  9526268.00	  3161974.00
  0.87	 11516937.00	  1309451.00	  5892018.00	        0.98	  9716991.00	  3161922.00
  0.88	 11651786.00	  1362450.00	  6109568.00	        0.98	  9909158.00	  3161862.00
  0.89	 11785011.00	  1418435.00	  6344088.00	        0.98	 10103036.00	  3161795.00
  0.90	 11920293.00	  1475568.00	  6597457.00	        0.98	 10300497.00	  3161716.00
  0.91	 12057848.00	  1532252.00	  6867792.00	        0.97	 10500121.00	  3161642.00
  0.92	 12195119.00	  1590528.00	  7154681.00	        0.97	 10701383.00	  3161539.00
  0.93	 12332629.00	  1650817.00	  7465328.00	        0.97	 10905373.00	  3161434.00
  0.94	 12473591.00	  1709464.00	  7786103.00	        0.97	 11111400.00	  3161327.00
  0.95	 12612910.00	  1771160.00	  8132432.00	        0.96	 11319326.00	  3161190.00
  0.96	 12752975.00	  1834776.00	  8504479.00	        0.96	 11530464.00	  3161008.00
  0.97	 12892313.00	  1900131.00	  8893729.00	        0.96	 11742980.00	  3160840.00
  0.98	 13031623.00	  1967494.00	  9316416.00	        0.96	 11958160.00	  3160641.00
  0.99	 13170448.00	  2037164.00	  9769809.00	        0.95	 12175745.00	  3160452.00
  1.00	 13307439.00	  2109592.00	 10246907.00	        0.95	 12394765.00	  3160227.00
  1.01	 13448444.00	  2180294.00	 10747010.00	        0.95	 12616582.00	  3159988.00
  1.02	 13591660.00	  2251091.00	 11267148.00	        0.94	 12841086.00	  3159726.00
  1.03	 13732629.00	  2325613.00	 11824721.00	        0.94	 13067826.00	  3159435.00
  1.04	 13875122.00	  2400298.00	 12406351.00	        0.94	 13296765.00	  3159123.00
  1.05	 14016563.00	  2478589.00	 13033326.00	        0.93	 13529150.00	  3158775.00
  1.06	 14157638.00	  2558287.00	 13690758.00	        0.93	 13763214.00	  3158386.00
  1.07	 14301502.00	  2637170.00	 14375548.00	        0.93	 13999823.00	  3158009.00
  1.08	 14444842.00	  2717314.00	 15098910.00	        0.92	 14237990.00	  3157545.00
  1.09	 14586016.00	  2802658.00	 15866906.00	        0.92	 14480085.00	  3157056.00
  1.10	 14729482.00	  2887069.00	 16665559.00	        0.92	 14724152.00	  3156533.00
  1.11	 14868005.00	  2976370.00	 17511606.00	        0.91	 14969135.00	  3155946.00
  1.12	 15010584.00	  3063702.00	 18400396.00	        0.91	 15217085.00	  3155291.00
  1.13	 15151671.00	  3154301.00	 19323560.00	        0.90	 15467544.00	  3154634.00
  1.14	 15298406.00	  3242137.00	 20276941.00	        0.90	 15721513.00	  3153861.00
  1.15	 15441153.00	  3334782.00	 21265765.00	        0.89	 15977031.00	  3153051.00
  1.16	 15583858.00	  3428019.00	 22310309.00	        0.89	 16234247.00	  3152215.00
  1.17	 15727030.00	  3521766.00	 23391703.00	        0.89	 16493206.00	  3151260.00
  1.18	 15870242.00	  3618824.00	 24525774.00	        0.88	 16756569.00	  3150199.00
  1.19	 16016792.00	  3714144.00	 25684988.00	        0.88	 17022093.00	  3149145.00
  1.20	 16162374.00	  3810582.00	 26893902.00	        0.87	 17288807.00	  3148007.00
  1.21	 16303617.00	  3912421.00	 28181538.00	        0.87	 17558160.00	  3146806.00
  1.22	 16448687.00	  4011535.00	 29511396.00	        0.86	 17829510.00	  3145419.00
  1.23	 16592769.00	  4113591.00	 30884175.00	        0.86	 18103683.00	  3144064.00
  1.24	 16734896.00	  4218921.00	 32314712.00	        0.85	 18380391.00	  3142581.00
  1.25	 16875877.00	  4326112.00	 33816779.00	        0.85	 18659289.00	  3140959.00
  1.26	 17018389.00	  4433048.00	 35353977.00	        0.84	 18940210.00	  3139303.00
  1.27	 17159359.00	  4543412.00	 36942736.00	        0.84	 19224107.00	  3137516.00
  1.28	 17305784.00	  4650292.00	 38577609.00	        0.83	 19510922.00	  3135590.00
  1.29	 17448254.00	  4760886.00	 40267591.00	        0.83	 19798643.00	  3133569.00
  1.30	 17590142.00	  4873764.00	 42022309.00	        0.82	 20089419.00	  3131444.00
  1.31	 17732889.00	  4986522.00	 43857842.00	        0.82	 20382543.00	  3129169.00
  1.32	 17877443.00	  5099251.00	 45718600.00	        0.81	 20678056.00	  3126749.00
  1.33	 18018152.00	  5216277.00	 47649913.00	        0.81	 20975473.00	  3124286.00
  1.34	 18159117.00	  5334486.00	 49642956.00	        0.80	 21275660.00	  3121536.00
  1.35	 18297918.00	  5454459.00	 51693565.00	        0.80	 21576646.00	  3118749.00
  1.36	 18438286.00	  5575626.00	 53806811.00	        0.79	 21881684.00	  3115828.00
  1.37	 18577437.00	  5698103.00	 56001900.00	        0.79	 22188506.00	  3112765.00
  1.38	 18713360.00	  5825338.00	 58268127.00	        0.78	 22498363.00	  3109568.00
  1.39	 18847572.00	  5954016.00	 60607941.00	        0.78	 22809476.00	  3106204.00
  1.40	 18980516.00	  6085772.00	 63016311.00	        0.77	 23123858.00	  3102735.00
  1.41	 19116166.00	  6215539.00	 65473982.00	        0.77	 23439972.00	  3099108.00
  1.42	 19250752.00	  6347156.00	 68021359.00	        0.76	 23758769.00	  3095427.00
  1.43	 19379111.00	  6484837.00	 70648266.00	        0.76	 24079044.00	  3091567.00
  1.44	 19507560.00	  6624127.00	 73311954.00	        0.75	 24401841.00	  3087504.00
  1.45	 19634326.00	  6765341.00	 76062083.00	        0.75	 24726684.00	  3083074.00
  1.46	 19762092.00	  6905768.00	 78890065.00	        0.74	 25053373.00	  3078562.00
  1.47	 19886060.00	  7050495.00	 81792910.00	        0.74	 25382109.00	  3073923.00
  1.48	 20009872.00	  7196344.00	 84756903.00	        0.73	 25713167.00	  3069044.00
  1.49	 20129811.00	  7346807.00	 87810572.00	        0.73	 26046851.00	  3064058.00
  1.50	 20252740.00	  7493349.00	 90936304.00	        0.72	 26381162.00	  3058712.00
  1.51	 20368714.00	  7646766.00	 94132848.00	        0.72	 26716869.00	  3053267.00
  1.52	 20478611.00	  7806950.00	 97434487.00	        0.72	 27055489.00	  3047531.00
  1.53	 20584791.00	  7970402.00	100812587.00	        0.71	 27395197.00	  3041668.00
  1.54	 20694113.00	  8131521.00	104276794.00	        0.71	 27737602.00	  3035592.00
  1.55	 20795643.00	  8300507.00	107819880.00	        0.70	 28081790.00	  3029355.00
  1.56	 20893145.00	  8474240.00	111427091.00	        0.70	 28428048.00	  3023112.00
  1.57	 20984959.00	  8652448.00	115135825.00	        0.69	 28775233.00	  3016704.00
  1.58	 21071396.00	  8834536.00	118965569.00	        0.69	 29123475.00	  3010018.00
  1.59	 21157266.00	  9018057.00	122882915.00	        0.68	 29474469.00	  3002939.00
  1.60	 21239553.00	  9203528.00	126867323.00	        0.68	 29825283.00	  2995956.00
  1.61	 21313193.00	  9397209.00	130959551.00	        0.67	 30177926.00	  2988490.00
  1.62	 21386435.00	  9590729.00	135134281.00	        0.67	 30531798.00	  2981105.00
  1.63	 21455007.00	  9788365.00	139401053.00	        0.66	 30887102.00	  2973322.00
  1.64	 21525281.00	  9983136.00	143742205.00	        0.66	 31242890.00	  2965396.00
  1.65	 21580478.00	 10192991.00	148207757.00	        0.65	 31601299.00	  2957478.00
  1.66	 21628842.00	 10406825.00	152760169.00	        0.65	 31958709.00	  2949071.00
  1.67	 21672450.00	 10625170.00	157406608.00	        0.64	 32317888.00	  2940529.00
  1.68	 21715401.00	 10841222.00	162134548.00	        0.64	 32675939.00	  2931778.00
  1.69	 21746223.00	 11068596.00	166987070.00	        0.63	 33035787.00	  2922923.00
  1.70	 21771931.00	 11299844.00	171945267.00	        0.63	 33396648.00	  2913761.00
  1.71	 21793309.00	 11532786.00	176989877.00	        0.62	 33756806.00	  2904529.00
  1.72	 21807469.00	 11770379.00	182174221.00	        0.62	 34117352.00	  2895137.00
  1.73	 21815950.00	 12013509.00	187423649.00	        0.61	 34479223.00	  2885530.00
  1.74	 21810379.00	 12266905.00	192824498.00	        0.61	 34840476.00	  2875734.00
  1.75	 21798949.00	 12523360.00	198334094.00	        0.60	 35201272.00	  2865714.00
  1.76	 21777377.00	 12787537.00	203930824.00	        0.60	 35561549.00	  2855459.00
  1.77	 21746968.00	 13058517.00	209641333.00	        0.59	 35922284.00	  2845101.00
  1.78	 21708821.00	 13335455.00	215448330.00	        0.59	 36283278.00	  2834762.00
  1.79	 21662125.00	 13616568.00	221391930.00	        0.58	 36642876.00	  2824174.00
  1.80	 21597755.00	 13910916.00	227473860.00	        0.58	 37001022.00	  2813347.00
  1.81	 21532510.00	 14203072.00	233663751.00	        0.57	 37358428.00	  2802293.00
  1.82	 21450888.00	 14508779.00	239963691.00	        0.57	 37715412.00	  2791058.00
  1.83	 21359054.00	 14818839.00	246424563.00	        0.56	 38069950.00	  2779720.00
  1.84	 21257483.00	 15133154.00	252961935.00	        0.56	 38420748.00	  2768360.00
  1.85	 21148802.00	 15452533.00	259643642.00	        0.55	 38772577.00	  2756914.00
  1.86	 21026090.00	 15781035.00	266452652.00	        0.55	 39122296.00	  2745382.00
  1.87	 20899787.00	 16107519.00	273395461.00	        0.54	 39469296.00	  2733527.00
  1.88	 20748834.00	 16453147.00	280509019.00	        0.54	 39814422.00	  2721740.00
  1.89	 20590819.00	 16800580.00	287720542.00	        0.53	 40156450.00	  2709846.00
  1.90	 20422179.00	 17154612.00	295058112.00	        0.53	 40497220.00	  2697909.00
  1.91	 20237137.00	 17516469.00	302554449.00	        0.52	 40832829.00	  2685657.00
  1.92	 20034357.00	 17891454.00	310222905.00	        0.52	 41167547.00	  2673342.00
  1.93	 19825235.00	 18265305.00	318052918.00	        0.51	 41498294.00	  2660658.00
  1.94	 19604835.00	 18643475.00	326022049.00	        0.51	 41825011.00	  2648132.00
  1.95	 19369315.00	 19029203.00	334196455.00	        0.50	 42148549.00	  2635247.00
  1.96	 19129377.00	 19411783.00	342447280.00	        0.50	 42466329.00	  2622372.00
  1.97	 18875220.00	 19801245.00	350894246.00	        0.49	 42780964.00	  2609418.00
  1.98	 18607356.00	 20196404.00	359499822.00	        0.49	 43090969.00	  2596228.00
  1.99	 18322984.00	 20600360.00	368262354.00	        0.48	 43396669.00	  2583303.00
  2.00	 18028703.00	 21005337.00	377244293.00	        0.47	 43698210.00	  2570027.00
  2.01	 17732906.00	 21402910.00	386382198.00	        0.47	 43994182.00	  2556716.00
  2.02	 17413424.00	 21813725.00	395730359.00	        0.46	 44284215.00	  2543299.00
  2.03	 17093587.00	 22216504.00	405274772.00	        0.46	 44570059.00	  2529813.00
  2.04	 16757828.00	 22626479.00	415001727.00	        0.45	 44851179.00	  2516357.00
  2.05	 16412183.00	 23036329.00	424899504.00	        0.45	 45125996.00	  2502947.00
  2.06	 16055618.00	 23445750.00	435015160.00	        0.44	 45394128.00	  2489339.00
  2.07	 15696011.00	 23847772.00	445361011.00	        0.43	 45656732.00	  2475800.00
  2.08	 15331533.00	 24244687.00	455930307.00	        0.43	 45914152.00	  2461915.00
  2.09	 14951496.00	 24645609.00	466698045.00	        0.42	 46164283.00	  2448205.00
  2.10	 14570860.00	 25036637.00	477697744.00	        0.42	 46408912.00	  2434310.00
  2.11	 14176549.00	 25431157.00	488874094.00	        0.41	 46647240.00	  2420525.00
  2.12	 13781425.00	 25814323.00	500333347.00	        0.40	 46879394.00	  2406536.00
  2.13	 13381084.00	 26190405.00	512059149.00	        0.40	 47104918.00	  2392559.00
  2.14	 12972048.00	 26562317.00	524019998.00	        0.39	 47322634.00	  2378619.00
  2.15	 12567062.00	 26919126.00	536203561.00	        0.38	 47534146.00	  2364294.00
  2.16	 12156543.00	 27270423.00	548633060.00	        0.38	 47739890.00	  2350258.00
  2.17	 11745688.00	 27607439.00	561375323.00	        0.37	 47937673.00	  2336152.00
  2.18	 11338909.00	 27929397.00	574324655.00	        0.36	 48128967.00	  2322178.00
  2.19	 10918817.00	 28250662.00	587606270.00	        0.35	 48313309.00	  2308171.00
  2.20	 10502092.00	 28557712.00	601091903.00	        0.35	 48491287.00	  2294329.00
  2.21	 10086205.00	 28850195.00	614873137.00	        0.34	 48661875.00	  2280424.00
  2.22	  9669972.00	 29128943.00	628971365.00	        0.33	 48825116.00	  2266399.00
  2.23	  9255622.00	 29394271.00	643321234.00	        0.32	 48982304.00	  2252406.00
  2.24	  8847239.00	 29640127.00	657976801.00	        0.32	 49132494.00	  2238479.00
  2.25	  8440812.00	 29871532.00	672927548.00	        0.31	 49276558.00	  2224500.00
  2.26	  8041414.00	 30082105.00	688160451.00	        0.30	 49412913.00	  2210489.00
  2.27	  7643524.00	 30275879.00	703804855.00	        0.29	 49542706.00	  2196377.00
  2.28	  7260438.00	 30442874.00	719726642.00	        0.29	 49666504.00	  2182406.00
  2.29	  6878530.00	 30595460.00	735934364.00	        0.28	 49783269.00	  2168511.00
  2.30	  6513830.00	 30718648.00	752459106.00	        0.27	 49894696.00	  2154558.00
  2.31	  6153282.00	 30824602.00	769320800.00	        0.26	 50000248.00	  2140353.00
  2.32	  5801543.00	 30908851.00	786478293.00	        0.25	 50099364.00	  2126513.00
  2.33	  5458263.00	 30971137.00	804017190.00	        0.24	 50193112.00	  2112319.00
  2.34	  5129527.00	 31006805.00	821864618.00	        0.24	 50281470.00	  2098211.00
  2.35	  4809934.00	 31020321.00	840035742.00	        0.23	 50363806.00	  2084012.00
  2.36	  4501729.00	 31010945.00	858493359.00	        0.22	 50440939.00	  2069823.00
  2.37	  4203074.00	 30979218.00	877297333.00	        0.21	 50512717.00	  2055733.00
  2.38	  3917087.00	 30922352.00	896485323.00	        0.20	 50580344.00	  2041604.00
  2.39	  3642120.00	 30844045.00	915951766.00	        0.20	 50643630.00	  2027593.00
  2.40	  3381703.00	 30738856.00	935761366.00	        0.19	 50702008.00	  2013461.00
  2.41	  3137468.00	 30606671.00	955868397.00	        0.18	 50756113.00	  1999252.00
  2.42	  2902597.00	 30454998.00	976275443.00	        0.17	 50806764.00	  1985143.00
  2.43	  2677928.00	 30281504.00	997038922.00	        0.16	 50853502.00	  1971049.00
  2.44	  2466578.00	 30084551.00	1018094662.00	        0.16	 50896544.00	  1957041.00
  2.45	  2265779.00	 29868166.00	1039377691.00	        0.15	 50935916.00	  1943075.00
  2.46	  2076757.00	 29629816.00	1060994077.00	        0.14	 50972325.00	  1928903.00
  2.47	  1898671.00	 29372691.00	1082812822.00	        0.13	 51005601.00	  1914844.00
  2.48	  1733311.00	 29091785.00	1105013407.00	        0.13	 51036112.00	  1900784.00
  2.49	  1579926.00	 28790675.00	1127440927.00	        0.12	 51063561.00	  1886866.00
  2.50	  1438022.00	 28469557.00	1150144259.00	        0.11	 51088642.00	  1872747.00
  2.51	  1305269.00	 28132317.00	1173044358.00	        0.10	 51111364.00	  1858631.00
  2.52	  1179640.00	 27779026.00	1196256591.00	        0.10	 51131977.00	  1844465.00
  2.53	  1065458.00	 27409131.00	1219600832.00	        0.09	 51150771.00	  1830246.00
  2.54	   959438.00	 27024585.00	1243148757.00	        0.09	 51167862.00	  1815952.00
  2.55	   860205.00	 26625896.00	1266936067.00	        0.08	 51182961.00	  1801536.00
  2.56	   769669.00	 26214092.00	1290833357.00	        0.07	 51196559.00	  1787048.00
  2.57	   686234.00	 25788248.00	1314972711.00	        0.07	 51208723.00	  1772749.00
  2.58	   611261.00	 25349355.00	1339243628.00	        0.06	 51219599.00	  1758292.00
  2.59	   544194.00	 24899206.00	1363586172.00	        0.06	 51229220.00	  1743846.00
  2.60	   480771.00	 24440532.00	1388093831.00	        0.05	 51237869.00	  1729541.00
  2.61	   424328.00	 23972167.00	1412649018.00	        0.05	 51245376.00	  1714948.00
  2.62	   373875.00	 23495368.00	1437250518.00	        0.05	 51252107.00	  1700556.00
  2.63	   327844.00	 23011919.00	1461890593.00	        0.04	 51257924.00	  1685855.00
  2.64	   287233.00	 22521368.00	1486546572.00	        0.04	 51263088.00	  1671255.00
  2.65	   251474.00	 22024675.00	1511204771.00	        0.03	 51267613.00	  1656727.00
  2.66	   218829.00	 21523631.00	1535862416.00	        0.03	 51271535.00	  1641987.00
  2.67	   189392.00	 21019847.00	1560436019.00	        0.03	 51274877.00	  1627447.00
  2.68	   164145.00	 20511254.00	1584992339.00	        0.03	 51277852.00	  1612524.00
  2.69	   141289.00	 20001152.00	1609457447.00	        0.02	 51280429.00	  1597555.00
  2.70	   121400.00	 19489578.00	1633802465.00	        0.02	 51282692.00	  1582535.00
  2.71	   103492.00	 18977216.00	1658039433.00	        0.02	 51284548.00	  1567551.00
  2.72	    88074.00	 18464850.00	1682112379.00	        0.02	 51286222.00	  1552355.00
  2.73	    74848.00	 17952748.00	1706013787.00	        0.01	 51287513.00	  1537270.00
  2.74	    62995.00	 17440916.00	1729797651.00	        0.01	 51288664.00	  1521813.00
  2.75	    53013.00	 16934150.00	1753202441.00	        0.01	 51289620.00	  1506477.00
  2.76	    44322.00	 16428348.00	1776459064.00	        0.01	 51290395.00	  1491081.00
  2.77	    36915.00	 15927816.00	1799359200.00	        0.01	 51291054.00	  1475454.00
  2.78	    30756.00	 15430257.00	1822020629.00	        0.01	 51291619.00	  1459489.00
  2.79	    25688.00	 14937697.00	1844346935.00	        0.01	 51292086.00	  1443406.00
  2.80	    21042.00	 14450546.00	1866357287.00	        0.01	 51292456.00	  1427252.00
  2.81	    17212.00	 13967803.00	1888080682.00	        0.01	 51292777.00	  1410939.00
  2.82	    14013.00	 13491786.00	1909413455.00	        0.00	 51293067.00	  1394410.00
  2.83	    11277.00	 13021478.00	1930416581.00	        0.00	 51293268.00	  1377743.00
  2.84	     8930.00	 12558415.00	1951022410.00	        0.00	 51293458.00	  1360959.00
  2.85	     7275.00	 12103459.00	1971164098.00	        0.00	 51293606.00	  1344345.00
  2.86	     5891.00	 11656223.00	1990889081.00	        0.00	 51293730.00	  1327430.00
  2.87	     4694.00	 11216897.00	2010193934.00	        0.00	 51293822.00	  1310063.00
  2.88	     3785.00	 10786944.00	2028997238.00	        0.00	 51293882.00	  1292675.00
  2.89	     2994.00	 10365056.00	2047374904.00	        0.00	 51293932.00	  1275000.00
  2.90	     2399.00	  9951875.00	2065295204.00	        0.00	 51293974.00	  1257161.00
  2.91	     1964.00	  9549066.00	2082680887.00	        0.00	 51294008.00	  1239091.00
  2.92	     1592.00	  9154875.00	2099618534.00	        0.00	 51294038.00	  1221002.00
  2.93	     1276.00	  8772107.00	2115971960.00	        0.00	 51294070.00	  1202783.00
  2.94	     1055.00	  8398509.00	2131854726.00	        0.00	 51294088.00	  1184381.00
  2.95	      805.00	  8034970.00	2147229270.00	        0.00	 51294106.00	  1166109.00
  2.96	      657.00	  7680361.00	2162145430.00	        0.00	 51294122.00	  1147219.00
  2.97	      510.00	  7335621.00	2176558725.00	        0.00	 51294132.00	  1128106.00
  2.98	      434.00	  7001182.00	2190452039.00	        0.00	 51294141.00	  1108708.00
  2.99	      344.00	  6676613.00	2203848852.00	        0.00	 51294146.00	  1089541.00
  3.00	      271.00	  6363441.00	2216669402.00	        0.00	 51294152.00	  1070140.00
  3.01	      204.00	  6060101.00	2228996850.00	        0.00	 51294153.00	  1050355.00
  3.02	      160.00	  5766501.00	2240832618.00	        0.00	 51294154.00	  1030450.00
  3.03	      114.00	  5482557.00	2252186996.00	        0.00	 51294154.00	  1010375.00
  3.04	       84.00	  5209036.00	2263018580.00	        0.00	 51294154.00	   990310.00
  3.05	       56.00	  4946224.00	2273317237.00	        0.00	 51294154.00	   970390.00
  3.06	       31.00	  4692593.00	2283156514.00	        0.00	 51294154.00	   950126.00
  3.07	       23.00	  4448190.00	2292533610.00	        0.00	 51294154.00	   929638.00
  3.08	       15.00	  4213962.00	2301408686.00	        0.00	 51294154.00	   908886.00
  3.09	       11.00	  3989496.00	2309797559.00	        0.00	 51294154.00	   888359.00
  3.10	        5.00	  3773273.00	2317782101.00	        0.00	 51294154.00	   867503.00
  3.11	        5.00	  3566729.00	2325286225.00	        0.00	 51294154.00	   846802.00
  3.12	        4.00	  3368327.00	2332389974.00	        0.00	 51294155.00	   825697.00
  3.13	        2.00	  3179068.00	2339041382.00	        0.00	 51294155.00	   804352.00
  3.14	        1.00	  2998436.00	2345269262.00	        0.00	 51294155.00	   783216.00
  3.15	        0.00	  2825850.00	2351098615.00	        0.00	 51294155.00	   761796.00
  3.16	        0.00	  2660481.00	2356573297.00	        0.00	 51294155.00	   740785.00
  3.17	        0.00	  2503414.00	2361643337.00	        0.00	 51294155.00	   719568.00
  3.18	        0.00	  2354757.00	2366304009.00	        0.00	 51294155.00	   698519.00
  3.19	        0.00	  2212284.00	2370661079.00	        0.00	 51294155.00	   677393.00
  3.20	        0.00	  2076776.00	2374678072.00	        0.00	 51294155.00	   656658.00
  3.21	        0.00	  1948528.00	2378341131.00	        0.00	 51294155.00	   635842.00
  3.22	        0.00	  1826914.00	2381682067.00	        0.00	 51294155.00	   615132.00
  3.23	        0.00	  1711503.00	2384725378.00	        0.00	 51294155.00	   594408.00
  3.24	        0.00	  1602255.00	2387471833.00	        0.00	 51294155.00	   573718.00
  3.25	        0.00	  1499201.00	2389914667.00	        0.00	 51294155.00	   553438.00
  3.26	        0.00	  1401933.00	2392080510.00	        0.00	 51294155.00	   533257.00
  3.27	        0.00	  1309755.00	2393999784.00	        0.00	 51294155.00	   513524.00
  3.28	        0.00	  1222801.00	2395668549.00	        0.00	 51294155.00	   493722.00
  3.29	        0.00	  1141521.00	2397064916.00	        0.00	 51294155.00	   474473.00
  3.30	        0.00	  1064543.00	2398255562.00	        0.00	 51294155.00	   455471.00
  3.31	        0.00	   991942.00	2399238891.00	        0.00	 51294155.00	   436595.00
  3.32	        0.00	   923594.00	2400018145.00	        0.00	 51294155.00	   418121.00
  3.33	        0.00	   859321.00	2400608878.00	        0.00	 51294155.00	   400044.00
  3.34	        0.00	   799378.00	2400987229.00	        0.00	 51294155.00	   382652.00
  3.35	        0.00	   742641.00	2401217076.00	        0.00	 51294155.00	   365439.00
  3.36	        0.00	   689419.00	2401279548.00	        0.00	 51294155.00	   348528.00
  3.37	        0.00	   640045.00	2401159957.00	        0.00	 51294155.00	   332066.00
  3.38	        0.00	   593663.00	2400899626.00	        0.00	 51294155.00	   316184.00
  3.39	        0.00	   550633.00	2400482251.00	        0.00	 51294155.00	   300670.00
  3.40	        0.00	   510217.00	2399945465.00	        0.00	 51294155.00	   285596.00
  3.41	        0.00	   472503.00	2399280426.00	        0.00	 51294155.00	   270911.00
  3.42	        0.00	   437216.00	2398504480.00	        0.00	 51294155.00	   256744.00
  3.43	        0.00	   404594.00	2397604128.00	        0.00	 51294155.00	   243164.00
  3.44	        0.00	   374236.00	2396596380.00	        0.00	 51294155.00	   230105.00
  3.45	        0.00	   345697.00	2395508750.00	        0.00	 51294155.00	   217227.00
  3.46	        0.00	   318963.00	2394338740.00	        0.00	 51294155.00	   204927.00
  3.47	        0.00	   294443.00	2393067128.00	        0.00	 51294155.00	   193185.00
  3.48	        0.00	   271388.00	2391728052.00	        0.00	 51294155.00	   181895.00
  3.49	        0.00	   250070.00	2390309599.00	        0.00	 51294155.00	   171039.00
  3.50	        0.00	   230226.00	2388824473.00	        0.00	 51294155.00	   160603.00
  3.51	        0.00	   212011.00	2387262891.00	        0.00	 51294155.00	   150715.00
  3.52	        0.00	   194987.00	2385652143.00	        0.00	 51294155.00	   141169.00
  3.53	        0.00	   179308.00	2383974933.00	        0.00	 51294155.00	   132144.00
  3.54	        0.00	   164864.00	2382247845.00	        0.00	 51294155.00	   123649.00
  3.55	        0.00	   151564.00	2380468539.00	        0.00	 51294155.00	   115572.00
  3.56	        0.00	   139191.00	2378649828.00	        0.00	 51294155.00	   107805.00
  3.57	        0.00	   127760.00	2376793089.00	        0.00	 51294155.00	   100430.00
  3.58	        0.00	   117330.00	2374889310.00	        0.00	 51294155.00	    93594.00
  3.59	        0.00	   107465.00	2372963481.00	        0.00	 51294155.00	    87003.00
  3.60	        0.00	    98470.00	2370997996.00	        0.00	 51294155.00	    80836.00
  3.61	        0.00	    90116.00	2369007714.00	        0.00	 51294155.00	    74987.00
  3.62	        0.00	    82357.00	2366990196.00	        0.00	 51294155.00	    69442.00
  3.63	        0.00	    75434.00	2364936968.00	        0.00	 51294155.00	    64343.00
  3.64	        0.00	    68973.00	2362864937.00	        0.00	 51294155.00	    59489.00
  3.65	        0.00	    63090.00	2360767460.00	        0.00	 51294155.00	    54968.00
  3.66	        0.00	    57556.00	2358657200.00	        0.00	 51294155.00	    50684.00
  3.67	        0.00	    52569.00	2356524860.00	        0.00	 51294155.00	    46704.00
  3.68	        0.00	    47977.00	2354377954.00	        0.00	 51294155.00	    42977.00
  3.69	        0.00	    43777.00	2352215603.00	        0.00	 51294155.00	    39528.00
  3.70	        0.00	    39992.00	2350036194.00	        0.00	 51294155.00	    36357.00
  3.71	        0.00	    36424.00	2347846146.00	        0.00	 51294155.00	    33356.00
  3.72	        0.00	    33209.00	2345641389.00	        0.00	 51294155.00	    30639.00
  3.73	        0.00	    30246.00	2343432193.00	        0.00	 51294155.00	    28124.00
  3.74	        0.00	    27505.00	2341212480.00	        0.00	 51294155.00	    25765.00
  3.75	        0.00	    25046.00	2338981056.00	        0.00	 51294155.00	    23596.00
  3.76	        0.00	    22770.00	2336746935.00	        0.00	 51294155.00	    21577.00
  3.77	        0.00	    20684.00	2334507189.00	        0.00	 51294155.00	    19724.00
  3.78	        0.00	    18794.00	2332257590.00	        0.00	 51294155.00	    18012.00
  3.79	        0.00	    17085.00	2330005864.00	        0.00	 51294155.00	    16444.00
  3.80	        0.00	    15558.00	2327745609.00	        0.00	 51294155.00	    15025.00
  3.81	        0.00	    14197.00	2325481779.00	        0.00	 51294155.00	    13765.00
  3.82	        0.00	    12940.00	2323213540.00	        0.00	 51294155.00	    12586.00
  3.83	        0.00	    11764.00	2320942431.00	        0.00	 51294155.00	    11468.00
  3.84	        0.00	    10682.00	2318672107.00	        0.00	 51294155.00	    10438.00
  3.85	        0.00	     9736.00	2316398107.00	        0.00	 51294155.00	     9554.00
  3.86	        0.00	     8820.00	2314125162.00	        0.00	 51294155.00	     8661.00
  3.87	        0.00	     7992.00	2311851703.00	        0.00	 51294155.00	     7871.00
  3.88	        0.00	     7218.00	2309575630.00	        0.00	 51294155.00	     7120.00
  3.89	        0.00	     6538.00	2307296022.00	        0.00	 51294155.00	     6455.00
  3.90	        0.00	     5965.00	2305017524.00	        0.00	 51294155.00	     5892.00
  3.91	        0.00	     5413.00	2302739495.00	        0.00	 51294155.00	     5352.00
  3.92	        0.00	     4927.00	2300461468.00	        0.00	 51294155.00	     4876.00
  3.93	        0.00	     4457.00	2298184486.00	        0.00	 51294155.00	     4413.00
  3.94	        0.00	     4004.00	2295907283.00	        0.00	 51294155.00	     3966.00
  3.95	        0.00	     3591.00	2293630223.00	        0.00	 51294155.00	     3559.00
  3.96	        0.00	     3216.00	2291353729.00	        0.00	 51294155.00	     3190.00
  3.97	        0.00	     2893.00	2289078997.00	        0.00	 51294155.00	     2871.00
  3.98	        0.00	     2604.00	2286807159.00	        0.00	 51294155.00	     2587.00
  3.99	        0.00	     2329.00	2284536791.00	        0.00	 51294155.00	     2318.00
  4.00	        0.00	     2110.00	2282261416.00	        0.00	 51294155.00	     2103.00
  4.01	        0.00	     1910.00	2279988005.00	        0.00	 51294155.00	     1902.00
  4.02	        0.00	     1723.00	2277719085.00	        0.00	 51294155.00	     1715.00
  4.03	        0.00	     1550.00	2275448717.00	        0.00	 51294155.00	     1543.00
  4.04	        0.00	     1407.00	2273181659.00	        0.00	 51294155.00	     1400.00
  4.05	        0.00	     1266.00	2270918340.00	        0.00	 51294155.00	     1259.00
  4.06	        0.00	     1132.00	2268652876.00	        0.00	 51294155.00	     1127.00
  4.07	        0.00	     1011.00	2266390341.00	        0.00	 51294155.00	     1007.00
  4.08	        0.00	      915.00	2264130611.00	        0.00	 51294155.00	      912.00
  4.09	        0.00	      829.00	2261869005.00	        0.00	 51294155.00	      826.00
  4.10	        0.00	      745.00	2259612424.00	        0.00	 51294155.00	      743.00
  4.11	        0.00	      672.00	2257355044.00	        0.00	 51294155.00	      669.00
  4.12	        0.00	      614.00	2255098633.00	        0.00	 51294155.00	      609.00
  4.13	        0.00	      562.00	2252848009.00	        0.00	 51294155.00	      558.00
  4.14	        0.00	      516.00	2250597994.00	        0.00	 51294155.00	      512.00
  4.15	        0.00	      467.00	2248349660.00	        0.00	 51294155.00	      464.00
  4.16	        0.00	      417.00	2246104431.00	        0.00	 51294155.00	      414.00
  4.17	        0.00	      369.00	2243860528.00	        0.00	 51294155.00	      366.00
  4.18	        0.00	      332.00	2241619021.00	        0.00	 51294155.00	      329.00
  4.19	        0.00	      300.00	2239382349.00	        0.00	 51294155.00	      298.00
  4.20	        0.00	      273.00	2237146574.00	        0.00	 51294155.00	      271.00
  4.21	        0.00	      243.00	2234913444.00	        0.00	 51294155.00	      240.00
  4.22	        0.00	      217.00	2232680817.00	        0.00	 51294155.00	      213.00
  4.23	        0.00	      197.00	2230449623.00	        0.00	 51294155.00	      194.00
  4.24	        0.00	      174.00	2228219250.00	        0.00	 51294155.00	      172.00
  4.25	        0.00	      160.00	2225994104.00	        0.00	 51294155.00	      158.00
  4.26	        0.00	      147.00	2223769247.00	        0.00	 51294155.00	      145.00
  4.27	        0.00	      129.00	2221547378.00	        0.00	 51294155.00	      128.00
  4.28	        0.00	      113.00	2219326660.00	        0.00	 51294155.00	      112.00
  4.29	        0.00	      103.00	2217109522.00	        0.00	 51294155.00	      102.00
  4.30	        0.00	       91.00	2214893632.00	        0.00	 51294155.00	       90.00
  4.31	        0.00	       76.00	2212679022.00	        0.00	 51294155.00	       76.00
  4.32	        0.00	       64.00	2210467393.00	        0.00	 51294155.00	       63.00
  4.33	        0.00	       55.00	2208258362.00	        0.00	 51294155.00	       55.00
  4.34	        0.00	       48.00	2206052251.00	        0.00	 51294155.00	       48.00
  4.35	        0.00	       44.00	2203849958.00	        0.00	 51294155.00	       44.00
  4.36	        0.00	       35.00	2201646398.00	        0.00	 51294155.00	       35.00
  4.37	        0.00	       32.00	2199444173.00	        0.00	 51294155.00	       32.00
  4.38	        0.00	       28.00	2197248227.00	        0.00	 51294155.00	       28.00
  4.39	        0.00	       24.00	2195050851.00	        0.00	 51294155.00	       24.00
  4.40	        0.00	       22.00	2192855646.00	        0.00	 51294155.00	       22.00
  4.41	        0.00	       16.00	2190662348.00	        0.00	 51294155.00	       16.00
  4.42	        0.00	       16.00	2188473662.00	        0.00	 51294155.00	       16.00
  4.43	        0.00	       16.00	2186285547.00	        0.00	 51294155.00	       16.00
  4.44	        0.00	       13.00	2184100795.00	        0.00	 51294155.00	       13.00
  4.45	        0.00	        9.00	2181918348.00	        0.00	 51294155.00	        9.00
  4.46	        0.00	        8.00	2179735801.00	        0.00	 51294155.00	        8.00
  4.47	        0.00	        7.00	2177556477.00	        0.00	 51294155.00	        7.00
  4.48	        0.00	        7.00	2175379603.00	        0.00	 51294155.00	        7.00
  4.49	        0.00	        5.00	2173204643.00	        0.00	 51294155.00	        5.00
  4.50	        0.00	        5.00	2171033164.00	        0.00	 51294155.00	        5.00
  4.51	        0.00	        4.00	2168862551.00	        0.00	 51294155.00	        4.00
  4.52	        0.00	        3.00	2166693951.00	        0.00	 51294155.00	        3.00
  4.53	        0.00	        3.00	2164527212.00	        0.00	 51294155.00	        3.00
  4.54	        0.00	        2.00	2162364461.00	        0.00	 51294155.00	        2.00
  4.55	        0.00	        2.00	2160201962.00	        0.00	 51294155.00	        2.00
  4.56	        0.00	        1.00	2158042961.00	        0.00	 51294155.00	        1.00
  4.57	        0.00	        1.00	2155887086.00	        0.00	 51294155.00	        1.00
  4.58	        0.00	        1.00	2153733547.00	        0.00	 51294155.00	        1.00
  4.59	        0.00	        1.00	2151579133.00	        0.00	 51294155.00	        1.00
  4.60	        0.00	        1.00	2149429015.00	        0.00	 51294155.00	        1.00
  4.61	        0.00	        1.00	2147279740.00	        0.00	 51294155.00	        1.00
  4.62	        0.00	        1.00	2145133330.00	        0.00	 51294155.00	        1.00
  4.63	        0.00	        1.00	2142988856.00	        0.00	 51294155.00	        1.00
  4.64	        0.00	        1.00	2140846847.00	        0.00	 51294155.00	        1.00
  4.65	        0.00	        1.00	2138707025.00	        0.00	 51294155.00	        1.00
  4.66	        0.00	        1.00	2136568868.00	        0.00	 51294155.00	        1.00
  4.67	        0.00	        1.00	2134434345.00	        0.00	 51294155.00	        1.00
  4.68	        0.00	        1.00	2132302157.00	        0.00	 51294155.00	        1.00
  4.69	        0.00	        1.00	2130167618.00	        0.00	 51294155.00	        1.00
  4.70	        0.00	        1.00	2128039076.00	        0.00	 51294155.00	        1.00
  4.71	        0.00	        0.00	2125913420.00	        0.00	 51294155.00	        0.00
