Datatype: PopulationSize
  0.00	1000000000.00	        0.00	1000000000.00	        1.00	        0.00	1000000000.00
  0.01	925175623.00	 90955349.00	903739708.00	        1.00	 16130932.00	1000000000.00
  0.02	864472162.00	166591235.00	816308983.00	        1.00	 31063277.00	1000000000.00
  0.03	814948355.00	230088466.00	736987361.00	        1.00	 45036570.00	1000000000.00
  0.04	774354984.00	283861404.00	665080204.00	        1.00	 58216003.00	1000000000.00
  0.05	740998511.00	329749024.00	599944974.00	        1.00	 70747002.00	1000000000.00
  0.06	713579245.00	369162693.00	540984895.00	        1.00	 82741257.00	1000000000.00
  0.07	691065112.00	403230166.00	487638341.00	        1.00	 94294447.00	1000000000.00
  0.08	672644767.00	432833351.00	439383757.00	        1.00	105477144.00	1000000000.00
  0.09	657681804.00	458677808.00	395775872.00	        1.00	116358528.00	1000000000.00
  0.10	645651390.00	481344131.00	356385781.00	        1.00	126994480.00	1000000000.00
  0.11	636137822.00	501294620.00	320832190.00	        1.00	137431795.00	1000000000.00
  0.12	628769855.00	518927613.00	288769503.00	        1.00	147697888.00	1000000000.00
  0.13	623250514.00	534582667.00	259908650.00	        1.00	157836098.00	1000000000.00
  0.14	619312360.00	548553681.00	233977994.00	        1.00	167873813.00	1000000000.00
  0.15	616700846.00	561115030.00	210804363.00	        1.00	177832828.00	1000000000.00
  0.16	615192190.00	572510845.00	190223401.00	        1.00	187735506.00	1000000000.00
  0.17	614518908.00	583011368.00	172131669.00	        1.00	197588006.00	1000000000.00
  0.18	614424128.00	592887426.00	156540654.00	        1.00	207409275.00	1000000000.00
  0.19	614630880.00	602423065.00	143466900.00	        1.00	217211933.00	1000000000.00
  0.20	614812540.00	611933711.00	133033499.00	        1.00	226992316.00	1000000000.00
  0.21	614602774.00	621777393.00	125411015.00	        1.00	236751374.00	1000000000.00
  0.22	613572447.00	632362212.00	120851093.00	        1.00	246479379.00	1000000000.00
  0.23	611282876.00	644089481.00	119637434.00	        1.00	256151098.00	1000000000.00
  0.24	607248594.00	657418050.00	122109717.00	        1.00	265754269.00	1000000000.00
  0.25	600904274.00	672859758.00	128751484.00	        1.00	275253279.00	1000000000.00
  0.26	591764158.00	690845338.00	139901775.00	        1.00	284609491.00	1000000000.00
  0.27	579287795.00	711852014.00	156102361.00	        1.00	293780677.00	1000000000.00
  0.28	563025278.00	736243850.00	177838498.00	        1.00	302702194.00	1000000000.00
  0.29	542611696.00	764310941.00	205645333.00	        1.00	311322756.00	1000000000.00
  0.30	517950142.00	796065527.00	239763584.00	        1.00	319576038.00	1000000000.00
  0.31	488951687.00	831506814.00	280845778.00	        1.00	327399864.00	1000000000.00
  0.32	455785259.00	870378019.00	329461225.00	        1.00	334733505.00	1000000000.00
  0.33	419047990.00	912000878.00	385535037.00	        1.00	341511163.00	1000000000.00
  0.34	379390763.00	955656517.00	449591009.00	        1.00	347692477.00	1000000000.00
  0.35	337768392.00	1000335537.00	521809984.00	        1.00	353243655.00	1000000000.00
  0.36	295272620.00	1044899252.00	602299294.00	        1.00	358138250.00	1000000000.00
  0.37	253031759.00	1088195487.00	691472168.00	        1.00	362379408.00	1000000000.00
  0.38	212280221.00	1128990895.00	789150921.00	        1.00	365983303.00	1000000000.00
  0.39	174063039.00	1166242595.00	895501156.00	        1.00	368973322.00	1000000000.00
  0.40	139311707.00	1199058778.00	1010239032.00	        1.00	371402162.00	1000000000.00
  0.41	108653444.00	1226847211.00	1133364243.00	        1.00	373322646.00	1000000000.00
  0.42	 82485872.00	1249272420.00	1264500484.00	        1.00	374806482.00	1000000000.00
  0.43	 60871856.00	1266328692.00	1403261764.00	        1.00	375919196.00	1000000000.00
  0.44	 43604846.00	1278275910.00	1549657562.00	        1.00	376729802.00	1000000000.00
  0.45	 30288042.00	1285582183.00	1702719079.00	        1.00	377305112.00	1000000000.00
  0.46	 20376146.00	1288832177.00	1862525143.00	        1.00	377698347.00	1000000000.00
  0.47	 13260782.00	1288681942.00	2028606365.00	        1.00	377960324.00	1000000000.00
  0.48	  8343754.00	1285777840.00	2199878797.00	        1.00	378129324.00	1000000000.00
  0.49	  5070000.00	1280702641.00	2375976026.00	        1.00	378233837.00	1000000000.00
  0.50	  2973343.00	1273947514.00	2556399786.00	        1.00	378296687.00	1000000000.00
  0.51	  1681788.00	1265900859.00	2740727067.00	        1.00	378332893.00	1000000000.00
  0.52	   916733.00	1256860948.00	2928275473.00	        1.00	378353303.00	1000000000.00
  0.53	   481460.00	1247032026.00	3118764919.00	        0.96	378364190.00	1000000000.00
  0.54	   242642.00	1236562644.00	3311571733.00	        0.83	378369875.00	1000000000.00
  0.55	   117565.00	1225540915.00	3506451855.00	        0.58	378372629.00	1000000000.00
  0.56	    54915.00	1214029267.00	3702891098.00	        0.34	378373961.00	1000000000.00
  0.57	    24439.00	1202061930.00	3900739059.00	        0.17	378374514.00	1000000000.00
  0.58	    10495.00	1189666767.00	4099490101.00	        0.08	378374760.00	1000000000.00
  0.59	     4419.00	1176851981.00	4299218775.00	        0.03	378374882.00	1000000000.00
  0.60	     1722.00	1163621995.00	4500054375.00	        0.01	378374932.00	1000000000.00
  0.61	      641.00	1149989081.00	4701645377.00	        0.01	378374949.00	1000000000.00
  0.62	      225.00	1135955227.00	4904076774.00	        0.00	378374957.00	1000000000.00
  0.63	       71.00	1121523908.00	5107324162.00	        0.00	378374960.00	1000000000.00
  0.64	       31.00	1106707160.00	5310959399.00	        0.00	378374961.00	1000000000.00
  0.65	       12.00	1091498232.00	5515583423.00	        0.00	378374962.00	1000000000.00
  0.66	        6.00	1075904329.00	5720971849.00	        0.00	378374962.00	1000000000.00
  0.67	        1.00	1059928116.00	5927277931.00	        0.00	378374962.00	1000000000.00
  0.68	        0.00	1043565774.00	6134848130.00	        0.00	378374962.00	999992623.00
  0.69	        0.00	1026836538.00	6342934302.00	        0.00	378374962.00	999778027.00
  0.70	        0.00	1009741451.00	6552062837.00	        0.00	378374962.00	997581440.00
  0.71	        0.00	992272017.00	6764446247.00	        0.00	378374962.00	989205505.00
  0.72	        0.00	974448452.00	6982278230.00	        0.00	378374962.00	974103102.00
  0.73	        0.00	956287095.00	7207134095.00	        0.00	378374962.00	956270995.00
  0.74	        0.00	937790236.00	7439767288.00	        0.00	378374962.00	937789940.00
  0.75	        0.00	918974514.00	7679824207.00	        0.00	378374962.00	918974514.00
  0.76	        0.00	899863641.00	7926452098.00	        0.00	378374962.00	899863641.00
  0.77	        0.00	880470501.00	8179681531.00	        0.00	378374962.00	880470501.00
  0.78	        0.00	860808265.00	8439451001.00	        0.00	378374962.00	860808265.00
  0.79	        0.00	840902077.00	8705140065.00	        0.00	378374962.00	840902077.00
  0.80	        0.00	820768303.00	8976581020.00	        0.00	378374962.00	820768303.00
  0.81	        0.00	800448570.00	9252589334.00	        0.00	378374962.00	800448570.00
  0.82	        0.00	779956341.00	9533430936.00	        0.00	378374962.00	779956341.00
  0.83	        0.00	759321112.00	9818502644.00	        0.00	378374962.00	759321112.00
  0.84	        0.00	738573233.00	10107285440.00	        0.00	378374962.00	738573233.00
  0.85	        0.00	717737434.00	10399558320.00	        0.00	378374962.00	717737434.00
  0.86	        0.00	696866721.00	10693660603.00	        0.00	378374962.00	696866721.00
  0.87	        0.00	675979376.00	10989840140.00	        0.00	378374962.00	675979376.00
  0.88	        0.00	655105717.00	11287613014.00	        0.00	378374962.00	655105717.00
  0.89	        0.00	634285300.00	11586222492.00	        0.00	378374962.00	634285300.00
  0.90	        0.00	613542433.00	11885467896.00	        0.00	378374962.00	613542433.00
  0.91	        0.00	592910733.00	12184849718.00	        0.00	378374962.00	592910733.00
  0.92	        0.00	572427664.00	12483478115.00	        0.00	378374962.00	572427664.00
  0.93	        0.00	552125397.00	12780918668.00	        0.00	378374962.00	552125397.00
  0.94	        0.00	532036097.00	13076530934.00	        0.00	378374962.00	532036097.00
  0.95	        0.00	512194138.00	13369713285.00	        0.00	378374962.00	512194138.00
  0.96	        0.00	492614052.00	13660607849.00	        0.00	378374962.00	492614052.00
  0.97	        0.00	473328626.00	13948488273.00	        0.00	378374962.00	473328626.00
  0.98	        0.00	454364136.00	14232919902.00	        0.00	378374962.00	454364136.00
  0.99	        0.00	435751256.00	14513152836.00	        0.00	378374962.00	435751256.00
  1.00	        0.00	417479874.00	14790355017.00	        0.00	378374962.00	417479874.00
  1.01	        0.00	399610639.00	15062236499.00	        0.00	378374962.00	399610639.00
  1.02	        0.00	382144974.00	15329253410.00	        0.00	378374962.00	382144974.00
  1.03	        0.00	365095733.00	15591276931.00	        0.00	378374962.00	365095733.00
  1.04	        0.00	348480320.00	15847864878.00	        0.00	378374962.00	348480320.00
  1.05	        0.00	332320708.00	16098346796.00	        0.00	378374962.00	332320708.00
  1.06	        0.00	316610381.00	16343331030.00	        0.00	378374962.00	316610381.00
  1.07	        0.00	301373093.00	16581849283.00	        0.00	378374962.00	301373093.00
  1.08	        0.00	286611509.00	16813960058.00	        0.00	378374962.00	286611509.00
  1.09	        0.00	272327836.00	17039660440.00	        0.00	378374962.00	272327836.00
  1.10	        0.00	258530034.00	17258537254.00	        0.00	378374962.00	258530034.00
  1.11	        0.00	245201524.00	17471381528.00	        0.00	378374962.00	245201524.00
  1.12	        0.00	232365292.00	17677020250.00	        0.00	378374962.00	232365292.00
  1.13	        0.00	220005713.00	17876045928.00	        0.00	378374962.00	220005713.00
  1.14	        0.00	208127085.00	18068102743.00	        0.00	378374962.00	208127085.00
  1.15	        0.00	196718688.00	18253450945.00	        0.00	378374962.00	196718688.00
  1.16	        0.00	185784279.00	18431609358.00	        0.00	378374962.00	185784279.00
  1.17	        0.00	175305381.00	18603247673.00	        0.00	378374962.00	175305381.00
  1.18	        0.00	165293301.00	18767389718.00	        0.00	378374962.00	165293301.00
  1.19	        0.00	155720290.00	18925070278.00	        0.00	378374962.00	155720290.00
  1.20	        0.00	146585263.00	19075947813.00	        0.00	378374962.00	146585263.00
  1.21	        0.00	137871707.00	19220383345.00	        0.00	378374962.00	137871707.00
  1.22	        0.00	129577727.00	19358028649.00	        0.00	378374962.00	129577727.00
  1.23	        0.00	121691255.00	19489054556.00	        0.00	378374962.00	121691255.00
  1.24	        0.00	114198144.00	19613659866.00	        0.00	378374962.00	114198144.00
  1.25	        0.00	107084024.00	19732135094.00	        0.00	378374962.00	107084024.00
  1.26	        0.00	100336734.00	19844546787.00	        0.00	378374962.00	100336734.00
  1.27	        0.00	 93939677.00	19951239332.00	        0.00	378374962.00	 93939677.00
  1.28	        0.00	 87890670.00	20051840404.00	        0.00	378374962.00	 87890670.00
  1.29	        0.00	 82172403.00	20146729261.00	        0.00	378374962.00	 82172403.00
  1.30	        0.00	 76773391.00	20236006518.00	        0.00	378374962.00	 76773391.00
  1.31	        0.00	 71673370.00	20320175305.00	        0.00	378374962.00	 71673370.00
  1.32	        0.00	 66868309.00	20398979295.00	        0.00	378374962.00	 66868309.00
  1.33	        0.00	 62346308.00	20472555403.00	        0.00	378374962.00	 62346308.00
  1.34	        0.00	 58089372.00	20541345940.00	        0.00	378374962.00	 58089372.00
  1.35	        0.00	 54086638.00	20605438295.00	        0.00	378374962.00	 54086638.00
  1.36	        0.00	 50327815.00	20664932897.00	        0.00	378374962.00	 50327815.00
  1.37	        0.00	 46800126.00	20720057742.00	        0.00	378374962.00	 46800126.00
  1.38	        0.00	 43488720.00	20771159735.00	        0.00	378374962.00	 43488720.00
  1.39	        0.00	 40386668.00	20818181313.00	        0.00	378374962.00	 40386668.00
  1.40	        0.00	 37483182.00	20861320687.00	        0.00	378374962.00	 37483182.00
  1.41	        0.00	 34767175.00	20900724207.00	        0.00	378374962.00	 34767173.00
  1.42	        0.00	 32229176.00	20936572911.00	        0.00	378374962.00	 32229176.00
  1.43	        0.00	 29859488.00	20968980827.00	        0.00	378374962.00	 29859486.00
  1.44	        0.00	 27646277.00	20998246825.00	        0.00	378374962.00	 27646277.00
  1.45	        0.00	 25582689.00	21024446962.00	        0.00	378374962.00	 25582687.00
  1.46	        0.00	 23659911.00	21047700920.00	        0.00	378374962.00	 23659907.00
  1.47	        0.00	 21868601.00	21068227637.00	        0.00	378374962.00	 21868598.00
  1.48	        0.00	 20201931.00	21086121241.00	        0.00	378374962.00	 20201926.00
  1.49	        0.00	 18651898.00	21101493938.00	        0.00	378374962.00	 18651892.00
  1.50	        0.00	 17208816.00	21114656557.00	        0.00	378374962.00	 17208811.00
  1.51	        0.00	 15870171.00	21125496628.00	        0.00	378374962.00	 15870163.00
  1.52	        0.00	 14627413.00	21134241574.00	        0.00	378374962.00	 14627402.00
  1.53	        0.00	 13475168.00	21140980997.00	        0.00	378374962.00	 13475153.00
  1.54	        0.00	 12408463.00	21145773621.00	        0.00	378374962.00	 12408453.00
  1.55	        0.00	 11419947.00	21148833065.00	        0.00	378374962.00	 11419934.00
  1.56	        0.00	 10504516.00	21150249004.00	        0.00	378374962.00	 10504503.00
  1.57	        0.00	  9657858.00	21150090863.00	        0.00	378374962.00	  9657839.00
  1.58	        0.00	  8874429.00	21148492166.00	        0.00	378374962.00	  8874407.00
  1.59	        0.00	  8150729.00	21145514409.00	        0.00	378374962.00	  8150707.00
  1.60	        0.00	  7483685.00	21141177029.00	        0.00	378374962.00	  7483659.00
  1.61	        0.00	  6867792.00	21135638786.00	        0.00	378374962.00	  6867757.00
  1.62	        0.00	  6299615.00	21128988837.00	        0.00	378374962.00	  6299585.00
  1.63	        0.00	  5777750.00	21121189653.00	        0.00	378374962.00	  5777700.00
  1.64	        0.00	  5294567.00	21112521369.00	        0.00	378374962.00	  5294522.00
  1.65	        0.00	  4850146.00	21102922172.00	        0.00	378374962.00	  4850093.00
  1.66	        0.00	  4440872.00	21092483741.00	        0.00	378374962.00	  4440818.00
  1.67	        0.00	  4064501.00	21081238411.00	        0.00	378374962.00	  4064451.00
  1.68	        0.00	  3718111.00	21069274331.00	        0.00	378374962.00	  3718041.00
  1.69	        0.00	  3399767.00	21056645779.00	        0.00	378374962.00	  3399687.00
  1.70	        0.00	  3108357.00	21043324383.00	        0.00	378374962.00	  3108275.00
  1.71	        0.00	  2839930.00	21029455898.00	        0.00	378374962.00	  2839833.00
  1.72	        0.00	  2593837.00	21015031073.00	        0.00	378374962.00	  2593722.00
  1.73	        0.00	  2368745.00	21000067864.00	        0.00	378374962.00	  2368633.00
  1.74	        0.00	  2161432.00	20984690196.00	        0.00	378374962.00	  2161275.00
  1.75	        0.00	  1972899.00	20968812110.00	        0.00	378374962.00	  1972754.00
  1.76	        0.00	  1799489.00	20952577003.00	        0.00	378374962.00	  1799332.00
  1.77	        0.00	  1640971.00	20935965425.00	        0.00	378374962.00	  1640781.00
  1.78	        0.00	  1495442.00	20919039710.00	        0.00	378374962.00	  1495265.00
  1.79	        0.00	  1362661.00	20901777503.00	        0.00	378374962.00	  1362478.00
  1.80	        0.00	  1240977.00	20884264016.00	        0.00	378374962.00	  1240766.00
  1.81	        0.00	  1130255.00	20866453621.00	        0.00	378374962.00	  1130025.00
  1.82	        0.00	  1029198.00	20848402339.00	        0.00	378374962.00	  1028935.00
  1.83	        0.00	   936825.00	20830142038.00	        0.00	378374962.00	   936513.00
  1.84	        0.00	   852257.00	20811698931.00	        0.00	378374962.00	   851952.00
  1.85	        0.00	   774901.00	20793075213.00	        0.00	378374962.00	   774593.00
  1.86	        0.00	   704809.00	20774270881.00	        0.00	378374962.00	   704494.00
  1.87	        0.00	   640765.00	20755323869.00	        0.00	378374962.00	   640427.00
  1.88	        0.00	   582391.00	20736235344.00	        0.00	378374962.00	   582017.00
  1.89	        0.00	   529164.00	20717024243.00	        0.00	378374962.00	   528775.00
  1.90	        0.00	   480734.00	20697701789.00	        0.00	378374962.00	   480348.00
  1.91	        0.00	   436598.00	20678279794.00	        0.00	378374962.00	   436200.00
  1.92	        0.00	   396342.00	20658766289.00	        0.00	378374962.00	   395953.00
  1.93	        0.00	   359676.00	20639180655.00	        0.00	378374962.00	   359260.00
  1.94	        0.00	   326207.00	20619529679.00	        0.00	378374962.00	   325764.00
  1.95	        0.00	   296057.00	20599790965.00	        0.00	378374962.00	   295611.00
  1.96	        0.00	   268505.00	20579990285.00	        0.00	378374962.00	   268078.00
  1.97	        0.00	   243839.00	20560133614.00	        0.00	378374962.00	   243410.00
  1.98	        0.00	   220959.00	20540262165.00	        0.00	378374962.00	   220535.00
  1.99	        0.00	   200270.00	20520338294.00	        0.00	378374962.00	   199846.00
  2.00	        0.00	   181396.00	20500380767.00	        0.00	378374962.00	   180991.00
  2.01	        0.00	   164385.00	20480388772.00	        0.00	378374962.00	   164001.00
  2.02	        0.00	   149223.00	20460354065.00	        0.00	378374962.00	   148854.00
  2.03	        0.00	   135086.00	20440318379.00	        0.00	378374962.00	   134732.00
  2.04	        0.00	   122363.00	20420268802.00	        0.00	378374962.00	   121996.00
  2.05	        0.00	   110757.00	20400200300.00	        0.00	378374962.00	   110415.00
  2.06	        0.00	   100288.00	20380130936.00	        0.00	378374962.00	    99960.00
  2.07	        0.00	    90651.00	20360048079.00	        0.00	378374962.00	    90333.00
  2.08	        0.00	    81964.00	20339963052.00	        0.00	378374962.00	    81682.00
  2.09	        0.00	    74095.00	20319866107.00	        0.00	378374962.00	    73829.00
  2.10	        0.00	    66912.00	20299780008.00	        0.00	378374962.00	    66656.00
  2.11	        0.00	    60474.00	20279687078.00	        0.00	378374962.00	    60214.00
  2.12	        0.00	    54712.00	20259590346.00	        0.00	378374962.00	    54471.00
  2.13	        0.00	    49414.00	20239498114.00	        0.00	378374962.00	    49189.00
  2.14	        0.00	    44648.00	20219418815.00	        0.00	378374962.00	    44434.00
  2.15	        0.00	    40407.00	20199332822.00	        0.00	378374962.00	    40209.00
  2.16	        0.00	    36391.00	20179267753.00	        0.00	378374962.00	    36198.00
  2.17	        0.00	    32870.00	20159208188.00	        0.00	378374962.00	    32695.00
  2.18	        0.00	    29697.00	20139154186.00	        0.00	378374962.00	    29531.00
  2.19	        0.00	    26801.00	20119110676.00	        0.00	378374962.00	    26656.00
  2.20	        0.00	    24136.00	20099090739.00	        0.00	378374962.00	    24002.00
  2.21	        0.00	    21754.00	20079070456.00	        0.00	378374962.00	    21637.00
  2.22	        0.00	    19630.00	20059069659.00	        0.00	378374962.00	    19515.00
  2.23	        0.00	    17676.00	20039085982.00	        0.00	378374962.00	    17575.00
  2.24	        0.00	    15870.00	20019113230.00	        0.00	378374962.00	    15772.00
  2.25	        0.00	    14297.00	19999154973.00	        0.00	378374962.00	    14212.00
  2.26	        0.00	    12898.00	19979209039.00	        0.00	378374962.00	    12814.00
  2.27	        0.00	    11632.00	19959272894.00	        0.00	378374962.00	    11561.00
  2.28	        0.00	    10519.00	19939359411.00	        0.00	378374962.00	    10459.00
  2.29	        0.00	     9503.00	19919455883.00	        0.00	378374962.00	     9456.00
  2.30	        0.00	     8635.00	19899568306.00	        0.00	378374962.00	     8588.00
  2.31	        0.00	     7752.00	19879702558.00	        0.00	378374962.00	     7708.00
  2.32	        0.00	     6961.00	19859857697.00	        0.00	378374962.00	     6921.00
  2.33	        0.00	     6226.00	19840031146.00	        0.00	378374962.00	     6192.00
  2.34	        0.00	     5641.00	19820220175.00	        0.00	378374962.00	     5607.00
  2.35	        0.00	     5138.00	19800425807.00	        0.00	378374962.00	     5106.00
  2.36	        0.00	     4614.00	19780651161.00	        0.00	378374962.00	     4583.00
  2.37	        0.00	     4149.00	19760889697.00	        0.00	378374962.00	     4118.00
  2.38	        0.00	     3722.00	19741150887.00	        0.00	378374962.00	     3698.00
  2.39	        0.00	     3335.00	19721430621.00	        0.00	378374962.00	     3318.00
  2.40	        0.00	     2999.00	19701730957.00	        0.00	378374962.00	     2987.00
  2.41	        0.00	     2708.00	19682042285.00	        0.00	378374962.00	     2693.00
  2.42	        0.00	     2443.00	19662372551.00	        0.00	378374962.00	     2428.00
  2.43	        0.00	     2177.00	19642721970.00	        0.00	378374962.00	     2163.00
  2.44	        0.00	     1945.00	19623099989.00	        0.00	378374962.00	     1933.00
  2.45	        0.00	     1771.00	19603492499.00	        0.00	378374962.00	     1758.00
  2.46	        0.00	     1600.00	19583898985.00	        0.00	378374962.00	     1588.00
  2.47	        0.00	     1436.00	19564324096.00	        0.00	378374962.00	     1423.00
  2.48	        0.00	     1301.00	19544781166.00	        0.00	378374962.00	     1289.00
  2.49	        0.00	     1166.00	19525249336.00	        0.00	378374962.00	     1157.00
  2.50	        0.00	     1033.00	19505731631.00	        0.00	378374962.00	     1025.00
  2.51	        0.00	      942.00	19486241313.00	        0.00	378374962.00	      936.00
  2.52	        0.00	      845.00	19466761802.00	        0.00	378374962.00	      837.00
  2.53	        0.00	      750.00	19447308600.00	        0.00	378374962.00	      741.00
  2.54	        0.00	      673.00	19427868846.00	        0.00	378374962.00	      665.00
  2.55	        0.00	      610.00	19408448955.00	        0.00	378374962.00	      604.00
  2.56	        0.00	      555.00	19389053120.00	        0.00	378374962.00	      548.00
  2.57	        0.00	      493.00	19369673668.00	        0.00	378374962.00	      488.00
  2.58	        0.00	      442.00	19350312136.00	        0.00	378374962.00	      437.00
  2.59	        0.00	      399.00	19330968597.00	        0.00	378374962.00	      394.00
  2.60	        0.00	      351.00	19311640984.00	        0.00	378374962.00	      347.00
  2.61	        0.00	      317.00	19292341789.00	        0.00	378374962.00	      313.00
  2.62	        0.00	      280.00	19273062798.00	        0.00	378374962.00	      276.00
  2.63	        0.00	      244.00	19253797309.00	        0.00	378374962.00	      241.00
  2.64	        0.00	      211.00	19234551128.00	        0.00	378374962.00	      208.00
  2.65	        0.00	      191.00	19215332036.00	        0.00	378374962.00	      189.00
  2.66	        0.00	      168.00	19196123564.00	        0.00	378374962.00	      167.00
  2.67	        0.00	      147.00	19176940574.00	        0.00	378374962.00	      146.00
  2.68	        0.00	      139.00	19157766456.00	        0.00	378374962.00	      138.00
  2.69	        0.00	      122.00	19138616308.00	        0.00	378374962.00	      122.00
  2.70	        0.00	      111.00	19119484085.00	        0.00	378374962.00	      111.00
  2.71	        0.00	       97.00	19100379109.00	        0.00	378374962.00	       97.00
  2.72	        0.00	       90.00	19081283664.00	        0.00	378374962.00	       90.00
  2.73	        0.00	       77.00	19062210495.00	        0.00	378374962.00	       77.00
  2.74	        0.00	       65.00	19043154111.00	        0.00	378374962.00	       65.00
  2.75	        0.00	       57.00	19024126340.00	        0.00	378374962.00	       57.00
  2.76	        0.00	       51.00	19005108651.00	        0.00	378374962.00	       51.00
  2.77	        0.00	       45.00	18986114158.00	        0.00	378374962.00	       45.00
  2.78	        0.00	       40.00	18967135574.00	        0.00	378374962.00	       40.00
  2.79	        0.00	       38.00	18948185423.00	        0.00	378374962.00	       38.00
  2.80	        0.00	       36.00	18929241613.00	        0.00	378374962.00	       36.00
  2.81	        0.00	       32.00	18910318581.00	        0.00	378374962.00	       32.00
  2.82	        0.00	       29.00	18891417767.00	        0.00	378374962.00	       29.00
  2.83	        0.00	       26.00	18872535685.00	        0.00	378374962.00	       26.00
  2.84	        0.00	       22.00	18853663893.00	        0.00	378374962.00	       22.00
  2.85	        0.00	       18.00	18834821050.00	        0.00	378374962.00	       18.00
  2.86	        0.00	       18.00	18815996321.00	        0.00	378374962.00	       18.00
  2.87	        0.00	       15.00	18797186376.00	        0.00	378374962.00	       15.00
  2.88	        0.00	       13.00	18778396354.00	        0.00	378374962.00	       13.00
  2.89	        0.00	        9.00	18759620935.00	        0.00	378374962.00	        9.00
  2.90	        0.00	        9.00	18740873686.00	        0.00	378374962.00	        9.00
  2.91	        0.00	        9.00	18722136218.00	        0.00	378374962.00	        9.00
  2.92	        0.00	        8.00	18703413909.00	        0.00	378374962.00	        8.00
  2.93	        0.00	        7.00	18684708334.00	        0.00	378374962.00	        7.00
  2.94	        0.00	        6.00	18666021690.00	        0.00	378374962.00	        6.00
  2.95	        0.00	        6.00	18647363174.00	        0.00	378374962.00	        6.00
  2.96	        0.00	        5.00	18628725315.00	        0.00	378374962.00	        5.00
  2.97	        0.00	        5.00	18610103184.00	        0.00	378374962.00	        5.00
  2.98	        0.00	        4.00	18591498372.00	        0.00	378374962.00	        4.00
  2.99	        0.00	        4.00	18572916020.00	        0.00	378374962.00	        4.00
  3.00	        0.00	        4.00	18554349531.00	        0.00	378374962.00	        4.00
  3.01	        0.00	        4.00	18535798264.00	        0.00	378374962.00	        4.00
  3.02	        0.00	        3.00	18517277339.00	        0.00	378374962.00	        3.00
  3.03	        0.00	        3.00	18498765229.00	        0.00	378374962.00	        3.00
  3.04	        0.00	        2.00	18480276688.00	        0.00	378374962.00	        2.00
  3.05	        0.00	        1.00	18461798101.00	        0.00	378374962.00	        1.00
  3.06	        0.00	        0.00	18443345105.00	        0.00	378374962.00	        0.00
