Datatype: PopulationSize
  0.00	        1.00	        0.00	        0.00	        1.00	        0.00	        1.00
  0.01	        1.00	        0.00	        0.00	        1.00	        0.00	        1.00
  0.02	        1.00	        0.00	        0.00	        1.00	        0.00	        1.00
  0.03	        1.00	        0.00	        0.00	        1.00	        0.00	        1.00
  0.04	        1.00	        0.00	        0.00	        1.00	        0.00	        1.00
  0.05	        1.00	        0.00	        0.00	        1.00	        0.00	        1.00
  0.06	        1.00	        0.00	        0.00	        1.00	        0.00	        1.00
  0.07	        1.00	        0.00	        0.00	        1.00	        0.00	        1.00
  0.08	        1.00	        0.00	        0.00	        1.00	        0.00	        1.00
  0.09	        1.00	        0.00	        0.00	        1.00	        0.00	        1.00
  0.10	        1.00	        0.00	        0.00	        1.00	        0.00	        1.00
  0.11	        1.00	        0.00	        0.00	        1.00	        0.00	        1.00
  0.12	        1.00	        0.00	        0.00	        1.00	        0.00	        1.00
  0.13	        1.00	        0.00	        0.00	        1.00	        0.00	        1.00
  0.14	        1.00	        0.00	        0.00	        1.00	        0.00	        1.00
  0.15	        1.00	        0.00	        0.00	        1.00	        0.00	        1.00
  0.16	        2.00	        0.00	        0.00	        1.00	        1.00	        1.00
  0.17	        2.00	        0.00	        0.00	        1.00	        1.00	        1.00
  0.18	        2.00	        0.00	        0.00	        1.00	        1.00	        1.00
  0.19	        2.00	        0.00	        0.00	        1.00	        1.00	        1.00
  0.20	        2.00	        0.00	        0.00	        1.00	        1.00	        1.00
  0.21	        2.00	        0.00	        0.00	        1.00	        1.00	        1.00
  0.22	        2.00	        0.00	        0.00	        1.00	        1.00	        1.00
  0.23	        2.00	        0.00	        0.00	        1.00	        1.00	        1.00
  0.24	        2.00	        0.00	        0.00	        1.00	        1.00	        1.00
  0.25	        2.00	        0.00	        0.00	        1.00	        1.00	        1.00
  0.26	        2.00	        0.00	        0.00	        1.00	        1.00	        1.00
  0.27	        2.00	        0.00	        0.00	        1.00	        1.00	        1.00
  0.28	        2.00	        0.00	        0.00	        1.00	        1.00	        1.00
  0.29	        2.00	        0.00	        0.00	        1.00	        1.00	        1.00
  0.30	        2.00	        0.00	        0.00	        1.00	        1.00	        1.00
  0.31	        2.00	        0.00	        0.00	        1.00	        1.00	        1.00
  0.32	        2.00	        0.00	        0.00	        1.00	        1.00	        1.00
  0.33	        2.00	        0.00	        0.00	        1.00	        1.00	        1.00
  0.34	        2.00	        0.00	        0.00	        1.00	        1.00	        1.00
  0.35	        2.00	        0.00	        0.00	        1.00	        1.00	        1.00
  0.36	        2.00	        0.00	        0.00	        1.00	        1.00	        1.00
  0.37	        3.00	        0.00	        0.00	        1.00	        2.00	        1.00
  0.38	        3.00	        0.00	        0.00	        1.00	        2.00	        1.00
  0.39	        3.00	        0.00	        0.00	        1.00	        2.00	        1.00
  0.40	        3.00	        0.00	        0.00	        1.00	        2.00	        1.00
  0.41	        3.00	        0.00	        0.00	        1.00	        2.00	        1.00
  0.42	        3.00	        0.00	        0.00	        1.00	        2.00	        1.00
  0.43	        3.00	        0.00	        0.00	        1.00	        2.00	        1.00
  0.44	        3.00	        0.00	        0.00	        1.00	        2.00	        1.00
  0.45	        3.00	        0.00	        0.00	        1.00	        2.00	        1.00
  0.46	        3.00	        0.00	        0.00	        1.00	        2.00	        1.00
  0.47	        3.00	        0.00	        0.00	        1.00	        2.00	        1.00
  0.48	        3.00	        0.00	        0.00	        1.00	        2.00	        1.00
  0.49	        3.00	        0.00	        0.00	        1.00	        2.00	        1.00
  0.50	        3.00	        0.00	        0.00	        1.00	        2.00	        1.00
  0.51	        3.00	        0.00	        0.00	        1.00	        2.00	        1.00
  0.52	        3.00	        0.00	        0.00	        1.00	        2.00	        1.00
  0.53	        3.00	        0.00	        0.00	        1.00	        2.00	        1.00
  0.54	        3.00	        0.00	        0.00	        1.00	        2.00	        1.00
  0.55	        3.00	        0.00	        0.00	        1.00	        2.00	        1.00
  0.56	        3.00	        0.00	        0.00	        1.00	        2.00	        1.00
  0.57	        3.00	        0.00	        0.00	        1.00	        2.00	        1.00
  0.58	        3.00	        0.00	        0.00	        1.00	        2.00	        1.00
  0.59	        3.00	        0.00	        0.00	        1.00	        2.00	        1.00
  0.60	        3.00	        0.00	        0.00	        1.00	        2.00	        1.00
  0.61	        3.00	        0.00	        0.00	        1.00	        2.00	        1.00
  0.62	        3.00	        0.00	        0.00	        1.00	        2.00	        1.00
  0.63	        3.00	        0.00	        0.00	        1.00	        2.00	        1.00
  0.64	        3.00	        0.00	        0.00	        1.00	        2.00	        1.00
  0.65	        4.00	        0.00	        0.00	        1.00	        3.00	        1.00
  0.66	        4.00	        0.00	        0.00	        1.00	        3.00	        1.00
  0.67	        4.00	        0.00	        0.00	        1.00	        3.00	        1.00
  0.68	        4.00	        0.00	        0.00	        1.00	        3.00	        1.00
  0.69	        4.00	        0.00	        0.00	        1.00	        3.00	        1.00
  0.70	        4.00	        0.00	        0.00	        1.00	        3.00	        1.00
  0.71	        4.00	        0.00	        0.00	        1.00	        3.00	        1.00
  0.72	        4.00	        0.00	        0.00	        1.00	        3.00	        1.00
  0.73	        4.00	        0.00	        0.00	        1.00	        3.00	        1.00
  0.74	        4.00	        0.00	        0.00	        1.00	        3.00	        1.00
  0.75	        4.00	        0.00	        0.00	        1.00	        3.00	        1.00
  0.76	        4.00	        0.00	        0.00	        1.00	        3.00	        1.00
  0.77	        5.00	        0.00	        0.00	        1.00	        4.00	        1.00
  0.78	        5.00	        0.00	        0.00	        1.00	        4.00	        1.00
  0.79	        5.00	        0.00	        0.00	        1.00	        4.00	        1.00
  0.80	        5.00	        0.00	        0.00	        1.00	        4.00	        1.00
  0.81	        5.00	        0.00	        0.00	        1.00	        4.00	        1.00
  0.82	        5.00	        0.00	        0.00	        1.00	        4.00	        1.00
  0.83	        5.00	        0.00	        0.00	        1.00	        4.00	        1.00
  0.84	        6.00	        0.00	        0.00	        1.00	        5.00	        1.00
  0.85	        6.00	        0.00	        0.00	        1.00	        5.00	        1.00
  0.86	        6.00	        0.00	        0.00	        1.00	        5.00	        1.00
  0.87	        6.00	        0.00	        0.00	        1.00	        5.00	        1.00
  0.88	        6.00	        0.00	        0.00	        1.00	        5.00	        1.00
  0.89	        6.00	        0.00	        0.00	        1.00	        5.00	        1.00
  0.90	        6.00	        0.00	        0.00	        1.00	        5.00	        1.00
  0.91	        6.00	        0.00	        0.00	        1.00	        5.00	        1.00
  0.92	        6.00	        0.00	        0.00	        1.00	        5.00	        1.00
  0.93	        6.00	        0.00	        0.00	        1.00	        5.00	        1.00
  0.94	        6.00	        0.00	        0.00	        1.00	        5.00	        1.00
  0.95	        6.00	        0.00	        0.00	        1.00	        5.00	        1.00
  0.96	        6.00	        0.00	        0.00	        1.00	        5.00	        1.00
  0.97	        6.00	        0.00	        0.00	        1.00	        5.00	        1.00
  0.98	        6.00	        0.00	        0.00	        1.00	        5.00	        1.00
  0.99	        6.00	        0.00	        0.00	        1.00	        5.00	        1.00
  1.00	        6.00	        0.00	        0.00	        1.00	        5.00	        1.00
  1.01	        6.00	        0.00	        0.00	        1.00	        5.00	        1.00
  1.02	        6.00	        0.00	        0.00	        1.00	        5.00	        1.00
  1.03	        6.00	        0.00	        0.00	        1.00	        5.00	        1.00
  1.04	        7.00	        0.00	        0.00	        1.00	        6.00	        1.00
  1.05	        7.00	        0.00	        0.00	        1.00	        6.00	        1.00
  1.06	        7.00	        0.00	        0.00	        1.00	        6.00	        1.00
  1.07	        7.00	        0.00	        0.00	        1.00	        6.00	        1.00
  1.08	        7.00	        0.00	        0.00	        1.00	        6.00	        1.00
  1.09	        7.00	        0.00	        0.00	        1.00	        6.00	        1.00
  1.10	        7.00	        0.00	        0.00	        1.00	        6.00	        1.00
  1.11	        7.00	        0.00	        0.00	        1.00	        6.00	        1.00
  1.12	        7.00	        0.00	        0.00	        1.00	        6.00	        1.00
  1.13	        7.00	        0.00	        0.00	        1.00	        6.00	        1.00
  1.14	        7.00	        0.00	        0.00	        1.00	        6.00	        1.00
  1.15	        7.00	        0.00	        0.00	        1.00	        6.00	        1.00
  1.16	        7.00	        0.00	        0.00	        1.00	        6.00	        1.00
  1.17	        7.00	        0.00	        0.00	        1.00	        6.00	        1.00
  1.18	        7.00	        0.00	        0.00	        1.00	        6.00	        1.00
  1.19	        7.00	        0.00	        0.00	        1.00	        6.00	        1.00
  1.20	        7.00	        0.00	        0.00	        1.00	        6.00	        1.00
  1.21	        7.00	        0.00	        0.00	        1.00	        6.00	        1.00
  1.22	        7.00	        0.00	        0.00	        1.00	        6.00	        1.00
  1.23	        7.00	        0.00	        0.00	        1.00	        6.00	        1.00
  1.24	        7.00	        0.00	        0.00	        1.00	        6.00	        1.00
  1.25	        7.00	        0.00	        0.00	        1.00	        6.00	        1.00
  1.26	        7.00	        0.00	        0.00	        1.00	        6.00	        1.00
  1.27	        7.00	        0.00	        0.00	        1.00	        6.00	        1.00
  1.28	        7.00	        0.00	        0.00	        1.00	        6.00	        1.00
  1.29	        7.00	        0.00	        0.00	        1.00	        6.00	        1.00
  1.30	        8.00	        0.00	        0.00	        1.00	        7.00	        1.00
  1.31	        8.00	        0.00	        0.00	        1.00	        7.00	        1.00
  1.32	        8.00	        0.00	        0.00	        1.00	        7.00	        1.00
  1.33	        8.00	        0.00	        0.00	        1.00	        7.00	        1.00
  1.34	        8.00	        0.00	        0.00	        1.00	        7.00	        1.00
  1.35	        8.00	        0.00	        0.00	        1.00	        7.00	        1.00
  1.36	        8.00	        0.00	        0.00	        1.00	        7.00	        1.00
  1.37	        8.00	        0.00	        0.00	        1.00	        7.00	        1.00
  1.38	        8.00	        0.00	        0.00	        1.00	        7.00	        1.00
  1.39	        9.00	        0.00	        0.00	        1.00	        8.00	        1.00
  1.40	        9.00	        0.00	        0.00	        1.00	        8.00	        1.00
  1.41	        9.00	        0.00	        0.00	        1.00	        8.00	        1.00
  1.42	        9.00	        0.00	        0.00	        1.00	        8.00	        1.00
  1.43	        9.00	        0.00	        0.00	        1.00	        8.00	        1.00
  1.44	        9.00	        0.00	        0.00	        1.00	        8.00	        1.00
  1.45	       10.00	        0.00	        0.00	        1.00	        9.00	        1.00
  1.46	       10.00	        0.00	        0.00	        1.00	        9.00	        1.00
  1.47	       12.00	        0.00	        0.00	        1.00	       11.00	        1.00
  1.48	       12.00	        0.00	        0.00	        1.00	       11.00	        1.00
  1.49	       12.00	        0.00	        0.00	        1.00	       11.00	        1.00
  1.50	       12.00	        0.00	        0.00	        1.00	       11.00	        1.00
  1.51	       12.00	        0.00	        0.00	        1.00	       11.00	        1.00
  1.52	       12.00	        0.00	        0.00	        1.00	       11.00	        1.00
  1.53	       12.00	        0.00	        0.00	        1.00	       11.00	        1.00
  1.54	       12.00	        0.00	        0.00	        1.00	       11.00	        1.00
  1.55	       12.00	        0.00	        0.00	        1.00	       11.00	        1.00
  1.56	       12.00	        0.00	        0.00	        1.00	       11.00	        1.00
  1.57	       13.00	        0.00	        0.00	        1.00	       12.00	        1.00
  1.58	       13.00	        0.00	        0.00	        1.00	       12.00	        1.00
  1.59	       13.00	        0.00	        0.00	        1.00	       12.00	        1.00
  1.60	       13.00	        0.00	        0.00	        1.00	       12.00	        1.00
  1.61	       13.00	        0.00	        0.00	        1.00	       12.00	        1.00
  1.62	       15.00	        0.00	        0.00	        1.00	       14.00	        1.00
  1.63	       15.00	        0.00	        0.00	        1.00	       14.00	        1.00
  1.64	       15.00	        0.00	        0.00	        1.00	       14.00	        1.00
  1.65	       15.00	        0.00	        0.00	        1.00	       14.00	        1.00
  1.66	       15.00	        0.00	        0.00	        1.00	       14.00	        1.00
  1.67	       15.00	        0.00	        0.00	        1.00	       14.00	        1.00
  1.68	       15.00	        0.00	        0.00	        1.00	       14.00	        1.00
  1.69	       15.00	        0.00	        0.00	        1.00	       14.00	        1.00
  1.70	       15.00	        0.00	        0.00	        1.00	       14.00	        1.00
  1.71	       16.00	        0.00	        0.00	        1.00	       15.00	        1.00
  1.72	       16.00	        0.00	        0.00	        1.00	       15.00	        1.00
  1.73	       16.00	        0.00	        0.00	        1.00	       15.00	        1.00
  1.74	       16.00	        0.00	        0.00	        1.00	       15.00	        1.00
  1.75	       16.00	        0.00	        0.00	        1.00	       15.00	        1.00
  1.76	       16.00	        0.00	        0.00	        1.00	       15.00	        1.00
  1.77	       16.00	        0.00	        0.00	        1.00	       15.00	        1.00
  1.78	       16.00	        0.00	        0.00	        1.00	       15.00	        1.00
  1.79	       16.00	        0.00	        0.00	        1.00	       15.00	        1.00
  1.80	       16.00	        0.00	        0.00	        1.00	       15.00	        1.00
  1.81	       16.00	        0.00	        0.00	        1.00	       15.00	        1.00
  1.82	       16.00	        0.00	        0.00	        1.00	       15.00	        1.00
  1.83	       16.00	        0.00	        0.00	        1.00	       15.00	        1.00
  1.84	       16.00	        0.00	        0.00	        1.00	       15.00	        1.00
  1.85	       16.00	        0.00	        0.00	        1.00	       15.00	        1.00
  1.86	       16.00	        0.00	        0.00	        1.00	       15.00	        1.00
  1.87	       17.00	        0.00	        0.00	        1.00	       16.00	        1.00
  1.88	       18.00	        0.00	        0.00	        1.00	       17.00	        1.00
  1.89	       18.00	        0.00	        0.00	        1.00	       17.00	        1.00
  1.90	       18.00	        0.00	        0.00	        1.00	       17.00	        1.00
  1.91	       19.00	        0.00	        0.00	        1.00	       18.00	        1.00
  1.92	       20.00	        0.00	        0.00	        1.00	       19.00	        1.00
  1.93	       20.00	        0.00	        0.00	        1.00	       19.00	        1.00
  1.94	       21.00	        0.00	        0.00	        1.00	       20.00	        1.00
  1.95	       22.00	        0.00	        0.00	        1.00	       21.00	        1.00
  1.96	       23.00	        0.00	        0.00	        1.00	       22.00	        1.00
  1.97	       23.00	        0.00	        0.00	        1.00	       22.00	        1.00
  1.98	       23.00	        0.00	        0.00	        1.00	       22.00	        1.00
  1.99	       24.00	        0.00	        0.00	        1.00	       23.00	        1.00
  2.00	       24.00	        0.00	        0.00	        1.00	       23.00	        1.00
  2.01	       25.00	        0.00	        0.00	        1.00	       24.00	        1.00
  2.02	       25.00	        0.00	        0.00	        1.00	       24.00	        1.00
  2.03	       25.00	        0.00	        0.00	        1.00	       24.00	        1.00
  2.04	       28.00	        0.00	        0.00	        1.00	       27.00	        1.00
  2.05	       30.00	        0.00	        0.00	        1.00	       29.00	        1.00
  2.06	       30.00	        0.00	        0.00	        1.00	       29.00	        1.00
  2.07	       30.00	        0.00	        0.00	        1.00	       29.00	        1.00
  2.08	       32.00	        0.00	        0.00	        1.00	       31.00	        1.00
  2.09	       34.00	        0.00	        0.00	        1.00	       33.00	        1.00
  2.10	       35.00	        0.00	        0.00	        1.00	       34.00	        1.00
  2.11	       35.00	        0.00	        0.00	        1.00	       34.00	        1.00
  2.12	       36.00	        0.00	        0.00	        1.00	       35.00	        1.00
  2.13	       36.00	        0.00	        0.00	        1.00	       35.00	        1.00
  2.14	       37.00	        0.00	        0.00	        1.00	       36.00	        1.00
  2.15	       37.00	        0.00	        0.00	        1.00	       36.00	        1.00
  2.16	       38.00	        0.00	        0.00	        1.00	       37.00	        1.00
  2.17	       38.00	        0.00	        0.00	        1.00	       37.00	        1.00
  2.18	       38.00	        0.00	        0.00	        1.00	       37.00	        1.00
  2.19	       38.00	        0.00	        0.00	        1.00	       37.00	        1.00
  2.20	       38.00	        0.00	        0.00	        1.00	       37.00	        1.00
  2.21	       38.00	        0.00	        0.00	        1.00	       37.00	        1.00
  2.22	       39.00	        0.00	        0.00	        1.00	       38.00	        1.00
  2.23	       39.00	        0.00	        0.00	        1.00	       38.00	        1.00
  2.24	       39.00	        0.00	        0.00	        1.00	       38.00	        1.00
  2.25	       39.00	        0.00	        0.00	        1.00	       38.00	        1.00
  2.26	       40.00	        0.00	        0.00	        1.00	       39.00	        1.00
  2.27	       41.00	        0.00	        0.00	        1.00	       40.00	        1.00
  2.28	       42.00	        0.00	        0.00	        1.00	       41.00	        1.00
  2.29	       42.00	        0.00	        0.00	        1.00	       41.00	        1.00
  2.30	       42.00	        0.00	        0.00	        1.00	       41.00	        1.00
  2.31	       43.00	        0.00	        0.00	        1.00	       42.00	        1.00
  2.32	       43.00	        0.00	        0.00	        1.00	       42.00	        1.00
  2.33	       43.00	        0.00	        0.00	        1.00	       42.00	        1.00
  2.34	       44.00	        0.00	        0.00	        1.00	       43.00	        1.00
  2.35	       44.00	        0.00	        0.00	        1.00	       43.00	        1.00
  2.36	       44.00	        0.00	        0.00	        1.00	       43.00	        1.00
  2.37	       44.00	        0.00	        0.00	        1.00	       43.00	        1.00
  2.38	       44.00	        0.00	        0.00	        1.00	       43.00	        1.00
  2.39	       44.00	        0.00	        0.00	        1.00	       43.00	        1.00
  2.40	       44.00	        0.00	        0.00	        1.00	       43.00	        1.00
  2.41	       44.00	        0.00	        0.00	        1.00	       43.00	        1.00
  2.42	       45.00	        0.00	        0.00	        1.00	       44.00	        1.00
  2.43	       47.00	        0.00	        0.00	        1.00	       46.00	        1.00
  2.44	       48.00	        0.00	        0.00	        1.00	       47.00	        1.00
  2.45	       48.00	        0.00	        0.00	        1.00	       47.00	        1.00
  2.46	       49.00	        0.00	        0.00	        1.00	       48.00	        1.00
  2.47	       50.00	        0.00	        0.00	        1.00	       49.00	        1.00
  2.48	       50.00	        0.00	        0.00	        1.00	       49.00	        1.00
  2.49	       50.00	        0.00	        0.00	        1.00	       49.00	        1.00
  2.50	       51.00	        0.00	        0.00	        1.00	       50.00	        1.00
  2.51	       51.00	        0.00	        0.00	        1.00	       50.00	        1.00
  2.52	       51.00	        0.00	        0.00	        1.00	       50.00	        1.00
  2.53	       51.00	        0.00	        0.00	        1.00	       50.00	        1.00
  2.54	       51.00	        0.00	        0.00	        1.00	       50.00	        1.00
  2.55	       51.00	        0.00	        0.00	        1.00	       50.00	        1.00
  2.56	       51.00	        0.00	        0.00	        1.00	       50.00	        1.00
  2.57	       51.00	        0.00	        0.00	        1.00	       50.00	        1.00
  2.58	       51.00	        0.00	        0.00	        1.00	       50.00	        1.00
  2.59	       52.00	        0.00	        0.00	        1.00	       51.00	        1.00
  2.60	       52.00	        0.00	        0.00	        1.00	       51.00	        1.00
  2.61	       52.00	        0.00	        0.00	        1.00	       51.00	        1.00
  2.62	       54.00	        0.00	        0.00	        1.00	       53.00	        1.00
  2.63	       55.00	        0.00	        0.00	        1.00	       54.00	        1.00
  2.64	       55.00	        0.00	        0.00	        1.00	       54.00	        1.00
  2.65	       56.00	        0.00	        0.00	        1.00	       55.00	        1.00
  2.66	       57.00	        0.00	        0.00	        1.00	       56.00	        1.00
  2.67	       57.00	        0.00	        0.00	        1.00	       56.00	        1.00
  2.68	       57.00	        0.00	        0.00	        1.00	       56.00	        1.00
  2.69	       57.00	        0.00	        0.00	        1.00	       56.00	        1.00
  2.70	       57.00	        0.00	        0.00	        1.00	       56.00	        1.00
  2.71	       58.00	        0.00	        0.00	        1.00	       57.00	        1.00
  2.72	       59.00	        0.00	        0.00	        1.00	       58.00	        1.00
  2.73	       59.00	        0.00	        0.00	        1.00	       58.00	        1.00
  2.74	       61.00	        0.00	        0.00	        1.00	       60.00	        1.00
  2.75	       61.00	        0.00	        0.00	        1.00	       60.00	        1.00
  2.76	       62.00	        0.00	        0.00	        1.00	       61.00	        1.00
  2.77	       62.00	        0.00	        0.00	        1.00	       61.00	        1.00
  2.78	       63.00	        0.00	        0.00	        1.00	       62.00	        1.00
  2.79	       66.00	        0.00	        0.00	        1.00	       65.00	        1.00
  2.80	       67.00	        0.00	        0.00	        1.00	       66.00	        1.00
  2.81	       67.00	        0.00	        0.00	        1.00	       66.00	        1.00
  2.82	       68.00	        0.00	        0.00	        1.00	       67.00	        1.00
  2.83	       68.00	        0.00	        0.00	        1.00	       67.00	        1.00
  2.84	       69.00	        0.00	        0.00	        1.00	       68.00	        1.00
  2.85	       69.00	        0.00	        0.00	        1.00	       68.00	        1.00
  2.86	       71.00	        0.00	        0.00	        1.00	       70.00	        1.00
  2.87	       73.00	        0.00	        0.00	        1.00	       72.00	        1.00
  2.88	       74.00	        0.00	        0.00	        1.00	       73.00	        1.00
  2.89	       74.00	        0.00	        0.00	        1.00	       73.00	        1.00
  2.90	       75.00	        0.00	        0.00	        1.00	       74.00	        1.00
  2.91	       75.00	        0.00	        0.00	        1.00	       74.00	        1.00
  2.92	       76.00	        0.00	        0.00	        1.00	       75.00	        1.00
  2.93	       81.00	        0.00	        0.00	        1.00	       80.00	        1.00
  2.94	       82.00	        0.00	        0.00	        1.00	       81.00	        1.00
  2.95	       83.00	        0.00	        0.00	        1.00	       82.00	        1.00
  2.96	       87.00	        0.00	        0.00	        1.00	       86.00	        1.00
  2.97	       87.00	        0.00	        0.00	        1.00	       86.00	        1.00
  2.98	       88.00	        0.00	        0.00	        1.00	       87.00	        1.00
  2.99	       93.00	        0.00	        0.00	        1.00	       92.00	        1.00
  3.00	       96.00	        0.00	        0.00	        1.00	       95.00	        1.00
  3.01	       98.00	        0.00	        0.00	        1.00	       97.00	        1.00
  3.02	      100.00	        0.00	        0.00	        1.00	       99.00	        1.00
  3.03	      102.00	        0.00	        0.00	        1.00	      101.00	        1.00
  3.04	      104.00	        0.00	        0.00	        1.00	      103.00	        1.00
  3.05	      106.00	        0.00	        0.00	        1.00	      105.00	        1.00
  3.06	      109.00	        0.00	        0.00	        1.00	      108.00	        1.00
  3.07	      111.00	        0.00	        0.00	        1.00	      110.00	        1.00
  3.08	      112.00	        0.00	        0.00	        1.00	      111.00	        1.00
  3.09	      112.00	        0.00	        0.00	        1.00	      111.00	        1.00
  3.10	      114.00	        0.00	        0.00	        1.00	      113.00	        1.00
  3.11	      115.00	        0.00	        0.00	        1.00	      114.00	        1.00
  3.12	      118.00	        0.00	        0.00	        1.00	      117.00	        1.00
  3.13	      121.00	        0.00	        0.00	        1.00	      120.00	        1.00
  3.14	      124.00	        0.00	        0.00	        1.00	      123.00	        1.00
  3.15	      128.00	        0.00	        0.00	        1.00	      127.00	        1.00
  3.16	      129.00	        0.00	        0.00	        1.00	      128.00	        1.00
  3.17	      130.00	        0.00	        0.00	        1.00	      129.00	        1.00
  3.18	      132.00	        0.00	        0.00	        1.00	      131.00	        1.00
  3.19	      133.00	        0.00	        0.00	        1.00	      132.00	        1.00
  3.20	      134.00	        0.00	        0.00	        1.00	      133.00	        1.00
  3.21	      142.00	        0.00	        0.00	        1.00	      141.00	        1.00
  3.22	      145.00	        0.00	        0.00	        1.00	      144.00	        1.00
  3.23	      146.00	        0.00	        0.00	        1.00	      145.00	        1.00
  3.24	      149.00	        0.00	        0.00	        1.00	      148.00	        1.00
  3.25	      151.00	        0.00	        0.00	        1.00	      150.00	        1.00
  3.26	      155.00	        0.00	        0.00	        1.00	      154.00	        1.00
  3.27	      160.00	        0.00	        0.00	        1.00	      159.00	        1.00
  3.28	      163.00	        0.00	        0.00	        1.00	      162.00	        1.00
  3.29	      166.00	        0.00	        0.00	        1.00	      165.00	        1.00
  3.30	      167.00	        0.00	        0.00	        1.00	      166.00	        1.00
  3.31	      171.00	        0.00	        0.00	        1.00	      170.00	        1.00
  3.32	      174.00	        0.00	        0.00	        1.00	      173.00	        1.00
  3.33	      179.00	        0.00	        0.00	        1.00	      178.00	        1.00
  3.34	      180.00	        0.00	        0.00	        1.00	      179.00	        1.00
  3.35	      181.00	        0.00	        0.00	        1.00	      180.00	        1.00
  3.36	      186.00	        0.00	        0.00	        1.00	      185.00	        1.00
  3.37	      187.00	        0.00	        0.00	        1.00	      186.00	        1.00
  3.38	      192.00	        0.00	        0.00	        1.00	      191.00	        1.00
  3.39	      197.00	        0.00	        0.00	        1.00	      196.00	        1.00
  3.40	      201.00	        0.00	        0.00	        1.00	      200.00	        1.00
  3.41	      202.00	        0.00	        0.00	        1.00	      201.00	        1.00
  3.42	      207.00	        0.00	        0.00	        1.00	      206.00	        1.00
  3.43	      212.00	        0.00	        0.00	        1.00	      211.00	        1.00
  3.44	      215.00	        0.00	        0.00	        1.00	      214.00	        1.00
  3.45	      218.00	        0.00	        0.00	        1.00	      217.00	        1.00
  3.46	      223.00	        0.00	        0.00	        1.00	      222.00	        1.00
  3.47	      229.00	        0.00	        0.00	        1.00	      228.00	        1.00
  3.48	      235.00	        0.00	        0.00	        1.00	      234.00	        1.00
  3.49	      239.00	        0.00	        0.00	        1.00	      238.00	        1.00
  3.50	      244.00	        0.00	        0.00	        1.00	      243.00	        1.00
  3.51	      247.00	        0.00	        0.00	        1.00	      246.00	        1.00
  3.52	      251.00	        0.00	        0.00	        1.00	      250.00	        1.00
  3.53	      258.00	        0.00	        0.00	        1.00	      257.00	        1.00
  3.54	      262.00	        0.00	        0.00	        1.00	      261.00	        1.00
  3.55	      263.00	        0.00	        0.00	        1.00	      262.00	        1.00
  3.56	      267.00	        0.00	        0.00	        1.00	      266.00	        1.00
  3.57	      270.00	        0.00	        0.00	        1.00	      269.00	        1.00
  3.58	      273.00	        0.00	        0.00	        1.00	      272.00	        1.00
  3.59	      274.00	        0.00	        0.00	        1.00	      273.00	        1.00
  3.60	      277.00	        0.00	        0.00	        1.00	      276.00	        1.00
  3.61	      280.00	        0.00	        0.00	        1.00	      279.00	        1.00
  3.62	      283.00	        0.00	        0.00	        1.00	      282.00	        1.00
  3.63	      284.00	        0.00	        0.00	        1.00	      283.00	        1.00
  3.64	      287.00	        0.00	        0.00	        1.00	      286.00	        1.00
  3.65	      288.00	        0.00	        0.00	        1.00	      287.00	        1.00
  3.66	      295.00	        0.00	        0.00	        1.00	      294.00	        1.00
  3.67	      299.00	        0.00	        0.00	        1.00	      298.00	        1.00
  3.68	      305.00	        0.00	        0.00	        1.00	      304.00	        1.00
  3.69	      310.00	        0.00	        0.00	        1.00	      309.00	        1.00
  3.70	      317.00	        0.00	        0.00	        1.00	      316.00	        1.00
  3.71	      322.00	        0.00	        0.00	        1.00	      321.00	        1.00
  3.72	      328.00	        0.00	        0.00	        1.00	      327.00	        1.00
  3.73	      336.00	        0.00	        0.00	        1.00	      335.00	        1.00
  3.74	      338.00	        0.00	        0.00	        1.00	      337.00	        1.00
  3.75	      348.00	        0.00	        0.00	        1.00	      347.00	        1.00
  3.76	      352.00	        0.00	        0.00	        1.00	      351.00	        1.00
  3.77	      360.00	        0.00	        0.00	        1.00	      359.00	        1.00
  3.78	      367.00	        0.00	        0.00	        1.00	      366.00	        1.00
  3.79	      372.00	        0.00	        0.00	        1.00	      371.00	        1.00
  3.80	      379.00	        0.00	        0.00	        1.00	      378.00	        1.00
  3.81	      383.00	        0.00	        0.00	        1.00	      382.00	        1.00
  3.82	      387.00	        0.00	        0.00	        1.00	      386.00	        1.00
  3.83	      391.00	        0.00	        0.00	        1.00	      390.00	        1.00
  3.84	      397.00	        0.00	        0.00	        1.00	      396.00	        1.00
  3.85	      408.00	        0.00	        0.00	        1.00	      407.00	        1.00
  3.86	      412.00	        0.00	        0.00	        1.00	      411.00	        1.00
  3.87	      420.00	        0.00	        0.00	        1.00	      419.00	        1.00
  3.88	      425.00	        0.00	        0.00	        1.00	      424.00	        1.00
  3.89	      438.00	        0.00	        0.00	        1.00	      437.00	        1.00
  3.90	      443.00	        0.00	        0.00	        1.00	      442.00	        1.00
  3.91	      455.00	        0.00	        0.00	        1.00	      454.00	        1.00
  3.92	      463.00	        0.00	        0.00	        1.00	      462.00	        1.00
  3.93	      467.00	        0.00	        0.00	        1.00	      466.00	        1.00
  3.94	      470.00	        0.00	        0.00	        1.00	      469.00	        1.00
  3.95	      481.00	        0.00	        0.00	        1.00	      480.00	        1.00
  3.96	      494.00	        0.00	        0.00	        1.00	      493.00	        1.00
  3.97	      500.00	        0.00	        0.00	        1.00	      499.00	        1.00
  3.98	      507.00	        0.00	        0.00	        1.00	      506.00	        1.00
  3.99	      517.00	        0.00	        0.00	        1.00	      516.00	        1.00
  4.00	      524.00	        0.00	        0.00	        1.00	      523.00	        1.00
  4.01	      532.00	        0.00	        0.00	        1.00	      531.00	        1.00
  4.02	      547.00	        0.00	        0.00	        1.00	      546.00	        1.00
  4.03	      557.00	        0.00	        0.00	        1.00	      556.00	        1.00
  4.04	      568.00	        0.00	        0.00	        1.00	      567.00	        1.00
  4.05	      577.00	        0.00	        0.00	        1.00	      576.00	        1.00
  4.06	      588.00	        0.00	        0.00	        1.00	      587.00	        1.00
  4.07	      599.00	        0.00	        0.00	        1.00	      598.00	        1.00
  4.08	      612.00	        0.00	        0.00	        1.00	      611.00	        1.00
  4.09	      628.00	        0.00	        0.00	        1.00	      627.00	        1.00
  4.10	      637.00	        0.00	        0.00	        1.00	      636.00	        1.00
  4.11	      648.00	        0.00	        0.00	        1.00	      647.00	        1.00
  4.12	      662.00	        0.00	        0.00	        1.00	      661.00	        1.00
  4.13	      669.00	        0.00	        0.00	        1.00	      668.00	        1.00
  4.14	      677.00	        0.00	        0.00	        1.00	      676.00	        1.00
  4.15	      687.00	        0.00	        0.00	        1.00	      686.00	        1.00
  4.16	      696.00	        0.00	        0.00	        1.00	      695.00	        1.00
  4.17	      707.00	        0.00	        0.00	        1.00	      706.00	        1.00
  4.18	      714.00	        0.00	        0.00	        1.00	      713.00	        1.00
  4.19	      725.00	        0.00	        0.00	        1.00	      724.00	        1.00
  4.20	      738.00	        0.00	        0.00	        1.00	      737.00	        1.00
  4.21	      756.00	        0.00	        0.00	        1.00	      755.00	        1.00
  4.22	      766.00	        0.00	        0.00	        1.00	      765.00	        1.00
  4.23	      776.00	        0.00	        0.00	        1.00	      775.00	        1.00
  4.24	      792.00	        0.00	        0.00	        1.00	      791.00	        1.00
  4.25	      800.00	        0.00	        0.00	        1.00	      799.00	        1.00
  4.26	      813.00	        0.00	        0.00	        1.00	      812.00	        1.00
  4.27	      826.00	        0.00	        0.00	        1.00	      825.00	        1.00
  4.28	      838.00	        0.00	        0.00	        1.00	      837.00	        1.00
  4.29	      846.00	        0.00	        0.00	        1.00	      845.00	        1.00
  4.30	      855.00	        0.00	        0.00	        1.00	      854.00	        1.00
  4.31	      870.00	        0.00	        0.00	        1.00	      869.00	        1.00
  4.32	      881.00	        0.00	        0.00	        1.00	      880.00	        1.00
  4.33	      899.00	        0.00	        0.00	        1.00	      898.00	        1.00
  4.34	      917.00	        0.00	        0.00	        1.00	      916.00	        1.00
  4.35	      930.00	        0.00	        0.00	        1.00	      929.00	        1.00
  4.36	      953.00	        0.00	        0.00	        1.00	      952.00	        1.00
  4.37	      963.00	        0.00	        0.00	        1.00	      962.00	        1.00
  4.38	      977.00	        0.00	        0.00	        1.00	      976.00	        1.00
  4.39	      996.00	        0.00	        0.00	        1.00	      995.00	        1.00
  4.40	     1009.00	        0.00	        0.00	        1.00	     1008.00	        1.00
  4.41	     1031.00	        0.00	        0.00	        1.00	     1030.00	        1.00
  4.42	     1046.00	        0.00	        0.00	        1.00	     1045.00	        1.00
  4.43	     1058.00	        0.00	        0.00	        1.00	     1057.00	        1.00
  4.44	     1077.00	        0.00	        0.00	        1.00	     1076.00	        1.00
  4.45	     1090.00	        0.00	        0.00	        1.00	     1089.00	        1.00
  4.46	     1112.00	        0.00	        0.00	        1.00	     1111.00	        1.00
  4.47	     1130.00	        0.00	        0.00	        1.00	     1129.00	        1.00
  4.48	     1152.00	        0.00	        0.00	        1.00	     1151.00	        1.00
  4.49	     1173.00	        0.00	        0.00	        1.00	     1172.00	        1.00
  4.50	     1189.00	        0.00	        0.00	        1.00	     1188.00	        1.00
  4.51	     1212.00	        0.00	        0.00	        1.00	     1211.00	        1.00
  4.52	     1228.00	        0.00	        0.00	        1.00	     1227.00	        1.00
  4.53	     1244.00	        0.00	        0.00	        1.00	     1243.00	        1.00
  4.54	     1259.00	        0.00	        0.00	        1.00	     1258.00	        1.00
  4.55	     1283.00	        0.00	        0.00	        1.00	     1282.00	        1.00
  4.56	     1314.00	        0.00	        0.00	        1.00	     1313.00	        1.00
  4.57	     1333.00	        0.00	        0.00	        1.00	     1332.00	        1.00
  4.58	     1355.00	        0.00	        0.00	        1.00	     1354.00	        1.00
  4.59	     1382.00	        0.00	        0.00	        1.00	     1381.00	        1.00
  4.60	     1414.00	        0.00	        0.00	        1.00	     1413.00	        1.00
  4.61	     1437.00	        0.00	        0.00	        1.00	     1436.00	        1.00
  4.62	     1458.00	        0.00	        0.00	        1.00	     1457.00	        1.00
  4.63	     1476.00	        0.00	        0.00	        1.00	     1475.00	        1.00
  4.64	     1495.00	        0.00	        0.00	        1.00	     1494.00	        1.00
  4.65	     1517.00	        0.00	        0.00	        1.00	     1516.00	        1.00
  4.66	     1540.00	        0.00	        0.00	        1.00	     1539.00	        1.00
  4.67	     1564.00	        0.00	        0.00	        1.00	     1563.00	        1.00
  4.68	     1584.00	        0.00	        0.00	        1.00	     1583.00	        1.00
  4.69	     1606.00	        0.00	        0.00	        1.00	     1605.00	        1.00
  4.70	     1634.00	        0.00	        0.00	        1.00	     1633.00	        1.00
  4.71	     1659.00	        0.00	        0.00	        1.00	     1658.00	        1.00
  4.72	     1696.00	        0.00	        0.00	        1.00	     1695.00	        1.00
  4.73	     1731.00	        0.00	        0.00	        1.00	     1730.00	        1.00
  4.74	     1755.00	        0.00	        0.00	        1.00	     1754.00	        1.00
  4.75	     1778.00	        0.00	        0.00	        1.00	     1777.00	        1.00
  4.76	     1813.00	        0.00	        0.00	        1.00	     1812.00	        1.00
  4.77	     1842.00	        0.00	        0.00	        1.00	     1841.00	        1.00
  4.78	     1871.00	        0.00	        0.00	        1.00	     1870.00	        1.00
  4.79	     1901.00	        0.00	        0.00	        1.00	     1900.00	        1.00
  4.80	     1937.00	        0.00	        0.00	        1.00	     1936.00	        1.00
  4.81	     1961.00	        0.00	        0.00	        1.00	     1960.00	        1.00
  4.82	     1996.00	        0.00	        0.00	        1.00	     1995.00	        1.00
  4.83	     2026.00	        0.00	        0.00	        1.00	     2025.00	        1.00
  4.84	     2057.00	        0.00	        0.00	        1.00	     2056.00	        1.00
  4.85	     2089.00	        0.00	        0.00	        1.00	     2088.00	        1.00
  4.86	     2118.00	        0.00	        0.00	        1.00	     2117.00	        1.00
  4.87	     2154.00	        0.00	        0.00	        1.00	     2153.00	        1.00
  4.88	     2198.00	        0.00	        0.00	        1.00	     2197.00	        1.00
  4.89	     2234.00	        0.00	        0.00	        1.00	     2233.00	        1.00
  4.90	     2270.00	        0.00	        0.00	        1.00	     2269.00	        1.00
  4.91	     2312.00	        0.00	        0.00	        1.00	     2311.00	        1.00
  4.92	     2362.00	        0.00	        0.00	        1.00	     2361.00	        1.00
  4.93	     2393.00	        0.00	        0.00	        1.00	     2392.00	        1.00
  4.94	     2428.00	        0.00	        0.00	        1.00	     2427.00	        1.00
  4.95	     2466.00	        0.00	        0.00	        1.00	     2465.00	        1.00
  4.96	     2513.00	        0.00	        0.00	        1.00	     2512.00	        1.00
  4.97	     2550.00	        0.00	        0.00	        1.00	     2549.00	        1.00
  4.98	     2602.00	        0.00	        0.00	        1.00	     2601.00	        1.00
  4.99	     2646.00	        0.00	        0.00	        1.00	     2645.00	        1.00
  5.00	     2687.00	        0.00	   599999.00	        1.00	     2686.00	        1.00
  5.01	     2730.00	        1.00	   599976.00	        1.00	     2730.00	        1.00
  5.02	     2770.00	        1.00	   599962.00	        1.00	     2770.00	        1.00
  5.03	     2815.00	        1.00	   599950.00	        1.00	     2815.00	        1.00
  5.04	     2848.00	        2.00	   599925.00	        1.00	     2849.00	        1.00
  5.05	     2884.00	        2.00	   599908.00	        1.00	     2885.00	        1.00
  5.06	     2925.00	        2.00	   599895.00	        1.00	     2926.00	        1.00
  5.07	     2972.00	        2.00	   599877.00	        1.00	     2973.00	        1.00
  5.08	     3036.00	        2.00	   599864.00	        1.00	     3037.00	        1.00
  5.09	     3087.00	        4.00	   599846.00	        1.00	     3090.00	        1.00
  5.10	     3135.00	        4.00	   599827.00	        1.00	     3138.00	        1.00
  5.11	     3182.00	        4.00	   599811.00	        1.00	     3185.00	        1.00
  5.12	     3242.00	        4.00	   599798.00	        1.00	     3245.00	        1.00
  5.13	     3286.00	        4.00	   599778.00	        1.00	     3289.00	        1.00
  5.14	     3328.00	        4.00	   599756.00	        1.00	     3331.00	        1.00
  5.15	     3394.00	        4.00	   599737.00	        1.00	     3397.00	        1.00
  5.16	     3445.00	        4.00	   599716.00	        1.00	     3448.00	        1.00
  5.17	     3514.00	        4.00	   599699.00	        1.00	     3517.00	        1.00
  5.18	     3572.00	        4.00	   599682.00	        1.00	     3575.00	        1.00
  5.19	     3624.00	        4.00	   599668.00	        1.00	     3627.00	        1.00
  5.20	     3676.00	        4.00	   599649.00	        1.00	     3679.00	        1.00
  5.21	     3732.00	        5.00	   599627.00	        1.00	     3736.00	        1.00
  5.22	     3802.00	        5.00	   599608.00	        1.00	     3806.00	        1.00
  5.23	     3862.00	        5.00	   599588.00	        1.00	     3866.00	        1.00
  5.24	     3938.00	        5.00	   599554.00	        1.00	     3942.00	        1.00
  5.25	     4007.00	        6.00	   599535.00	        1.00	     4012.00	        1.00
  5.26	     4068.00	        6.00	   599514.00	        1.00	     4073.00	        1.00
  5.27	     4133.00	        6.00	   599490.00	        1.00	     4138.00	        1.00
  5.28	     4212.00	        6.00	   599467.00	        1.00	     4217.00	        1.00
  5.29	     4268.00	        6.00	   599451.00	        1.00	     4273.00	        1.00
  5.30	     4338.00	        6.00	   599440.00	        1.00	     4343.00	        1.00
  5.31	     4413.00	        7.00	   599425.00	        1.00	     4419.00	        1.00
  5.32	     4482.00	        7.00	   599398.00	        1.00	     4488.00	        1.00
  5.33	     4566.00	        7.00	   599380.00	        1.00	     4572.00	        1.00
  5.34	     4645.00	        8.00	   599363.00	        1.00	     4652.00	        1.00
  5.35	     4733.00	        8.00	   599343.00	        1.00	     4740.00	        1.00
  5.36	     4824.00	        8.00	   599322.00	        1.00	     4831.00	        1.00
  5.37	     4908.00	        8.00	   599305.00	        1.00	     4915.00	        1.00
  5.38	     4999.00	        8.00	   599291.00	        1.00	     5006.00	        1.00
  5.39	     5067.00	        8.00	   599271.00	        1.00	     5074.00	        1.00
  5.40	     5138.00	        8.00	   599258.00	        1.00	     5145.00	        1.00
  5.41	     5233.00	        8.00	   599234.00	        1.00	     5240.00	        1.00
  5.42	     5335.00	        8.00	   599214.00	        1.00	     5342.00	        1.00
  5.43	     5416.00	        8.00	   599201.00	        1.00	     5423.00	        1.00
  5.44	     5512.00	        8.00	   599184.00	        1.00	     5519.00	        1.00
  5.45	     5600.00	        8.00	   599166.00	        1.00	     5607.00	        1.00
  5.46	     5695.00	        8.00	   599150.00	        1.00	     5702.00	        1.00
  5.47	     5785.00	       10.00	   599132.00	        1.00	     5794.00	        1.00
  5.48	     5900.00	       10.00	   599115.00	        1.00	     5909.00	        1.00
  5.49	     5998.00	       10.00	   599102.00	        1.00	     6007.00	        1.00
  5.50	     6084.00	       10.00	   599085.00	        1.00	     6093.00	        1.00
  5.51	     6189.00	       10.00	   599066.00	        1.00	     6198.00	        1.00
  5.52	     6282.00	       10.00	   599048.00	        1.00	     6291.00	        1.00
  5.53	     6408.00	       10.00	   599034.00	        1.00	     6417.00	        1.00
  5.54	     6494.00	       12.00	   599015.00	        1.00	     6505.00	        1.00
  5.55	     6610.00	       13.00	   599001.00	        1.00	     6622.00	        1.00
  5.56	     6717.00	       13.00	   598982.00	        1.00	     6729.00	        1.00
  5.57	     6830.00	       13.00	   598967.00	        1.00	     6842.00	        1.00
  5.58	     6934.00	       15.00	   598946.00	        1.00	     6948.00	        1.00
  5.59	     7053.00	       15.00	   598927.00	        1.00	     7067.00	        1.00
  5.60	     7172.00	       15.00	   598906.00	        1.00	     7186.00	        1.00
  5.61	     7296.00	       15.00	   598886.00	        1.00	     7310.00	        1.00
  5.62	     7408.00	       15.00	   598869.00	        1.00	     7422.00	        1.00
  5.63	     7525.00	       15.00	   598854.00	        1.00	     7539.00	        1.00
  5.64	     7658.00	       15.00	   598842.00	        1.00	     7672.00	        1.00
  5.65	     7767.00	       15.00	   598818.00	        1.00	     7781.00	        1.00
  5.66	     7896.00	       15.00	   598800.00	        1.00	     7910.00	        1.00
  5.67	     8028.00	       15.00	   598781.00	        1.00	     8042.00	        1.00
  5.68	     8160.00	       15.00	   598761.00	        1.00	     8174.00	        1.00
  5.69	     8307.00	       15.00	   598742.00	        1.00	     8321.00	        1.00
  5.70	     8465.00	       15.00	   598727.00	        1.00	     8479.00	        1.00
  5.71	     8596.00	       15.00	   598711.00	        1.00	     8610.00	        1.00
  5.72	     8740.00	       15.00	   598690.00	        1.00	     8754.00	        1.00
  5.73	     8881.00	       16.00	   598672.00	        1.00	     8896.00	        1.00
  5.74	     9022.00	       16.00	   598658.00	        1.00	     9037.00	        1.00
  5.75	     9173.00	       16.00	   598638.00	        1.00	     9188.00	        1.00
  5.76	     9308.00	       16.00	   598626.00	        1.00	     9323.00	        1.00
  5.77	     9485.00	       16.00	   598610.00	        1.00	     9500.00	        1.00
  5.78	     9650.00	       16.00	   598596.00	        1.00	     9665.00	        1.00
  5.79	     9818.00	       16.00	   598574.00	        1.00	     9833.00	        1.00
  5.80	     9989.00	       16.00	   598553.00	        1.00	    10004.00	        1.00
  5.81	    10151.00	       16.00	   598536.00	        1.00	    10166.00	        1.00
  5.82	    10340.00	       16.00	   598516.00	        1.00	    10355.00	        1.00
  5.83	    10482.00	       16.00	   598495.00	        1.00	    10497.00	        1.00
  5.84	    10639.00	       16.00	   598468.00	        1.00	    10654.00	        1.00
  5.85	    10812.00	       16.00	   598456.00	        1.00	    10827.00	        1.00
  5.86	    11003.00	       16.00	   598441.00	        1.00	    11018.00	        1.00
  5.87	    11195.00	       16.00	   598422.00	        1.00	    11210.00	        1.00
  5.88	    11386.00	       16.00	   598395.00	        1.00	    11401.00	        1.00
  5.89	    11577.00	       16.00	   598382.00	        1.00	    11592.00	        1.00
  5.90	    11758.00	       16.00	   598369.00	        1.00	    11773.00	        1.00
  5.91	    11966.00	       16.00	   598350.00	        1.00	    11981.00	        1.00
  5.92	    12156.00	       16.00	   598334.00	        1.00	    12171.00	        1.00
  5.93	    11966.00	      406.00	   598717.00	        1.00	    12373.00	        1.00
  5.94	    12167.00	      406.00	   598708.00	        1.00	    12574.00	        1.00
  5.95	    12363.00	      409.00	   598687.00	        1.00	    12773.00	        1.00
  5.96	    12581.00	      410.00	   598674.00	        1.00	    12992.00	        1.00
  5.97	    12786.00	      412.00	   598659.00	        1.00	    13199.00	        1.00
  5.98	    12972.00	      412.00	   598640.00	        1.00	    13385.00	        1.00
  5.99	    13193.00	      414.00	   598623.00	        1.00	    13608.00	        1.00
  6.00	    13392.00	      416.00	   598605.00	        1.00	    13809.00	        1.00
  6.01	    13392.00	      629.00	   598794.00	        1.00	    14023.00	        1.00
  6.02	    13600.00	      630.00	   598778.00	        1.00	    14232.00	        1.00
  6.03	    13821.00	      630.00	   598763.00	        1.00	    14453.00	        1.00
  6.04	    13833.00	      837.00	   598936.00	        1.00	    14673.00	        1.00
  6.05	    14041.00	      839.00	   598915.00	        1.00	    14883.00	        1.00
  6.06	    14283.00	      839.00	   598898.00	        1.00	    15125.00	        1.00
  6.07	    14526.00	      840.00	   598883.00	        1.00	    15369.00	        1.00
  6.08	    14787.00	      845.00	   598864.00	        1.00	    15635.00	        1.00
  6.09	    14817.00	     1045.00	   599047.00	        1.00	    15866.00	        1.00
  6.10	    15061.00	     1047.00	   599027.00	        1.00	    16112.00	        1.00
  6.11	    15303.00	     1047.00	   599007.00	        1.00	    16354.00	        1.00
  6.12	    15567.00	     1052.00	   598989.00	        1.00	    16623.00	        1.00
  6.13	    15843.00	     1053.00	   598968.00	        1.00	    16900.00	        1.00
  6.14	    16098.00	     1055.00	   598942.00	        1.00	    17157.00	        1.00
  6.15	    16350.00	     1055.00	   598924.00	        1.00	    17409.00	        1.00
  6.16	    16454.00	     1236.00	   599104.00	        1.00	    17695.00	        1.00
  6.17	    16718.00	     1239.00	   599076.00	        1.00	    17962.00	        1.00
  6.18	    16805.00	     1413.00	   599260.00	        1.00	    18224.00	        1.00
  6.19	    17059.00	     1418.00	   599241.00	        1.00	    18483.00	        1.00
  6.20	    17312.00	     1418.00	   599212.00	        1.00	    18736.00	        1.00
  6.21	    17421.00	     1607.00	   599391.00	        1.00	    19035.00	        1.00
  6.22	    17650.00	     1609.00	   599377.00	        1.00	    19266.00	        1.00
  6.23	    17968.00	     1611.00	   599358.00	        1.00	    19586.00	        1.00
  6.24	    18241.00	     1611.00	   599336.00	        1.00	    19859.00	        1.00
  6.25	    18555.00	     1614.00	   599322.00	        1.00	    20176.00	        1.00
  6.26	    18868.00	     1615.00	   599306.00	        1.00	    20490.00	        1.00
  6.27	    19184.00	     1617.00	   599292.00	        1.00	    20808.00	        1.00
  6.28	    19524.00	     1617.00	   599273.00	        1.00	    21148.00	        1.00
  6.29	    19810.00	     1627.00	   599255.00	        1.00	    21444.00	        1.00
  6.30	    20110.00	     1630.00	   599229.00	        1.00	    21747.00	        1.00
  6.31	    20450.00	     1632.00	   599206.00	        1.00	    22089.00	        1.00
  6.32	    20755.00	     1641.00	   599189.00	        1.00	    22403.00	        1.00
  6.33	    20933.00	     1819.00	   599363.00	        1.00	    22760.00	        1.00
  6.34	    21274.00	     1820.00	   599348.00	        1.00	    23102.00	        1.00
  6.35	    21629.00	     1825.00	   599324.00	        1.00	    23462.00	        1.00
  6.36	    21801.00	     1991.00	   599501.00	        1.00	    23801.00	        1.00
  6.37	    22154.00	     1991.00	   599482.00	        1.00	    24154.00	        1.00
  6.38	    22483.00	     1994.00	   599461.00	        1.00	    24486.00	        1.00
  6.39	    22824.00	     1997.00	   599441.00	        1.00	    24830.00	        1.00
  6.40	    23194.00	     2004.00	   599422.00	        1.00	    25207.00	        1.00
  6.41	    23552.00	     2005.00	   599407.00	        1.00	    25566.00	        1.00
  6.42	    23938.00	     2008.00	   599386.00	        1.00	    25955.00	        1.00
  6.43	    24147.00	     2189.00	   599555.00	        1.00	    26346.00	        1.00
  6.44	    24549.00	     2191.00	   599532.00	        1.00	    26750.00	        1.00
  6.45	    24953.00	     2192.00	   599513.00	        1.00	    27155.00	        1.00
  6.46	    25325.00	     2194.00	   599495.00	        1.00	    27529.00	        1.00
  6.47	    25385.00	     2530.00	   599876.00	        1.00	    27927.00	        1.00
  6.48	    25470.00	     2849.00	   600249.00	        1.00	    28333.00	        1.00
  6.49	    25764.00	     3035.00	   600432.00	        1.00	    28814.00	        1.00
  6.50	    26030.00	     3195.00	   600615.00	        1.00	    29241.00	        1.00
  6.51	    26081.00	     3540.00	   600986.00	        1.00	    29639.00	        1.00
  6.52	    26353.00	     3695.00	   601164.00	        1.00	    30067.00	        1.00
  6.53	    26620.00	     3865.00	   601332.00	        1.00	    30505.00	        1.00
  6.54	    27073.00	     3871.00	   601303.00	        1.00	    30964.00	        1.00
  6.55	    27367.00	     4045.00	   601466.00	        1.00	    31433.00	        1.00
  6.56	    27372.00	     4469.00	   602028.00	        1.00	    31865.00	        1.00
  6.57	    27243.00	     5042.00	   602805.00	        1.00	    32313.00	        1.00
  6.58	    27126.00	     5593.00	   603575.00	        1.00	    32751.00	        1.00
  6.59	    26762.00	     6377.00	   604747.00	        1.00	    33177.00	        1.00
  6.60	    27059.00	     6493.00	   604908.00	        1.00	    33591.00	        1.00
  6.61	    27105.00	     6886.00	   605476.00	        1.00	    34033.00	        1.00
  6.62	    26867.00	     7527.00	   606444.00	        1.00	    34441.00	        1.00
  6.63	    26776.00	     8021.00	   607208.00	        1.00	    34848.00	        1.00
  6.64	    26957.00	     8265.00	   607563.00	        1.00	    35275.00	        1.00
  6.65	    27027.00	     8619.00	   608123.00	        1.00	    35702.00	        1.00
  6.66	    26889.00	     9177.00	   609070.00	        1.00	    36127.00	        1.00
  6.67	    27083.00	     9424.00	   609421.00	        1.00	    36570.00	        1.00
  6.68	    26879.00	    10064.00	   610570.00	        1.00	    37012.00	        1.00
  6.69	    26833.00	    10557.00	   611529.00	        1.00	    37464.00	        1.00
  6.70	    26853.00	    10959.00	   612279.00	        1.00	    37890.00	        1.00
  6.71	    26327.00	    11926.00	   614207.00	        1.00	    38341.00	        1.00
  6.72	    26299.00	    12379.00	   615145.00	        1.00	    38771.00	        1.00
  6.73	    26182.00	    12888.00	   616271.00	        1.00	    39169.00	        1.00
  6.74	    25843.00	    13634.00	   618003.00	        1.00	    39585.00	        1.00
  6.75	    25578.00	    14301.00	   619520.00	        1.00	    39995.00	        1.00
  6.76	    25329.00	    14967.00	   621050.00	        1.00	    40420.00	        1.00
  6.77	    25012.00	    15677.00	   622964.00	        1.00	    40823.00	        1.00
  6.78	    24936.00	    16184.00	   624067.00	        1.00	    41260.00	        1.00
  6.79	    24430.00	    17076.00	   626365.00	        1.00	    41658.00	        1.00
  6.80	    24222.00	    17690.00	   628050.00	        1.00	    42073.00	        1.00
  6.81	    23770.00	    18567.00	   630746.00	        1.00	    42512.00	        1.00
  6.82	    23345.00	    19363.00	   633422.00	        1.00	    42897.00	        1.00
  6.83	    23477.00	    19596.00	   634101.00	        1.00	    43266.00	        1.00
  6.84	    23206.00	    20258.00	   636375.00	        1.00	    43669.00	        1.00
  6.85	    23007.00	    20851.00	   638441.00	        1.00	    44074.00	        1.00
  6.86	    22750.00	    21488.00	   640695.00	        1.00	    44466.00	        1.00
  6.87	    22252.00	    22343.00	   644159.00	        1.00	    44841.00	        1.00
  6.88	    21526.00	    23402.00	   648592.00	        1.00	    45197.00	        1.00
  6.89	    21108.00	    24129.00	   652021.00	        1.00	    45524.00	        1.00
  6.90	    20901.00	    24646.00	   654473.00	        1.00	    45847.00	        1.00
  6.91	    20648.00	    25194.00	   656888.00	        1.00	    46155.00	        1.00
  6.92	    20540.00	    25633.00	   658910.00	        1.00	    46497.00	        1.00
  6.93	    20226.00	    26241.00	   662123.00	        1.00	    46808.00	        1.00
  6.94	    19628.00	    27136.00	   667108.00	        1.00	    47131.00	        1.00
  6.95	    19263.00	    27780.00	   670882.00	        1.00	    47430.00	        1.00
  6.96	    18705.00	    28587.00	   675824.00	        1.00	    47705.00	        1.00
  6.97	    18366.00	    29203.00	   679582.00	        1.00	    48002.00	        1.00
  6.98	    17997.00	    29819.00	   683901.00	        1.00	    48272.00	        1.00
  6.99	    17782.00	    30299.00	   687447.00	        1.00	    48556.00	        1.00
  7.00	    17371.00	    30975.00	   692164.00	        1.00	    48846.00	        1.00
  7.01	    17089.00	    31494.00	   695887.00	        1.00	    49103.00	        1.00
  7.02	    16677.00	    32143.00	   701421.00	        1.00	    49369.00	        1.00
  7.03	    16472.00	    32600.00	   705320.00	        1.00	    49642.00	        1.00
  7.04	    16076.00	    33237.00	   710995.00	        1.00	    49913.00	        1.00
  7.05	    15785.00	    33739.00	   715047.00	        1.00	    50146.00	        1.00
  7.06	    15408.00	    34324.00	   720718.00	        1.00	    50384.00	        1.00
  7.07	    15135.00	    34828.00	   725754.00	        1.00	    50642.00	        1.00
  7.08	    14904.00	    35287.00	   730792.00	        1.00	    50897.00	        1.00
  7.09	    14548.00	    35844.00	   737010.00	        1.00	    51131.00	        1.00
  7.10	    14199.00	    36407.00	   743639.00	        1.00	    51380.00	        1.00
  7.11	    13953.00	    36840.00	   748783.00	        1.00	    51595.00	        1.00
  7.12	    13653.00	    37310.00	   754978.00	        1.00	    51798.00	        1.00
  7.13	    13334.00	    37790.00	   761393.00	        1.00	    51993.00	        1.00
  7.14	    12998.00	    38302.00	   768741.00	        1.00	    52208.00	        1.00
  7.15	    12356.00	    39075.00	   781075.00	        1.00	    52403.00	        1.00
  7.16	    11970.00	    39616.00	   790369.00	        1.00	    52607.00	        1.00
  7.17	    11468.00	    40247.00	   801453.00	        1.00	    52794.00	        1.00
  7.18	    11107.00	    40735.00	   810897.00	        1.00	    52971.00	        1.00
  7.19	    10810.00	    41173.00	   819689.00	        1.00	    53159.00	        1.00
  7.20	    10546.00	    41566.00	   828284.00	        1.00	    53334.00	        1.00
  7.21	    10242.00	    41989.00	   837663.00	        1.00	    53503.00	        1.00
  7.22	     9813.00	    42523.00	   850812.00	        1.00	    53677.00	        1.00
  7.23	     9453.00	    42964.00	   862317.00	        1.00	    53819.00	        1.00
  7.24	     9191.00	    43351.00	   872999.00	        1.00	    54001.00	        1.00
  7.25	     8868.00	    43753.00	   884227.00	        1.00	    54140.00	        1.00
  7.26	     8516.00	    44168.00	   898257.00	        1.00	    54277.00	        1.00
  7.27	     8260.00	    44499.00	   909047.00	        1.00	    54410.00	        1.00
  7.28	     7928.00	    44884.00	   922027.00	        1.00	    54532.00	        1.00
  7.29	     7571.00	    45286.00	   937202.00	        1.00	    54657.00	        1.00
  7.30	     7258.00	    45651.00	   952310.00	        1.00	    54789.00	        1.00
  7.31	     6863.00	    46069.00	   969378.00	        1.00	    54902.00	        1.00
  7.32	     6558.00	    46396.00	   984213.00	        1.00	    55003.00	        1.00
  7.33	     6170.00	    46776.00	  1004193.00	        1.00	    55100.00	        1.00
  7.34	     5758.00	    47159.00	  1028262.00	        1.00	    55197.00	        1.00
  7.35	     5429.00	    47476.00	  1047732.00	        1.00	    55288.00	        1.00
  7.36	     5025.00	    47819.00	  1073074.00	        1.00	    55360.00	        1.00
  7.37	     4689.00	    48113.00	  1093170.00	        1.00	    55425.00	        1.00
  7.38	     4373.00	    48384.00	  1115236.00	        1.00	    55497.00	        1.00
  7.39	     4075.00	    48625.00	  1137903.00	        1.00	    55560.00	        1.00
  7.40	     3792.00	    48846.00	  1160484.00	        1.00	    55618.00	        1.00
  7.41	     3488.00	    49066.00	  1188017.00	        1.00	    55679.00	        1.00
  7.42	     3194.00	    49276.00	  1213857.00	        1.00	    55732.00	        1.00
  7.43	     2870.00	    49495.00	  1243640.00	        1.00	    55784.00	        1.00
  7.44	     2644.00	    49628.00	  1270544.00	        1.00	    55834.00	        1.00
  7.45	     2361.00	    49776.00	  1302804.00	        1.00	    55869.00	        1.00
  7.46	     2126.00	    49872.00	  1335356.00	        1.00	    55902.00	        1.00
  7.47	     1855.00	    49986.00	  1370914.00	        1.00	    55932.00	        1.00
  7.48	     1603.00	    50074.00	  1405494.00	        1.00	    55951.00	        1.00
  7.49	     1431.00	    50095.00	  1439156.00	        1.00	    55979.00	        1.00
  7.50	     1232.00	    50126.00	  1474468.00	        1.00	    55998.00	        1.00
  7.51	     1020.00	    50150.00	  1513538.00	        1.00	    56016.00	        1.00
  7.52	      883.00	    50128.00	  1547858.00	        1.00	    56040.00	        1.00
  7.53	      709.00	    50098.00	  1589216.00	        1.00	    56055.00	        1.00
  7.54	      584.00	    50031.00	  1627891.00	        1.00	    56069.00	        1.00
  7.55	      479.00	    49925.00	  1669354.00	        1.00	    56078.00	        1.00
  7.56	      366.00	    49813.00	  1713489.00	        1.00	    56087.00	        1.00
  7.57	      244.00	    49719.00	  1754498.00	        1.00	    56090.00	        1.00
  7.58	      143.00	    49585.00	  1799732.00	        1.00	    56095.00	        1.00
  7.59	       62.00	    49408.00	  1848328.00	        1.00	    56095.00	        1.00
  7.60	       25.00	    49196.00	  1895425.00	        1.00	    56097.00	        1.00
  7.61	        7.00	    48942.00	  1946768.00	        1.00	    56097.00	        1.00
  7.62	        2.00	    48686.00	  1995718.00	        1.00	    56097.00	        1.00
  7.63	        1.00	    48399.00	  2049898.00	        1.00	    56097.00	        1.00
  7.64	        0.00	    48131.00	  2100266.00	        0.00	    56097.00	        1.00
  7.65	        0.00	    47868.00	  2149237.00	        0.00	    56097.00	        1.00
  7.66	        0.00	    47575.00	  2204333.00	        0.00	    56097.00	        1.00
  7.67	        0.00	    47283.00	  2259041.00	        0.00	    56097.00	        1.00
  7.68	        0.00	    46997.00	  2312503.00	        0.00	    56097.00	        1.00
  7.69	        0.00	    46715.00	  2364987.00	        0.00	    56097.00	        1.00
  7.70	        0.00	    46406.00	  2422839.00	        0.00	    56097.00	        1.00
  7.71	        0.00	    46076.00	  2484819.00	        0.00	    56097.00	        1.00
  7.72	        0.00	    45721.00	  2551474.00	        0.00	    56097.00	        1.00
  7.73	        0.00	    45391.00	  2613100.00	        0.00	    56097.00	        1.00
  7.74	        0.00	    45050.00	  2676937.00	        0.00	    56097.00	        1.00
  7.75	        0.00	    44700.00	  2742482.00	        0.00	    56097.00	        1.00
  7.76	        0.00	    44328.00	  2812229.00	        0.00	    56097.00	        1.00
  7.77	        0.00	    43950.00	  2883103.00	        0.00	    56097.00	        1.00
  7.78	        0.00	    43568.00	  2954730.00	        0.00	    56097.00	        1.00
  7.79	        0.00	    43227.00	  3017990.00	        0.00	    56097.00	        1.00
  7.80	        0.00	    42840.00	  3090258.00	        0.00	    56097.00	        1.00
  7.81	        0.00	    42481.00	  3156854.00	        0.00	    56097.00	        1.00
  7.82	        0.00	    42121.00	  3223612.00	        0.00	    56097.00	        1.00
  7.83	        0.00	    41753.00	  3292037.00	        0.00	    56097.00	        1.00
  7.84	        0.00	    41387.00	  3359821.00	        0.00	    56097.00	        1.00
  7.85	        0.00	    41001.00	  3431562.00	        0.00	    56097.00	        1.00
  7.86	        0.00	    40615.00	  3503258.00	        0.00	    56097.00	        1.00
  7.87	        0.00	    40211.00	  3578356.00	        0.00	    56097.00	        1.00
  7.88	        0.00	    39782.00	  3658379.00	        0.00	    56097.00	        1.00
  7.89	        0.00	    39342.00	  3740482.00	        0.00	    56097.00	        1.00
  7.90	        0.00	    38910.00	  3821007.00	        0.00	    56097.00	        1.00
  7.91	        0.00	    38483.00	  3900404.00	        0.00	    56097.00	        1.00
  7.92	        0.00	    38025.00	  3985856.00	        0.00	    56097.00	        1.00
  7.93	        0.00	    37603.00	  4063978.00	        0.00	    56097.00	        1.00
  7.94	        0.00	    37162.00	  4145828.00	        0.00	    56097.00	        1.00
  7.95	        0.00	    36689.00	  4234119.00	        0.00	    56097.00	        1.00
  7.96	        0.00	    36276.00	  4310339.00	        0.00	    56097.00	        1.00
  7.97	        0.00	    35820.00	  4394995.00	        0.00	    56097.00	        1.00
  7.98	        0.00	    35359.00	  4480575.00	        0.00	    56097.00	        1.00
  7.99	        0.00	    34876.00	  4570537.00	        0.00	    56097.00	        1.00
  8.00	        0.00	    34438.00	  4651439.00	        0.00	    56097.00	        1.00
  8.01	        0.00	    33986.00	  4734955.00	        0.00	    56097.00	        1.00
  8.02	        0.00	    33555.00	  4814333.00	        0.00	    56097.00	        1.00
  8.03	        0.00	    33107.00	  4897053.00	        0.00	    56097.00	        1.00
  8.04	        0.00	    32669.00	  4977842.00	        0.00	    56097.00	        1.00
  8.05	        0.00	    32197.00	  5065321.00	        0.00	    56097.00	        1.00
  8.06	        0.00	    31772.00	  5143553.00	        0.00	    56097.00	        1.00
  8.07	        0.00	    31269.00	  5237209.00	        0.00	    56097.00	        1.00
  8.08	        0.00	    30789.00	  5326183.00	        0.00	    56097.00	        1.00
  8.09	        0.00	    30361.00	  5404570.00	        0.00	    56097.00	        1.00
  8.10	        0.00	    29862.00	  5497302.00	        0.00	    56097.00	        1.00
  8.11	        0.00	    29403.00	  5581812.00	        0.00	    56097.00	        1.00
  8.12	        0.00	    28924.00	  5670451.00	        0.00	    56097.00	        1.00
  8.13	        0.00	    28421.00	  5763890.00	        0.00	    56097.00	        1.00
  8.14	        0.00	    27937.00	  5853405.00	        0.00	    56097.00	        1.00
  8.15	        0.00	    27452.00	  5943050.00	        0.00	    56097.00	        1.00
  8.16	        0.00	    26992.00	  6027773.00	        0.00	    56097.00	        1.00
  8.17	        0.00	    26515.00	  6115788.00	        0.00	    56097.00	        1.00
  8.18	        0.00	    26065.00	  6198337.00	        0.00	    56097.00	        1.00
  8.19	        0.00	    25568.00	  6290377.00	        0.00	    56097.00	        1.00
  8.20	        0.00	    25113.00	  6374028.00	        0.00	    56097.00	        1.00
  8.21	        0.00	    24648.00	  6459589.00	        0.00	    56097.00	        1.00
  8.22	        0.00	    24177.00	  6546485.00	        0.00	    56097.00	        1.00
  8.23	        0.00	    23726.00	  6629492.00	        0.00	    56097.00	        1.00
  8.24	        0.00	    23283.00	  6710830.00	        0.00	    56097.00	        1.00
  8.25	        0.00	    22857.00	  6788704.00	        0.00	    56097.00	        1.00
  8.26	        0.00	    22415.00	  6869885.00	        0.00	    56097.00	        1.00
  8.27	        0.00	    22010.00	  6943610.00	        0.00	    56097.00	        1.00
  8.28	        0.00	    21537.00	  7031097.00	        0.00	    56097.00	        1.00
  8.29	        0.00	    21103.00	  7110633.00	        0.00	    56097.00	        1.00
  8.30	        0.00	    20667.00	  7190535.00	        0.00	    56097.00	        1.00
  8.31	        0.00	    20255.00	  7265824.00	        0.00	    56097.00	        1.00
  8.32	        0.00	    19838.00	  7342240.00	        0.00	    56097.00	        1.00
  8.33	        0.00	    19400.00	  7422918.00	        0.00	    56097.00	        1.00
  8.34	        0.00	    19002.00	  7495407.00	        0.00	    56097.00	        1.00
  8.35	        0.00	    18578.00	  7573272.00	        0.00	    56097.00	        1.00
  8.36	        0.00	    18140.00	  7653870.00	        0.00	    56097.00	        1.00
  8.37	        0.00	    17720.00	  7731033.00	        0.00	    56097.00	        1.00
  8.38	        0.00	    17313.00	  7805617.00	        0.00	    56097.00	        1.00
  8.39	        0.00	    16918.00	  7878019.00	        0.00	    56097.00	        1.00
  8.40	        0.00	    16545.00	  7945898.00	        0.00	    56097.00	        1.00
  8.41	        0.00	    16187.00	  8010862.00	        0.00	    56097.00	        1.00
  8.42	        0.00	    15820.00	  8077691.00	        0.00	    56097.00	        1.00
  8.43	        0.00	    15437.00	  8147704.00	        0.00	    56097.00	        1.00
  8.44	        0.00	    15059.00	  8216848.00	        0.00	    56097.00	        1.00
  8.45	        0.00	    14689.00	  8284355.00	        0.00	    56097.00	        1.00
  8.46	        0.00	    14323.00	  8351186.00	        0.00	    56097.00	        1.00
  8.47	        0.00	    13950.00	  8419377.00	        0.00	    56097.00	        1.00
  8.48	        0.00	    13579.00	  8487352.00	        0.00	    56097.00	        1.00
  8.49	        0.00	    13234.00	  8550228.00	        0.00	    56097.00	        1.00
  8.50	        0.00	    12899.00	  8611151.00	        0.00	    56097.00	        1.00
  8.51	        0.00	    12534.00	  8678177.00	        0.00	    56097.00	        1.00
  8.52	        0.00	    12192.00	  8740620.00	        0.00	    56097.00	        1.00
  8.53	        0.00	    11869.00	  8799432.00	        0.00	    56097.00	        1.00
  8.54	        0.00	    11543.00	  8858925.00	        0.00	    56097.00	        1.00
  8.55	        0.00	    11272.00	  8907536.00	        0.00	    56097.00	        1.00
  8.56	        0.00	    10963.00	  8963694.00	        0.00	    56097.00	        1.00
  8.57	        0.00	    10676.00	  9015635.00	        0.00	    56097.00	        1.00
  8.58	        0.00	    10389.00	  9067646.00	        0.00	    56097.00	        1.00
  8.59	        0.00	    10092.00	  9121678.00	        0.00	    56097.00	        1.00
  8.60	        0.00	     9817.00	  9171396.00	        0.00	    56097.00	        1.00
  8.61	        0.00	     9547.00	  9220293.00	        0.00	    56097.00	        1.00
  8.62	        0.00	     9320.00	  9260654.00	        0.00	    56097.00	        1.00
  8.63	        0.00	     9049.00	  9309909.00	        0.00	    56097.00	        1.00
  8.64	        0.00	     8815.00	  9351893.00	        0.00	    56097.00	        1.00
  8.65	        0.00	     8525.00	  9405063.00	        0.00	    56097.00	        1.00
  8.66	        0.00	     8268.00	  9451718.00	        0.00	    56097.00	        1.00
  8.67	        0.00	     8058.00	  9489010.00	        0.00	    56097.00	        1.00
  8.68	        0.00	     7838.00	  9528581.00	        0.00	    56097.00	        1.00
  8.69	        0.00	     7637.00	  9564228.00	        0.00	    56097.00	        1.00
  8.70	        0.00	     7362.00	  9614956.00	        0.00	    56097.00	        1.00
  8.71	        0.00	     7123.00	  9658360.00	        0.00	    56097.00	        1.00
  8.72	        0.00	     6894.00	  9699958.00	        0.00	    56097.00	        1.00
  8.73	        0.00	     6672.00	  9740248.00	        0.00	    56097.00	        1.00
  8.74	        0.00	     6444.00	  9781761.00	        0.00	    56097.00	        1.00
  8.75	        0.00	     6234.00	  9819704.00	        0.00	    56097.00	        1.00
  8.76	        0.00	     6043.00	  9853911.00	        0.00	    56097.00	        1.00
  8.77	        0.00	     5874.00	  9883845.00	        0.00	    56097.00	        1.00
  8.78	        0.00	     5669.00	  9920966.00	        0.00	    56097.00	        1.00
  8.79	        0.00	     5487.00	  9953710.00	        0.00	    56097.00	        1.00
  8.80	        0.00	     5310.00	  9985602.00	        0.00	    56097.00	        1.00
  8.81	        0.00	     5133.00	 10017345.00	        0.00	    56097.00	        1.00
  8.82	        0.00	     4965.00	 10047557.00	        0.00	    56097.00	        1.00
  8.83	        0.00	     4824.00	 10072328.00	        0.00	    56097.00	        1.00
  8.84	        0.00	     4669.00	 10099975.00	        0.00	    56097.00	        1.00
  8.85	        0.00	     4510.00	 10128433.00	        0.00	    56097.00	        1.00
  8.86	        0.00	     4362.00	 10154812.00	        0.00	    56097.00	        1.00
  8.87	        0.00	     4200.00	 10184141.00	        0.00	    56097.00	        1.00
  8.88	        0.00	     4072.00	 10206670.00	        0.00	    56097.00	        1.00
  8.89	        0.00	     3925.00	 10233027.00	        0.00	    56097.00	        1.00
  8.90	        0.00	     3779.00	 10259330.00	        0.00	    56097.00	        1.00
  8.91	        0.00	     3644.00	 10283443.00	        0.00	    56097.00	        1.00
  8.92	        0.00	     3515.00	 10306556.00	        0.00	    56097.00	        1.00
  8.93	        0.00	     3390.00	 10328770.00	        0.00	    56097.00	        1.00
  8.94	        0.00	     3292.00	 10345742.00	        0.00	    56097.00	        1.00
  8.95	        0.00	     3174.00	 10366782.00	        0.00	    56097.00	        1.00
  8.96	        0.00	     3071.00	 10384864.00	        0.00	    56097.00	        1.00
  8.97	        0.00	     2950.00	 10406571.00	        0.00	    56097.00	        1.00
  8.98	        0.00	     2851.00	 10423967.00	        0.00	    56097.00	        1.00
  8.99	        0.00	     2741.00	 10443609.00	        0.00	    56097.00	        1.00
  9.00	        0.00	     2634.00	 10462711.00	        0.00	    56097.00	        1.00
  9.01	        0.00	     2538.00	 10479602.00	        0.00	    56097.00	        1.00
  9.02	        0.00	     2447.00	 10495614.00	        0.00	    56097.00	        1.00
  9.03	        0.00	     2364.00	 10510131.00	        0.00	    56097.00	        1.00
  9.04	        0.00	     2289.00	 10523029.00	        0.00	    56097.00	        1.00
  9.05	        0.00	     2212.00	 10536333.00	        0.00	    56097.00	        1.00
  9.06	        0.00	     2138.00	 10549191.00	        0.00	    56097.00	        1.00
  9.07	        0.00	     2058.00	 10563201.00	        0.00	    56097.00	        1.00
  9.08	        0.00	     1987.00	 10575463.00	        0.00	    56097.00	        1.00
  9.09	        0.00	     1888.00	 10593362.00	        0.00	    56097.00	        1.00
  9.10	        0.00	     1823.00	 10604456.00	        0.00	    56097.00	        1.00
  9.11	        0.00	     1754.00	 10616403.00	        0.00	    56097.00	        1.00
  9.12	        0.00	     1696.00	 10626215.00	        0.00	    56097.00	        1.00
  9.13	        0.00	     1632.00	 10637290.00	        0.00	    56097.00	        1.00
  9.14	        0.00	     1577.00	 10646630.00	        0.00	    56097.00	        1.00
  9.15	        0.00	     1523.00	 10655800.00	        0.00	    56097.00	        1.00
  9.16	        0.00	     1461.00	 10666535.00	        0.00	    56097.00	        1.00
  9.17	        0.00	     1402.00	 10676818.00	        0.00	    56097.00	        1.00
  9.18	        0.00	     1353.00	 10685060.00	        0.00	    56097.00	        1.00
  9.19	        0.00	     1287.00	 10696765.00	        0.00	    56097.00	        1.00
  9.20	        0.00	     1240.00	 10704754.00	        0.00	    56097.00	        1.00
  9.21	        0.00	     1197.00	 10711953.00	        0.00	    56097.00	        1.00
  9.22	        0.00	     1158.00	 10718359.00	        0.00	    56097.00	        1.00
  9.23	        0.00	     1115.00	 10725652.00	        0.00	    56097.00	        1.00
  9.24	        0.00	     1077.00	 10731906.00	        0.00	    56097.00	        1.00
  9.25	        0.00	     1035.00	 10738979.00	        0.00	    56097.00	        1.00
  9.26	        0.00	      989.00	 10746855.00	        0.00	    56097.00	        1.00
  9.27	        0.00	      952.00	 10752968.00	        0.00	    56097.00	        1.00
  9.28	        0.00	      913.00	 10759528.00	        0.00	    56097.00	        1.00
  9.29	        0.00	      878.00	 10765316.00	        0.00	    56097.00	        1.00
  9.30	        0.00	      830.00	 10773686.00	        0.00	    56097.00	        1.00
  9.31	        0.00	      785.00	 10781508.00	        0.00	    56097.00	        1.00
  9.32	        0.00	      757.00	 10786026.00	        0.00	    56097.00	        1.00
  9.33	        0.00	      729.00	 10790487.00	        0.00	    56097.00	        1.00
  9.34	        0.00	      703.00	 10794623.00	        0.00	    56097.00	        1.00
  9.35	        0.00	      675.00	 10799131.00	        0.00	    56097.00	        1.00
  9.36	        0.00	      648.00	 10803529.00	        0.00	    56097.00	        1.00
  9.37	        0.00	      623.00	 10807512.00	        0.00	    56097.00	        1.00
  9.38	        0.00	      595.00	 10812087.00	        0.00	    56097.00	        1.00
  9.39	        0.00	      568.00	 10816549.00	        0.00	    56097.00	        1.00
  9.40	        0.00	      541.00	 10820975.00	        0.00	    56097.00	        1.00
  9.41	        0.00	      520.00	 10824263.00	        0.00	    56097.00	        1.00
  9.42	        0.00	      495.00	 10828404.00	        0.00	    56097.00	        1.00
  9.43	        0.00	      479.00	 10830643.00	        0.00	    56097.00	        1.00
  9.44	        0.00	      461.00	 10833348.00	        0.00	    56097.00	        1.00
  9.45	        0.00	      437.00	 10837287.00	        0.00	    56097.00	        1.00
  9.46	        0.00	      416.00	 10840658.00	        0.00	    56097.00	        1.00
  9.47	        0.00	      393.00	 10844433.00	        0.00	    56097.00	        1.00
  9.48	        0.00	      376.00	 10847047.00	        0.00	    56097.00	        1.00
  9.49	        0.00	      359.00	 10849660.00	        0.00	    56097.00	        1.00
  9.50	        0.00	      342.00	 10852314.00	        0.00	    56097.00	        1.00
  9.51	        0.00	      322.00	 10855544.00	        0.00	    56097.00	        1.00
  9.52	        0.00	      310.00	 10857170.00	        0.00	    56097.00	        1.00
  9.53	        0.00	      285.00	 10861421.00	        0.00	    56097.00	        1.00
  9.54	        0.00	      274.00	 10862900.00	        0.00	    56097.00	        1.00
  9.55	        0.00	      267.00	 10863617.00	        0.00	    56097.00	        1.00
  9.56	        0.00	      253.00	 10865719.00	        0.00	    56097.00	        1.00
  9.57	        0.00	      245.00	 10866600.00	        0.00	    56097.00	        1.00
  9.58	        0.00	      234.00	 10868183.00	        0.00	    56097.00	        1.00
  9.59	        0.00	      222.00	 10869939.00	        0.00	    56097.00	        1.00
  9.60	        0.00	      206.00	 10872432.00	        0.00	    56097.00	        1.00
  9.61	        0.00	      193.00	 10874382.00	        0.00	    56097.00	        1.00
  9.62	        0.00	      185.00	 10875337.00	        0.00	    56097.00	        1.00
  9.63	        0.00	      177.00	 10876306.00	        0.00	    56097.00	        1.00
  9.64	        0.00	      170.00	 10877086.00	        0.00	    56097.00	        1.00
  9.65	        0.00	      165.00	 10877474.00	        0.00	    56097.00	        1.00
  9.66	        0.00	      155.00	 10878902.00	        0.00	    56097.00	        1.00
  9.67	        0.00	      153.00	 10878710.00	        0.00	    56097.00	        1.00
  9.68	        0.00	      145.00	 10879752.00	        0.00	    56097.00	        1.00
  9.69	        0.00	      141.00	 10879950.00	        0.00	    56097.00	        1.00
  9.70	        0.00	      135.00	 10880601.00	        0.00	    56097.00	        1.00
  9.71	        0.00	      132.00	 10880615.00	        0.00	    56097.00	        1.00
  9.72	        0.00	      125.00	 10881475.00	        0.00	    56097.00	        1.00
  9.73	        0.00	      119.00	 10882098.00	        0.00	    56097.00	        1.00
  9.74	        0.00	      116.00	 10882126.00	        0.00	    56097.00	        1.00
  9.75	        0.00	      106.00	 10883560.00	        0.00	    56097.00	        1.00
  9.76	        0.00	      102.00	 10883814.00	        0.00	    56097.00	        1.00
  9.77	        0.00	       97.00	 10884303.00	        0.00	    56097.00	        1.00
  9.78	        0.00	       93.00	 10884585.00	        0.00	    56097.00	        1.00
  9.79	        0.00	       88.00	 10885095.00	        0.00	    56097.00	        1.00
  9.80	        0.00	       86.00	 10885017.00	        0.00	    56097.00	        1.00
  9.81	        0.00	       84.00	 10884874.00	        0.00	    56097.00	        1.00
  9.82	        0.00	       78.00	 10885584.00	        0.00	    56097.00	        1.00
  9.83	        0.00	       78.00	 10885080.00	        0.00	    56097.00	        1.00
  9.84	        0.00	       74.00	 10885398.00	        0.00	    56097.00	        1.00
  9.85	        0.00	       73.00	 10885147.00	        0.00	    56097.00	        1.00
  9.86	        0.00	       72.00	 10884870.00	        0.00	    56097.00	        1.00
  9.87	        0.00	       65.00	 10885853.00	        0.00	    56097.00	        1.00
  9.88	        0.00	       58.00	 10886770.00	        0.00	    56097.00	        1.00
  9.89	        0.00	       52.00	 10887511.00	        0.00	    56097.00	        1.00
  9.90	        0.00	       49.00	 10887625.00	        0.00	    56097.00	        1.00
  9.91	        0.00	       47.00	 10887552.00	        0.00	    56097.00	        1.00
  9.92	        0.00	       43.00	 10887880.00	        0.00	    56097.00	        1.00
  9.93	        0.00	       40.00	 10888036.00	        0.00	    56097.00	        1.00
  9.94	        0.00	       36.00	 10888419.00	        0.00	    56097.00	        1.00
  9.95	        0.00	       33.00	 10888573.00	        0.00	    56097.00	        1.00
  9.96	        0.00	       31.00	 10888512.00	        0.00	    56097.00	        1.00
  9.97	        0.00	       30.00	 10888287.00	        0.00	    56097.00	        1.00
  9.98	        0.00	       30.00	 10887900.00	        0.00	    56097.00	        1.00
  9.99	        0.00	       29.00	 10887643.00	        0.00	    56097.00	        1.00
 10.00	        0.00	       25.00	 10888003.00	        0.00	    56097.00	        1.00
 10.01	        0.00	       22.00	 10888165.00	        0.00	    56097.00	        1.00
 10.02	        0.00	       21.00	 10887960.00	        0.00	    56097.00	        1.00
 10.03	        0.00	       21.00	 10887531.00	        0.00	    56097.00	        1.00
 10.04	        0.00	       20.00	 10887313.00	        0.00	    56097.00	        1.00
 10.05	        0.00	       20.00	 10886902.00	        0.00	    56097.00	        1.00
 10.06	        0.00	       18.00	 10886897.00	        0.00	    56097.00	        1.00
 10.07	        0.00	       18.00	 10886515.00	        0.00	    56097.00	        1.00
 10.08	        0.00	       18.00	 10886099.00	        0.00	    56097.00	        1.00
 10.09	        0.00	       18.00	 10885668.00	        0.00	    56097.00	        1.00
 10.10	        0.00	       18.00	 10885250.00	        0.00	    56097.00	        1.00
 10.11	        0.00	       17.00	 10885068.00	        0.00	    56097.00	        1.00
 10.12	        0.00	       16.00	 10884862.00	        0.00	    56097.00	        1.00
 10.13	        0.00	       14.00	 10884883.00	        0.00	    56097.00	        1.00
 10.14	        0.00	       14.00	 10884499.00	        0.00	    56097.00	        1.00
 10.15	        0.00	       14.00	 10884114.00	        0.00	    56097.00	        1.00
 10.16	        0.00	       14.00	 10883726.00	        0.00	    56097.00	        1.00
 10.17	        0.00	       14.00	 10883347.00	        0.00	    56097.00	        1.00
 10.18	        0.00	       14.00	 10882959.00	        0.00	    56097.00	        1.00
 10.19	        0.00	       14.00	 10882603.00	        0.00	    56097.00	        1.00
 10.20	        0.00	       14.00	 10882230.00	        0.00	    56097.00	        1.00
 10.21	        0.00	       12.00	 10882240.00	        0.00	    56097.00	        1.00
 10.22	        0.00	       11.00	 10882041.00	        0.00	    56097.00	        1.00
 10.23	        0.00	       11.00	 10881648.00	        0.00	    56097.00	        1.00
 10.24	        0.00	       11.00	 10881279.00	        0.00	    56097.00	        1.00
 10.25	        0.00	       10.00	 10881084.00	        0.00	    56097.00	        1.00
 10.26	        0.00	       10.00	 10880706.00	        0.00	    56097.00	        1.00
 10.27	        0.00	        8.00	 10880771.00	        0.00	    56097.00	        1.00
 10.28	        0.00	        8.00	 10880362.00	        0.00	    56097.00	        1.00
 10.29	        0.00	        8.00	 10879996.00	        0.00	    56097.00	        1.00
 10.30	        0.00	        8.00	 10879608.00	        0.00	    56097.00	        1.00
 10.31	        0.00	        7.00	 10879453.00	        0.00	    56097.00	        1.00
 10.32	        0.00	        7.00	 10879094.00	        0.00	    56097.00	        1.00
 10.33	        0.00	        7.00	 10878705.00	        0.00	    56097.00	        1.00
 10.34	        0.00	        6.00	 10878530.00	        0.00	    56097.00	        1.00
 10.35	        0.00	        6.00	 10878201.00	        0.00	    56097.00	        1.00
 10.36	        0.00	        6.00	 10877803.00	        0.00	    56097.00	        1.00
 10.37	        0.00	        5.00	 10877633.00	        0.00	    56097.00	        1.00
 10.38	        0.00	        5.00	 10877276.00	        0.00	    56097.00	        1.00
 10.39	        0.00	        5.00	 10876903.00	        0.00	    56097.00	        1.00
 10.40	        0.00	        5.00	 10876523.00	        0.00	    56097.00	        1.00
 10.41	        0.00	        5.00	 10876179.00	        0.00	    56097.00	        1.00
 10.42	        0.00	        5.00	 10875830.00	        0.00	    56097.00	        1.00
 10.43	        0.00	        4.00	 10875645.00	        0.00	    56097.00	        1.00
 10.44	        0.00	        4.00	 10875273.00	        0.00	    56097.00	        1.00
 10.45	        0.00	        4.00	 10874924.00	        0.00	    56097.00	        1.00
 10.46	        0.00	        4.00	 10874564.00	        0.00	    56097.00	        1.00
 10.47	        0.00	        4.00	 10874193.00	        0.00	    56097.00	        1.00
 10.48	        0.00	        4.00	 10873812.00	        0.00	    56097.00	        1.00
 10.49	        0.00	        4.00	 10873421.00	        0.00	    56097.00	        1.00
 10.50	        0.00	        4.00	 10873052.00	        0.00	    56097.00	        1.00
 10.51	        0.00	        4.00	 10872717.00	        0.00	    56097.00	        1.00
 10.52	        0.00	        4.00	 10872321.00	        0.00	    56097.00	        1.00
 10.53	        0.00	        4.00	 10871986.00	        0.00	    56097.00	        1.00
 10.54	        0.00	        4.00	 10871638.00	        0.00	    56097.00	        1.00
 10.55	        0.00	        4.00	 10871314.00	        0.00	    56097.00	        1.00
 10.56	        0.00	        4.00	 10870933.00	        0.00	    56097.00	        1.00
 10.57	        0.00	        4.00	 10870600.00	        0.00	    56097.00	        1.00
 10.58	        0.00	        4.00	 10870242.00	        0.00	    56097.00	        1.00
 10.59	        0.00	        4.00	 10869879.00	        0.00	    56097.00	        1.00
 10.60	        0.00	        4.00	 10869519.00	        0.00	    56097.00	        1.00
 10.61	        0.00	        4.00	 10869150.00	        0.00	    56097.00	        1.00
 10.62	        0.00	        4.00	 10868793.00	        0.00	    56097.00	        1.00
 10.63	        0.00	        4.00	 10868462.00	        0.00	    56097.00	        1.00
 10.64	        0.00	        4.00	 10868104.00	        0.00	    56097.00	        1.00
 10.65	        0.00	        4.00	 10867759.00	        0.00	    56097.00	        1.00
 10.66	        0.00	        3.00	 10867612.00	        0.00	    56097.00	        1.00
 10.67	        0.00	        3.00	 10867232.00	        0.00	    56097.00	        1.00
 10.68	        0.00	        3.00	 10866894.00	        0.00	    56097.00	        1.00
 10.69	        0.00	        3.00	 10866561.00	        0.00	    56097.00	        1.00
 10.70	        0.00	        3.00	 10866223.00	        0.00	    56097.00	        1.00
 10.71	        0.00	        3.00	 10865866.00	        0.00	    56097.00	        1.00
 10.72	        0.00	        3.00	 10865528.00	        0.00	    56097.00	        1.00
 10.73	        0.00	        2.00	 10865380.00	        0.00	    56097.00	        1.00
 10.74	        0.00	        1.00	 10865228.00	        0.00	    56097.00	        1.00
 10.75	        0.00	        1.00	 10864841.00	        0.00	    56097.00	        1.00
 10.76	        0.00	        1.00	 10864498.00	        0.00	    56097.00	        1.00
 10.77	        0.00	        1.00	 10864129.00	        0.00	    56097.00	        1.00
 10.78	        0.00	        1.00	 10863777.00	        0.00	    56097.00	        1.00
 10.79	        0.00	        1.00	 10863419.00	        0.00	    56097.00	        1.00
 10.80	        0.00	        1.00	 10863074.00	        0.00	    56097.00	        1.00
 10.81	        0.00	        1.00	 10862749.00	        0.00	    56097.00	        1.00
 10.82	        0.00	        1.00	 10862388.00	        0.00	    56097.00	        1.00
 10.83	        0.00	        1.00	 10862042.00	        0.00	    56097.00	        1.00
 10.84	        0.00	        1.00	 10861705.00	        0.00	    56097.00	        1.00
 10.85	        0.00	        1.00	 10861375.00	        0.00	    56097.00	        1.00
 10.86	        0.00	        1.00	 10861050.00	        0.00	    56097.00	        1.00
 10.87	        0.00	        1.00	 10860739.00	        0.00	    56097.00	        1.00
 10.88	        0.00	        1.00	 10860377.00	        0.00	    56097.00	        1.00
 10.89	        0.00	        1.00	 10860061.00	        0.00	    56097.00	        1.00
 10.90	        0.00	        1.00	 10859717.00	        0.00	    56097.00	        1.00
 10.91	        0.00	        1.00	 10859381.00	        0.00	    56097.00	        1.00
 10.92	        0.00	        1.00	 10859064.00	        0.00	    56097.00	        1.00
 10.93	        0.00	        1.00	 10858708.00	        0.00	    56097.00	        1.00
 10.94	        0.00	        1.00	 10858390.00	        0.00	    56097.00	        1.00
 10.95	        0.00	        1.00	 10858034.00	        0.00	    56097.00	        1.00
 10.96	        0.00	        1.00	 10857695.00	        0.00	    56097.00	        1.00
 10.97	        0.00	        1.00	 10857368.00	        0.00	    56097.00	        1.00
 10.98	        0.00	        1.00	 10857047.00	        0.00	    56097.00	        1.00
 10.99	        0.00	        1.00	 10856685.00	        0.00	    56097.00	        1.00
 11.00	        0.00	        1.00	 10856354.00	        0.00	    56097.00	        1.00
 11.01	        0.00	        1.00	 10855999.00	        0.00	    56097.00	        1.00
 11.02	        0.00	        1.00	 10855648.00	        0.00	    56097.00	        1.00
 11.03	        0.00	        1.00	 10855306.00	        0.00	    56097.00	        1.00
 11.04	        0.00	        1.00	 10854984.00	        0.00	    56097.00	        1.00
 11.05	        0.00	        1.00	 10854661.00	        0.00	    56097.00	        1.00
 11.06	        0.00	        1.00	 10854343.00	        0.00	    56097.00	        1.00
 11.07	        0.00	        1.00	 10854026.00	        0.00	    56097.00	        1.00
 11.08	        0.00	        1.00	 10853684.00	        0.00	    56097.00	        1.00
 11.09	        0.00	        1.00	 10853342.00	        0.00	    56097.00	        1.00
 11.10	        0.00	        1.00	 10853003.00	        0.00	    56097.00	        1.00
 11.11	        0.00	        1.00	 10852679.00	        0.00	    56097.00	        1.00
 11.12	        0.00	        1.00	 10852355.00	        0.00	    56097.00	        1.00
 11.13	        0.00	        1.00	 10852013.00	        0.00	    56097.00	        1.00
 11.14	        0.00	        1.00	 10851695.00	        0.00	    56097.00	        1.00
 11.15	        0.00	        1.00	 10851374.00	        0.00	    56097.00	        1.00
 11.16	        0.00	        1.00	 10851061.00	        0.00	    56097.00	        1.00
 11.17	        0.00	        1.00	 10850725.00	        0.00	    56097.00	        1.00
 11.18	        0.00	        1.00	 10850421.00	        0.00	    56097.00	        1.00
 11.19	        0.00	        1.00	 10850095.00	        0.00	    56097.00	        1.00
 11.20	        0.00	        1.00	 10849768.00	        0.00	    56097.00	        1.00
 11.21	        0.00	        1.00	 10849431.00	        0.00	    56097.00	        1.00
 11.22	        0.00	        1.00	 10849110.00	        0.00	    56097.00	        1.00
 11.23	        0.00	        1.00	 10848745.00	        0.00	    56097.00	        1.00
 11.24	        0.00	        1.00	 10848390.00	        0.00	    56097.00	        1.00
 11.25	        0.00	        1.00	 10848059.00	        0.00	    56097.00	        1.00
 11.26	        0.00	        1.00	 10847752.00	        0.00	    56097.00	        1.00
 11.27	        0.00	        1.00	 10847406.00	        0.00	    56097.00	        1.00
 11.28	        0.00	        1.00	 10847048.00	        0.00	    56097.00	        1.00
 11.29	        0.00	        1.00	 10846713.00	        0.00	    56097.00	        1.00
 11.30	        0.00	        1.00	 10846347.00	        0.00	    56097.00	        1.00
 11.31	        0.00	        1.00	 10845991.00	        0.00	    56097.00	        1.00
 11.32	        0.00	        1.00	 10845655.00	        0.00	    56097.00	        1.00
 11.33	        0.00	        1.00	 10845313.00	        0.00	    56097.00	        1.00
 11.34	        0.00	        1.00	 10844957.00	        0.00	    56097.00	        1.00
 11.35	        0.00	        1.00	 10844611.00	        0.00	    56097.00	        1.00
 11.36	        0.00	        1.00	 10844290.00	        0.00	    56097.00	        1.00
 11.37	        0.00	        0.00	 10844180.00	        0.00	    56097.00	        0.00
