Datatype: PopulationSize
  0.00	        3.00	        0.00	       32.00	        1.00	        0.00	        3.00
  0.01	        3.00	        0.00	       32.00	        1.00	        0.00	        3.00
  0.02	        3.00	        0.00	       32.00	        1.00	        0.00	        3.00
  0.03	        3.00	        0.00	       32.00	        1.00	        0.00	        3.00
  0.04	        3.00	        0.00	       32.00	        1.00	        0.00	        3.00
  0.05	        3.00	        0.00	       32.00	        1.00	        0.00	        3.00
  0.06	        3.00	        0.00	       32.00	        1.00	        0.00	        3.00
  0.07	        3.00	        0.00	       32.00	        1.00	        0.00	        3.00
  0.08	        3.00	        0.00	       32.00	        1.00	        0.00	        3.00
  0.09	        3.00	        0.00	       32.00	        1.00	        0.00	        3.00
  0.10	        3.00	        0.00	       32.00	        1.00	        0.00	        3.00
  0.11	        3.00	        0.00	       32.00	        1.00	        0.00	        3.00
  0.12	        3.00	        0.00	       32.00	        1.00	        0.00	        3.00
  0.13	        3.00	        0.00	       32.00	        1.00	        0.00	        3.00
  0.14	        3.00	        0.00	       32.00	        1.00	        0.00	        3.00
  0.15	        3.00	        0.00	       32.00	        1.00	        0.00	        3.00
  0.16	        3.00	        0.00	       32.00	        1.00	        0.00	        3.00
  0.17	        3.00	        0.00	       32.00	        1.00	        0.00	        3.00
  0.18	        4.00	        0.00	       32.00	        1.00	        1.00	        3.00
  0.19	        4.00	        0.00	       32.00	        1.00	        1.00	        3.00
  0.20	        4.00	        0.00	       31.00	        1.00	        1.00	        3.00
  0.21	        4.00	        0.00	       31.00	        1.00	        1.00	        3.00
  0.22	        4.00	        0.00	       31.00	        1.00	        1.00	        3.00
  0.23	        4.00	        0.00	       31.00	        1.00	        1.00	        3.00
  0.24	        4.00	        0.00	       31.00	        1.00	        1.00	        3.00
  0.25	        5.00	        0.00	       31.00	        1.00	        2.00	        3.00
  0.26	        5.00	        0.00	       31.00	        1.00	        2.00	        3.00
  0.27	        5.00	        0.00	       31.00	        1.00	        2.00	        3.00
  0.28	        5.00	        0.00	       31.00	        1.00	        2.00	        3.00
  0.29	        5.00	        0.00	       31.00	        1.00	        2.00	        3.00
  0.30	        5.00	        0.00	       31.00	        1.00	        2.00	        3.00
  0.31	        5.00	        0.00	       31.00	        1.00	        2.00	        3.00
  0.32	        5.00	        0.00	       31.00	        1.00	        2.00	        3.00
  0.33	        5.00	        0.00	       31.00	        1.00	        2.00	        3.00
  0.34	        5.00	        0.00	       31.00	        1.00	        2.00	        3.00
  0.35	        5.00	        0.00	       31.00	        1.00	        2.00	        3.00
  0.36	        5.00	        0.00	       31.00	        1.00	        2.00	        3.00
  0.37	        5.00	        0.00	       31.00	        1.00	        2.00	        3.00
  0.38	        5.00	        0.00	       31.00	        1.00	        2.00	        3.00
  0.39	        5.00	        0.00	       31.00	        1.00	        2.00	        3.00
  0.40	        5.00	        0.00	       31.00	        1.00	        2.00	        3.00
  0.41	        5.00	        0.00	       31.00	        1.00	        2.00	        3.00
  0.42	        6.00	        0.00	       31.00	        1.00	        3.00	        3.00
  0.43	        6.00	        0.00	       31.00	        1.00	        3.00	        3.00
  0.44	        6.00	        0.00	       31.00	        1.00	        3.00	        3.00
  0.45	        6.00	        0.00	       31.00	        1.00	        3.00	        3.00
  0.46	        6.00	        0.00	       31.00	        1.00	        3.00	        3.00
  0.47	        6.00	        0.00	       31.00	        1.00	        3.00	        3.00
  0.48	        6.00	        0.00	       31.00	        1.00	        3.00	        3.00
  0.49	        6.00	        0.00	       31.00	        1.00	        3.00	        3.00
  0.50	        6.00	        0.00	       31.00	        1.00	        3.00	        3.00
  0.51	        6.00	        0.00	       31.00	        1.00	        3.00	        3.00
  0.52	        6.00	        0.00	       31.00	        1.00	        3.00	        3.00
  0.53	        6.00	        0.00	       31.00	        1.00	        3.00	        3.00
  0.54	        6.00	        0.00	       31.00	        1.00	        3.00	        3.00
  0.55	        6.00	        0.00	       31.00	        1.00	        3.00	        3.00
  0.56	        6.00	        0.00	       31.00	        1.00	        3.00	        3.00
  0.57	        6.00	        0.00	       31.00	        1.00	        3.00	        3.00
  0.58	        6.00	        0.00	       31.00	        1.00	        3.00	        3.00
  0.59	        6.00	        0.00	       31.00	        1.00	        3.00	        3.00
  0.60	        6.00	        0.00	       30.00	        1.00	        3.00	        3.00
  0.61	        6.00	        0.00	       30.00	        1.00	        3.00	        3.00
  0.62	        7.00	        0.00	       30.00	        1.00	        4.00	        3.00
  0.63	        7.00	        0.00	       30.00	        1.00	        4.00	        3.00
  0.64	        7.00	        0.00	       30.00	        1.00	        4.00	        3.00
  0.65	        7.00	        0.00	       30.00	        1.00	        4.00	        3.00
  0.66	        7.00	        0.00	       30.00	        1.00	        4.00	        3.00
  0.67	        7.00	        0.00	       30.00	        1.00	        4.00	        3.00
  0.68	        7.00	        0.00	       30.00	        1.00	        4.00	        3.00
  0.69	        7.00	        0.00	       30.00	        1.00	        4.00	        3.00
  0.70	        7.00	        0.00	       30.00	        1.00	        4.00	        3.00
  0.71	        7.00	        0.00	       30.00	        1.00	        4.00	        3.00
  0.72	        7.00	        0.00	       30.00	        1.00	        4.00	        3.00
  0.73	        7.00	        0.00	       30.00	        1.00	        4.00	        3.00
  0.74	        8.00	        0.00	       30.00	        1.00	        5.00	        3.00
  0.75	        8.00	        0.00	       30.00	        1.00	        5.00	        3.00
  0.76	        8.00	        0.00	       30.00	        1.00	        5.00	        3.00
  0.77	        8.00	        0.00	       30.00	        1.00	        5.00	        3.00
  0.78	        8.00	        0.00	       30.00	        1.00	        5.00	        3.00
  0.79	        8.00	        0.00	       30.00	        1.00	        5.00	        3.00
  0.80	        8.00	        0.00	       30.00	        1.00	        5.00	        3.00
  0.81	        8.00	        0.00	       30.00	        1.00	        5.00	        3.00
  0.82	        8.00	        0.00	       30.00	        1.00	        5.00	        3.00
  0.83	        8.00	        0.00	       30.00	        1.00	        5.00	        3.00
  0.84	        8.00	        0.00	       30.00	        1.00	        5.00	        3.00
  0.85	        8.00	        0.00	       30.00	        1.00	        5.00	        3.00
  0.86	        9.00	        0.00	       30.00	        1.00	        6.00	        3.00
  0.87	        9.00	        0.00	       30.00	        1.00	        6.00	        3.00
  0.88	       10.00	        0.00	       30.00	        1.00	        7.00	        3.00
  0.89	       11.00	        0.00	       30.00	        1.00	        8.00	        3.00
  0.90	       11.00	        0.00	       30.00	        1.00	        8.00	        3.00
  0.91	       11.00	        0.00	       30.00	        1.00	        8.00	        3.00
  0.92	       12.00	        0.00	       30.00	        1.00	        9.00	        3.00
  0.93	       13.00	        0.00	       30.00	        1.00	       10.00	        3.00
  0.94	       13.00	        0.00	       30.00	        1.00	       10.00	        3.00
  0.95	       13.00	        0.00	       30.00	        1.00	       10.00	        3.00
  0.96	       14.00	        0.00	       30.00	        1.00	       11.00	        3.00
  0.97	       14.00	        0.00	       30.00	        1.00	       11.00	        3.00
  0.98	       15.00	        0.00	       30.00	        1.00	       12.00	        3.00
  0.99	       16.00	        0.00	       30.00	        1.00	       13.00	        3.00
  1.00	       16.00	        0.00	       30.00	        1.00	       13.00	        3.00
  1.01	       16.00	        0.00	       30.00	        1.00	       13.00	        3.00
  1.02	       16.00	        0.00	       30.00	        1.00	       13.00	        3.00
  1.03	       16.00	        0.00	       30.00	        1.00	       13.00	        3.00
  1.04	       16.00	        0.00	       30.00	        1.00	       13.00	        3.00
  1.05	       16.00	        0.00	       30.00	        1.00	       13.00	        3.00
  1.06	       16.00	        0.00	       30.00	        1.00	       13.00	        3.00
  1.07	       16.00	        0.00	       30.00	        1.00	       13.00	        3.00
  1.08	       16.00	        0.00	       30.00	        1.00	       13.00	        3.00
  1.09	       16.00	        0.00	       30.00	        1.00	       13.00	        3.00
  1.10	       16.00	        0.00	       30.00	        1.00	       13.00	        3.00
  1.11	       16.00	        0.00	       30.00	        1.00	       13.00	        3.00
  1.12	       16.00	        0.00	       30.00	        1.00	       13.00	        3.00
  1.13	       16.00	        0.00	       30.00	        1.00	       13.00	        3.00
  1.14	       17.00	        0.00	       30.00	        1.00	       14.00	        3.00
  1.15	       17.00	        0.00	       30.00	        1.00	       14.00	        3.00
  1.16	       17.00	        0.00	       30.00	        1.00	       14.00	        3.00
  1.17	       18.00	        0.00	       30.00	        1.00	       15.00	        3.00
  1.18	       18.00	        0.00	       30.00	        1.00	       15.00	        3.00
  1.19	       18.00	        0.00	       30.00	        1.00	       15.00	        3.00
  1.20	       18.00	        0.00	       30.00	        1.00	       15.00	        3.00
  1.21	       19.00	        0.00	       30.00	        1.00	       16.00	        3.00
  1.22	       20.00	        0.00	       30.00	        1.00	       17.00	        3.00
  1.23	       20.00	        0.00	       30.00	        1.00	       17.00	        3.00
  1.24	       20.00	        0.00	       30.00	        1.00	       17.00	        3.00
  1.25	       20.00	        0.00	       30.00	        1.00	       17.00	        3.00
  1.26	       20.00	        0.00	       30.00	        1.00	       17.00	        3.00
  1.27	       20.00	        0.00	       30.00	        1.00	       17.00	        3.00
  1.28	       21.00	        0.00	       30.00	        1.00	       18.00	        3.00
  1.29	       21.00	        0.00	       30.00	        1.00	       18.00	        3.00
  1.30	       21.00	        0.00	       30.00	        1.00	       18.00	        3.00
  1.31	       22.00	        0.00	       30.00	        1.00	       19.00	        3.00
  1.32	       23.00	        0.00	       30.00	        1.00	       20.00	        3.00
  1.33	       24.00	        0.00	       30.00	        1.00	       21.00	        3.00
  1.34	       26.00	        0.00	       30.00	        1.00	       23.00	        3.00
  1.35	       27.00	        0.00	       30.00	        1.00	       24.00	        3.00
  1.36	       27.00	        0.00	       30.00	        1.00	       24.00	        3.00
  1.37	       27.00	        0.00	       30.00	        1.00	       24.00	        3.00
  1.38	       27.00	        0.00	       30.00	        1.00	       24.00	        3.00
  1.39	       27.00	        0.00	       30.00	        1.00	       24.00	        3.00
  1.40	       27.00	        0.00	       30.00	        1.00	       24.00	        3.00
  1.41	       29.00	        0.00	       30.00	        1.00	       26.00	        3.00
  1.42	       30.00	        0.00	       30.00	        1.00	       27.00	        3.00
  1.43	       30.00	        0.00	       30.00	        1.00	       27.00	        3.00
  1.44	       32.00	        0.00	       30.00	        1.00	       29.00	        3.00
  1.45	       33.00	        0.00	       30.00	        1.00	       30.00	        3.00
  1.46	       34.00	        0.00	       30.00	        1.00	       31.00	        3.00
  1.47	       34.00	        0.00	       30.00	        1.00	       31.00	        3.00
  1.48	       34.00	        0.00	       30.00	        1.00	       31.00	        3.00
  1.49	       34.00	        0.00	       30.00	        1.00	       31.00	        3.00
  1.50	       35.00	        0.00	       30.00	        1.00	       32.00	        3.00
  1.51	       35.00	        0.00	       30.00	        1.00	       32.00	        3.00
  1.52	       35.00	        0.00	       30.00	        1.00	       32.00	        3.00
  1.53	       36.00	        0.00	       30.00	        1.00	       33.00	        3.00
  1.54	       37.00	        0.00	       30.00	        1.00	       34.00	        3.00
  1.55	       38.00	        0.00	       30.00	        1.00	       35.00	        3.00
  1.56	       38.00	        0.00	       30.00	        1.00	       35.00	        3.00
  1.57	       40.00	        0.00	       30.00	        1.00	       37.00	        3.00
  1.58	       40.00	        0.00	       30.00	        1.00	       37.00	        3.00
  1.59	       40.00	        0.00	       30.00	        1.00	       37.00	        3.00
  1.60	       40.00	        0.00	       30.00	        1.00	       37.00	        3.00
  1.61	       41.00	        0.00	       30.00	        1.00	       38.00	        3.00
  1.62	       42.00	        0.00	       30.00	        1.00	       39.00	        3.00
  1.63	       42.00	        0.00	       30.00	        1.00	       39.00	        3.00
  1.64	       43.00	        0.00	       30.00	        1.00	       40.00	        3.00
  1.65	       43.00	        0.00	       30.00	        1.00	       40.00	        3.00
  1.66	       43.00	        0.00	       30.00	        1.00	       40.00	        3.00
  1.67	       43.00	        0.00	       29.00	        1.00	       40.00	        3.00
  1.68	       43.00	        0.00	       29.00	        1.00	       40.00	        3.00
  1.69	       43.00	        0.00	       29.00	        1.00	       40.00	        3.00
  1.70	       44.00	        0.00	       29.00	        1.00	       41.00	        3.00
  1.71	       44.00	        0.00	       29.00	        1.00	       41.00	        3.00
  1.72	       44.00	        0.00	       29.00	        1.00	       41.00	        3.00
  1.73	       46.00	        0.00	       29.00	        1.00	       43.00	        3.00
  1.74	       48.00	        0.00	       29.00	        1.00	       45.00	        3.00
  1.75	       48.00	        0.00	       29.00	        1.00	       45.00	        3.00
  1.76	       48.00	        0.00	       29.00	        1.00	       45.00	        3.00
  1.77	       50.00	        0.00	       29.00	        1.00	       47.00	        3.00
  1.78	       50.00	        0.00	       29.00	        1.00	       47.00	        3.00
  1.79	       52.00	        0.00	       29.00	        1.00	       49.00	        3.00
  1.80	       55.00	        0.00	       29.00	        1.00	       52.00	        3.00
  1.81	       56.00	        0.00	       29.00	        1.00	       53.00	        3.00
  1.82	       57.00	        0.00	       29.00	        1.00	       54.00	        3.00
  1.83	       58.00	        0.00	       29.00	        1.00	       55.00	        3.00
  1.84	       59.00	        0.00	       29.00	        1.00	       56.00	        3.00
  1.85	       60.00	        0.00	       29.00	        1.00	       57.00	        3.00
  1.86	       60.00	        0.00	       29.00	        1.00	       57.00	        3.00
  1.87	       62.00	        0.00	       29.00	        1.00	       59.00	        3.00
  1.88	       63.00	        0.00	       29.00	        1.00	       60.00	        3.00
  1.89	       64.00	        0.00	       29.00	        1.00	       61.00	        3.00
  1.90	       65.00	        0.00	       29.00	        1.00	       62.00	        3.00
  1.91	       67.00	        0.00	       29.00	        1.00	       64.00	        3.00
  1.92	       69.00	        0.00	       29.00	        1.00	       66.00	        3.00
  1.93	       71.00	        0.00	       29.00	        1.00	       68.00	        3.00
  1.94	       71.00	        0.00	       29.00	        1.00	       68.00	        3.00
  1.95	       73.00	        0.00	       29.00	        1.00	       70.00	        3.00
  1.96	       74.00	        0.00	       29.00	        1.00	       71.00	        3.00
  1.97	       77.00	        0.00	       29.00	        1.00	       74.00	        3.00
  1.98	       78.00	        0.00	       29.00	        1.00	       75.00	        3.00
  1.99	       79.00	        0.00	       29.00	        1.00	       76.00	        3.00
  2.00	       80.00	        0.00	       29.00	        1.00	       77.00	        3.00
  2.01	       82.00	        0.00	       29.00	        1.00	       79.00	        3.00
  2.02	       84.00	        0.00	       29.00	        1.00	       81.00	        3.00
  2.03	       85.00	        0.00	       29.00	        1.00	       82.00	        3.00
  2.04	       87.00	        0.00	       29.00	        1.00	       84.00	        3.00
  2.05	       89.00	        0.00	       29.00	        1.00	       86.00	        3.00
  2.06	       93.00	        0.00	       29.00	        1.00	       90.00	        3.00
  2.07	       95.00	        0.00	       28.00	        1.00	       92.00	        3.00
  2.08	       95.00	        0.00	       28.00	        1.00	       92.00	        3.00
  2.09	       97.00	        0.00	       28.00	        1.00	       94.00	        3.00
  2.10	      100.00	        0.00	       28.00	        1.00	       97.00	        3.00
  2.11	      102.00	        0.00	       28.00	        1.00	       99.00	        3.00
  2.12	      102.00	        0.00	       28.00	        1.00	       99.00	        3.00
  2.13	      103.00	        0.00	       28.00	        1.00	      100.00	        3.00
  2.14	      106.00	        0.00	       28.00	        1.00	      103.00	        3.00
  2.15	      107.00	        0.00	       28.00	        1.00	      104.00	        3.00
  2.16	      108.00	        0.00	       28.00	        1.00	      105.00	        3.00
  2.17	      110.00	        0.00	       28.00	        1.00	      107.00	        3.00
  2.18	      112.00	        0.00	       28.00	        1.00	      109.00	        3.00
  2.19	      115.00	        0.00	       28.00	        1.00	      112.00	        3.00
  2.20	      116.00	        0.00	       28.00	        1.00	      113.00	        3.00
  2.21	      116.00	        0.00	       28.00	        1.00	      113.00	        3.00
  2.22	      117.00	        0.00	       28.00	        1.00	      114.00	        3.00
  2.23	      119.00	        0.00	       28.00	        1.00	      116.00	        3.00
  2.24	      120.00	        0.00	       28.00	        1.00	      117.00	        3.00
  2.25	      121.00	        0.00	       28.00	        1.00	      118.00	        3.00
  2.26	      125.00	        0.00	       28.00	        1.00	      122.00	        3.00
  2.27	      125.00	        0.00	       28.00	        1.00	      122.00	        3.00
  2.28	      128.00	        0.00	       28.00	        1.00	      125.00	        3.00
  2.29	      128.00	        0.00	       28.00	        1.00	      125.00	        3.00
  2.30	      129.00	        0.00	       28.00	        1.00	      126.00	        3.00
  2.31	      132.00	        0.00	       28.00	        1.00	      129.00	        3.00
  2.32	      136.00	        0.00	       28.00	        1.00	      133.00	        3.00
  2.33	      137.00	        0.00	       28.00	        1.00	      134.00	        3.00
  2.34	      138.00	        0.00	       28.00	        1.00	      135.00	        3.00
  2.35	      142.00	        0.00	       28.00	        1.00	      139.00	        3.00
  2.36	      143.00	        0.00	       28.00	        1.00	      140.00	        3.00
  2.37	      147.00	        0.00	       28.00	        1.00	      144.00	        3.00
  2.38	      147.00	        0.00	       28.00	        1.00	      144.00	        3.00
  2.39	      151.00	        0.00	       28.00	        1.00	      148.00	        3.00
  2.40	      153.00	        0.00	       28.00	        1.00	      150.00	        3.00
  2.41	      155.00	        0.00	       28.00	        1.00	      152.00	        3.00
  2.42	      157.00	        0.00	       28.00	        1.00	      154.00	        3.00
  2.43	      160.00	        0.00	       28.00	        1.00	      157.00	        3.00
  2.44	      161.00	        0.00	       28.00	        1.00	      158.00	        3.00
  2.45	      163.00	        0.00	       28.00	        1.00	      160.00	        3.00
  2.46	      165.00	        0.00	       28.00	        1.00	      162.00	        3.00
  2.47	      168.00	        0.00	       28.00	        1.00	      165.00	        3.00
  2.48	      170.00	        0.00	       28.00	        1.00	      167.00	        3.00
  2.49	      173.00	        0.00	       28.00	        1.00	      170.00	        3.00
  2.50	      175.00	        0.00	       28.00	        1.00	      172.00	        3.00
  2.51	      181.00	        0.00	       28.00	        1.00	      178.00	        3.00
  2.52	      181.00	        0.00	       28.00	        1.00	      178.00	        3.00
  2.53	      184.00	        0.00	       28.00	        1.00	      181.00	        3.00
  2.54	      187.00	        0.00	       28.00	        1.00	      184.00	        3.00
  2.55	      190.00	        0.00	       28.00	        1.00	      187.00	        3.00
  2.56	      192.00	        0.00	       28.00	        1.00	      189.00	        3.00
  2.57	      196.00	        0.00	       28.00	        1.00	      193.00	        3.00
  2.58	      199.00	        0.00	       28.00	        1.00	      196.00	        3.00
  2.59	      202.00	        0.00	       28.00	        1.00	      199.00	        3.00
  2.60	      209.00	        0.00	       28.00	        1.00	      206.00	        3.00
  2.61	      213.00	        0.00	       28.00	        1.00	      210.00	        3.00
  2.62	      214.00	        0.00	       28.00	        1.00	      211.00	        3.00
  2.63	      219.00	        0.00	       28.00	        1.00	      216.00	        3.00
  2.64	      224.00	        0.00	       28.00	        1.00	      221.00	        3.00
  2.65	      236.00	        0.00	       27.00	        1.00	      233.00	        3.00
  2.66	      242.00	        0.00	       27.00	        1.00	      239.00	        3.00
  2.67	      246.00	        0.00	       27.00	        1.00	      243.00	        3.00
  2.68	      249.00	        0.00	       27.00	        1.00	      246.00	        3.00
  2.69	      253.00	        0.00	       27.00	        1.00	      250.00	        3.00
  2.70	      260.00	        0.00	       27.00	        1.00	      257.00	        3.00
  2.71	      264.00	        0.00	       27.00	        1.00	      261.00	        3.00
  2.72	      268.00	        0.00	       27.00	        1.00	      265.00	        3.00
  2.73	      272.00	        0.00	       27.00	        1.00	      269.00	        3.00
  2.74	      276.00	        0.00	       27.00	        1.00	      273.00	        3.00
  2.75	      282.00	        0.00	       27.00	        1.00	      279.00	        3.00
  2.76	      290.00	        0.00	       27.00	        1.00	      287.00	        3.00
  2.77	      293.00	        0.00	       27.00	        1.00	      290.00	        3.00
  2.78	      300.00	        0.00	       27.00	        1.00	      297.00	        3.00
  2.79	      307.00	        0.00	       27.00	        1.00	      304.00	        3.00
  2.80	      313.00	        0.00	       27.00	        1.00	      310.00	        3.00
  2.81	      317.00	        0.00	       27.00	        1.00	      314.00	        3.00
  2.82	      323.00	        0.00	       27.00	        1.00	      320.00	        3.00
  2.83	      329.00	        0.00	       27.00	        1.00	      326.00	        3.00
  2.84	      335.00	        0.00	       27.00	        1.00	      332.00	        3.00
  2.85	      339.00	        0.00	       27.00	        1.00	      336.00	        3.00
  2.86	      348.00	        0.00	       27.00	        1.00	      345.00	        3.00
  2.87	      357.00	        0.00	       27.00	        1.00	      354.00	        3.00
  2.88	      360.00	        0.00	       27.00	        1.00	      357.00	        3.00
  2.89	      365.00	        0.00	       27.00	        1.00	      362.00	        3.00
  2.90	      374.00	        0.00	       27.00	        1.00	      371.00	        3.00
  2.91	      387.00	        0.00	       27.00	        1.00	      384.00	        3.00
  2.92	      395.00	        0.00	       27.00	        1.00	      392.00	        3.00
  2.93	      399.00	        0.00	       27.00	        1.00	      396.00	        3.00
  2.94	      406.00	        0.00	       26.00	        1.00	      403.00	        3.00
  2.95	      412.00	        0.00	       26.00	        1.00	      409.00	        3.00
  2.96	      418.00	        0.00	       26.00	        1.00	      415.00	        3.00
  2.97	      428.00	        0.00	       26.00	        1.00	      425.00	        3.00
  2.98	      437.00	        0.00	       26.00	        1.00	      434.00	        3.00
  2.99	      450.00	        0.00	       26.00	        1.00	      447.00	        3.00
  3.00	      455.00	        0.00	       26.00	        1.00	      452.00	        3.00
  3.01	      465.00	        0.00	       26.00	        1.00	      462.00	        3.00
  3.02	      474.00	        0.00	       26.00	        1.00	      471.00	        3.00
  3.03	      485.00	        0.00	       26.00	        1.00	      482.00	        3.00
  3.04	      498.00	        0.00	       26.00	        1.00	      495.00	        3.00
  3.05	      507.00	        0.00	       26.00	        1.00	      504.00	        3.00
  3.06	      516.00	        0.00	       26.00	        1.00	      513.00	        3.00
  3.07	      524.00	        0.00	       26.00	        1.00	      521.00	        3.00
  3.08	      531.00	        0.00	       25.00	        1.00	      528.00	        3.00
  3.09	      543.00	        0.00	       25.00	        1.00	      540.00	        3.00
  3.10	      555.00	        0.00	       25.00	        1.00	      552.00	        3.00
  3.11	      563.00	        0.00	       25.00	        1.00	      560.00	        3.00
  3.12	      574.00	        0.00	       25.00	        1.00	      571.00	        3.00
  3.13	      584.00	        0.00	       25.00	        1.00	      581.00	        3.00
  3.14	      593.00	        0.00	       24.00	        1.00	      590.00	        3.00
  3.15	      607.00	        0.00	       24.00	        1.00	      604.00	        3.00
  3.16	      622.00	        0.00	       24.00	        1.00	      619.00	        3.00
  3.17	      629.00	        0.00	       24.00	        1.00	      626.00	        3.00
  3.18	      640.00	        0.00	       24.00	        1.00	      637.00	        3.00
  3.19	      657.00	        0.00	       24.00	        1.00	      654.00	        3.00
  3.20	      668.00	        0.00	       24.00	        1.00	      665.00	        3.00
  3.21	      683.00	        0.00	       24.00	        1.00	      680.00	        3.00
  3.22	      692.00	        0.00	       24.00	        1.00	      689.00	        3.00
  3.23	      702.00	        0.00	       24.00	        1.00	      699.00	        3.00
  3.24	      712.00	        0.00	       24.00	        1.00	      709.00	        3.00
  3.25	      726.00	        0.00	       24.00	        1.00	      723.00	        3.00
  3.26	      741.00	        0.00	       24.00	        1.00	      738.00	        3.00
  3.27	      754.00	        0.00	       24.00	        1.00	      751.00	        3.00
  3.28	      769.00	        0.00	       24.00	        1.00	      766.00	        3.00
  3.29	      775.00	        0.00	       24.00	        1.00	      772.00	        3.00
  3.30	      785.00	        0.00	       24.00	        1.00	      782.00	        3.00
  3.31	      799.00	        0.00	       24.00	        1.00	      796.00	        3.00
  3.32	      805.00	        0.00	       24.00	        1.00	      802.00	        3.00
  3.33	      820.00	        0.00	       24.00	        1.00	      817.00	        3.00
  3.34	      828.00	        0.00	       24.00	        1.00	      825.00	        3.00
  3.35	      841.00	        0.00	       24.00	        1.00	      838.00	        3.00
  3.36	      856.00	        0.00	       24.00	        1.00	      853.00	        3.00
  3.37	      873.00	        0.00	       24.00	        1.00	      870.00	        3.00
  3.38	      889.00	        0.00	       24.00	        1.00	      886.00	        3.00
  3.39	      902.00	        0.00	       24.00	        1.00	      899.00	        3.00
  3.40	      915.00	        0.00	       24.00	        1.00	      912.00	        3.00
  3.41	      932.00	        0.00	       24.00	        1.00	      929.00	        3.00
  3.42	      949.00	        0.00	       24.00	        1.00	      946.00	        3.00
  3.43	      959.00	        0.00	       24.00	        1.00	      956.00	        3.00
  3.44	      976.00	        0.00	       24.00	        1.00	      973.00	        3.00
  3.45	      996.00	        0.00	       24.00	        1.00	      993.00	        3.00
  3.46	     1014.00	        0.00	       24.00	        1.00	     1011.00	        3.00
  3.47	     1022.00	        0.00	       24.00	        1.00	     1019.00	        3.00
  3.48	     1043.00	        0.00	       24.00	        1.00	     1040.00	        3.00
  3.49	     1064.00	        0.00	       24.00	        1.00	     1061.00	        3.00
  3.50	     1082.00	        0.00	       24.00	        1.00	     1079.00	        3.00
  3.51	     1103.00	        0.00	       23.00	        1.00	     1100.00	        3.00
  3.52	     1116.00	        0.00	       23.00	        1.00	     1113.00	        3.00
  3.53	     1140.00	        0.00	       23.00	        1.00	     1137.00	        3.00
  3.54	     1162.00	        0.00	       23.00	        1.00	     1159.00	        3.00
  3.55	     1179.00	        0.00	       23.00	        1.00	     1176.00	        3.00
  3.56	     1191.00	        0.00	       23.00	        1.00	     1188.00	        3.00
  3.57	     1207.00	        0.00	       23.00	        1.00	     1204.00	        3.00
  3.58	     1226.00	        0.00	       23.00	        1.00	     1223.00	        3.00
  3.59	     1242.00	        0.00	       23.00	        1.00	     1239.00	        3.00
  3.60	     1268.00	        0.00	       23.00	        1.00	     1265.00	        3.00
  3.61	     1297.00	        0.00	       23.00	        1.00	     1294.00	        3.00
  3.62	     1317.00	        0.00	       23.00	        1.00	     1314.00	        3.00
  3.63	     1339.00	        0.00	       23.00	        1.00	     1336.00	        3.00
  3.64	     1371.00	        0.00	       23.00	        1.00	     1368.00	        3.00
  3.65	     1391.00	        0.00	       23.00	        1.00	     1388.00	        3.00
  3.66	     1412.00	        0.00	       23.00	        1.00	     1409.00	        3.00
  3.67	     1436.00	        0.00	       23.00	        1.00	     1433.00	        3.00
  3.68	     1469.00	        0.00	       23.00	        1.00	     1466.00	        3.00
  3.69	     1494.00	        0.00	       23.00	        1.00	     1491.00	        3.00
  3.70	     1510.00	        0.00	       23.00	        1.00	     1507.00	        3.00
  3.71	     1537.00	        0.00	       23.00	        1.00	     1534.00	        3.00
  3.72	     1565.00	        0.00	       23.00	        1.00	     1562.00	        3.00
  3.73	     1580.00	        0.00	       23.00	        1.00	     1577.00	        3.00
  3.74	     1614.00	        0.00	       23.00	        1.00	     1611.00	        3.00
  3.75	     1641.00	        0.00	       23.00	        1.00	     1638.00	        3.00
  3.76	     1661.00	        0.00	       23.00	        1.00	     1658.00	        3.00
  3.77	     1690.00	        0.00	       23.00	        1.00	     1687.00	        3.00
  3.78	     1721.00	        0.00	       23.00	        1.00	     1718.00	        3.00
  3.79	     1750.00	        0.00	       23.00	        1.00	     1747.00	        3.00
  3.80	     1785.00	        0.00	       23.00	        1.00	     1782.00	        3.00
  3.81	     1814.00	        0.00	       23.00	        1.00	     1811.00	        3.00
  3.82	     1846.00	        0.00	       23.00	        1.00	     1843.00	        3.00
  3.83	     1870.00	        0.00	       23.00	        1.00	     1867.00	        3.00
  3.84	     1904.00	        0.00	       23.00	        1.00	     1901.00	        3.00
  3.85	     1933.00	        0.00	       23.00	        1.00	     1930.00	        3.00
  3.86	     1963.00	        0.00	       23.00	        1.00	     1960.00	        3.00
  3.87	     2011.00	        0.00	       23.00	        1.00	     2008.00	        3.00
  3.88	     2035.00	        0.00	       23.00	        1.00	     2032.00	        3.00
  3.89	     2073.00	        0.00	       23.00	        1.00	     2070.00	        3.00
  3.90	     2112.00	        0.00	       23.00	        1.00	     2109.00	        3.00
  3.91	     2129.00	        0.00	       23.00	        1.00	     2126.00	        3.00
  3.92	     2165.00	        0.00	       23.00	        1.00	     2162.00	        3.00
  3.93	     2191.00	        0.00	       23.00	        1.00	     2188.00	        3.00
  3.94	     2229.00	        0.00	       23.00	        1.00	     2226.00	        3.00
  3.95	     2261.00	        0.00	       23.00	        1.00	     2258.00	        3.00
  3.96	     2290.00	        0.00	       23.00	        1.00	     2287.00	        3.00
  3.97	     2332.00	        0.00	       23.00	        1.00	     2329.00	        3.00
  3.98	     2365.00	        0.00	       23.00	        1.00	     2362.00	        3.00
  3.99	     2403.00	        0.00	       23.00	        1.00	     2400.00	        3.00
  4.00	     2436.00	        0.00	       23.00	        1.00	     2433.00	        3.00
  4.01	     2479.00	        0.00	       23.00	        1.00	     2476.00	        3.00
  4.02	     2513.00	        0.00	       23.00	        1.00	     2510.00	        3.00
  4.03	     2562.00	        0.00	       23.00	        1.00	     2559.00	        3.00
  4.04	     2594.00	        0.00	       23.00	        1.00	     2591.00	        3.00
  4.05	     2642.00	        0.00	       23.00	        1.00	     2639.00	        3.00
  4.06	     2680.00	        0.00	       23.00	        1.00	     2677.00	        3.00
  4.07	     2719.00	        0.00	       23.00	        1.00	     2716.00	        3.00
  4.08	     2766.00	        0.00	       23.00	        1.00	     2763.00	        3.00
  4.09	     2808.00	        0.00	       23.00	        1.00	     2805.00	        3.00
  4.10	     2862.00	        0.00	       23.00	        1.00	     2859.00	        3.00
  4.11	     2915.00	        0.00	       23.00	        1.00	     2912.00	        3.00
  4.12	     2960.00	        0.00	       23.00	        1.00	     2957.00	        3.00
  4.13	     3015.00	        0.00	       23.00	        1.00	     3012.00	        3.00
  4.14	     3065.00	        0.00	       23.00	        1.00	     3062.00	        3.00
  4.15	     3107.00	        0.00	       23.00	        1.00	     3104.00	        3.00
  4.16	     3147.00	        0.00	       23.00	        1.00	     3144.00	        3.00
  4.17	     3212.00	        0.00	       23.00	        1.00	     3209.00	        3.00
  4.18	     3278.00	        0.00	       23.00	        1.00	     3275.00	        3.00
  4.19	     3355.00	        0.00	       23.00	        1.00	     3352.00	        3.00
  4.20	     3398.00	        0.00	       23.00	        1.00	     3395.00	        3.00
  4.21	     3465.00	        0.00	       23.00	        1.00	     3462.00	        3.00
  4.22	     3512.00	        0.00	       23.00	        1.00	     3509.00	        3.00
  4.23	     3566.00	        0.00	       23.00	        1.00	     3563.00	        3.00
  4.24	     3630.00	        0.00	       23.00	        1.00	     3627.00	        3.00
  4.25	     3696.00	        0.00	       23.00	        1.00	     3693.00	        3.00
  4.26	     3757.00	        0.00	       23.00	        1.00	     3754.00	        3.00
  4.27	     3831.00	        0.00	       23.00	        1.00	     3828.00	        3.00
  4.28	     3894.00	        0.00	       23.00	        1.00	     3891.00	        3.00
  4.29	     3965.00	        0.00	       23.00	        1.00	     3962.00	        3.00
  4.30	     4038.00	        0.00	       23.00	        1.00	     4035.00	        3.00
  4.31	     4108.00	        0.00	       23.00	        1.00	     4105.00	        3.00
  4.32	     4175.00	        0.00	       23.00	        1.00	     4172.00	        3.00
  4.33	     4238.00	        0.00	       23.00	        1.00	     4235.00	        3.00
  4.34	     4312.00	        0.00	       23.00	        1.00	     4309.00	        3.00
  4.35	     4387.00	        0.00	       23.00	        1.00	     4384.00	        3.00
  4.36	     4451.00	        0.00	       23.00	        1.00	     4448.00	        3.00
  4.37	     4537.00	        0.00	       23.00	        1.00	     4534.00	        3.00
  4.38	     4600.00	        0.00	       23.00	        1.00	     4597.00	        3.00
  4.39	     4675.00	        0.00	       23.00	        1.00	     4672.00	        3.00
  4.40	     4756.00	        0.00	       23.00	        1.00	     4753.00	        3.00
  4.41	     4831.00	        0.00	       23.00	        1.00	     4828.00	        3.00
  4.42	     4908.00	        0.00	       23.00	        1.00	     4905.00	        3.00
  4.43	     4999.00	        0.00	       23.00	        1.00	     4996.00	        3.00
  4.44	     5073.00	        0.00	       23.00	        1.00	     5070.00	        3.00
  4.45	     5158.00	        0.00	       23.00	        1.00	     5155.00	        3.00
  4.46	     5237.00	        0.00	       23.00	        1.00	     5234.00	        3.00
  4.47	     5316.00	        0.00	       23.00	        1.00	     5313.00	        3.00
  4.48	     5400.00	        0.00	       23.00	        1.00	     5397.00	        3.00
  4.49	     5487.00	        0.00	       23.00	        1.00	     5484.00	        3.00
  4.50	     5564.00	        0.00	       23.00	        1.00	     5561.00	        3.00
  4.51	     5655.00	        0.00	       23.00	        1.00	     5652.00	        3.00
  4.52	     5762.00	        0.00	       23.00	        1.00	     5759.00	        3.00
  4.53	     5869.00	        0.00	       23.00	        1.00	     5866.00	        3.00
  4.54	     5957.00	        0.00	       23.00	        1.00	     5954.00	        3.00
  4.55	     6044.00	        0.00	       23.00	        1.00	     6041.00	        3.00
  4.56	     6144.00	        0.00	       23.00	        1.00	     6141.00	        3.00
  4.57	     6230.00	        0.00	       23.00	        1.00	     6227.00	        3.00
  4.58	     6321.00	        0.00	       23.00	        1.00	     6318.00	        3.00
  4.59	     6417.00	        0.00	       23.00	        1.00	     6414.00	        3.00
  4.60	     6512.00	        0.00	       23.00	        1.00	     6509.00	        3.00
  4.61	     6624.00	        0.00	       23.00	        1.00	     6621.00	        3.00
  4.62	     6727.00	        0.00	       23.00	        1.00	     6724.00	        3.00
  4.63	     6860.00	        0.00	       23.00	        1.00	     6857.00	        3.00
  4.64	     6976.00	        0.00	       23.00	        1.00	     6973.00	        3.00
  4.65	     7089.00	        0.00	       23.00	        1.00	     7086.00	        3.00
  4.66	     7194.00	        0.00	       23.00	        1.00	     7191.00	        3.00
  4.67	     7314.00	        0.00	       23.00	        1.00	     7311.00	        3.00
  4.68	     7423.00	        0.00	       23.00	        1.00	     7420.00	        3.00
  4.69	     7555.00	        0.00	       23.00	        1.00	     7552.00	        3.00
  4.70	     7689.00	        0.00	       23.00	        1.00	     7686.00	        3.00
  4.71	     7824.00	        0.00	       23.00	        1.00	     7821.00	        3.00
  4.72	     7960.00	        0.00	       23.00	        1.00	     7957.00	        3.00
  4.73	     8111.00	        0.00	       23.00	        1.00	     8108.00	        3.00
  4.74	     8241.00	        0.00	       23.00	        1.00	     8238.00	        3.00
  4.75	     8376.00	        0.00	       23.00	        1.00	     8373.00	        3.00
  4.76	     8511.00	        0.00	       23.00	        1.00	     8508.00	        3.00
  4.77	     8657.00	        0.00	       23.00	        1.00	     8654.00	        3.00
  4.78	     8818.00	        0.00	       23.00	        1.00	     8815.00	        3.00
  4.79	     8978.00	        0.00	       23.00	        1.00	     8975.00	        3.00
  4.80	     9130.00	        0.00	       23.00	        1.00	     9127.00	        3.00
  4.81	     9281.00	        0.00	       23.00	        1.00	     9278.00	        3.00
  4.82	     9449.00	        0.00	       23.00	        1.00	     9446.00	        3.00
  4.83	     9607.00	        0.00	       23.00	        1.00	     9604.00	        3.00
  4.84	     9770.00	        0.00	       23.00	        1.00	     9767.00	        3.00
  4.85	     9931.00	        0.00	       23.00	        1.00	     9928.00	        3.00
  4.86	    10076.00	        0.00	       23.00	        1.00	    10073.00	        3.00
  4.87	    10261.00	        0.00	       23.00	        1.00	    10258.00	        3.00
  4.88	    10416.00	        0.00	       23.00	        1.00	    10413.00	        3.00
  4.89	    10589.00	        0.00	       23.00	        1.00	    10586.00	        3.00
  4.90	    10771.00	        0.00	       23.00	        1.00	    10768.00	        3.00
  4.91	    10954.00	        0.00	       23.00	        1.00	    10951.00	        3.00
  4.92	    11135.00	        0.00	       23.00	        1.00	    11132.00	        3.00
  4.93	    11332.00	        0.00	       23.00	        1.00	    11329.00	        3.00
  4.94	    11533.00	        0.00	       23.00	        1.00	    11530.00	        3.00
  4.95	    11730.00	        0.00	       23.00	        1.00	    11727.00	        3.00
  4.96	    11901.00	        0.00	       23.00	        1.00	    11898.00	        3.00
  4.97	    12121.00	        0.00	       23.00	        1.00	    12118.00	        3.00
  4.98	    12327.00	        0.00	       23.00	        1.00	    12324.00	        3.00
  4.99	    12526.00	        0.00	       23.00	        1.00	    12523.00	        3.00
  5.00	    12725.00	        0.00	       23.00	        1.00	    12722.00	        3.00
  5.01	    12949.00	        0.00	       23.00	        1.00	    12946.00	        3.00
  5.02	    13174.00	        0.00	       23.00	        1.00	    13171.00	        3.00
  5.03	    13387.00	        0.00	       23.00	        1.00	    13384.00	        3.00
  5.04	    13606.00	        0.00	       23.00	        1.00	    13603.00	        3.00
  5.05	    13842.00	        0.00	       23.00	        1.00	    13839.00	        3.00
  5.06	    14075.00	        0.00	       23.00	        1.00	    14072.00	        3.00
  5.07	    14314.00	        0.00	       23.00	        1.00	    14311.00	        3.00
  5.08	    14534.00	        0.00	       23.00	        1.00	    14531.00	        3.00
  5.09	    14795.00	        0.00	       23.00	        1.00	    14792.00	        3.00
  5.10	    15040.00	        0.00	       23.00	        1.00	    15037.00	        3.00
  5.11	    15289.00	        0.00	       23.00	        1.00	    15286.00	        3.00
  5.12	    15550.00	        0.00	       23.00	        1.00	    15547.00	        3.00
  5.13	    15801.00	        0.00	       23.00	        1.00	    15798.00	        3.00
  5.14	    16075.00	        0.00	       23.00	        1.00	    16072.00	        3.00
  5.15	    16361.00	        0.00	       23.00	        1.00	    16358.00	        3.00
  5.16	    16630.00	        0.00	       23.00	        1.00	    16627.00	        3.00
  5.17	    16909.00	        0.00	       23.00	        1.00	    16906.00	        3.00
  5.18	    17200.00	        0.00	       23.00	        1.00	    17197.00	        3.00
  5.19	    17479.00	        0.00	       23.00	        1.00	    17476.00	        3.00
  5.20	    17765.00	        0.00	       23.00	        1.00	    17762.00	        3.00
  5.21	    18068.00	        0.00	       23.00	        1.00	    18065.00	        3.00
  5.22	    18369.00	        0.00	       23.00	        1.00	    18366.00	        3.00
  5.23	    18655.00	        0.00	       23.00	        1.00	    18652.00	        3.00
  5.24	    18941.00	        0.00	       23.00	        1.00	    18938.00	        3.00
  5.25	    19256.00	        0.00	       23.00	        1.00	    19253.00	        3.00
  5.26	    19594.00	        0.00	       23.00	        1.00	    19591.00	        3.00
  5.27	    19932.00	        0.00	       23.00	        1.00	    19929.00	        3.00
  5.28	    20251.00	        0.00	       23.00	        1.00	    20248.00	        3.00
  5.29	    20587.00	        0.00	       23.00	        1.00	    20584.00	        3.00
  5.30	    20928.00	        0.00	       22.00	        1.00	    20925.00	        3.00
  5.31	    21301.00	        0.00	       22.00	        1.00	    21298.00	        3.00
  5.32	    21665.00	        0.00	       22.00	        1.00	    21662.00	        3.00
  5.33	    22030.00	        0.00	       22.00	        1.00	    22027.00	        3.00
  5.34	    22399.00	        0.00	       22.00	        1.00	    22396.00	        3.00
  5.35	    22814.00	        0.00	       22.00	        1.00	    22811.00	        3.00
  5.36	    23189.00	        0.00	       22.00	        1.00	    23186.00	        3.00
  5.37	    23596.00	        0.00	       22.00	        1.00	    23593.00	        3.00
  5.38	    23985.00	        0.00	       22.00	        1.00	    23982.00	        3.00
  5.39	    24417.00	        0.00	       22.00	        1.00	    24414.00	        3.00
  5.40	    24767.00	        0.00	       22.00	        1.00	    24764.00	        3.00
  5.41	    25177.00	        0.00	       22.00	        1.00	    25174.00	        3.00
  5.42	    25610.00	        0.00	       22.00	        1.00	    25607.00	        3.00
  5.43	    26067.00	        0.00	       22.00	        1.00	    26064.00	        3.00
  5.44	    26523.00	        0.00	       22.00	        1.00	    26520.00	        3.00
  5.45	    26962.00	        0.00	       22.00	        1.00	    26959.00	        3.00
  5.46	    27400.00	        0.00	       22.00	        1.00	    27397.00	        3.00
  5.47	    27885.00	        0.00	       22.00	        1.00	    27882.00	        3.00
  5.48	    28362.00	        0.00	       22.00	        1.00	    28359.00	        3.00
  5.49	    28869.00	        0.00	       22.00	        1.00	    28866.00	        3.00
  5.50	    29339.00	        0.00	       22.00	        1.00	    29336.00	        3.00
  5.51	    29825.00	        0.00	       22.00	        1.00	    29822.00	        3.00
  5.52	    30344.00	        0.00	       22.00	        1.00	    30341.00	        3.00
  5.53	    30821.00	        0.00	       22.00	        1.00	    30818.00	        3.00
  5.54	    31319.00	        0.00	       22.00	        1.00	    31316.00	        3.00
  5.55	    31853.00	        0.00	       22.00	        1.00	    31850.00	        3.00
  5.56	    32378.00	        0.00	       22.00	        1.00	    32375.00	        3.00
  5.57	    32905.00	        0.00	       22.00	        1.00	    32902.00	        3.00
  5.58	    33460.00	        0.00	       22.00	        1.00	    33457.00	        3.00
  5.59	    34009.00	        0.00	       22.00	        1.00	    34006.00	        3.00
  5.60	    34548.00	        0.00	       22.00	        1.00	    34545.00	        3.00
  5.61	    35125.00	        0.00	       22.00	        1.00	    35122.00	        3.00
  5.62	    35685.00	        0.00	       22.00	        1.00	    35682.00	        3.00
  5.63	    36268.00	        0.00	       22.00	        1.00	    36265.00	        3.00
  5.64	    36859.00	        0.00	       22.00	        1.00	    36856.00	        3.00
  5.65	    37495.00	        0.00	       22.00	        1.00	    37492.00	        3.00
  5.66	    38068.00	        0.00	       22.00	        1.00	    38065.00	        3.00
  5.67	    38720.00	        0.00	       22.00	        1.00	    38717.00	        3.00
  5.68	    39385.00	        0.00	       22.00	        1.00	    39382.00	        3.00
  5.69	    40077.00	        0.00	       22.00	        1.00	    40074.00	        3.00
  5.70	    40721.00	        0.00	       22.00	        1.00	    40718.00	        3.00
  5.71	    41402.00	        0.00	       21.00	        1.00	    41399.00	        3.00
  5.72	    42100.00	        0.00	       21.00	        1.00	    42097.00	        3.00
  5.73	    42797.00	        0.00	       21.00	        1.00	    42794.00	        3.00
  5.74	    43544.00	        0.00	       21.00	        1.00	    43541.00	        3.00
  5.75	    44223.00	        0.00	       21.00	        1.00	    44220.00	        3.00
  5.76	    44977.00	        0.00	       21.00	        1.00	    44974.00	        3.00
  5.77	    45703.00	        0.00	       21.00	        1.00	    45700.00	        3.00
  5.78	    46465.00	        0.00	       21.00	        1.00	    46462.00	        3.00
  5.79	    47241.00	        0.00	       20.00	        1.00	    47238.00	        3.00
  5.80	    48023.00	        0.00	       20.00	        1.00	    48020.00	        3.00
  5.81	    48801.00	        0.00	       19.00	        1.00	    48798.00	        3.00
  5.82	    49639.00	        0.00	       19.00	        1.00	    49636.00	        3.00
  5.83	    50491.00	        0.00	       19.00	        1.00	    50488.00	        3.00
  5.84	    51275.00	        0.00	       19.00	        1.00	    51272.00	        3.00
  5.85	    52133.00	        0.00	       19.00	        1.00	    52130.00	        3.00
  5.86	    53016.00	        0.00	       19.00	        1.00	    53013.00	        3.00
  5.87	    53969.00	        0.00	       19.00	        1.00	    53966.00	        3.00
  5.88	    54887.00	        0.00	       19.00	        1.00	    54884.00	        3.00
  5.89	    55821.00	        0.00	       18.00	        1.00	    55818.00	        3.00
  5.90	    56738.00	        0.00	       18.00	        1.00	    56735.00	        3.00
  5.91	    57658.00	        0.00	       18.00	        1.00	    57655.00	        3.00
  5.92	    58592.00	        0.00	       18.00	        1.00	    58589.00	        3.00
  5.93	    59551.00	        0.00	       18.00	        1.00	    59548.00	        3.00
  5.94	    60527.00	        0.00	       18.00	        1.00	    60524.00	        3.00
  5.95	    61467.00	        0.00	       18.00	        1.00	    61464.00	        3.00
  5.96	    62530.00	        0.00	       18.00	        1.00	    62527.00	        3.00
  5.97	    63607.00	        0.00	       18.00	        1.00	    63604.00	        3.00
  5.98	    64700.00	        0.00	       18.00	        1.00	    64697.00	        3.00
  5.99	    65835.00	        0.00	       18.00	        1.00	    65832.00	        3.00
  6.00	    66945.00	        0.00	       18.00	        1.00	    66942.00	        3.00
  6.01	    68039.00	        0.00	       18.00	        1.00	    68036.00	        3.00
  6.02	    69242.00	        0.00	       18.00	        1.00	    69239.00	        3.00
  6.03	    70419.00	        0.00	       18.00	        1.00	    70416.00	        3.00
  6.04	    71564.00	        0.00	       18.00	        1.00	    71561.00	        3.00
  6.05	    72827.00	        0.00	       18.00	        1.00	    72824.00	        3.00
  6.06	    74068.00	        0.00	       18.00	        1.00	    74065.00	        3.00
  6.07	    75311.00	        0.00	       18.00	        1.00	    75308.00	        3.00
  6.08	    76572.00	        0.00	       18.00	        1.00	    76569.00	        3.00
  6.09	    77912.00	        0.00	       18.00	        1.00	    77909.00	        3.00
  6.10	    79197.00	        0.00	       18.00	        1.00	    79194.00	        3.00
  6.11	    80466.00	        0.00	       18.00	        1.00	    80463.00	        3.00
  6.12	    81783.00	        0.00	       18.00	        1.00	    81780.00	        3.00
  6.13	    83129.00	        0.00	       18.00	        1.00	    83126.00	        3.00
  6.14	    84522.00	        0.00	       18.00	        1.00	    84519.00	        3.00
  6.15	    85915.00	        0.00	       18.00	        1.00	    85912.00	        3.00
  6.16	    87267.00	        0.00	       18.00	        1.00	    87264.00	        3.00
  6.17	    88669.00	        0.00	       18.00	        1.00	    88666.00	        3.00
  6.18	    90192.00	        0.00	       18.00	        1.00	    90189.00	        3.00
  6.19	    91711.00	        0.00	       18.00	        1.00	    91708.00	        3.00
  6.20	    93270.00	        0.00	       18.00	        1.00	    93267.00	        3.00
  6.21	    94864.00	        0.00	       18.00	        1.00	    94861.00	        3.00
  6.22	    96527.00	        0.00	       18.00	        1.00	    96524.00	        3.00
  6.23	    98119.00	        0.00	       18.00	        1.00	    98116.00	        3.00
  6.24	    99754.00	        0.00	       18.00	        1.00	    99751.00	        3.00
  6.25	   101410.00	        0.00	       18.00	        1.00	   101407.00	        3.00
  6.26	   103106.00	        0.00	       18.00	        1.00	   103103.00	        3.00
  6.27	   104829.00	        0.00	       18.00	        1.00	   104826.00	        3.00
  6.28	   106568.00	        0.00	       18.00	        1.00	   106565.00	        3.00
  6.29	   108261.00	        0.00	       18.00	        1.00	   108258.00	        3.00
  6.30	   110071.00	        0.00	       18.00	        1.00	   110068.00	        3.00
  6.31	   111930.00	        0.00	       18.00	        1.00	   111927.00	        3.00
  6.32	   113760.00	        0.00	       18.00	        1.00	   113757.00	        3.00
  6.33	   115692.00	        0.00	       18.00	        1.00	   115689.00	        3.00
  6.34	   117638.00	        0.00	       18.00	        1.00	   117635.00	        3.00
  6.35	   119593.00	        0.00	       18.00	        1.00	   119590.00	        3.00
  6.36	   121593.00	        0.00	       18.00	        1.00	   121590.00	        3.00
  6.37	   123704.00	        0.00	       18.00	        1.00	   123701.00	        3.00
  6.38	   125760.00	        0.00	       18.00	        1.00	   125757.00	        3.00
  6.39	   127880.00	        0.00	       18.00	        1.00	   127877.00	        3.00
  6.40	   130114.00	        0.00	       18.00	        1.00	   130111.00	        3.00
  6.41	   132296.00	        0.00	       17.00	        1.00	   132293.00	        3.00
  6.42	   134574.00	        0.00	       17.00	        1.00	   134571.00	        3.00
  6.43	   136696.00	        0.00	       17.00	        1.00	   136693.00	        3.00
  6.44	   138907.00	        0.00	       17.00	        1.00	   138904.00	        3.00
  6.45	   141246.00	        0.00	       17.00	        1.00	   141243.00	        3.00
  6.46	   143690.00	        0.00	       17.00	        1.00	   143687.00	        3.00
  6.47	   146012.00	        0.00	       17.00	        1.00	   146009.00	        3.00
  6.48	   148367.00	        0.00	       17.00	        1.00	   148364.00	        3.00
  6.49	   150940.00	        0.00	       17.00	        1.00	   150937.00	        3.00
  6.50	   153550.00	        0.00	       17.00	        1.00	   153547.00	        3.00
  6.51	   156111.00	        0.00	       17.00	        1.00	   156108.00	        3.00
  6.52	   158811.00	        0.00	       17.00	        1.00	   158808.00	        3.00
  6.53	   161470.00	        0.00	       17.00	        1.00	   161467.00	        3.00
  6.54	   164176.00	        0.00	       17.00	        1.00	   164173.00	        3.00
  6.55	   166946.00	        0.00	       17.00	        1.00	   166943.00	        3.00
  6.56	   169818.00	        0.00	       17.00	        1.00	   169815.00	        3.00
  6.57	   172664.00	        0.00	       17.00	        1.00	   172661.00	        3.00
  6.58	   175581.00	        0.00	       17.00	        1.00	   175578.00	        3.00
  6.59	   178457.00	        0.00	       16.00	        1.00	   178454.00	        3.00
  6.60	   181333.00	        0.00	       16.00	        1.00	   181330.00	        3.00
  6.61	   184412.00	        0.00	       16.00	        1.00	   184409.00	        3.00
  6.62	   187522.00	        0.00	       16.00	        1.00	   187519.00	        3.00
  6.63	   190645.00	        0.00	       16.00	        1.00	   190642.00	        3.00
  6.64	   193860.00	        0.00	       16.00	        1.00	   193857.00	        3.00
  6.65	   197092.00	        0.00	       16.00	        1.00	   197089.00	        3.00
  6.66	   200338.00	        0.00	       16.00	        1.00	   200335.00	        3.00
  6.67	   203624.00	        0.00	       16.00	        1.00	   203621.00	        3.00
  6.68	   207120.00	        0.00	       16.00	        1.00	   207117.00	        3.00
  6.69	   210649.00	        0.00	       16.00	        1.00	   210646.00	        3.00
  6.70	   214206.00	        0.00	       16.00	        1.00	   214203.00	        3.00
  6.71	   217749.00	        0.00	       16.00	        1.00	   217746.00	        3.00
  6.72	   221337.00	        0.00	       16.00	        1.00	   221334.00	        3.00
  6.73	   225062.00	        0.00	       16.00	        1.00	   225059.00	        3.00
  6.74	   228788.00	        0.00	       16.00	        1.00	   228785.00	        3.00
  6.75	   232610.00	        0.00	       16.00	        1.00	   232607.00	        3.00
  6.76	   236463.00	        0.00	       16.00	        1.00	   236460.00	        3.00
  6.77	   240417.00	        0.00	       16.00	        1.00	   240414.00	        3.00
  6.78	   244389.00	        0.00	       16.00	        1.00	   244386.00	        3.00
  6.79	   248431.00	        0.00	       16.00	        1.00	   248428.00	        3.00
  6.80	   252710.00	        0.00	       16.00	        1.00	   252707.00	        3.00
  6.81	   257080.00	        0.00	       16.00	        1.00	   257077.00	        3.00
  6.82	   261343.00	        0.00	       16.00	        1.00	   261340.00	        3.00
  6.83	   265709.00	        0.00	       16.00	        1.00	   265706.00	        3.00
  6.84	   270140.00	        0.00	       16.00	        1.00	   270137.00	        3.00
  6.85	   274595.00	        0.00	       16.00	        1.00	   274592.00	        3.00
  6.86	   279156.00	        0.00	       16.00	        1.00	   279153.00	        3.00
  6.87	   283904.00	        0.00	       16.00	        1.00	   283901.00	        3.00
  6.88	   288592.00	        0.00	       16.00	        1.00	   288589.00	        3.00
  6.89	   293412.00	        0.00	       16.00	        1.00	   293409.00	        3.00
  6.90	   298345.00	        0.00	       16.00	        1.00	   298342.00	        3.00
  6.91	   303412.00	        0.00	       16.00	        1.00	   303409.00	        3.00
  6.92	   308573.00	        0.00	       16.00	        1.00	   308570.00	        3.00
  6.93	   313693.00	        0.00	       16.00	        1.00	   313690.00	        3.00
  6.94	   318985.00	        0.00	       16.00	        1.00	   318982.00	        3.00
  6.95	   324292.00	        0.00	       16.00	        1.00	   324289.00	        3.00
  6.96	   329725.00	        0.00	       16.00	        1.00	   329722.00	        3.00
  6.97	   335224.00	        0.00	       16.00	        1.00	   335221.00	        3.00
  6.98	   340794.00	        0.00	       16.00	        1.00	   340791.00	        3.00
  6.99	   346484.00	        0.00	       16.00	        1.00	   346481.00	        3.00
  7.00	   352280.00	        0.00	       16.00	        1.00	   352277.00	        3.00
  7.01	   358342.00	        0.00	       16.00	        1.00	   358339.00	        3.00
  7.02	   364496.00	        0.00	       16.00	        1.00	   364493.00	        3.00
  7.03	   370643.00	        0.00	       16.00	        1.00	   370640.00	        3.00
  7.04	   376828.00	        0.00	       16.00	        1.00	   376825.00	        3.00
  7.05	   383039.00	        0.00	       16.00	        1.00	   383036.00	        3.00
  7.06	   389422.00	        0.00	       16.00	        1.00	   389419.00	        3.00
  7.07	   395891.00	        0.00	       16.00	        1.00	   395888.00	        3.00
  7.08	   402498.00	        0.00	       16.00	        1.00	   402495.00	        3.00
  7.09	   409339.00	        0.00	       16.00	        1.00	   409336.00	        3.00
  7.10	   416103.00	        0.00	       16.00	        1.00	   416100.00	        3.00
  7.11	   423027.00	        0.00	       16.00	        1.00	   423024.00	        3.00
  7.12	   429990.00	        0.00	       16.00	        1.00	   429987.00	        3.00
  7.13	   437215.00	        0.00	       16.00	        1.00	   437212.00	        3.00
  7.14	   444660.00	        0.00	       16.00	        1.00	   444657.00	        3.00
  7.15	   452337.00	        0.00	       16.00	        1.00	   452334.00	        3.00
  7.16	   459988.00	        0.00	       16.00	        1.00	   459985.00	        3.00
  7.17	   467828.00	        0.00	       16.00	        1.00	   467825.00	        3.00
  7.18	   475685.00	        0.00	       16.00	        1.00	   475682.00	        3.00
  7.19	   483724.00	        0.00	       16.00	        1.00	   483721.00	        3.00
  7.20	   491744.00	        0.00	       16.00	        1.00	   491741.00	        3.00
  7.21	   499934.00	        0.00	       16.00	        1.00	   499931.00	        3.00
  7.22	   508286.00	        0.00	       16.00	        1.00	   508283.00	        3.00
  7.23	   516820.00	        0.00	       16.00	        1.00	   516817.00	        3.00
  7.24	   525544.00	        0.00	       16.00	        1.00	   525541.00	        3.00
  7.25	   534316.00	        0.00	       16.00	        1.00	   534313.00	        3.00
  7.26	   543176.00	        0.00	       16.00	        1.00	   543173.00	        3.00
  7.27	   552127.00	        0.00	       16.00	        1.00	   552124.00	        3.00
  7.28	   561439.00	        0.00	       16.00	        1.00	   561436.00	        3.00
  7.29	   570839.00	        0.00	       16.00	        1.00	   570836.00	        3.00
  7.30	   580245.00	        0.00	       16.00	        1.00	   580242.00	        3.00
  7.31	   590068.00	        0.00	       16.00	        1.00	   590065.00	        3.00
  7.32	   599883.00	        0.00	       16.00	        1.00	   599880.00	        3.00
  7.33	   609901.00	        0.00	       16.00	        1.00	   609898.00	        3.00
  7.34	   620189.00	        0.00	       16.00	        1.00	   620186.00	        3.00
  7.35	   630578.00	        0.00	       16.00	        1.00	   630575.00	        3.00
  7.36	   640945.00	        0.00	       16.00	        1.00	   640942.00	        3.00
  7.37	   651722.00	        0.00	       16.00	        1.00	   651719.00	        3.00
  7.38	   662522.00	        0.00	       16.00	        1.00	   662519.00	        3.00
  7.39	   673588.00	        0.00	       16.00	        1.00	   673585.00	        3.00
  7.40	   684788.00	        0.00	       16.00	        1.00	   684785.00	        3.00
  7.41	   696232.00	        0.00	       16.00	        1.00	   696229.00	        3.00
  7.42	   707946.00	        0.00	       16.00	        1.00	   707943.00	        3.00
  7.43	   719808.00	        0.00	       16.00	        1.00	   719805.00	        3.00
  7.44	   731940.00	        0.00	       16.00	        1.00	   731937.00	        3.00
  7.45	   744407.00	        0.00	       16.00	        1.00	   744404.00	        3.00
  7.46	   756811.00	        0.00	       16.00	        1.00	   756808.00	        3.00
  7.47	   769478.00	        0.00	       16.00	        1.00	   769475.00	        3.00
  7.48	   782478.00	        0.00	       16.00	        1.00	   782475.00	        3.00
  7.49	   795712.00	        0.00	       16.00	        1.00	   795709.00	        3.00
  7.50	   809139.00	        0.00	       16.00	        1.00	   809136.00	        3.00
  7.51	   822925.00	        0.00	       16.00	        1.00	   822922.00	        3.00
  7.52	   836777.00	        0.00	       16.00	        1.00	   836774.00	        3.00
  7.53	   850713.00	        0.00	       16.00	        1.00	   850710.00	        3.00
  7.54	   864989.00	        0.00	       16.00	        1.00	   864986.00	        3.00
  7.55	   879636.00	        0.00	       16.00	        1.00	   879633.00	        3.00
  7.56	   894422.00	        0.00	       16.00	        1.00	   894419.00	        3.00
  7.57	   909194.00	        0.00	       16.00	        1.00	   909191.00	        3.00
  7.58	   924525.00	        0.00	       16.00	        1.00	   924522.00	        3.00
  7.59	   939958.00	        0.00	       16.00	        1.00	   939955.00	        3.00
  7.60	   955583.00	        0.00	       16.00	        1.00	   955580.00	        3.00
  7.61	   971512.00	        0.00	       16.00	        1.00	   971509.00	        3.00
  7.62	   987899.00	        0.00	       16.00	        1.00	   987896.00	        3.00
  7.63	  1004248.00	        0.00	       16.00	        1.00	  1004245.00	        3.00
  7.64	  1020885.00	        0.00	       16.00	        1.00	  1020882.00	        3.00
  7.65	  1038053.00	        0.00	       16.00	        1.00	  1038050.00	        3.00
  7.66	  1055450.00	        0.00	       16.00	        1.00	  1055447.00	        3.00
  7.67	  1072954.00	        0.00	       16.00	        1.00	  1072951.00	        3.00
  7.68	  1090944.00	        0.00	       16.00	        1.00	  1090941.00	        3.00
  7.69	  1109304.00	        0.00	       16.00	        1.00	  1109301.00	        3.00
  7.70	  1128054.00	        0.00	       16.00	        1.00	  1128051.00	        3.00
  7.71	  1147008.00	        0.00	       16.00	        1.00	  1147005.00	        3.00
  7.72	  1166209.00	        0.00	       16.00	        1.00	  1166206.00	        3.00
  7.73	  1185855.00	        0.00	       16.00	        1.00	  1185852.00	        3.00
  7.74	  1205643.00	        0.00	       16.00	        1.00	  1205640.00	        3.00
  7.75	  1225894.00	        0.00	       16.00	        1.00	  1225891.00	        3.00
  7.76	  1246503.00	        0.00	       16.00	        1.00	  1246500.00	        3.00
  7.77	  1267335.00	        0.00	       16.00	        1.00	  1267332.00	        3.00
  7.78	  1288441.00	        0.00	       16.00	        1.00	  1288438.00	        3.00
  7.79	  1310095.00	        0.00	       16.00	        1.00	  1310092.00	        3.00
  7.80	  1332122.00	        0.00	       16.00	        1.00	  1332119.00	        3.00
  7.81	  1354403.00	        0.00	       16.00	        1.00	  1354400.00	        3.00
  7.82	  1376946.00	        0.00	       16.00	        1.00	  1376943.00	        3.00
  7.83	  1400049.00	        0.00	       16.00	        1.00	  1400046.00	        3.00
  7.84	  1423695.00	        0.00	       16.00	        1.00	  1423692.00	        3.00
  7.85	  1447710.00	        0.00	       16.00	        1.00	  1447707.00	        3.00
  7.86	  1471963.00	        0.00	       16.00	        1.00	  1471960.00	        3.00
  7.87	  1496627.00	        0.00	       16.00	        1.00	  1496624.00	        3.00
  7.88	  1521786.00	        0.00	       16.00	        1.00	  1521783.00	        3.00
  7.89	  1546961.00	        0.00	       16.00	        1.00	  1546958.00	        3.00
  7.90	  1573034.00	        0.00	       16.00	        1.00	  1573031.00	        3.00
  7.91	  1599640.00	        0.00	       16.00	        1.00	  1599637.00	        3.00
  7.92	  1626604.00	        0.00	       16.00	        1.00	  1626601.00	        3.00
  7.93	  1653774.00	        0.00	       16.00	        1.00	  1653771.00	        3.00
  7.94	  1681679.00	        0.00	       16.00	        1.00	  1681676.00	        3.00
  7.95	  1709924.00	        0.00	       16.00	        1.00	  1709921.00	        3.00
  7.96	  1738739.00	        0.00	       16.00	        1.00	  1738736.00	        3.00
  7.97	  1767760.00	        0.00	       16.00	        1.00	  1767757.00	        3.00
  7.98	  1797042.00	        0.00	       16.00	        1.00	  1797039.00	        3.00
  7.99	  1827413.00	        0.00	       16.00	        1.00	  1827410.00	        3.00
  8.00	  1858343.00	        0.00	       16.00	        1.00	  1858340.00	        3.00
  8.01	  1889665.00	        0.00	       16.00	        1.00	  1889662.00	        3.00
  8.02	  1921629.00	        0.00	       16.00	        1.00	  1921626.00	        3.00
  8.03	  1953985.00	        0.00	       16.00	        1.00	  1953982.00	        3.00
  8.04	  1986802.00	        0.00	       16.00	        1.00	  1986799.00	        3.00
  8.05	  2020235.00	        0.00	       16.00	        1.00	  2020232.00	        3.00
  8.06	  2054117.00	        0.00	       16.00	        1.00	  2054114.00	        3.00
  8.07	  2088699.00	        0.00	       15.00	        1.00	  2088696.00	        3.00
  8.08	  2123511.00	        0.00	       15.00	        1.00	  2123508.00	        3.00
  8.09	  2158933.00	        0.00	       15.00	        1.00	  2158930.00	        3.00
  8.10	  2194826.00	        0.00	       15.00	        1.00	  2194823.00	        3.00
  8.11	  2231498.00	        0.00	       15.00	        1.00	  2231495.00	        3.00
  8.12	  2269109.00	        0.00	       15.00	        1.00	  2269106.00	        3.00
  8.13	  2307113.00	        0.00	       15.00	        1.00	  2307110.00	        3.00
  8.14	  2346143.00	        0.00	       15.00	        1.00	  2346140.00	        3.00
  8.15	  2385621.00	        0.00	       15.00	        1.00	  2385618.00	        3.00
  8.16	  2425530.00	        0.00	       15.00	        1.00	  2425527.00	        3.00
  8.17	  2466333.00	        0.00	       15.00	        1.00	  2466330.00	        3.00
  8.18	  2507822.00	        0.00	       15.00	        1.00	  2507819.00	        3.00
  8.19	  2550319.00	        0.00	       15.00	        1.00	  2550316.00	        3.00
  8.20	  2592842.00	        0.00	       15.00	        1.00	  2592839.00	        3.00
  8.21	  2636148.00	        0.00	       15.00	        1.00	  2636145.00	        3.00
  8.22	  2680282.00	        0.00	       15.00	        1.00	  2680279.00	        3.00
  8.23	  2725288.00	        0.00	       15.00	        1.00	  2725285.00	        3.00
  8.24	  2770877.00	        0.00	       15.00	        1.00	  2770874.00	        3.00
  8.25	  2817428.00	        0.00	       15.00	        1.00	  2817425.00	        3.00
  8.26	  2864583.00	        0.00	       15.00	        1.00	  2864580.00	        3.00
  8.27	  2912354.00	        0.00	       15.00	        1.00	  2912351.00	        3.00
  8.28	  2961114.00	        0.00	       15.00	        1.00	  2961111.00	        3.00
  8.29	  3010957.00	        0.00	       15.00	        1.00	  3010954.00	        3.00
  8.30	  3061402.00	        0.00	       15.00	        1.00	  3061399.00	        3.00
  8.31	  3112697.00	        0.00	       15.00	        1.00	  3112694.00	        3.00
  8.32	  3164885.00	        0.00	       15.00	        1.00	  3164882.00	        3.00
  8.33	  3217582.00	        0.00	       15.00	        1.00	  3217579.00	        3.00
  8.34	  3271607.00	        0.00	       15.00	        1.00	  3271604.00	        3.00
  8.35	  3326600.00	        0.00	       15.00	        1.00	  3326597.00	        3.00
  8.36	  3382287.00	        0.00	       15.00	        1.00	  3382284.00	        3.00
  8.37	  3438858.00	        0.00	       15.00	        1.00	  3438855.00	        3.00
  8.38	  3496918.00	        0.00	       15.00	        1.00	  3496915.00	        3.00
  8.39	  3555618.00	        0.00	       15.00	        1.00	  3555615.00	        3.00
  8.40	  3614984.00	        0.00	       15.00	        1.00	  3614981.00	        3.00
  8.41	  3675606.00	        0.00	       15.00	        1.00	  3675603.00	        3.00
  8.42	  3737058.00	        0.00	       14.00	        1.00	  3737055.00	        3.00
  8.43	  3800334.00	        0.00	       14.00	        1.00	  3800331.00	        3.00
  8.44	  3864049.00	        0.00	       14.00	        1.00	  3864046.00	        3.00
  8.45	  3928962.00	        0.00	       14.00	        1.00	  3928959.00	        3.00
  8.46	  3995148.00	        0.00	       14.00	        1.00	  3995145.00	        3.00
  8.47	  4061961.00	        0.00	       14.00	        1.00	  4061958.00	        3.00
  8.48	  4129945.00	        0.00	       14.00	        1.00	  4129942.00	        3.00
  8.49	  4199743.00	        0.00	       14.00	        1.00	  4199740.00	        3.00
  8.50	  4270590.00	        0.00	       14.00	        1.00	  4270587.00	        3.00
  8.51	  4342801.00	        0.00	       14.00	        1.00	  4342798.00	        3.00
  8.52	  4416050.00	        0.00	       14.00	        1.00	  4416047.00	        3.00
  8.53	  4490408.00	        0.00	       14.00	        1.00	  4490405.00	        3.00
  8.54	  4566019.00	        0.00	       14.00	        1.00	  4566016.00	        3.00
  8.55	  4642405.00	        0.00	       14.00	        1.00	  4642402.00	        3.00
  8.56	  4720681.00	        0.00	       14.00	        1.00	  4720678.00	        3.00
  8.57	  4799501.00	        0.00	       14.00	        1.00	  4799498.00	        3.00
  8.58	  4880206.00	        0.00	       14.00	        1.00	  4880203.00	        3.00
  8.59	  4962095.00	        0.00	       14.00	        1.00	  4962092.00	        3.00
  8.60	  5045829.00	        0.00	       14.00	        1.00	  5045826.00	        3.00
  8.61	  5130062.00	        0.00	       14.00	        1.00	  5130059.00	        3.00
  8.62	  5215653.00	        0.00	       14.00	        1.00	  5215650.00	        3.00
  8.63	  5303387.00	        0.00	       14.00	        1.00	  5303384.00	        3.00
  8.64	  5392384.00	        0.00	       14.00	        1.00	  5392381.00	        3.00
  8.65	  5482873.00	        0.00	       14.00	        1.00	  5482870.00	        3.00
  8.66	  5574800.00	        0.00	       14.00	        1.00	  5574797.00	        3.00
  8.67	  5668372.00	        0.00	       14.00	        1.00	  5668369.00	        3.00
  8.68	  5763949.00	        0.00	       14.00	        1.00	  5763946.00	        3.00
  8.69	  5860951.00	        0.00	       14.00	        1.00	  5860948.00	        3.00
  8.70	  5959381.00	        0.00	       14.00	        1.00	  5959378.00	        3.00
  8.71	  6059219.00	        0.00	       14.00	        1.00	  6059216.00	        3.00
  8.72	  6161206.00	        0.00	       14.00	        1.00	  6161203.00	        3.00
  8.73	  6264001.00	        0.00	       14.00	        1.00	  6263998.00	        3.00
  8.74	  6369385.00	        0.00	       14.00	        1.00	  6369382.00	        3.00
  8.75	  6476217.00	        0.00	       14.00	        1.00	  6476214.00	        3.00
  8.76	  6584821.00	        0.00	       14.00	        1.00	  6584818.00	        3.00
  8.77	  6695197.00	        0.00	       14.00	        1.00	  6695194.00	        3.00
  8.78	  6807259.00	        0.00	       14.00	        1.00	  6807256.00	        3.00
  8.79	  6921661.00	        0.00	       14.00	        1.00	  6921658.00	        3.00
  8.80	  7037928.00	        0.00	       14.00	        1.00	  7037925.00	        3.00
  8.81	  7155735.00	        0.00	       14.00	        1.00	  7155732.00	        3.00
  8.82	  7275559.00	        0.00	       14.00	        1.00	  7275556.00	        3.00
  8.83	  7397082.00	        0.00	       14.00	        1.00	  7397079.00	        3.00
  8.84	  7520900.00	        0.00	       14.00	        1.00	  7520897.00	        3.00
  8.85	  7646767.00	        0.00	       14.00	        1.00	  7646764.00	        3.00
  8.86	  7774951.00	        0.00	       13.00	        1.00	  7774948.00	        3.00
  8.87	  7904825.00	        0.00	       13.00	        1.00	  7904822.00	        3.00
  8.88	  8036972.00	        0.00	       13.00	        1.00	  8036969.00	        3.00
  8.89	  8172320.00	        0.00	       13.00	        1.00	  8172317.00	        3.00
  8.90	  8309619.00	        0.00	       13.00	        1.00	  8309616.00	        3.00
  8.91	  8448589.00	        0.00	       13.00	        1.00	  8448586.00	        3.00
  8.92	  8589771.00	        0.00	       13.00	        1.00	  8589768.00	        3.00
  8.93	  8734217.00	        0.00	       13.00	        1.00	  8734214.00	        3.00
  8.94	  8880878.00	        0.00	       13.00	        1.00	  8880875.00	        3.00
  8.95	  9029168.00	        0.00	       13.00	        1.00	  9029165.00	        3.00
  8.96	  9180610.00	        0.00	       13.00	        1.00	  9180607.00	        3.00
  8.97	  9334670.00	        0.00	       13.00	        1.00	  9334667.00	        3.00
  8.98	  9491053.00	        0.00	       13.00	        1.00	  9491050.00	        3.00
  8.99	  9649470.00	        0.00	       13.00	        1.00	  9649467.00	        3.00
  9.00	  9811443.00	        0.00	       13.00	        1.00	  9811440.00	        3.00
  9.01	  9975372.00	        0.00	       13.00	        1.00	  9975369.00	        3.00
  9.02	 10142479.00	        0.00	       13.00	        1.00	 10142476.00	        3.00
  9.03	 10312307.00	        0.00	       13.00	        1.00	 10312304.00	        3.00
  9.04	 10485273.00	        0.00	       13.00	        1.00	 10485270.00	        3.00
  9.05	 10660912.00	        0.00	      112.00	        1.00	 10660910.00	        3.00
  9.06	 10839685.00	        0.00	      112.00	        1.00	 10839683.00	        3.00
  9.07	 11021327.00	        0.00	      112.00	        1.00	 11021325.00	        3.00
  9.08	 11206545.00	        0.00	      112.00	        1.00	 11206543.00	        3.00
  9.09	 11394211.00	        0.00	      211.00	        1.00	 11394210.00	        3.00
  9.10	 11585538.00	        0.00	      211.00	        1.00	 11585537.00	        3.00
  9.11	 11778277.00	        0.00	      211.00	        1.00	 11778276.00	        3.00
  9.12	 11976142.00	        0.00	      211.00	        1.00	 11976141.00	        3.00
  9.13	 12176023.00	        0.00	      310.00	        1.00	 12176023.00	        3.00
  9.14	 12379943.00	        0.00	      310.00	        1.00	 12379943.00	        3.00
  9.15	 12587277.00	        0.00	      310.00	        1.00	 12587277.00	        3.00
  9.16	 12798417.00	        0.00	      310.00	        1.00	 12798417.00	        3.00
  9.17	 13013516.00	        0.00	      310.00	        1.00	 13013516.00	        3.00
  9.18	 13231203.00	        0.00	      310.00	        1.00	 13231203.00	        3.00
  9.19	 13452793.00	        0.00	      408.00	        1.00	 13452794.00	        3.00
  9.20	 13678977.00	        0.00	      406.00	        1.00	 13678978.00	        3.00
  9.21	 13907258.00	        0.00	      504.00	        1.00	 13907260.00	        3.00
  9.22	 14139862.00	        0.00	      800.00	        1.00	 14139867.00	        3.00
  9.23	 14376474.00	        0.00	      997.00	        1.00	 14376481.00	        3.00
  9.24	 14617149.00	        0.00	      997.00	        1.00	 14617156.00	        3.00
  9.25	 14862369.00	        0.00	      996.00	        1.00	 14862376.00	        3.00
  9.26	 15111655.00	        0.00	     1094.00	        1.00	 15111663.00	        3.00
  9.27	 15363950.00	        0.00	     1391.00	        1.00	 15363961.00	        3.00
  9.28	 15620753.00	        0.00	     1785.00	        1.00	 15620768.00	        3.00
  9.29	 15881978.00	        0.00	     1982.00	        1.00	 15881995.00	        3.00
  9.30	 16147448.00	        0.00	     2081.00	        1.00	 16147466.00	        3.00
  9.31	 16417249.00	        0.00	     2575.00	        1.00	 16417272.00	        3.00
  9.32	 16692275.00	        0.00	     3068.00	        1.00	 16692303.00	        3.00
  9.33	 16971704.00	        0.00	     3460.00	        1.00	 16971736.00	        3.00
  9.34	 17255035.00	        0.00	     4151.00	        1.00	 17255074.00	        3.00
  9.35	 17542867.00	        0.00	     4543.00	        1.00	 17542910.00	        3.00
  9.36	 17835540.00	        0.00	     5134.00	        1.00	 17835589.00	        3.00
  9.37	 18134645.00	        0.00	     6017.00	        1.00	 18134703.00	        3.00
  9.38	 18436861.00	        0.00	     6997.00	        1.00	 18436929.00	        3.00
  9.39	 18745036.00	        0.00	     7483.00	        1.00	 18745109.00	        3.00
  9.40	 19056663.00	        0.00	     8762.00	        1.00	 19056749.00	        3.00
  9.41	 19374959.00	        0.00	    11317.00	        1.00	 19375071.00	        3.00
  9.42	 19699501.00	        0.00	    13187.00	        1.00	 19699632.00	        3.00
  9.43	 20029487.00	        0.00	    15551.00	        1.00	 20029642.00	        3.00
  9.44	 20364869.00	        0.00	    17816.00	        1.00	 20365047.00	        3.00
  9.45	 20705804.00	        0.00	    22052.00	        1.00	 20706025.00	        3.00
  9.46	 21052042.00	        0.00	    26283.00	        1.00	 21052306.00	        3.00
  9.47	 21404157.00	        0.00	    33490.00	        1.00	 21404494.00	        3.00
  9.48	 21762111.00	        0.00	    42369.00	        1.00	 21762538.00	        3.00
  9.49	 22125695.00	        0.00	    52522.00	        1.00	 22126225.00	        3.00
  9.50	 22494663.00	        0.00	    63856.00	        1.00	 22495308.00	        3.00
  9.51	 22870210.00	        0.00	    79046.00	        1.00	 22871009.00	        3.00
  9.52	 23252372.00	        0.00	    98567.00	        1.00	 23253369.00	        3.00
  9.53	 23639958.00	        0.00	   123107.00	        1.00	 23641204.00	        3.00
  9.54	 24035115.00	        0.00	   154547.00	        1.00	 24036680.00	        3.00
  9.55	 24437619.00	        0.00	   194378.00	        1.00	 24439588.00	        3.00
  9.56	 24844926.00	        0.00	   243774.00	        1.00	 24847396.00	        3.00
  9.57	 25260039.00	        0.00	   310730.00	        1.00	 25263188.00	        3.00
  9.58	 25680725.00	        0.00	   396038.00	        1.00	 25684739.00	        3.00
  9.59	 26107919.00	        0.00	   513513.00	        1.00	 26113124.00	        3.00
  9.60	 26543050.00	        0.00	   663011.00	        1.00	 26549771.00	        3.00
  9.61	 26983868.00	        0.00	   860420.00	        1.00	 26992591.00	        3.00
  9.62	 27432452.00	        0.00	  1111201.00	        1.00	 27443718.00	        3.00
  9.63	 27886500.00	        0.00	  1447519.00	        1.00	 27901176.00	        3.00
  9.64	 28348070.00	        0.00	  1896994.00	        1.00	 28367302.00	        3.00
  9.65	 28816213.00	        0.00	  2494193.00	        1.00	 28841499.00	        3.00
  9.66	 29288398.00	        0.00	  3292762.00	        1.00	 29321779.00	        3.00
  9.67	 29767593.00	        0.00	  4353645.00	        1.00	 29811727.00	        3.00
  9.68	 30249909.00	        0.00	  5811212.00	        1.00	 30308816.00	        3.00
  9.69	 30736000.00	        0.00	  7755459.00	        1.00	 30814613.00	        3.00
  9.70	 31223047.00	        0.00	 10429542.00	        1.00	 31328760.00	        3.00
  9.71	 31708043.00	        0.00	 14076952.00	        1.00	 31850717.00	        3.00
  9.72	 32187196.00	        0.00	 19096204.00	        1.00	 32380731.00	        3.00
  9.73	 32653300.00	        0.00	 26036813.00	        1.00	 32917160.00	        3.00
  9.74	 33101344.00	        0.00	 35569837.00	        1.00	 33461799.00	        3.00
  9.75	 33518014.00	        0.00	 48937855.00	        1.00	 34013909.00	        3.00
  9.76	 33886822.00	        0.00	 67586663.00	        1.00	 34571654.00	        3.00
  9.77	 34186410.00	        0.00	 93602526.00	        1.00	 35134810.00	        3.00
  9.78	 34387945.00	        0.00	129896170.00	        1.00	 35704030.00	        3.00
  9.79	 34445968.00	        0.00	180459895.00	        1.00	 36274306.00	        3.00
  9.80	 34307673.00	        0.00	250436807.00	        1.00	 36844931.00	        3.00
  9.81	 33893157.00	        0.00	347067162.00	        1.00	 37409373.00	        3.00
  9.82	 33116247.00	        0.00	478577514.00	        1.00	 37964856.00	        3.00
  9.83	 31878842.00	        0.00	653976565.00	        1.00	 38504646.00	        3.00
  9.84	 30087160.00	        0.00	881841902.00	        1.00	 39022121.00	        3.00
  9.85	 27683695.00	        0.00	1166709448.00	        1.00	 39506094.00	        3.00
  9.86	 24688468.00	        0.00	1505552568.00	        1.00	 39946623.00	        3.00
  9.87	 21221551.00	        0.00	1885362660.00	        1.00	 40332893.00	        3.00
  9.88	 17523025.00	        0.00	2281853311.00	        1.00	 40659966.00	        3.00
  9.89	 13885867.00	        0.00	2665798637.00	        1.00	 40925672.00	        3.00
  9.90	 10587894.00	        0.00	3010065249.00	        1.00	 41133484.00	        3.00
  9.91	  7797972.00	        0.00	3298481987.00	        1.00	 41288435.00	        3.00
  9.92	  5584984.00	        0.00	3525472521.00	        1.00	 41402574.00	        3.00
  9.93	  3914753.00	        0.00	3695216886.00	        1.00	 41483301.00	        3.00
  9.94	  2699758.00	        0.00	3817278972.00	        1.00	 41539113.00	        3.00
  9.95	  1841974.00	        0.00	3902200541.00	        1.00	 41578047.00	        3.00
  9.96	  1245871.00	        0.00	3959886642.00	        1.00	 41604297.00	        3.00
  9.97	   838190.00	        0.00	3998046051.00	        1.00	 41622219.00	        3.00
  9.98	   560972.00	        0.00	4022664360.00	        1.00	 41634166.00	        3.00
  9.99	   375399.00	        0.00	4037793847.00	        1.00	 41642124.00	        3.00
 10.00	   250242.00	        0.00	4046647831.00	        1.00	 41647252.00	        3.00
 10.01	   167145.00	        0.00	4051169736.00	        1.00	 41650741.00	        3.00
 10.02	   111508.00	        0.00	4052861178.00	        1.00	 41653126.00	        3.00
 10.03	    74249.00	        0.00	4052650139.00	        1.00	 41654671.00	        3.00
 10.04	    49615.00	        0.00	4051138676.00	        1.00	 41655701.00	        3.00
 10.05	    33007.00	        0.00	4048796069.00	        1.00	 41656368.00	        3.00
 10.06	    22005.00	        0.00	4045885632.00	        1.00	 41656848.00	        3.00
 10.07	    14668.00	        0.00	4042598287.00	        1.00	 41657150.00	        3.00
 10.08	     9730.00	        0.00	4039068068.00	        1.00	 41657340.00	        3.00
 10.09	     6436.00	        0.00	4035370319.00	        1.00	 41657466.00	        3.00
 10.10	     4249.00	        0.00	4031561599.00	        1.00	 41657571.00	        3.00
 10.11	     2824.00	        0.00	4027671505.00	        1.00	 41657627.00	        3.00
 10.12	     1876.00	        0.00	4023742037.00	        1.00	 41657668.00	        3.00
 10.13	     1213.00	        0.00	4019792970.00	        1.00	 41657691.00	        3.00
 10.14	      821.00	        0.00	4015813490.00	        1.00	 41657707.00	        3.00
 10.15	      585.00	        0.00	4011825937.00	        1.00	 41657718.00	        3.00
 10.16	      378.00	        0.00	4007835553.00	        1.00	 41657728.00	        3.00
 10.17	      246.00	        0.00	4003844224.00	        1.00	 41657732.00	        3.00
 10.18	      159.00	        0.00	3999849020.00	        1.00	 41657737.00	        3.00
 10.19	      106.00	        0.00	3995856844.00	        1.00	 41657739.00	        3.00
 10.20	       69.00	        0.00	3991868611.00	        1.00	 41657739.00	        3.00
 10.21	       47.00	        0.00	3987880546.00	        1.00	 41657740.00	        3.00
 10.22	       30.00	        0.00	3983894647.00	        1.00	 41657740.00	        3.00
 10.23	       20.00	        0.00	3979913528.00	        1.00	 41657742.00	        3.00
 10.24	       13.00	        0.00	3975941777.00	        1.00	 41657743.00	        3.00
 10.25	        7.00	        0.00	3971970415.00	        1.00	 41657743.00	        3.00
 10.26	        5.00	        0.00	3968004304.00	        1.00	 41657743.00	        3.00
 10.27	        5.00	        0.00	3964040183.00	        1.00	 41657743.00	        3.00
 10.28	        5.00	        0.00	3960075313.00	        1.00	 41657743.00	        3.00
 10.29	        2.00	        0.00	3956116207.00	        1.00	 41657743.00	        2.00
 10.30	        1.00	        0.00	3952160465.00	        1.00	 41657743.00	        1.00
 10.31	        0.00	        0.00	3948208390.00	        0.00	 41657743.00	        0.00
