Datatype: PopulationSize
  0.00	        1.00	        0.00	        0.00	        1.00	        0.00	        1.00
  0.01	        1.00	        0.00	        0.00	        1.00	        0.00	        1.00
  0.02	        1.00	        0.00	        0.00	        1.00	        0.00	        1.00
  0.03	        1.00	        0.00	        0.00	        1.00	        0.00	        1.00
  0.04	        1.00	        0.00	        0.00	        1.00	        0.00	        1.00
  0.05	        1.00	        0.00	        0.00	        1.00	        0.00	        1.00
  0.06	        1.00	        0.00	        0.00	        1.00	        0.00	        1.00
  0.07	        1.00	        0.00	        0.00	        1.00	        0.00	        1.00
  0.08	        1.00	        0.00	        0.00	        1.00	        0.00	        1.00
  0.09	        1.00	        0.00	        0.00	        1.00	        0.00	        1.00
  0.10	        1.00	        0.00	        0.00	        1.00	        0.00	        1.00
  0.11	        1.00	        0.00	        0.00	        1.00	        0.00	        1.00
  0.12	        1.00	        0.00	        0.00	        1.00	        0.00	        1.00
  0.13	        1.00	        0.00	        0.00	        1.00	        0.00	        1.00
  0.14	        1.00	        0.00	        0.00	        1.00	        0.00	        1.00
  0.15	        1.00	        0.00	        0.00	        1.00	        0.00	        1.00
  0.16	        1.00	        0.00	        0.00	        1.00	        0.00	        1.00
  0.17	        1.00	        0.00	        0.00	        1.00	        0.00	        1.00
  0.18	        1.00	        0.00	        0.00	        1.00	        0.00	        1.00
  0.19	        1.00	        0.00	        0.00	        1.00	        0.00	        1.00
  0.20	        1.00	        0.00	        0.00	        1.00	        0.00	        1.00
  0.21	        1.00	        0.00	        0.00	        1.00	        0.00	        1.00
  0.22	        1.00	        0.00	        0.00	        1.00	        0.00	        1.00
  0.23	        1.00	        0.00	        0.00	        1.00	        0.00	        1.00
  0.24	        1.00	        0.00	        0.00	        1.00	        0.00	        1.00
  0.25	        1.00	        0.00	        0.00	        1.00	        0.00	        1.00
  0.26	        1.00	        0.00	        0.00	        1.00	        0.00	        1.00
  0.27	        1.00	        0.00	        0.00	        1.00	        0.00	        1.00
  0.28	        1.00	        0.00	        0.00	        1.00	        0.00	        1.00
  0.29	        1.00	        0.00	        0.00	        1.00	        0.00	        1.00
  0.30	        1.00	        0.00	        0.00	        1.00	        0.00	        1.00
  0.31	        1.00	        0.00	        0.00	        1.00	        0.00	        1.00
  0.32	        1.00	        0.00	        0.00	        1.00	        0.00	        1.00
  0.33	        1.00	        0.00	        0.00	        1.00	        0.00	        1.00
  0.34	        1.00	        0.00	        0.00	        1.00	        0.00	        1.00
  0.35	        1.00	        0.00	        0.00	        1.00	        0.00	        1.00
  0.36	        1.00	        0.00	        0.00	        1.00	        0.00	        1.00
  0.37	        1.00	        0.00	        0.00	        1.00	        0.00	        1.00
  0.38	        1.00	        0.00	        0.00	        1.00	        0.00	        1.00
  0.39	        1.00	        0.00	        0.00	        1.00	        0.00	        1.00
  0.40	        1.00	        0.00	        0.00	        1.00	        0.00	        1.00
  0.41	        1.00	        0.00	        0.00	        1.00	        0.00	        1.00
  0.42	        1.00	        0.00	        0.00	        1.00	        0.00	        1.00
  0.43	        1.00	        0.00	        0.00	        1.00	        0.00	        1.00
  0.44	        1.00	        0.00	        0.00	        1.00	        0.00	        1.00
  0.45	        1.00	        0.00	        0.00	        1.00	        0.00	        1.00
  0.46	        1.00	        0.00	        0.00	        1.00	        0.00	        1.00
  0.47	        1.00	        0.00	        0.00	        1.00	        0.00	        1.00
  0.48	        1.00	        0.00	        0.00	        1.00	        0.00	        1.00
  0.49	        1.00	        0.00	        0.00	        1.00	        0.00	        1.00
  0.50	        1.00	        0.00	        0.00	        1.00	        0.00	        1.00
  0.51	        1.00	        0.00	        0.00	        1.00	        0.00	        1.00
  0.52	        1.00	        0.00	        0.00	        1.00	        0.00	        1.00
  0.53	        1.00	        0.00	        0.00	        1.00	        0.00	        1.00
  0.54	        1.00	        0.00	        0.00	        1.00	        0.00	        1.00
  0.55	        1.00	        0.00	        0.00	        1.00	        0.00	        1.00
  0.56	        1.00	        0.00	        0.00	        1.00	        0.00	        1.00
  0.57	        1.00	        0.00	        0.00	        1.00	        0.00	        1.00
  0.58	        1.00	        0.00	        0.00	        1.00	        0.00	        1.00
  0.59	        1.00	        0.00	        0.00	        1.00	        0.00	        1.00
  0.60	        1.00	        0.00	        0.00	        1.00	        0.00	        1.00
  0.61	        1.00	        0.00	        0.00	        1.00	        0.00	        1.00
  0.62	        1.00	        0.00	        0.00	        1.00	        0.00	        1.00
  0.63	        1.00	        0.00	        0.00	        1.00	        0.00	        1.00
  0.64	        1.00	        0.00	        0.00	        1.00	        0.00	        1.00
  0.65	        1.00	        0.00	        0.00	        1.00	        0.00	        1.00
  0.66	        1.00	        0.00	        0.00	        1.00	        0.00	        1.00
  0.67	        1.00	        0.00	        0.00	        1.00	        0.00	        1.00
  0.68	        1.00	        0.00	        0.00	        1.00	        0.00	        1.00
  0.69	        1.00	        0.00	        0.00	        1.00	        0.00	        1.00
  0.70	        1.00	        0.00	        0.00	        1.00	        0.00	        1.00
  0.71	        1.00	        0.00	        0.00	        1.00	        0.00	        1.00
  0.72	        1.00	        0.00	        0.00	        1.00	        0.00	        1.00
  0.73	        1.00	        0.00	        0.00	        1.00	        0.00	        1.00
  0.74	        1.00	        0.00	        0.00	        1.00	        0.00	        1.00
  0.75	        1.00	        0.00	        0.00	        1.00	        0.00	        1.00
  0.76	        1.00	        0.00	        0.00	        1.00	        0.00	        1.00
  0.77	        1.00	        0.00	        0.00	        1.00	        0.00	        1.00
  0.78	        1.00	        0.00	        0.00	        1.00	        0.00	        1.00
  0.79	        1.00	        0.00	        0.00	        1.00	        0.00	        1.00
  0.80	        1.00	        0.00	        0.00	        1.00	        0.00	        1.00
  0.81	        1.00	        0.00	        0.00	        1.00	        0.00	        1.00
  0.82	        1.00	        0.00	        0.00	        1.00	        0.00	        1.00
  0.83	        1.00	        0.00	        0.00	        1.00	        0.00	        1.00
  0.84	        2.00	        0.00	        0.00	        1.00	        1.00	        1.00
  0.85	        2.00	        0.00	        0.00	        1.00	        1.00	        1.00
  0.86	        2.00	        0.00	        0.00	        1.00	        1.00	        1.00
  0.87	        2.00	        0.00	        0.00	        1.00	        1.00	        1.00
  0.88	        2.00	        0.00	        0.00	        1.00	        1.00	        1.00
  0.89	        2.00	        0.00	        0.00	        1.00	        1.00	        1.00
  0.90	        2.00	        0.00	        0.00	        1.00	        1.00	        1.00
  0.91	        2.00	        0.00	        0.00	        1.00	        1.00	        1.00
  0.92	        2.00	        0.00	        0.00	        1.00	        1.00	        1.00
  0.93	        3.00	        0.00	        0.00	        1.00	        2.00	        1.00
  0.94	        3.00	        0.00	        0.00	        1.00	        2.00	        1.00
  0.95	        4.00	        0.00	        0.00	        1.00	        3.00	        1.00
  0.96	        4.00	        0.00	        0.00	        1.00	        3.00	        1.00
  0.97	        4.00	        0.00	        0.00	        1.00	        3.00	        1.00
  0.98	        4.00	        0.00	        0.00	        1.00	        3.00	        1.00
  0.99	        4.00	        0.00	        0.00	        1.00	        3.00	        1.00
  1.00	        4.00	        0.00	   599998.00	        1.00	        3.00	        1.00
  1.01	        4.00	        0.00	   599979.00	        1.00	        3.00	        1.00
  1.02	        4.00	        0.00	   599970.00	        1.00	        3.00	        1.00
  1.03	        4.00	        0.00	   599949.00	        1.00	        3.00	        1.00
  1.04	        5.00	        0.00	   599929.00	        1.00	        4.00	        1.00
  1.05	        5.00	        0.00	   599915.00	        1.00	        4.00	        1.00
  1.06	        5.00	        0.00	   599901.00	        1.00	        4.00	        1.00
  1.07	        5.00	        0.00	   599875.00	        1.00	        4.00	        1.00
  1.08	        5.00	        0.00	   599859.00	        1.00	        4.00	        1.00
  1.09	        5.00	        0.00	   599846.00	        1.00	        4.00	        1.00
  1.10	        6.00	        0.00	   599827.00	        1.00	        5.00	        1.00
  1.11	        6.00	        0.00	   599810.00	        1.00	        5.00	        1.00
  1.12	        6.00	        0.00	   599787.00	        1.00	        5.00	        1.00
  1.13	        6.00	        0.00	   599767.00	        1.00	        5.00	        1.00
  1.14	        6.00	        0.00	   599751.00	        1.00	        5.00	        1.00
  1.15	        6.00	        0.00	   599734.00	        1.00	        5.00	        1.00
  1.16	        7.00	        0.00	   599721.00	        1.00	        6.00	        1.00
  1.17	        7.00	        0.00	   599704.00	        1.00	        6.00	        1.00
  1.18	        7.00	        0.00	   599680.00	        1.00	        6.00	        1.00
  1.19	        7.00	        0.00	   599658.00	        1.00	        6.00	        1.00
  1.20	        7.00	        0.00	   599644.00	        1.00	        6.00	        1.00
  1.21	        7.00	        0.00	   599633.00	        1.00	        6.00	        1.00
  1.22	        8.00	        0.00	   599614.00	        1.00	        7.00	        1.00
  1.23	        8.00	        0.00	   599594.00	        1.00	        7.00	        1.00
  1.24	        8.00	        0.00	   599579.00	        1.00	        7.00	        1.00
  1.25	        8.00	        0.00	   599564.00	        1.00	        7.00	        1.00
  1.26	        8.00	        0.00	   599544.00	        1.00	        7.00	        1.00
  1.27	        9.00	        0.00	   599528.00	        1.00	        8.00	        1.00
  1.28	        9.00	        0.00	   599511.00	        1.00	        8.00	        1.00
  1.29	        9.00	        0.00	   599493.00	        1.00	        8.00	        1.00
  1.30	       10.00	        0.00	   599470.00	        1.00	        9.00	        1.00
  1.31	       11.00	        0.00	   599457.00	        1.00	       10.00	        1.00
  1.32	       11.00	        0.00	   599440.00	        1.00	       10.00	        1.00
  1.33	       11.00	        0.00	   599424.00	        1.00	       10.00	        1.00
  1.34	       11.00	        0.00	   599406.00	        1.00	       10.00	        1.00
  1.35	       11.00	        0.00	   599387.00	        1.00	       10.00	        1.00
  1.36	       11.00	        0.00	   599367.00	        1.00	       10.00	        1.00
  1.37	       11.00	        0.00	   599342.00	        1.00	       10.00	        1.00
  1.38	       12.00	        0.00	   599321.00	        1.00	       11.00	        1.00
  1.39	       12.00	        0.00	   599299.00	        1.00	       11.00	        1.00
  1.40	       12.00	        0.00	   599282.00	        1.00	       11.00	        1.00
  1.41	       12.00	        0.00	   599263.00	        1.00	       11.00	        1.00
  1.42	       13.00	        0.00	   599251.00	        1.00	       12.00	        1.00
  1.43	       13.00	        0.00	   599241.00	        1.00	       12.00	        1.00
  1.44	       13.00	        0.00	   599225.00	        1.00	       12.00	        1.00
  1.45	       14.00	        0.00	   599205.00	        1.00	       13.00	        1.00
  1.46	       14.00	        0.00	   599183.00	        1.00	       13.00	        1.00
  1.47	       14.00	        0.00	   599168.00	        1.00	       13.00	        1.00
  1.48	       14.00	        0.00	   599151.00	        1.00	       13.00	        1.00
  1.49	       14.00	        0.00	   599134.00	        1.00	       13.00	        1.00
  1.50	       14.00	        0.00	   599117.00	        1.00	       13.00	        1.00
  1.51	       14.00	        0.00	   599101.00	        1.00	       13.00	        1.00
  1.52	       14.00	        0.00	   599081.00	        1.00	       13.00	        1.00
  1.53	       15.00	        0.00	   599063.00	        1.00	       14.00	        1.00
  1.54	       15.00	        0.00	   599040.00	        1.00	       14.00	        1.00
  1.55	       15.00	        0.00	   599019.00	        1.00	       14.00	        1.00
  1.56	       15.00	        0.00	   599007.00	        1.00	       14.00	        1.00
  1.57	       16.00	        0.00	   598990.00	        1.00	       15.00	        1.00
  1.58	       16.00	        0.00	   598969.00	        1.00	       15.00	        1.00
  1.59	       17.00	        0.00	   598956.00	        1.00	       16.00	        1.00
  1.60	       17.00	        0.00	   598939.00	        1.00	       16.00	        1.00
  1.61	       17.00	        0.00	   598919.00	        1.00	       16.00	        1.00
  1.62	       17.00	        0.00	   598893.00	        1.00	       16.00	        1.00
  1.63	       17.00	        0.00	   598874.00	        1.00	       16.00	        1.00
  1.64	       18.00	        0.00	   598854.00	        1.00	       17.00	        1.00
  1.65	       18.00	        0.00	   598833.00	        1.00	       17.00	        1.00
  1.66	       20.00	        0.00	   598816.00	        1.00	       19.00	        1.00
  1.67	       20.00	        0.00	   598804.00	        1.00	       19.00	        1.00
  1.68	       21.00	        0.00	   598787.00	        1.00	       20.00	        1.00
  1.69	       21.00	        0.00	   598766.00	        1.00	       20.00	        1.00
  1.70	       21.00	        0.00	   598755.00	        1.00	       20.00	        1.00
  1.71	       21.00	        0.00	   598732.00	        1.00	       20.00	        1.00
  1.72	       22.00	        0.00	   598705.00	        1.00	       21.00	        1.00
  1.73	       22.00	        0.00	   598685.00	        1.00	       21.00	        1.00
  1.74	       23.00	        0.00	   598669.00	        1.00	       22.00	        1.00
  1.75	       23.00	        0.00	   598644.00	        1.00	       22.00	        1.00
  1.76	       23.00	        0.00	   598629.00	        1.00	       22.00	        1.00
  1.77	       23.00	        0.00	   598608.00	        1.00	       22.00	        1.00
  1.78	       24.00	        0.00	   598586.00	        1.00	       23.00	        1.00
  1.79	       24.00	        0.00	   598571.00	        1.00	       23.00	        1.00
  1.80	       24.00	        0.00	   598557.00	        1.00	       23.00	        1.00
  1.81	       26.00	        0.00	   598542.00	        1.00	       25.00	        1.00
  1.82	       27.00	        0.00	   598530.00	        1.00	       26.00	        1.00
  1.83	       27.00	        0.00	   598514.00	        1.00	       26.00	        1.00
  1.84	       31.00	        0.00	   598500.00	        1.00	       30.00	        1.00
  1.85	       31.00	        0.00	   598478.00	        1.00	       30.00	        1.00
  1.86	       31.00	        0.00	   598458.00	        1.00	       30.00	        1.00
  1.87	       31.00	        0.00	   598443.00	        1.00	       30.00	        1.00
  1.88	       31.00	        0.00	   598431.00	        1.00	       30.00	        1.00
  1.89	       31.00	        0.00	   598422.00	        1.00	       30.00	        1.00
  1.90	       31.00	        0.00	   598401.00	        1.00	       30.00	        1.00
  1.91	       31.00	        0.00	   598382.00	        1.00	       30.00	        1.00
  1.92	       31.00	        0.00	   598365.00	        1.00	       30.00	        1.00
  1.93	       32.00	        0.00	   598350.00	        1.00	       31.00	        1.00
  1.94	       32.00	        0.00	   598323.00	        1.00	       31.00	        1.00
  1.95	       32.00	        0.00	   598304.00	        1.00	       31.00	        1.00
  1.96	       33.00	        0.00	   598291.00	        1.00	       32.00	        1.00
  1.97	       34.00	        0.00	   598273.00	        1.00	       33.00	        1.00
  1.98	       34.00	        0.00	   598258.00	        1.00	       33.00	        1.00
  1.99	       34.00	        0.00	   598239.00	        1.00	       33.00	        1.00
  2.00	       34.00	        0.00	   598217.00	        1.00	       33.00	        1.00
  2.01	       35.00	        0.00	   598201.00	        1.00	       34.00	        1.00
  2.02	       36.00	        0.00	   598186.00	        1.00	       35.00	        1.00
  2.03	       37.00	        0.00	   598164.00	        1.00	       36.00	        1.00
  2.04	       38.00	        0.00	   598141.00	        1.00	       37.00	        1.00
  2.05	       39.00	        0.00	   598123.00	        1.00	       38.00	        1.00
  2.06	       40.00	        0.00	   598104.00	        1.00	       39.00	        1.00
  2.07	       42.00	        0.00	   598093.00	        1.00	       41.00	        1.00
  2.08	       42.00	        0.00	   598079.00	        1.00	       41.00	        1.00
  2.09	       44.00	        0.00	   598070.00	        1.00	       43.00	        1.00
  2.10	       44.00	        0.00	   598048.00	        1.00	       43.00	        1.00
  2.11	       44.00	        0.00	   598034.00	        1.00	       43.00	        1.00
  2.12	       45.00	        0.00	   598013.00	        1.00	       44.00	        1.00
  2.13	       47.00	        0.00	   598000.00	        1.00	       46.00	        1.00
  2.14	       48.00	        0.00	   597978.00	        1.00	       47.00	        1.00
  2.15	       49.00	        0.00	   597958.00	        1.00	       48.00	        1.00
  2.16	       49.00	        0.00	   597945.00	        1.00	       48.00	        1.00
  2.17	       51.00	        0.00	   597924.00	        1.00	       50.00	        1.00
  2.18	       51.00	        0.00	   597911.00	        1.00	       50.00	        1.00
  2.19	       51.00	        0.00	   597889.00	        1.00	       50.00	        1.00
  2.20	       52.00	        0.00	   597873.00	        1.00	       51.00	        1.00
  2.21	       52.00	        0.00	   597858.00	        1.00	       51.00	        1.00
  2.22	       52.00	        0.00	   597850.00	        1.00	       51.00	        1.00
  2.23	       53.00	        0.00	   597830.00	        1.00	       52.00	        1.00
  2.24	       53.00	        0.00	   597810.00	        1.00	       52.00	        1.00
  2.25	       53.00	        0.00	   597797.00	        1.00	       52.00	        1.00
  2.26	       53.00	        0.00	   597780.00	        1.00	       52.00	        1.00
  2.27	       53.00	        0.00	   597762.00	        1.00	       52.00	        1.00
  2.28	       54.00	        0.00	   597743.00	        1.00	       53.00	        1.00
  2.29	       56.00	        0.00	   597723.00	        1.00	       55.00	        1.00
  2.30	       57.00	        0.00	   597703.00	        1.00	       56.00	        1.00
  2.31	       58.00	        0.00	   597683.00	        1.00	       57.00	        1.00
  2.32	       59.00	        0.00	   597669.00	        1.00	       58.00	        1.00
  2.33	       60.00	        0.00	   597655.00	        1.00	       59.00	        1.00
  2.34	       62.00	        0.00	   597642.00	        1.00	       61.00	        1.00
  2.35	       63.00	        0.00	   597629.00	        1.00	       62.00	        1.00
  2.36	       65.00	        0.00	   597614.00	        1.00	       64.00	        1.00
  2.37	       67.00	        0.00	   597605.00	        1.00	       66.00	        1.00
  2.38	       69.00	        0.00	   597583.00	        1.00	       68.00	        1.00
  2.39	       69.00	        0.00	   597573.00	        1.00	       68.00	        1.00
  2.40	       69.00	        0.00	   597556.00	        1.00	       68.00	        1.00
  2.41	       70.00	        0.00	   597543.00	        1.00	       69.00	        1.00
  2.42	       72.00	        0.00	   597522.00	        1.00	       71.00	        1.00
  2.43	       73.00	        0.00	   597500.00	        1.00	       72.00	        1.00
  2.44	       75.00	        0.00	   597481.00	        1.00	       74.00	        1.00
  2.45	       76.00	        0.00	   597462.00	        1.00	       75.00	        1.00
  2.46	       77.00	        0.00	   597447.00	        1.00	       76.00	        1.00
  2.47	       78.00	        0.00	   597428.00	        1.00	       77.00	        1.00
  2.48	       80.00	        0.00	   597409.00	        1.00	       79.00	        1.00
  2.49	       82.00	        0.00	   597395.00	        1.00	       81.00	        1.00
  2.50	       85.00	        0.00	   597378.00	        1.00	       84.00	        1.00
  2.51	       85.00	        0.00	   597365.00	        1.00	       84.00	        1.00
  2.52	       87.00	        0.00	   597353.00	        1.00	       86.00	        1.00
  2.53	       89.00	        0.00	   597333.00	        1.00	       88.00	        1.00
  2.54	       89.00	        0.00	   597315.00	        1.00	       88.00	        1.00
  2.55	       90.00	        0.00	   597299.00	        1.00	       89.00	        1.00
  2.56	       93.00	        0.00	   597285.00	        1.00	       92.00	        1.00
  2.57	       93.00	        1.00	   597264.00	        1.00	       93.00	        1.00
  2.58	       94.00	        1.00	   597246.00	        1.00	       94.00	        1.00
  2.59	      101.00	        1.00	   597229.00	        1.00	      101.00	        1.00
  2.60	      102.00	        1.00	   597213.00	        1.00	      102.00	        1.00
  2.61	      102.00	        2.00	   597194.00	        1.00	      103.00	        1.00
  2.62	      103.00	        2.00	   597173.00	        1.00	      104.00	        1.00
  2.63	      107.00	        2.00	   597156.00	        1.00	      108.00	        1.00
  2.64	      107.00	        2.00	   597145.00	        1.00	      108.00	        1.00
  2.65	      108.00	        2.00	   597129.00	        1.00	      109.00	        1.00
  2.66	      110.00	        3.00	   597107.00	        1.00	      112.00	        1.00
  2.67	      111.00	        3.00	   597094.00	        1.00	      113.00	        1.00
  2.68	      111.00	        3.00	   597078.00	        1.00	      113.00	        1.00
  2.69	      112.00	        3.00	   597060.00	        1.00	      114.00	        1.00
  2.70	      112.00	        3.00	   597047.00	        1.00	      114.00	        1.00
  2.71	      116.00	        4.00	   597017.00	        1.00	      119.00	        1.00
  2.72	      117.00	        4.00	   596996.00	        1.00	      120.00	        1.00
  2.73	      117.00	        4.00	   596983.00	        1.00	      120.00	        1.00
  2.74	      120.00	        4.00	   596966.00	        1.00	      123.00	        1.00
  2.75	      126.00	        4.00	   596946.00	        1.00	      129.00	        1.00
  2.76	      131.00	        4.00	   596934.00	        1.00	      134.00	        1.00
  2.77	      132.00	        4.00	   596919.00	        1.00	      135.00	        1.00
  2.78	      137.00	        4.00	   596900.00	        1.00	      140.00	        1.00
  2.79	      139.00	        4.00	   596889.00	        1.00	      142.00	        1.00
  2.80	      141.00	        4.00	   596876.00	        1.00	      144.00	        1.00
  2.81	      141.00	        4.00	   596859.00	        1.00	      144.00	        1.00
  2.82	      143.00	        4.00	   596833.00	        1.00	      146.00	        1.00
  2.83	      147.00	        4.00	   596814.00	        1.00	      150.00	        1.00
  2.84	      152.00	        4.00	   596791.00	        1.00	      155.00	        1.00
  2.85	      153.00	        5.00	   596778.00	        1.00	      157.00	        1.00
  2.86	      155.00	        5.00	   596764.00	        1.00	      159.00	        1.00
  2.87	      160.00	        5.00	   596742.00	        1.00	      164.00	        1.00
  2.88	      163.00	        5.00	   596731.00	        1.00	      167.00	        1.00
  2.89	      167.00	        5.00	   596708.00	        1.00	      171.00	        1.00
  2.90	      169.00	        5.00	   596698.00	        1.00	      173.00	        1.00
  2.91	      170.00	        6.00	   596680.00	        1.00	      175.00	        1.00
  2.92	      173.00	        6.00	   596662.00	        1.00	      178.00	        1.00
  2.93	      177.00	        7.00	   596634.00	        1.00	      183.00	        1.00
  2.94	      180.00	        7.00	   596611.00	        1.00	      186.00	        1.00
  2.95	      187.00	        8.00	   596587.00	        1.00	      194.00	        1.00
  2.96	      189.00	        9.00	   596567.00	        1.00	      197.00	        1.00
  2.97	      192.00	        9.00	   596552.00	        1.00	      200.00	        1.00
  2.98	      197.00	        9.00	   596532.00	        1.00	      205.00	        1.00
  2.99	      199.00	       11.00	   596516.00	        1.00	      209.00	        1.00
  3.00	      202.00	       11.00	   596488.00	        1.00	      212.00	        1.00
  3.01	      203.00	       12.00	   596464.00	        1.00	      214.00	        1.00
  3.02	      202.00	       15.00	   596438.00	        1.00	      216.00	        1.00
  3.03	      202.00	       16.00	   596416.00	        1.00	      217.00	        1.00
  3.04	      205.00	       16.00	   596401.00	        1.00	      220.00	        1.00
  3.05	      208.00	       16.00	   596376.00	        1.00	      223.00	        1.00
  3.06	      214.00	       16.00	   596358.00	        1.00	      229.00	        1.00
  3.07	      216.00	       16.00	   596337.00	        1.00	      231.00	        1.00
  3.08	      220.00	       16.00	   596321.00	        1.00	      235.00	        1.00
  3.09	      221.00	       16.00	   596302.00	        1.00	      236.00	        1.00
  3.10	      223.00	       16.00	   596289.00	        1.00	      238.00	        1.00
  3.11	      224.00	       16.00	   596271.00	        1.00	      239.00	        1.00
  3.12	      226.00	       17.00	   596250.00	        1.00	      242.00	        1.00
  3.13	      227.00	       18.00	   596233.00	        1.00	      244.00	        1.00
  3.14	      231.00	       18.00	   596218.00	        1.00	      248.00	        1.00
  3.15	      233.00	       19.00	   596195.00	        1.00	      251.00	        1.00
  3.16	      236.00	       19.00	   596179.00	        1.00	      254.00	        1.00
  3.17	      237.00	       19.00	   596156.00	        1.00	      255.00	        1.00
  3.18	      240.00	       19.00	   596141.00	        1.00	      258.00	        1.00
  3.19	      244.00	       19.00	   596123.00	        1.00	      262.00	        1.00
  3.20	      248.00	       19.00	   596113.00	        1.00	      266.00	        1.00
  3.21	      251.00	       20.00	   596095.00	        1.00	      270.00	        1.00
  3.22	      258.00	       20.00	   596077.00	        1.00	      277.00	        1.00
  3.23	      258.00	       21.00	   596052.00	        1.00	      278.00	        1.00
  3.24	      264.00	       21.00	   596035.00	        1.00	      284.00	        1.00
  3.25	      266.00	       21.00	   596014.00	        1.00	      286.00	        1.00
  3.26	      268.00	       21.00	   595989.00	        1.00	      288.00	        1.00
  3.27	      270.00	       21.00	   595967.00	        1.00	      290.00	        1.00
  3.28	      277.00	       21.00	   595951.00	        1.00	      297.00	        1.00
  3.29	      277.00	       23.00	   595930.00	        1.00	      299.00	        1.00
  3.30	      283.00	       23.00	   595910.00	        1.00	      305.00	        1.00
  3.31	      285.00	       23.00	   595891.00	        1.00	      307.00	        1.00
  3.32	      290.00	       24.00	   595868.00	        1.00	      313.00	        1.00
  3.33	      297.00	       25.00	   595849.00	        1.00	      321.00	        1.00
  3.34	      303.00	       25.00	   595828.00	        1.00	      327.00	        1.00
  3.35	      303.00	       26.00	   596208.00	        1.00	      329.00	        1.00
  3.36	      298.00	       37.00	   596182.00	        1.00	      335.00	        1.00
  3.37	      286.00	       54.00	   596151.00	        1.00	      340.00	        1.00
  3.38	      273.00	       69.00	   596117.00	        1.00	      342.00	        1.00
  3.39	      271.00	       76.00	   596093.00	        1.00	      347.00	        1.00
  3.40	      261.00	       89.00	   596059.00	        1.00	      350.00	        1.00
  3.41	      256.00	       98.00	   596030.00	        1.00	      354.00	        1.00
  3.42	      250.00	      107.00	   595994.00	        1.00	      357.00	        1.00
  3.43	      247.00	      114.00	   595968.00	        1.00	      361.00	        1.00
  3.44	      241.00	      123.00	   595939.00	        1.00	      364.00	        1.00
  3.45	      234.00	      131.00	   595911.00	        1.00	      365.00	        1.00
  3.46	      236.00	      133.00	   595893.00	        1.00	      369.00	        1.00
  3.47	      231.00	      141.00	   595869.00	        1.00	      372.00	        1.00
  3.48	      236.00	      143.00	   595846.00	        1.00	      379.00	        1.00
  3.49	      238.00	      144.00	   595829.00	        1.00	      382.00	        1.00
  3.50	      238.00	      148.00	   595796.00	        1.00	      386.00	        1.00
  3.51	      229.00	      157.00	   595769.00	        1.00	      386.00	        1.00
  3.52	      228.00	      159.00	   595744.00	        1.00	      387.00	        1.00
  3.53	      228.00	      164.00	   595715.00	        1.00	      392.00	        1.00
  3.54	      228.00	      168.00	   595695.00	        1.00	      396.00	        1.00
  3.55	      227.00	      172.00	   595668.00	        1.00	      399.00	        1.00
  3.56	      230.00	      175.00	   595641.00	        1.00	      405.00	        1.00
  3.57	      233.00	      176.00	   595620.00	        1.00	      409.00	        1.00
  3.58	      235.00	      177.00	   595597.00	        1.00	      412.00	        1.00
  3.59	      236.00	      179.00	   595570.00	        1.00	      415.00	        1.00
  3.60	      234.00	      183.00	   595549.00	        1.00	      417.00	        1.00
  3.61	      237.00	      185.00	   595531.00	        1.00	      422.00	        1.00
  3.62	      242.00	      188.00	   595505.00	        1.00	      430.00	        1.00
  3.63	      244.00	      188.00	   595480.00	        1.00	      432.00	        1.00
  3.64	      242.00	      192.00	   595457.00	        1.00	      434.00	        1.00
  3.65	      242.00	      194.00	   595840.00	        1.00	      437.00	        1.00
  3.66	      236.00	      203.00	   595814.00	        1.00	      440.00	        1.00
  3.67	      223.00	      216.00	   595773.00	        1.00	      440.00	        1.00
  3.68	      214.00	      227.00	   595728.00	        1.00	      442.00	        1.00
  3.69	      208.00	      240.00	   595670.00	        1.00	      449.00	        1.00
  3.70	      204.00	      248.00	   595629.00	        1.00	      453.00	        1.00
  3.71	      198.00	      255.00	   595596.00	        1.00	      454.00	        1.00
  3.72	      194.00	      261.00	   595566.00	        1.00	      456.00	        1.00
  3.73	      191.00	      268.00	   595532.00	        1.00	      460.00	        1.00
  3.74	      182.00	      278.00	   596277.00	        1.00	      463.00	        1.00
  3.75	      163.00	      303.00	   596189.00	        1.00	      469.00	        1.00
  3.76	      146.00	      320.00	   596126.00	        1.00	      469.00	        1.00
  3.77	      137.00	      331.00	   596057.00	        1.00	      471.00	        1.00
  3.78	      128.00	      342.00	   595988.00	        1.00	      473.00	        1.00
  3.79	      120.00	      353.00	   595935.00	        1.00	      476.00	        1.00
  3.80	      119.00	      357.00	   596288.00	        1.00	      480.00	        1.00
  3.81	      105.00	      371.00	   596215.00	        1.00	      480.00	        1.00
  3.82	       97.00	      382.00	   596539.00	        1.00	      484.00	        1.00
  3.83	       89.00	      396.00	   596466.00	        1.00	      490.00	        1.00
  3.84	       84.00	      401.00	   596401.00	        1.00	      490.00	        1.00
  3.85	       81.00	      407.00	   596326.00	        1.00	      493.00	        1.00
  3.86	       71.00	      418.00	   596629.00	        1.00	      495.00	        1.00
  3.87	       63.00	      428.00	   596530.00	        1.00	      497.00	        1.00
  3.88	       52.00	      439.00	   596440.00	        1.00	      497.00	        1.00
  3.89	       47.00	      445.00	   596360.00	        1.00	      498.00	        1.00
  3.90	       42.00	      451.00	   597062.00	        1.00	      501.00	        1.00
  3.91	       37.00	      457.00	   596944.00	        1.00	      502.00	        1.00
  3.92	       30.00	      464.00	   596853.00	        1.00	      502.00	        1.00
  3.93	       26.00	      469.00	   596740.00	        1.00	      503.00	        1.00
  3.94	       24.00	      473.00	   596638.00	        1.00	      505.00	        1.00
  3.95	       22.00	      476.00	   596558.00	        1.00	      506.00	        1.00
  3.96	       17.00	      480.00	   596852.00	        1.00	      506.00	        1.00
  3.97	       13.00	      483.00	   597142.00	        1.00	      506.00	        1.00
  3.98	       10.00	      486.00	   597031.00	        1.00	      506.00	        1.00
  3.99	        7.00	      488.00	   597293.00	        1.00	      506.00	        1.00
  4.00	        6.00	      488.00	   597586.00	        1.00	      506.00	        1.00
  4.01	        6.00	      488.00	   597428.00	        1.00	      506.00	        1.00
  4.02	        3.00	      488.00	   598486.00	        1.00	      506.00	        1.00
  4.03	        2.00	      489.00	   598298.00	        1.00	      506.00	        1.00
  4.04	        2.00	      489.00	   598145.00	        1.00	      506.00	        1.00
  4.05	        2.00	      489.00	   597978.00	        1.00	      506.00	        1.00
  4.06	        2.00	      488.00	   598218.00	        1.00	      506.00	        1.00
  4.07	        2.00	      488.00	   598034.00	        1.00	      506.00	        1.00
  4.08	        1.00	      487.00	   598667.00	        1.00	      506.00	        1.00
  4.09	        1.00	      487.00	   598508.00	        1.00	      506.00	        1.00
  4.10	        1.00	      486.00	   598722.00	        1.00	      506.00	        1.00
  4.11	        0.00	      484.00	   599698.00	        0.00	      506.00	        1.00
  4.12	        0.00	      484.00	   599450.00	        0.00	      506.00	        1.00
  4.13	        0.00	      482.00	   599984.00	        0.00	      506.00	        1.00
  4.14	        0.00	      482.00	   599746.00	        0.00	      506.00	        1.00
  4.15	        0.00	      480.00	   600298.00	        0.00	      506.00	        1.00
  4.16	        0.00	      480.00	   600068.00	        0.00	      506.00	        1.00
  4.17	        0.00	      480.00	   599861.00	        0.00	      506.00	        1.00
  4.18	        0.00	      477.00	   600832.00	        0.00	      506.00	        1.00
  4.19	        0.00	      476.00	   600974.00	        0.00	      506.00	        1.00
  4.20	        0.00	      476.00	   600673.00	        0.00	      506.00	        1.00
  4.21	        0.00	      474.00	   601213.00	        0.00	      506.00	        1.00
  4.22	        0.00	      472.00	   601706.00	        0.00	      506.00	        1.00
  4.23	        0.00	      469.00	   602546.00	        0.00	      506.00	        1.00
  4.24	        0.00	      467.00	   602978.00	        0.00	      506.00	        1.00
  4.25	        0.00	      464.00	   603783.00	        0.00	      506.00	        1.00
  4.26	        0.00	      463.00	   603777.00	        0.00	      506.00	        1.00
  4.27	        0.00	      459.00	   604914.00	        0.00	      506.00	        1.00
  4.28	        0.00	      458.00	   604877.00	        0.00	      506.00	        1.00
  4.29	        0.00	      455.00	   605591.00	        0.00	      506.00	        1.00
  4.30	        0.00	      453.00	   605953.00	        0.00	      506.00	        1.00
  4.31	        0.00	      452.00	   605883.00	        0.00	      506.00	        1.00
  4.32	        0.00	      449.00	   606635.00	        0.00	      506.00	        1.00
  4.33	        0.00	      448.00	   606563.00	        0.00	      506.00	        1.00
  4.34	        0.00	      448.00	   606117.00	        0.00	      506.00	        1.00
  4.35	        0.00	      446.00	   606461.00	        0.00	      506.00	        1.00
  4.36	        0.00	      444.00	   606841.00	        0.00	      506.00	        1.00
  4.37	        0.00	      442.00	   607184.00	        0.00	      506.00	        1.00
  4.38	        0.00	      438.00	   608318.00	        0.00	      506.00	        1.00
  4.39	        0.00	      436.00	   608665.00	        0.00	      506.00	        1.00
  4.40	        0.00	      435.00	   608537.00	        0.00	      506.00	        1.00
  4.41	        0.00	      432.00	   609213.00	        0.00	      506.00	        1.00
  4.42	        0.00	      427.00	   610698.00	        0.00	      506.00	        1.00
  4.43	        0.00	      425.00	   610915.00	        0.00	      506.00	        1.00
  4.44	        0.00	      421.00	   611966.00	        0.00	      506.00	        1.00
  4.45	        0.00	      417.00	   612954.00	        0.00	      506.00	        1.00
  4.46	        0.00	      414.00	   613460.00	        0.00	      506.00	        1.00
  4.47	        0.00	      412.00	   613588.00	        0.00	      506.00	        1.00
  4.48	        0.00	      408.00	   614553.00	        0.00	      506.00	        1.00
  4.49	        0.00	      399.00	   617430.00	        0.00	      506.00	        1.00
  4.50	        0.00	      393.00	   618994.00	        0.00	      506.00	        1.00
  4.51	        0.00	      391.00	   618885.00	        0.00	      506.00	        1.00
  4.52	        0.00	      390.00	   618505.00	        0.00	      506.00	        1.00
  4.53	        0.00	      387.00	   618910.00	        0.00	      506.00	        1.00
  4.54	        0.00	      384.00	   619290.00	        0.00	      506.00	        1.00
  4.55	        0.00	      383.00	   618944.00	        0.00	      506.00	        1.00
  4.56	        0.00	      379.00	   619808.00	        0.00	      506.00	        1.00
  4.57	        0.00	      374.00	   621057.00	        0.00	      506.00	        1.00
  4.58	        0.00	      371.00	   621426.00	        0.00	      506.00	        1.00
  4.59	        0.00	      368.00	   621934.00	        0.00	      506.00	        1.00
  4.60	        0.00	      362.00	   623595.00	        0.00	      506.00	        1.00
  4.61	        0.00	      361.00	   623166.00	        0.00	      506.00	        1.00
  4.62	        0.00	      356.00	   624327.00	        0.00	      506.00	        1.00
  4.63	        0.00	      350.00	   625903.00	        0.00	      506.00	        1.00
  4.64	        0.00	      347.00	   626274.00	        0.00	      506.00	        1.00
  4.65	        0.00	      345.00	   626241.00	        0.00	      506.00	        1.00
  4.66	        0.00	      338.00	   628187.00	        0.00	      506.00	        1.00
  4.67	        0.00	      333.00	   629343.00	        0.00	      506.00	        1.00
  4.68	        0.00	      329.00	   630006.00	        0.00	      506.00	        1.00
  4.69	        0.00	      327.00	   629893.00	        0.00	      506.00	        1.00
  4.70	        0.00	      323.00	   630626.00	        0.00	      506.00	        1.00
  4.71	        0.00	      318.00	   631692.00	        0.00	      506.00	        1.00
  4.72	        0.00	      306.00	   635456.00	        0.00	      506.00	        1.00
  4.73	        0.00	      304.00	   635246.00	        0.00	      506.00	        1.00
  4.74	        0.00	      298.00	   636582.00	        0.00	      506.00	        1.00
  4.75	        0.00	      293.00	   637527.00	        0.00	      506.00	        1.00
  4.76	        0.00	      284.00	   640027.00	        0.00	      506.00	        1.00
  4.77	        0.00	      277.00	   641672.00	        0.00	      506.00	        1.00
  4.78	        0.00	      271.00	   642901.00	        0.00	      506.00	        1.00
  4.79	        0.00	      267.00	   643363.00	        0.00	      506.00	        1.00
  4.80	        0.00	      264.00	   643475.00	        0.00	      506.00	        1.00
  4.81	        0.00	      261.00	   643587.00	        0.00	      506.00	        1.00
  4.82	        0.00	      257.00	   644114.00	        0.00	      506.00	        1.00
  4.83	        0.00	      254.00	   644189.00	        0.00	      506.00	        1.00
  4.84	        0.00	      249.00	   645188.00	        0.00	      506.00	        1.00
  4.85	        0.00	      241.00	   647372.00	        0.00	      506.00	        1.00
  4.86	        0.00	      234.00	   649131.00	        0.00	      506.00	        1.00
  4.87	        0.00	      231.00	   649286.00	        0.00	      506.00	        1.00
  4.88	        0.00	      226.00	   650200.00	        0.00	      506.00	        1.00
  4.89	        0.00	      223.00	   650346.00	        0.00	      506.00	        1.00
  4.90	        0.00	      217.00	   651708.00	        0.00	      506.00	        1.00
  4.91	        0.00	      210.00	   653482.00	        0.00	      506.00	        1.00
  4.92	        0.00	      208.00	   653254.00	        0.00	      506.00	        1.00
  4.93	        0.00	      203.00	   654282.00	        0.00	      506.00	        1.00
  4.94	        0.00	      196.00	   656067.00	        0.00	      506.00	        1.00
  4.95	        0.00	      191.00	   657059.00	        0.00	      506.00	        1.00
  4.96	        0.00	      186.00	   658039.00	        0.00	      506.00	        1.00
  4.97	        0.00	      182.00	   658672.00	        0.00	      506.00	        1.00
  4.98	        0.00	      178.00	   659315.00	        0.00	      506.00	        1.00
  4.99	        0.00	      177.00	   658772.00	        0.00	      506.00	        1.00
  5.00	        0.00	      174.00	   659042.00	        0.00	      506.00	        1.00
  5.01	        0.00	      171.00	   659340.00	        0.00	      506.00	        1.00
  5.02	        0.00	      165.00	   660855.00	        0.00	      506.00	        1.00
  5.03	        0.00	      161.00	   661601.00	        0.00	      506.00	        1.00
  5.04	        0.00	      159.00	   661521.00	        0.00	      506.00	        1.00
  5.05	        0.00	      156.00	   661887.00	        0.00	      506.00	        1.00
  5.06	        0.00	      153.00	   662285.00	        0.00	      506.00	        1.00
  5.07	        0.00	      151.00	   662296.00	        0.00	      506.00	        1.00
  5.08	        0.00	      145.00	   663919.00	        0.00	      506.00	        1.00
  5.09	        0.00	      142.00	   664412.00	        0.00	      506.00	        1.00
  5.10	        0.00	      138.00	   665263.00	        0.00	      506.00	        1.00
  5.11	        0.00	      130.00	   667736.00	        0.00	      506.00	        1.00
  5.12	        0.00	      124.00	   669403.00	        0.00	      506.00	        1.00
  5.13	        0.00	      119.00	   670722.00	        0.00	      506.00	        1.00
  5.14	        0.00	      119.00	   670017.00	        0.00	      506.00	        1.00
  5.15	        0.00	      115.00	   670944.00	        0.00	      506.00	        1.00
  5.16	        0.00	      108.00	   673095.00	        0.00	      506.00	        1.00
  5.17	        0.00	      105.00	   673645.00	        0.00	      506.00	        1.00
  5.18	        0.00	      103.00	   673867.00	        0.00	      506.00	        1.00
  5.19	        0.00	       98.00	   675253.00	        0.00	      506.00	        1.00
  5.20	        0.00	       94.00	   676281.00	        0.00	      506.00	        1.00
  5.21	        0.00	       90.00	   677309.00	        0.00	      506.00	        1.00
  5.22	        0.00	       89.00	   677169.00	        0.00	      506.00	        1.00
  5.23	        0.00	       87.00	   677447.00	        0.00	      506.00	        1.00
  5.24	        0.00	       86.00	   677365.00	        0.00	      506.00	        1.00
  5.25	        0.00	       82.00	   678436.00	        0.00	      506.00	        1.00
  5.26	        0.00	       80.00	   678704.00	        0.00	      506.00	        1.00
  5.27	        0.00	       76.00	   679840.00	        0.00	      506.00	        1.00
  5.28	        0.00	       71.00	   681396.00	        0.00	      506.00	        1.00
  5.29	        0.00	       67.00	   682588.00	        0.00	      506.00	        1.00
  5.30	        0.00	       67.00	   682155.00	        0.00	      506.00	        1.00
  5.31	        0.00	       63.00	   683354.00	        0.00	      506.00	        1.00
  5.32	        0.00	       60.00	   684144.00	        0.00	      506.00	        1.00
  5.33	        0.00	       58.00	   684588.00	        0.00	      506.00	        1.00
  5.34	        0.00	       55.00	   685422.00	        0.00	      506.00	        1.00
  5.35	        0.00	       52.00	   686291.00	        0.00	      506.00	        1.00
  5.36	        0.00	       47.00	   687946.00	        0.00	      506.00	        1.00
  5.37	        0.00	       46.00	   688037.00	        0.00	      506.00	        1.00
  5.38	        0.00	       45.00	   688166.00	        0.00	      506.00	        1.00
  5.39	        0.00	       44.00	   688268.00	        0.00	      506.00	        1.00
  5.40	        0.00	       44.00	   687977.00	        0.00	      506.00	        1.00
  5.41	        0.00	       41.00	   688885.00	        0.00	      506.00	        1.00
  5.42	        0.00	       41.00	   688577.00	        0.00	      506.00	        1.00
  5.43	        0.00	       39.00	   689111.00	        0.00	      506.00	        1.00
  5.44	        0.00	       37.00	   689656.00	        0.00	      506.00	        1.00
  5.45	        0.00	       37.00	   689422.00	        0.00	      506.00	        1.00
  5.46	        0.00	       37.00	   689167.00	        0.00	      506.00	        1.00
  5.47	        0.00	       36.00	   689352.00	        0.00	      506.00	        1.00
  5.48	        0.00	       35.00	   689531.00	        0.00	      506.00	        1.00
  5.49	        0.00	       34.00	   689730.00	        0.00	      506.00	        1.00
  5.50	        0.00	       32.00	   690337.00	        0.00	      506.00	        1.00
  5.51	        0.00	       31.00	   690543.00	        0.00	      506.00	        1.00
  5.52	        0.00	       30.00	   690755.00	        0.00	      506.00	        1.00
  5.53	        0.00	       30.00	   690565.00	        0.00	      506.00	        1.00
  5.54	        0.00	       28.00	   691179.00	        0.00	      506.00	        1.00
  5.55	        0.00	       23.00	   693027.00	        0.00	      506.00	        1.00
  5.56	        0.00	       22.00	   693281.00	        0.00	      506.00	        1.00
  5.57	        0.00	       20.00	   693920.00	        0.00	      506.00	        1.00
  5.58	        0.00	       19.00	   694200.00	        0.00	      506.00	        1.00
  5.59	        0.00	       18.00	   694462.00	        0.00	      506.00	        1.00
  5.60	        0.00	       18.00	   694329.00	        0.00	      506.00	        1.00
  5.61	        0.00	       18.00	   694204.00	        0.00	      506.00	        1.00
  5.62	        0.00	       17.00	   694468.00	        0.00	      506.00	        1.00
  5.63	        0.00	       17.00	   694355.00	        0.00	      506.00	        1.00
  5.64	        0.00	       17.00	   694250.00	        0.00	      506.00	        1.00
  5.65	        0.00	       16.00	   694529.00	        0.00	      506.00	        1.00
  5.66	        0.00	       16.00	   694446.00	        0.00	      506.00	        1.00
  5.67	        0.00	       15.00	   694748.00	        0.00	      506.00	        1.00
  5.68	        0.00	       14.00	   695056.00	        0.00	      506.00	        1.00
  5.69	        0.00	       14.00	   694982.00	        0.00	      506.00	        1.00
  5.70	        0.00	       13.00	   695292.00	        0.00	      506.00	        1.00
  5.71	        0.00	       13.00	   695206.00	        0.00	      506.00	        1.00
  5.72	        0.00	       13.00	   695118.00	        0.00	      506.00	        1.00
  5.73	        0.00	       13.00	   695051.00	        0.00	      506.00	        1.00
  5.74	        0.00	       13.00	   694967.00	        0.00	      506.00	        1.00
  5.75	        0.00	       13.00	   694895.00	        0.00	      506.00	        1.00
  5.76	        0.00	       13.00	   694807.00	        0.00	      506.00	        1.00
  5.77	        0.00	       12.00	   695126.00	        0.00	      506.00	        1.00
  5.78	        0.00	       12.00	   695052.00	        0.00	      506.00	        1.00
  5.79	        0.00	       11.00	   695383.00	        0.00	      506.00	        1.00
  5.80	        0.00	       10.00	   695707.00	        0.00	      506.00	        1.00
  5.81	        0.00	        9.00	   696032.00	        0.00	      506.00	        1.00
  5.82	        0.00	        9.00	   695964.00	        0.00	      506.00	        1.00
  5.83	        0.00	        9.00	   695915.00	        0.00	      506.00	        1.00
  5.84	        0.00	        9.00	   695854.00	        0.00	      506.00	        1.00
  5.85	        0.00	        9.00	   695800.00	        0.00	      506.00	        1.00
  5.86	        0.00	        8.00	   696143.00	        0.00	      506.00	        1.00
  5.87	        0.00	        8.00	   696088.00	        0.00	      506.00	        1.00
  5.88	        0.00	        8.00	   696032.00	        0.00	      506.00	        1.00
  5.89	        0.00	        8.00	   695974.00	        0.00	      506.00	        1.00
  5.90	        0.00	        8.00	   695921.00	        0.00	      506.00	        1.00
  5.91	        0.00	        8.00	   695849.00	        0.00	      506.00	        1.00
  5.92	        0.00	        8.00	   695788.00	        0.00	      506.00	        1.00
  5.93	        0.00	        7.00	   696134.00	        0.00	      506.00	        1.00
  5.94	        0.00	        6.00	   696492.00	        0.00	      506.00	        1.00
  5.95	        0.00	        6.00	   696450.00	        0.00	      506.00	        1.00
  5.96	        0.00	        4.00	   697195.00	        0.00	      506.00	        1.00
  5.97	        0.00	        3.00	   697568.00	        0.00	      506.00	        1.00
  5.98	        0.00	        3.00	   697532.00	        0.00	      506.00	        1.00
  5.99	        0.00	        3.00	   697500.00	        0.00	      506.00	        1.00
  6.00	        0.00	        3.00	   697473.00	        0.00	      506.00	        1.00
  6.01	        0.00	        3.00	   697443.00	        0.00	      506.00	        1.00
  6.02	        0.00	        3.00	   697421.00	        0.00	      506.00	        1.00
  6.03	        0.00	        3.00	   697387.00	        0.00	      506.00	        1.00
  6.04	        0.00	        3.00	   697355.00	        0.00	      506.00	        1.00
  6.05	        0.00	        3.00	   697327.00	        0.00	      506.00	        1.00
  6.06	        0.00	        3.00	   697292.00	        0.00	      506.00	        1.00
  6.07	        0.00	        3.00	   697260.00	        0.00	      506.00	        1.00
  6.08	        0.00	        3.00	   697221.00	        0.00	      506.00	        1.00
  6.09	        0.00	        3.00	   697191.00	        0.00	      506.00	        1.00
  6.10	        0.00	        2.00	   697559.00	        0.00	      506.00	        1.00
  6.11	        0.00	        2.00	   697526.00	        0.00	      506.00	        1.00
  6.12	        0.00	        2.00	   697499.00	        0.00	      506.00	        1.00
  6.13	        0.00	        2.00	   697472.00	        0.00	      506.00	        1.00
  6.14	        0.00	        2.00	   697437.00	        0.00	      506.00	        1.00
  6.15	        0.00	        2.00	   697407.00	        0.00	      506.00	        1.00
  6.16	        0.00	        2.00	   697378.00	        0.00	      506.00	        1.00
  6.17	        0.00	        2.00	   697347.00	        0.00	      506.00	        1.00
  6.18	        0.00	        2.00	   697317.00	        0.00	      506.00	        1.00
  6.19	        0.00	        2.00	   697296.00	        0.00	      506.00	        1.00
  6.20	        0.00	        2.00	   697270.00	        0.00	      506.00	        1.00
  6.21	        0.00	        2.00	   697245.00	        0.00	      506.00	        1.00
  6.22	        0.00	        2.00	   697222.00	        0.00	      506.00	        1.00
  6.23	        0.00	        2.00	   697197.00	        0.00	      506.00	        1.00
  6.24	        0.00	        2.00	   697163.00	        0.00	      506.00	        1.00
  6.25	        0.00	        2.00	   697136.00	        0.00	      506.00	        1.00
  6.26	        0.00	        2.00	   697113.00	        0.00	      506.00	        1.00
  6.27	        0.00	        2.00	   697083.00	        0.00	      506.00	        1.00
  6.28	        0.00	        2.00	   697055.00	        0.00	      506.00	        1.00
  6.29	        0.00	        2.00	   697031.00	        0.00	      506.00	        1.00
  6.30	        0.00	        2.00	   697000.00	        0.00	      506.00	        1.00
  6.31	        0.00	        2.00	   696965.00	        0.00	      506.00	        1.00
  6.32	        0.00	        2.00	   696933.00	        0.00	      506.00	        1.00
  6.33	        0.00	        2.00	   696902.00	        0.00	      506.00	        1.00
  6.34	        0.00	        2.00	   696876.00	        0.00	      506.00	        1.00
  6.35	        0.00	        2.00	   696842.00	        0.00	      506.00	        1.00
  6.36	        0.00	        2.00	   696815.00	        0.00	      506.00	        1.00
  6.37	        0.00	        1.00	   697190.00	        0.00	      506.00	        1.00
  6.38	        0.00	        1.00	   697159.00	        0.00	      506.00	        1.00
  6.39	        0.00	        1.00	   697134.00	        0.00	      506.00	        1.00
  6.40	        0.00	        1.00	   697116.00	        0.00	      506.00	        1.00
  6.41	        0.00	        1.00	   697097.00	        0.00	      506.00	        1.00
  6.42	        0.00	        1.00	   697075.00	        0.00	      506.00	        1.00
  6.43	        0.00	        1.00	   697055.00	        0.00	      506.00	        1.00
  6.44	        0.00	        1.00	   697030.00	        0.00	      506.00	        1.00
  6.45	        0.00	        1.00	   697002.00	        0.00	      506.00	        1.00
  6.46	        0.00	        1.00	   696976.00	        0.00	      506.00	        1.00
  6.47	        0.00	        1.00	   696948.00	        0.00	      506.00	        1.00
  6.48	        0.00	        1.00	   696920.00	        0.00	      506.00	        1.00
  6.49	        0.00	        1.00	   696904.00	        0.00	      506.00	        1.00
  6.50	        0.00	        1.00	   696881.00	        0.00	      506.00	        1.00
  6.51	        0.00	        1.00	   696856.00	        0.00	      506.00	        1.00
  6.52	        0.00	        1.00	   696835.00	        0.00	      506.00	        1.00
  6.53	        0.00	        1.00	   696805.00	        0.00	      506.00	        1.00
  6.54	        0.00	        1.00	   696779.00	        0.00	      506.00	        1.00
  6.55	        0.00	        1.00	   696754.00	        0.00	      506.00	        1.00
  6.56	        0.00	        1.00	   696724.00	        0.00	      506.00	        1.00
  6.57	        0.00	        1.00	   696704.00	        0.00	      506.00	        1.00
  6.58	        0.00	        1.00	   696674.00	        0.00	      506.00	        1.00
  6.59	        0.00	        1.00	   696639.00	        0.00	      506.00	        1.00
  6.60	        0.00	        1.00	   696625.00	        0.00	      506.00	        1.00
  6.61	        0.00	        1.00	   696603.00	        0.00	      506.00	        1.00
  6.62	        0.00	        1.00	   696576.00	        0.00	      506.00	        1.00
  6.63	        0.00	        1.00	   696555.00	        0.00	      506.00	        1.00
  6.64	        0.00	        1.00	   696533.00	        0.00	      506.00	        1.00
  6.65	        0.00	        1.00	   696514.00	        0.00	      506.00	        1.00
  6.66	        0.00	        1.00	   696499.00	        0.00	      506.00	        1.00
  6.67	        0.00	        1.00	   696475.00	        0.00	      506.00	        1.00
  6.68	        0.00	        1.00	   696444.00	        0.00	      506.00	        1.00
  6.69	        0.00	        1.00	   696426.00	        0.00	      506.00	        1.00
  6.70	        0.00	        1.00	   696400.00	        0.00	      506.00	        1.00
  6.71	        0.00	        0.00	   696779.00	        0.00	      506.00	        0.00
