Datatype: PopulationSize
  0.00	        1.00	        0.00	        0.00	        1.00	        0.00	        1.00
  0.01	        1.00	        0.00	        0.00	        1.00	        0.00	        1.00
  0.02	        1.00	        0.00	        0.00	        1.00	        0.00	        1.00
  0.03	        1.00	        0.00	        0.00	        1.00	        0.00	        1.00
  0.04	        2.00	        0.00	        0.00	        1.00	        1.00	        1.00
  0.05	        2.00	        0.00	        0.00	        1.00	        1.00	        1.00
  0.06	        2.00	        0.00	        0.00	        1.00	        1.00	        1.00
  0.07	        2.00	        0.00	        0.00	        1.00	        1.00	        1.00
  0.08	        2.00	        0.00	        0.00	        1.00	        1.00	        1.00
  0.09	        3.00	        0.00	        0.00	        1.00	        2.00	        1.00
  0.10	        3.00	        0.00	        0.00	        1.00	        2.00	        1.00
  0.11	        3.00	        0.00	        0.00	        1.00	        2.00	        1.00
  0.12	        3.00	        0.00	        0.00	        1.00	        2.00	        1.00
  0.13	        3.00	        0.00	        0.00	        1.00	        2.00	        1.00
  0.14	        3.00	        0.00	        0.00	        1.00	        2.00	        1.00
  0.15	        3.00	        0.00	        0.00	        1.00	        2.00	        1.00
  0.16	        3.00	        0.00	        0.00	        1.00	        2.00	        1.00
  0.17	        3.00	        0.00	        0.00	        1.00	        2.00	        1.00
  0.18	        3.00	        0.00	        0.00	        1.00	        2.00	        1.00
  0.19	        3.00	        0.00	        0.00	        1.00	        2.00	        1.00
  0.20	        3.00	        0.00	        0.00	        1.00	        2.00	        1.00
  0.21	        3.00	        0.00	        0.00	        1.00	        2.00	        1.00
  0.22	        3.00	        0.00	        0.00	        1.00	        2.00	        1.00
  0.23	        3.00	        0.00	        0.00	        1.00	        2.00	        1.00
  0.24	        3.00	        0.00	        0.00	        1.00	        2.00	        1.00
  0.25	        3.00	        0.00	        0.00	        1.00	        2.00	        1.00
  0.26	        4.00	        0.00	        0.00	        1.00	        3.00	        1.00
  0.27	        4.00	        0.00	        0.00	        1.00	        3.00	        1.00
  0.28	        4.00	        0.00	        0.00	        1.00	        3.00	        1.00
  0.29	        4.00	        0.00	        0.00	        1.00	        3.00	        1.00
  0.30	        4.00	        0.00	        0.00	        1.00	        3.00	        1.00
  0.31	        4.00	        0.00	        0.00	        1.00	        3.00	        1.00
  0.32	        4.00	        0.00	        0.00	        1.00	        3.00	        1.00
  0.33	        4.00	        0.00	        0.00	        1.00	        3.00	        1.00
  0.34	        4.00	        0.00	        0.00	        1.00	        3.00	        1.00
  0.35	        4.00	        0.00	        0.00	        1.00	        3.00	        1.00
  0.36	        4.00	        0.00	        0.00	        1.00	        3.00	        1.00
  0.37	        4.00	        0.00	        0.00	        1.00	        3.00	        1.00
  0.38	        4.00	        0.00	        0.00	        1.00	        3.00	        1.00
  0.39	        4.00	        0.00	        0.00	        1.00	        3.00	        1.00
  0.40	        4.00	        0.00	        0.00	        1.00	        3.00	        1.00
  0.41	        4.00	        0.00	        0.00	        1.00	        3.00	        1.00
  0.42	        4.00	        0.00	        0.00	        1.00	        3.00	        1.00
  0.43	        4.00	        0.00	        0.00	        1.00	        3.00	        1.00
  0.44	        4.00	        0.00	        0.00	        1.00	        3.00	        1.00
  0.45	        4.00	        0.00	        0.00	        1.00	        3.00	        1.00
  0.46	        4.00	        0.00	        0.00	        1.00	        3.00	        1.00
  0.47	        4.00	        0.00	        0.00	        1.00	        3.00	        1.00
  0.48	        4.00	        0.00	        0.00	        1.00	        3.00	        1.00
  0.49	        4.00	        0.00	        0.00	        1.00	        3.00	        1.00
  0.50	        4.00	        0.00	        0.00	        1.00	        3.00	        1.00
  0.51	        5.00	        0.00	        0.00	        1.00	        4.00	        1.00
  0.52	        6.00	        0.00	        0.00	        1.00	        5.00	        1.00
  0.53	        6.00	        0.00	        0.00	        1.00	        5.00	        1.00
  0.54	        7.00	        0.00	        0.00	        1.00	        6.00	        1.00
  0.55	        7.00	        0.00	        0.00	        1.00	        6.00	        1.00
  0.56	        7.00	        0.00	        0.00	        1.00	        6.00	        1.00
  0.57	        7.00	        0.00	        0.00	        1.00	        6.00	        1.00
  0.58	        7.00	        0.00	        0.00	        1.00	        6.00	        1.00
  0.59	        7.00	        0.00	        0.00	        1.00	        6.00	        1.00
  0.60	        7.00	        0.00	        0.00	        1.00	        6.00	        1.00
  0.61	        7.00	        0.00	        0.00	        1.00	        6.00	        1.00
  0.62	        7.00	        0.00	        0.00	        1.00	        6.00	        1.00
  0.63	        7.00	        0.00	        0.00	        1.00	        6.00	        1.00
  0.64	        7.00	        0.00	        0.00	        1.00	        6.00	        1.00
  0.65	        7.00	        0.00	        0.00	        1.00	        6.00	        1.00
  0.66	        7.00	        0.00	        0.00	        1.00	        6.00	        1.00
  0.67	        7.00	        0.00	        0.00	        1.00	        6.00	        1.00
  0.68	        7.00	        0.00	        0.00	        1.00	        6.00	        1.00
  0.69	        8.00	        0.00	        0.00	        1.00	        7.00	        1.00
  0.70	        8.00	        0.00	        0.00	        1.00	        7.00	        1.00
  0.71	        9.00	        0.00	        0.00	        1.00	        8.00	        1.00
  0.72	        9.00	        0.00	        0.00	        1.00	        8.00	        1.00
  0.73	        9.00	        0.00	        0.00	        1.00	        8.00	        1.00
  0.74	       11.00	        0.00	        0.00	        1.00	       10.00	        1.00
  0.75	       11.00	        0.00	        0.00	        1.00	       10.00	        1.00
  0.76	       11.00	        0.00	        0.00	        1.00	       10.00	        1.00
  0.77	       11.00	        0.00	        0.00	        1.00	       10.00	        1.00
  0.78	       11.00	        0.00	        0.00	        1.00	       10.00	        1.00
  0.79	       11.00	        0.00	        0.00	        1.00	       10.00	        1.00
  0.80	       11.00	        0.00	        0.00	        1.00	       10.00	        1.00
  0.81	       11.00	        0.00	        0.00	        1.00	       10.00	        1.00
  0.82	       11.00	        0.00	        0.00	        1.00	       10.00	        1.00
  0.83	       11.00	        0.00	        0.00	        1.00	       10.00	        1.00
  0.84	       11.00	        0.00	        0.00	        1.00	       10.00	        1.00
  0.85	       11.00	        0.00	        0.00	        1.00	       10.00	        1.00
  0.86	       11.00	        0.00	        0.00	        1.00	       10.00	        1.00
  0.87	       12.00	        0.00	        0.00	        1.00	       11.00	        1.00
  0.88	       12.00	        0.00	        0.00	        1.00	       11.00	        1.00
  0.89	       12.00	        0.00	        0.00	        1.00	       11.00	        1.00
  0.90	       12.00	        0.00	        0.00	        1.00	       11.00	        1.00
  0.91	       12.00	        0.00	        0.00	        1.00	       11.00	        1.00
  0.92	       13.00	        0.00	        0.00	        1.00	       12.00	        1.00
  0.93	       13.00	        0.00	        0.00	        1.00	       12.00	        1.00
  0.94	       13.00	        0.00	        0.00	        1.00	       12.00	        1.00
  0.95	       13.00	        0.00	        0.00	        1.00	       12.00	        1.00
  0.96	       13.00	        0.00	        0.00	        1.00	       12.00	        1.00
  0.97	       13.00	        0.00	        0.00	        1.00	       12.00	        1.00
  0.98	       15.00	        0.00	        0.00	        1.00	       14.00	        1.00
  0.99	       15.00	        0.00	        0.00	        1.00	       14.00	        1.00
  1.00	       15.00	        0.00	        0.00	        1.00	       14.00	        1.00
  1.01	       16.00	        0.00	        0.00	        1.00	       15.00	        1.00
  1.02	       17.00	        0.00	        0.00	        1.00	       16.00	        1.00
  1.03	       17.00	        0.00	        0.00	        1.00	       16.00	        1.00
  1.04	       17.00	        0.00	        0.00	        1.00	       16.00	        1.00
  1.05	       20.00	        0.00	        0.00	        1.00	       19.00	        1.00
  1.06	       20.00	        0.00	        0.00	        1.00	       19.00	        1.00
  1.07	       21.00	        0.00	        0.00	        1.00	       20.00	        1.00
  1.08	       21.00	        0.00	        0.00	        1.00	       20.00	        1.00
  1.09	       22.00	        0.00	        0.00	        1.00	       21.00	        1.00
  1.10	       22.00	        0.00	        0.00	        1.00	       21.00	        1.00
  1.11	       23.00	        0.00	        0.00	        1.00	       22.00	        1.00
  1.12	       24.00	        0.00	        0.00	        1.00	       23.00	        1.00
  1.13	       25.00	        0.00	        0.00	        1.00	       24.00	        1.00
  1.14	       25.00	        0.00	        0.00	        1.00	       24.00	        1.00
  1.15	       27.00	        0.00	        0.00	        1.00	       26.00	        1.00
  1.16	       27.00	        0.00	        0.00	        1.00	       26.00	        1.00
  1.17	       28.00	        0.00	        0.00	        1.00	       27.00	        1.00
  1.18	       28.00	        0.00	        0.00	        1.00	       27.00	        1.00
  1.19	       29.00	        0.00	        0.00	        1.00	       28.00	        1.00
  1.20	       30.00	        0.00	        0.00	        1.00	       29.00	        1.00
  1.21	       30.00	        0.00	        0.00	        1.00	       29.00	        1.00
  1.22	       30.00	        0.00	        0.00	        1.00	       29.00	        1.00
  1.23	       30.00	        0.00	        0.00	        1.00	       29.00	        1.00
  1.24	       31.00	        0.00	        0.00	        1.00	       30.00	        1.00
  1.25	       32.00	        0.00	        0.00	        1.00	       31.00	        1.00
  1.26	       32.00	        0.00	        0.00	        1.00	       31.00	        1.00
  1.27	       32.00	        0.00	        0.00	        1.00	       31.00	        1.00
  1.28	       32.00	        0.00	        0.00	        1.00	       31.00	        1.00
  1.29	       32.00	        0.00	        0.00	        1.00	       31.00	        1.00
  1.30	       32.00	        0.00	        0.00	        1.00	       31.00	        1.00
  1.31	       32.00	        0.00	        0.00	        1.00	       31.00	        1.00
  1.32	       32.00	        0.00	        0.00	        1.00	       31.00	        1.00
  1.33	       33.00	        0.00	        0.00	        1.00	       32.00	        1.00
  1.34	       33.00	        0.00	        0.00	        1.00	       32.00	        1.00
  1.35	       34.00	        0.00	        0.00	        1.00	       33.00	        1.00
  1.36	       36.00	        0.00	        0.00	        1.00	       35.00	        1.00
  1.37	       37.00	        0.00	        0.00	        1.00	       36.00	        1.00
  1.38	       38.00	        0.00	        0.00	        1.00	       37.00	        1.00
  1.39	       38.00	        0.00	        0.00	        1.00	       37.00	        1.00
  1.40	       39.00	        0.00	        0.00	        1.00	       38.00	        1.00
  1.41	       39.00	        0.00	        0.00	        1.00	       38.00	        1.00
  1.42	       39.00	        0.00	        0.00	        1.00	       38.00	        1.00
  1.43	       40.00	        0.00	        0.00	        1.00	       39.00	        1.00
  1.44	       40.00	        0.00	        0.00	        1.00	       39.00	        1.00
  1.45	       41.00	        0.00	        0.00	        1.00	       40.00	        1.00
  1.46	       41.00	        0.00	        0.00	        1.00	       40.00	        1.00
  1.47	       43.00	        0.00	        0.00	        1.00	       42.00	        1.00
  1.48	       43.00	        0.00	        0.00	        1.00	       42.00	        1.00
  1.49	       44.00	        0.00	        0.00	        1.00	       43.00	        1.00
  1.50	       45.00	        0.00	        0.00	        1.00	       44.00	        1.00
  1.51	       45.00	        0.00	        0.00	        1.00	       44.00	        1.00
  1.52	       45.00	        0.00	        0.00	        1.00	       44.00	        1.00
  1.53	       45.00	        0.00	        0.00	        1.00	       44.00	        1.00
  1.54	       46.00	        0.00	        0.00	        1.00	       45.00	        1.00
  1.55	       47.00	        0.00	        0.00	        1.00	       46.00	        1.00
  1.56	       47.00	        0.00	        0.00	        1.00	       46.00	        1.00
  1.57	       48.00	        0.00	        0.00	        1.00	       47.00	        1.00
  1.58	       48.00	        0.00	        0.00	        1.00	       47.00	        1.00
  1.59	       48.00	        0.00	        0.00	        1.00	       47.00	        1.00
  1.60	       48.00	        0.00	        0.00	        1.00	       47.00	        1.00
  1.61	       49.00	        0.00	        0.00	        1.00	       48.00	        1.00
  1.62	       49.00	        0.00	        0.00	        1.00	       48.00	        1.00
  1.63	       50.00	        0.00	        0.00	        1.00	       49.00	        1.00
  1.64	       51.00	        0.00	        0.00	        1.00	       50.00	        1.00
  1.65	       52.00	        0.00	        0.00	        1.00	       51.00	        1.00
  1.66	       55.00	        0.00	        0.00	        1.00	       54.00	        1.00
  1.67	       55.00	        0.00	        0.00	        1.00	       54.00	        1.00
  1.68	       56.00	        0.00	        0.00	        1.00	       55.00	        1.00
  1.69	       57.00	        0.00	        0.00	        1.00	       56.00	        1.00
  1.70	       57.00	        0.00	        0.00	        1.00	       56.00	        1.00
  1.71	       60.00	        0.00	        0.00	        1.00	       59.00	        1.00
  1.72	       61.00	        0.00	        0.00	        1.00	       60.00	        1.00
  1.73	       62.00	        0.00	        0.00	        1.00	       61.00	        1.00
  1.74	       63.00	        0.00	        0.00	        1.00	       62.00	        1.00
  1.75	       64.00	        0.00	        0.00	        1.00	       63.00	        1.00
  1.76	       66.00	        0.00	        0.00	        1.00	       65.00	        1.00
  1.77	       67.00	        0.00	        0.00	        1.00	       66.00	        1.00
  1.78	       68.00	        0.00	        0.00	        1.00	       67.00	        1.00
  1.79	       69.00	        0.00	        0.00	        1.00	       68.00	        1.00
  1.80	       70.00	        0.00	        0.00	        1.00	       69.00	        1.00
  1.81	       73.00	        0.00	        0.00	        1.00	       72.00	        1.00
  1.82	       74.00	        0.00	        0.00	        1.00	       73.00	        1.00
  1.83	       75.00	        0.00	        0.00	        1.00	       74.00	        1.00
  1.84	       77.00	        0.00	        0.00	        1.00	       76.00	        1.00
  1.85	       78.00	        0.00	        0.00	        1.00	       77.00	        1.00
  1.86	       81.00	        0.00	        0.00	        1.00	       80.00	        1.00
  1.87	       81.00	        0.00	        0.00	        1.00	       80.00	        1.00
  1.88	       82.00	        0.00	        0.00	        1.00	       81.00	        1.00
  1.89	       84.00	        0.00	        0.00	        1.00	       83.00	        1.00
  1.90	       84.00	        0.00	        0.00	        1.00	       83.00	        1.00
  1.91	       84.00	        0.00	        0.00	        1.00	       83.00	        1.00
  1.92	       88.00	        0.00	        0.00	        1.00	       87.00	        1.00
  1.93	       88.00	        0.00	        0.00	        1.00	       87.00	        1.00
  1.94	       91.00	        0.00	        0.00	        1.00	       90.00	        1.00
  1.95	       92.00	        0.00	        0.00	        1.00	       91.00	        1.00
  1.96	       98.00	        0.00	        0.00	        1.00	       97.00	        1.00
  1.97	       99.00	        0.00	        0.00	        1.00	       98.00	        1.00
  1.98	      100.00	        0.00	        0.00	        1.00	       99.00	        1.00
  1.99	      102.00	        0.00	        0.00	        1.00	      101.00	        1.00
  2.00	      103.00	        0.00	        0.00	        1.00	      102.00	        1.00
  2.01	      105.00	        0.00	        0.00	        1.00	      104.00	        1.00
  2.02	      106.00	        0.00	        0.00	        1.00	      105.00	        1.00
  2.03	      106.00	        0.00	        0.00	        1.00	      105.00	        1.00
  2.04	      108.00	        0.00	        0.00	        1.00	      107.00	        1.00
  2.05	      110.00	        0.00	        0.00	        1.00	      109.00	        1.00
  2.06	      112.00	        0.00	        0.00	        1.00	      111.00	        1.00
  2.07	      115.00	        0.00	        0.00	        1.00	      114.00	        1.00
  2.08	      116.00	        0.00	        0.00	        1.00	      115.00	        1.00
  2.09	      117.00	        0.00	        0.00	        1.00	      116.00	        1.00
  2.10	      119.00	        0.00	        0.00	        1.00	      118.00	        1.00
  2.11	      121.00	        0.00	        0.00	        1.00	      120.00	        1.00
  2.12	      121.00	        0.00	        0.00	        1.00	      120.00	        1.00
  2.13	      122.00	        0.00	        0.00	        1.00	      121.00	        1.00
  2.14	      124.00	        0.00	        0.00	        1.00	      123.00	        1.00
  2.15	      128.00	        0.00	        0.00	        1.00	      127.00	        1.00
  2.16	      130.00	        0.00	        0.00	        1.00	      129.00	        1.00
  2.17	      133.00	        0.00	        0.00	        1.00	      132.00	        1.00
  2.18	      134.00	        0.00	        0.00	        1.00	      133.00	        1.00
  2.19	      135.00	        0.00	        0.00	        1.00	      134.00	        1.00
  2.20	      139.00	        0.00	        0.00	        1.00	      138.00	        1.00
  2.21	      142.00	        0.00	        0.00	        1.00	      141.00	        1.00
  2.22	      147.00	        0.00	        0.00	        1.00	      146.00	        1.00
  2.23	      148.00	        0.00	        0.00	        1.00	      147.00	        1.00
  2.24	      150.00	        0.00	        0.00	        1.00	      149.00	        1.00
  2.25	      154.00	        0.00	        0.00	        1.00	      153.00	        1.00
  2.26	      160.00	        0.00	        0.00	        1.00	      159.00	        1.00
  2.27	      161.00	        0.00	        0.00	        1.00	      160.00	        1.00
  2.28	      162.00	        0.00	        0.00	        1.00	      161.00	        1.00
  2.29	      165.00	        0.00	        0.00	        1.00	      164.00	        1.00
  2.30	      166.00	        0.00	        0.00	        1.00	      165.00	        1.00
  2.31	      168.00	        0.00	        0.00	        1.00	      167.00	        1.00
  2.32	      169.00	        0.00	        0.00	        1.00	      168.00	        1.00
  2.33	      172.00	        0.00	        0.00	        1.00	      171.00	        1.00
  2.34	      176.00	        0.00	        0.00	        1.00	      175.00	        1.00
  2.35	      176.00	        0.00	        0.00	        1.00	      175.00	        1.00
  2.36	      177.00	        0.00	        0.00	        1.00	      176.00	        1.00
  2.37	      182.00	        0.00	        0.00	        1.00	      181.00	        1.00
  2.38	      185.00	        0.00	        0.00	        1.00	      184.00	        1.00
  2.39	      189.00	        0.00	        0.00	        1.00	      188.00	        1.00
  2.40	      195.00	        0.00	        0.00	        1.00	      194.00	        1.00
  2.41	      196.00	        0.00	        0.00	        1.00	      195.00	        1.00
  2.42	      200.00	        0.00	        0.00	        1.00	      199.00	        1.00
  2.43	      201.00	        0.00	        0.00	        1.00	      200.00	        1.00
  2.44	      206.00	        0.00	        0.00	        1.00	      205.00	        1.00
  2.45	      209.00	        0.00	        0.00	        1.00	      208.00	        1.00
  2.46	      211.00	        0.00	        0.00	        1.00	      210.00	        1.00
  2.47	      218.00	        0.00	        0.00	        1.00	      217.00	        1.00
  2.48	      221.00	        0.00	        0.00	        1.00	      220.00	        1.00
  2.49	      222.00	        0.00	        0.00	        1.00	      221.00	        1.00
  2.50	      225.00	        0.00	        0.00	        1.00	      224.00	        1.00
  2.51	      229.00	        0.00	        0.00	        1.00	      228.00	        1.00
  2.52	      236.00	        0.00	        0.00	        1.00	      235.00	        1.00
  2.53	      240.00	        0.00	        0.00	        1.00	      239.00	        1.00
  2.54	      246.00	        0.00	        0.00	        1.00	      245.00	        1.00
  2.55	      250.00	        0.00	        0.00	        1.00	      249.00	        1.00
  2.56	      257.00	        0.00	        0.00	        1.00	      256.00	        1.00
  2.57	      260.00	        0.00	        0.00	        1.00	      259.00	        1.00
  2.58	      264.00	        0.00	        0.00	        1.00	      263.00	        1.00
  2.59	      266.00	        0.00	        0.00	        1.00	      265.00	        1.00
  2.60	      270.00	        0.00	        0.00	        1.00	      269.00	        1.00
  2.61	      273.00	        0.00	        0.00	        1.00	      272.00	        1.00
  2.62	      280.00	        0.00	        0.00	        1.00	      279.00	        1.00
  2.63	      285.00	        0.00	        0.00	        1.00	      284.00	        1.00
  2.64	      290.00	        0.00	        0.00	        1.00	      289.00	        1.00
  2.65	      291.00	        0.00	        0.00	        1.00	      290.00	        1.00
  2.66	      295.00	        0.00	        0.00	        1.00	      294.00	        1.00
  2.67	      298.00	        0.00	        0.00	        1.00	      297.00	        1.00
  2.68	      300.00	        0.00	        0.00	        1.00	      299.00	        1.00
  2.69	      304.00	        0.00	        0.00	        1.00	      303.00	        1.00
  2.70	      306.00	        0.00	        0.00	        1.00	      305.00	        1.00
  2.71	      311.00	        0.00	        0.00	        1.00	      310.00	        1.00
  2.72	      315.00	        0.00	        0.00	        1.00	      314.00	        1.00
  2.73	      318.00	        0.00	        0.00	        1.00	      317.00	        1.00
  2.74	      324.00	        0.00	        0.00	        1.00	      323.00	        1.00
  2.75	      327.00	        0.00	        0.00	        1.00	      326.00	        1.00
  2.76	      333.00	        0.00	        0.00	        1.00	      332.00	        1.00
  2.77	      336.00	        0.00	        0.00	        1.00	      335.00	        1.00
  2.78	      341.00	        0.00	        0.00	        1.00	      340.00	        1.00
  2.79	      346.00	        0.00	        0.00	        1.00	      345.00	        1.00
  2.80	      352.00	        0.00	        0.00	        1.00	      351.00	        1.00
  2.81	      357.00	        0.00	        0.00	        1.00	      356.00	        1.00
  2.82	      363.00	        0.00	        0.00	        1.00	      362.00	        1.00
  2.83	      368.00	        0.00	        0.00	        1.00	      367.00	        1.00
  2.84	      373.00	        0.00	        0.00	        1.00	      372.00	        1.00
  2.85	      383.00	        0.00	        0.00	        1.00	      382.00	        1.00
  2.86	      389.00	        0.00	        0.00	        1.00	      388.00	        1.00
  2.87	      394.00	        0.00	        0.00	        1.00	      393.00	        1.00
  2.88	      401.00	        0.00	        0.00	        1.00	      400.00	        1.00
  2.89	      408.00	        0.00	        0.00	        1.00	      407.00	        1.00
  2.90	      415.00	        0.00	        0.00	        1.00	      414.00	        1.00
  2.91	      421.00	        0.00	        0.00	        1.00	      420.00	        1.00
  2.92	      427.00	        0.00	        0.00	        1.00	      426.00	        1.00
  2.93	      433.00	        0.00	        0.00	        1.00	      432.00	        1.00
  2.94	      442.00	        0.00	        0.00	        1.00	      441.00	        1.00
  2.95	      447.00	        0.00	        0.00	        1.00	      446.00	        1.00
  2.96	      452.00	        0.00	        0.00	        1.00	      451.00	        1.00
  2.97	      460.00	        0.00	        0.00	        1.00	      459.00	        1.00
  2.98	      467.00	        0.00	        0.00	        1.00	      466.00	        1.00
  2.99	      473.00	        0.00	        0.00	        1.00	      472.00	        1.00
  3.00	      479.00	        0.00	        0.00	        1.00	      478.00	        1.00
  3.01	      485.00	        0.00	        0.00	        1.00	      484.00	        1.00
  3.02	      492.00	        0.00	        0.00	        1.00	      491.00	        1.00
  3.03	      498.00	        0.00	        0.00	        1.00	      497.00	        1.00
  3.04	      504.00	        0.00	        0.00	        1.00	      503.00	        1.00
  3.05	      507.00	        0.00	        0.00	        1.00	      506.00	        1.00
  3.06	      517.00	        0.00	        0.00	        1.00	      516.00	        1.00
  3.07	      527.00	        0.00	        0.00	        1.00	      526.00	        1.00
  3.08	      532.00	        0.00	        0.00	        1.00	      531.00	        1.00
  3.09	      541.00	        0.00	        0.00	        1.00	      540.00	        1.00
  3.10	      553.00	        0.00	        0.00	        1.00	      552.00	        1.00
  3.11	      565.00	        0.00	        0.00	        1.00	      564.00	        1.00
  3.12	      571.00	        0.00	        0.00	        1.00	      570.00	        1.00
  3.13	      584.00	        0.00	        0.00	        1.00	      583.00	        1.00
  3.14	      593.00	        0.00	        0.00	        1.00	      592.00	        1.00
  3.15	      604.00	        0.00	        0.00	        1.00	      603.00	        1.00
  3.16	      615.00	        0.00	        0.00	        1.00	      614.00	        1.00
  3.17	      620.00	        0.00	        0.00	        1.00	      619.00	        1.00
  3.18	      633.00	        0.00	        0.00	        1.00	      632.00	        1.00
  3.19	      642.00	        0.00	        0.00	        1.00	      641.00	        1.00
  3.20	      648.00	        0.00	        0.00	        1.00	      647.00	        1.00
  3.21	      661.00	        0.00	        0.00	        1.00	      660.00	        1.00
  3.22	      668.00	        0.00	        0.00	        1.00	      667.00	        1.00
  3.23	      677.00	        0.00	        0.00	        1.00	      676.00	        1.00
  3.24	      682.00	        0.00	        0.00	        1.00	      681.00	        1.00
  3.25	      690.00	        0.00	        0.00	        1.00	      689.00	        1.00
  3.26	      706.00	        0.00	        0.00	        1.00	      705.00	        1.00
  3.27	      723.00	        0.00	        0.00	        1.00	      722.00	        1.00
  3.28	      732.00	        0.00	        0.00	        1.00	      731.00	        1.00
  3.29	      738.00	        0.00	        0.00	        1.00	      737.00	        1.00
  3.30	      744.00	        0.00	        0.00	        1.00	      743.00	        1.00
  3.31	      751.00	        0.00	        0.00	        1.00	      750.00	        1.00
  3.32	      768.00	        0.00	        0.00	        1.00	      767.00	        1.00
  3.33	      777.00	        0.00	        0.00	        1.00	      776.00	        1.00
  3.34	      783.00	        0.00	        0.00	        1.00	      782.00	        1.00
  3.35	      792.00	        0.00	        0.00	        1.00	      791.00	        1.00
  3.36	      805.00	        0.00	        0.00	        1.00	      804.00	        1.00
  3.37	      824.00	        0.00	        0.00	        1.00	      823.00	        1.00
  3.38	      840.00	        0.00	        0.00	        1.00	      839.00	        1.00
  3.39	      858.00	        0.00	        0.00	        1.00	      857.00	        1.00
  3.40	      877.00	        0.00	        0.00	        1.00	      876.00	        1.00
  3.41	      886.00	        0.00	        0.00	        1.00	      885.00	        1.00
  3.42	      906.00	        0.00	        0.00	        1.00	      905.00	        1.00
  3.43	      914.00	        0.00	        0.00	        1.00	      913.00	        1.00
  3.44	      927.00	        0.00	        0.00	        1.00	      926.00	        1.00
  3.45	      940.00	        0.00	        0.00	        1.00	      939.00	        1.00
  3.46	      958.00	        0.00	        0.00	        1.00	      957.00	        1.00
  3.47	      970.00	        0.00	        0.00	        1.00	      969.00	        1.00
  3.48	      985.00	        0.00	        0.00	        1.00	      984.00	        1.00
  3.49	     1002.00	        0.00	        0.00	        1.00	     1001.00	        1.00
  3.50	     1012.00	        0.00	        0.00	        1.00	     1011.00	        1.00
  3.51	     1023.00	        0.00	        0.00	        1.00	     1022.00	        1.00
  3.52	     1040.00	        0.00	        0.00	        1.00	     1039.00	        1.00
  3.53	     1051.00	        0.00	        0.00	        1.00	     1050.00	        1.00
  3.54	     1074.00	        0.00	        0.00	        1.00	     1073.00	        1.00
  3.55	     1086.00	        0.00	        0.00	        1.00	     1085.00	        1.00
  3.56	     1108.00	        0.00	        0.00	        1.00	     1107.00	        1.00
  3.57	     1125.00	        0.00	        0.00	        1.00	     1124.00	        1.00
  3.58	     1146.00	        0.00	        0.00	        1.00	     1145.00	        1.00
  3.59	     1166.00	        0.00	        0.00	        1.00	     1165.00	        1.00
  3.60	     1183.00	        0.00	        0.00	        1.00	     1182.00	        1.00
  3.61	     1200.00	        0.00	        0.00	        1.00	     1199.00	        1.00
  3.62	     1220.00	        0.00	        0.00	        1.00	     1219.00	        1.00
  3.63	     1240.00	        0.00	        0.00	        1.00	     1239.00	        1.00
  3.64	     1262.00	        0.00	        0.00	        1.00	     1261.00	        1.00
  3.65	     1281.00	        0.00	        0.00	        1.00	     1280.00	        1.00
  3.66	     1306.00	        0.00	        0.00	        1.00	     1305.00	        1.00
  3.67	     1325.00	        0.00	        0.00	        1.00	     1324.00	        1.00
  3.68	     1355.00	        0.00	        0.00	        1.00	     1354.00	        1.00
  3.69	     1379.00	        0.00	        0.00	        1.00	     1378.00	        1.00
  3.70	     1406.00	        0.00	        0.00	        1.00	     1405.00	        1.00
  3.71	     1430.00	        0.00	        0.00	        1.00	     1429.00	        1.00
  3.72	     1463.00	        0.00	        0.00	        1.00	     1462.00	        1.00
  3.73	     1480.00	        0.00	        0.00	        1.00	     1479.00	        1.00
  3.74	     1499.00	        0.00	        0.00	        1.00	     1498.00	        1.00
  3.75	     1520.00	        0.00	        0.00	        1.00	     1519.00	        1.00
  3.76	     1543.00	        0.00	        0.00	        1.00	     1542.00	        1.00
  3.77	     1562.00	        0.00	        0.00	        1.00	     1561.00	        1.00
  3.78	     1582.00	        0.00	        0.00	        1.00	     1581.00	        1.00
  3.79	     1606.00	        0.00	        0.00	        1.00	     1605.00	        1.00
  3.80	     1632.00	        0.00	        0.00	        1.00	     1631.00	        1.00
  3.81	     1662.00	        0.00	        0.00	        1.00	     1661.00	        1.00
  3.82	     1691.00	        0.00	        0.00	        1.00	     1690.00	        1.00
  3.83	     1730.00	        0.00	        0.00	        1.00	     1729.00	        1.00
  3.84	     1754.00	        0.00	        0.00	        1.00	     1753.00	        1.00
  3.85	     1786.00	        0.00	        0.00	        1.00	     1785.00	        1.00
  3.86	     1818.00	        0.00	        0.00	        1.00	     1817.00	        1.00
  3.87	     1846.00	        0.00	        0.00	        1.00	     1845.00	        1.00
  3.88	     1869.00	        0.00	        0.00	        1.00	     1868.00	        1.00
  3.89	     1895.00	        0.00	        0.00	        1.00	     1894.00	        1.00
  3.90	     1923.00	        0.00	        0.00	        1.00	     1922.00	        1.00
  3.91	     1968.00	        0.00	        0.00	        1.00	     1967.00	        1.00
  3.92	     2009.00	        0.00	        0.00	        1.00	     2008.00	        1.00
  3.93	     2045.00	        0.00	        0.00	        1.00	     2044.00	        1.00
  3.94	     2083.00	        0.00	        0.00	        1.00	     2082.00	        1.00
  3.95	     2110.00	        0.00	        0.00	        1.00	     2109.00	        1.00
  3.96	     2146.00	        0.00	        0.00	        1.00	     2145.00	        1.00
  3.97	     2198.00	        0.00	        0.00	        1.00	     2197.00	        1.00
  3.98	     2224.00	        0.00	        0.00	        1.00	     2223.00	        1.00
  3.99	     2258.00	        0.00	        0.00	        1.00	     2257.00	        1.00
  4.00	     2291.00	        0.00	   600000.00	        1.00	     2290.00	        1.00
  4.01	     2328.00	        0.00	   599987.00	        1.00	     2327.00	        1.00
  4.02	     2371.00	        0.00	   599975.00	        1.00	     2370.00	        1.00
  4.03	     2421.00	        0.00	   599961.00	        1.00	     2420.00	        1.00
  4.04	     2459.00	        0.00	   599938.00	        1.00	     2458.00	        1.00
  4.05	     2501.00	        0.00	   599924.00	        1.00	     2500.00	        1.00
  4.06	     2535.00	        0.00	   599904.00	        1.00	     2534.00	        1.00
  4.07	     2579.00	        0.00	   599884.00	        1.00	     2578.00	        1.00
  4.08	     2617.00	        0.00	   599869.00	        1.00	     2616.00	        1.00
  4.09	     2659.00	        0.00	   599855.00	        1.00	     2658.00	        1.00
  4.10	     2705.00	        0.00	   599835.00	        1.00	     2704.00	        1.00
  4.11	     2742.00	        0.00	   599814.00	        1.00	     2741.00	        1.00
  4.12	     2791.00	        0.00	   599792.00	        1.00	     2790.00	        1.00
  4.13	     2834.00	        0.00	   599772.00	        1.00	     2833.00	        1.00
  4.14	     2881.00	        0.00	   599762.00	        1.00	     2880.00	        1.00
  4.15	     2930.00	        0.00	   599742.00	        1.00	     2929.00	        1.00
  4.16	     2970.00	        0.00	   599723.00	        1.00	     2969.00	        1.00
  4.17	     3010.00	        0.00	   599704.00	        1.00	     3009.00	        1.00
  4.18	     3067.00	        0.00	   599689.00	        1.00	     3066.00	        1.00
  4.19	     3117.00	        0.00	   599671.00	        1.00	     3116.00	        1.00
  4.20	     3162.00	        0.00	   599651.00	        1.00	     3161.00	        1.00
  4.21	     3219.00	        0.00	   599638.00	        1.00	     3218.00	        1.00
  4.22	     3265.00	        0.00	   599622.00	        1.00	     3264.00	        1.00
  4.23	     3329.00	        1.00	   599607.00	        1.00	     3329.00	        1.00
  4.24	     3375.00	        1.00	   599590.00	        1.00	     3375.00	        1.00
  4.25	     3426.00	        1.00	   599568.00	        1.00	     3426.00	        1.00
  4.26	     3483.00	        1.00	   599556.00	        1.00	     3483.00	        1.00
  4.27	     3547.00	        1.00	   599537.00	        1.00	     3547.00	        1.00
  4.28	     3607.00	        1.00	   599524.00	        1.00	     3607.00	        1.00
  4.29	     3669.00	        1.00	   599496.00	        1.00	     3669.00	        1.00
  4.30	     3730.00	        1.00	   599475.00	        1.00	     3730.00	        1.00
  4.31	     3806.00	        1.00	   599458.00	        1.00	     3806.00	        1.00
  4.32	     3874.00	        1.00	   599440.00	        1.00	     3874.00	        1.00
  4.33	     3938.00	        1.00	   599423.00	        1.00	     3938.00	        1.00
  4.34	     3998.00	        1.00	   599402.00	        1.00	     3998.00	        1.00
  4.35	     4069.00	        1.00	   599387.00	        1.00	     4069.00	        1.00
  4.36	     4127.00	        1.00	   599373.00	        1.00	     4127.00	        1.00
  4.37	     4183.00	        1.00	   599354.00	        1.00	     4183.00	        1.00
  4.38	     4262.00	        1.00	   599335.00	        1.00	     4262.00	        1.00
  4.39	     4328.00	        1.00	   599309.00	        1.00	     4328.00	        1.00
  4.40	     4406.00	        1.00	   599294.00	        1.00	     4406.00	        1.00
  4.41	     4482.00	        1.00	   599277.00	        1.00	     4482.00	        1.00
  4.42	     4546.00	        1.00	   599260.00	        1.00	     4546.00	        1.00
  4.43	     4616.00	        1.00	   599247.00	        1.00	     4616.00	        1.00
  4.44	     4696.00	        1.00	   599229.00	        1.00	     4696.00	        1.00
  4.45	     4777.00	        1.00	   599211.00	        1.00	     4777.00	        1.00
  4.46	     4859.00	        1.00	   599197.00	        1.00	     4859.00	        1.00
  4.47	     4946.00	        1.00	   599181.00	        1.00	     4946.00	        1.00
  4.48	     5036.00	        1.00	   599156.00	        1.00	     5036.00	        1.00
  4.49	     5109.00	        1.00	   599132.00	        1.00	     5109.00	        1.00
  4.50	     5183.00	        1.00	   599116.00	        1.00	     5183.00	        1.00
  4.51	     5266.00	        1.00	   599096.00	        1.00	     5266.00	        1.00
  4.52	     5371.00	        1.00	   599075.00	        1.00	     5371.00	        1.00
  4.53	     5462.00	        1.00	   599058.00	        1.00	     5462.00	        1.00
  4.54	     5549.00	        1.00	   599043.00	        1.00	     5549.00	        1.00
  4.55	     5644.00	        1.00	   599032.00	        1.00	     5644.00	        1.00
  4.56	     5731.00	        1.00	   599009.00	        1.00	     5731.00	        1.00
  4.57	     5818.00	        1.00	   598990.00	        1.00	     5818.00	        1.00
  4.58	     5921.00	        1.00	   598972.00	        1.00	     5921.00	        1.00
  4.59	     6018.00	        1.00	   598954.00	        1.00	     6018.00	        1.00
  4.60	     6102.00	        1.00	   598934.00	        1.00	     6102.00	        1.00
  4.61	     6206.00	        1.00	   598921.00	        1.00	     6206.00	        1.00
  4.62	     6305.00	        1.00	   598914.00	        1.00	     6305.00	        1.00
  4.63	     6408.00	        1.00	   598893.00	        1.00	     6408.00	        1.00
  4.64	     6500.00	        1.00	   598879.00	        1.00	     6500.00	        1.00
  4.65	     6617.00	        1.00	   598860.00	        1.00	     6617.00	        1.00
  4.66	     6719.00	        1.00	   598837.00	        1.00	     6719.00	        1.00
  4.67	     6802.00	        1.00	   598820.00	        1.00	     6802.00	        1.00
  4.68	     6909.00	        1.00	   598795.00	        1.00	     6909.00	        1.00
  4.69	     7022.00	        1.00	   598777.00	        1.00	     7022.00	        1.00
  4.70	     7141.00	        1.00	   598750.00	        1.00	     7141.00	        1.00
  4.71	     7254.00	        1.00	   598737.00	        1.00	     7254.00	        1.00
  4.72	     7357.00	        1.00	   598721.00	        1.00	     7357.00	        1.00
  4.73	     7474.00	        1.00	   598703.00	        1.00	     7474.00	        1.00
  4.74	     7595.00	        1.00	   598686.00	        1.00	     7595.00	        1.00
  4.75	     7714.00	        1.00	   598659.00	        1.00	     7714.00	        1.00
  4.76	     7832.00	        1.00	   598641.00	        1.00	     7832.00	        1.00
  4.77	     7953.00	        1.00	   598619.00	        1.00	     7953.00	        1.00
  4.78	     8088.00	        1.00	   598603.00	        1.00	     8088.00	        1.00
  4.79	     8233.00	        1.00	   598591.00	        1.00	     8233.00	        1.00
  4.80	     8366.00	        1.00	   598576.00	        1.00	     8366.00	        1.00
  4.81	     8493.00	        1.00	   598557.00	        1.00	     8493.00	        1.00
  4.82	     8641.00	        1.00	   598538.00	        1.00	     8641.00	        1.00
  4.83	     8789.00	        4.00	   598515.00	        1.00	     8792.00	        1.00
  4.84	     8949.00	        4.00	   598497.00	        1.00	     8952.00	        1.00
  4.85	     9111.00	        4.00	   598478.00	        1.00	     9114.00	        1.00
  4.86	     9255.00	        4.00	   598459.00	        1.00	     9258.00	        1.00
  4.87	     9429.00	        4.00	   598444.00	        1.00	     9432.00	        1.00
  4.88	     9575.00	        4.00	   598426.00	        1.00	     9578.00	        1.00
  4.89	     9739.00	        4.00	   598400.00	        1.00	     9742.00	        1.00
  4.90	     9883.00	        4.00	   598388.00	        1.00	     9886.00	        1.00
  4.91	    10033.00	        4.00	   598369.00	        1.00	    10036.00	        1.00
  4.92	    10206.00	        4.00	   598352.00	        1.00	    10209.00	        1.00
  4.93	    10364.00	        4.00	   598337.00	        1.00	    10367.00	        1.00
  4.94	    10540.00	        4.00	   598319.00	        1.00	    10543.00	        1.00
  4.95	    10489.00	      224.00	   598495.00	        1.00	    10713.00	        1.00
  4.96	    10665.00	      226.00	   598470.00	        1.00	    10891.00	        1.00
  4.97	    10822.00	      226.00	   598444.00	        1.00	    11048.00	        1.00
  4.98	    10968.00	      226.00	   598423.00	        1.00	    11194.00	        1.00
  4.99	    11144.00	      226.00	   598404.00	        1.00	    11370.00	        1.00
  5.00	    11301.00	      226.00	   598382.00	        1.00	    11527.00	        1.00
  5.01	    11478.00	      226.00	   598362.00	        1.00	    11704.00	        1.00
  5.02	    11666.00	      226.00	   598347.00	        1.00	    11892.00	        1.00
  5.03	    11831.00	      226.00	   598335.00	        1.00	    12057.00	        1.00
  5.04	    12028.00	      228.00	   598311.00	        1.00	    12256.00	        1.00
  5.05	    12216.00	      228.00	   598294.00	        1.00	    12444.00	        1.00
  5.06	    12399.00	      228.00	   598282.00	        1.00	    12627.00	        1.00
  5.07	    12600.00	      228.00	   598268.00	        1.00	    12828.00	        1.00
  5.08	    12783.00	      228.00	   598251.00	        1.00	    13011.00	        1.00
  5.09	    12978.00	      228.00	   598240.00	        1.00	    13206.00	        1.00
  5.10	    13204.00	      228.00	   598226.00	        1.00	    13432.00	        1.00
  5.11	    13398.00	      228.00	   598203.00	        1.00	    13626.00	        1.00
  5.12	    13623.00	      228.00	   598189.00	        1.00	    13851.00	        1.00
  5.13	    13837.00	      228.00	   598168.00	        1.00	    14065.00	        1.00
  5.14	    14050.00	      228.00	   598152.00	        1.00	    14278.00	        1.00
  5.15	    14293.00	      228.00	   598137.00	        1.00	    14521.00	        1.00
  5.16	    14527.00	      228.00	   598116.00	        1.00	    14755.00	        1.00
  5.17	    14778.00	      228.00	   598096.00	        1.00	    15006.00	        1.00
  5.18	    15033.00	      228.00	   598078.00	        1.00	    15261.00	        1.00
  5.19	    15277.00	      228.00	   598058.00	        1.00	    15505.00	        1.00
  5.20	    15525.00	      228.00	   598039.00	        1.00	    15753.00	        1.00
  5.21	    15787.00	      228.00	   598021.00	        1.00	    16015.00	        1.00
  5.22	    16047.00	      228.00	   598005.00	        1.00	    16275.00	        1.00
  5.23	    16300.00	      228.00	   597983.00	        1.00	    16528.00	        1.00
  5.24	    16560.00	      228.00	   597970.00	        1.00	    16788.00	        1.00
  5.25	    16648.00	      419.00	   598153.00	        1.00	    17068.00	        1.00
  5.26	    16923.00	      419.00	   598132.00	        1.00	    17343.00	        1.00
  5.27	    17202.00	      422.00	   598114.00	        1.00	    17625.00	        1.00
  5.28	    17518.00	      423.00	   598100.00	        1.00	    17942.00	        1.00
  5.29	    17788.00	      423.00	   598084.00	        1.00	    18212.00	        1.00
  5.30	    18084.00	      423.00	   598064.00	        1.00	    18508.00	        1.00
  5.31	    18366.00	      423.00	   598052.00	        1.00	    18790.00	        1.00
  5.32	    18670.00	      423.00	   598033.00	        1.00	    19094.00	        1.00
  5.33	    18971.00	      425.00	   598013.00	        1.00	    19397.00	        1.00
  5.34	    19263.00	      425.00	   597992.00	        1.00	    19689.00	        1.00
  5.35	    19579.00	      425.00	   597973.00	        1.00	    20005.00	        1.00
  5.36	    19891.00	      425.00	   597952.00	        1.00	    20317.00	        1.00
  5.37	    20196.00	      425.00	   597932.00	        1.00	    20622.00	        1.00
  5.38	    20516.00	      425.00	   597917.00	        1.00	    20942.00	        1.00
  5.39	    20619.00	      615.00	   598104.00	        1.00	    21236.00	        1.00
  5.40	    20962.00	      617.00	   598082.00	        1.00	    21581.00	        1.00
  5.41	    21298.00	      617.00	   598064.00	        1.00	    21917.00	        1.00
  5.42	    21423.00	      810.00	   598244.00	        1.00	    22236.00	        1.00
  5.43	    21763.00	      810.00	   598230.00	        1.00	    22576.00	        1.00
  5.44	    22129.00	      812.00	   598207.00	        1.00	    22944.00	        1.00
  5.45	    22444.00	      812.00	   598195.00	        1.00	    23259.00	        1.00
  5.46	    22574.00	     1013.00	   598368.00	        1.00	    23591.00	        1.00
  5.47	    22754.00	     1201.00	   598544.00	        1.00	    23960.00	        1.00
  5.48	    22941.00	     1377.00	   598721.00	        1.00	    24324.00	        1.00
  5.49	    23357.00	     1377.00	   598707.00	        1.00	    24740.00	        1.00
  5.50	    23540.00	     1566.00	   598873.00	        1.00	    25113.00	        1.00
  5.51	    23878.00	     1575.00	   598845.00	        1.00	    25460.00	        1.00
  5.52	    24267.00	     1576.00	   598827.00	        1.00	    25850.00	        1.00
  5.53	    24662.00	     1576.00	   598811.00	        1.00	    26245.00	        1.00
  5.54	    25039.00	     1579.00	   598793.00	        1.00	    26625.00	        1.00
  5.55	    25118.00	     1938.00	   599174.00	        1.00	    27065.00	        1.00
  5.56	    25556.00	     1943.00	   599152.00	        1.00	    27508.00	        1.00
  5.57	    25952.00	     1948.00	   599136.00	        1.00	    27909.00	        1.00
  5.58	    26379.00	     1953.00	   599124.00	        1.00	    28341.00	        1.00
  5.59	    26808.00	     1953.00	   599109.00	        1.00	    28770.00	        1.00
  5.60	    26546.00	     2604.00	   599880.00	        1.00	    29163.00	        1.00
  5.61	    26820.00	     2768.00	   600049.00	        1.00	    29602.00	        1.00
  5.62	    27273.00	     2770.00	   600029.00	        1.00	    30057.00	        1.00
  5.63	    27584.00	     2935.00	   600201.00	        1.00	    30534.00	        1.00
  5.64	    27845.00	     3075.00	   600380.00	        1.00	    30936.00	        1.00
  5.65	    28323.00	     3083.00	   600354.00	        1.00	    31422.00	        1.00
  5.66	    28598.00	     3238.00	   600530.00	        1.00	    31853.00	        1.00
  5.67	    29041.00	     3250.00	   600505.00	        1.00	    32308.00	        1.00
  5.68	    29182.00	     3585.00	   600879.00	        1.00	    32786.00	        1.00
  5.69	    29169.00	     4052.00	   601444.00	        1.00	    33243.00	        1.00
  5.70	    29472.00	     4209.00	   601612.00	        1.00	    33704.00	        1.00
  5.71	    29675.00	     4490.00	   601981.00	        1.00	    34190.00	        1.00
  5.72	    30118.00	     4499.00	   601948.00	        1.00	    34642.00	        1.00
  5.73	    30599.00	     4501.00	   601925.00	        1.00	    35125.00	        1.00
  5.74	    31126.00	     4503.00	   601910.00	        1.00	    35654.00	        1.00
  5.75	    31142.00	     4981.00	   602483.00	        1.00	    36151.00	        1.00
  5.76	    31181.00	     5454.00	   603061.00	        1.00	    36666.00	        1.00
  5.77	    31172.00	     5968.00	   603830.00	        1.00	    37175.00	        1.00
  5.78	    31347.00	     6262.00	   604194.00	        1.00	    37646.00	        1.00
  5.79	    31715.00	     6410.00	   604367.00	        1.00	    38163.00	        1.00
  5.80	    32054.00	     6557.00	   604533.00	        1.00	    38650.00	        1.00
  5.81	    32007.00	     7089.00	   605302.00	        1.00	    39139.00	        1.00
  5.82	    32411.00	     7216.00	   605461.00	        1.00	    39671.00	        1.00
  5.83	    32416.00	     7762.00	   606226.00	        1.00	    40226.00	        1.00
  5.84	    32366.00	     8337.00	   606991.00	        1.00	    40755.00	        1.00
  5.85	    32751.00	     8472.00	   607159.00	        1.00	    41276.00	        1.00
  5.86	    32873.00	     8847.00	   607721.00	        1.00	    41776.00	        1.00
  5.87	    33032.00	     9209.00	   608292.00	        1.00	    42300.00	        1.00
  5.88	    33319.00	     9461.00	   608654.00	        1.00	    42841.00	        1.00
  5.89	    33354.00	     9938.00	   609419.00	        1.00	    43357.00	        1.00
  5.90	    33553.00	    10275.00	   609979.00	        1.00	    43896.00	        1.00
  5.91	    33758.00	    10592.00	   610536.00	        1.00	    44421.00	        1.00
  5.92	    33998.00	    10940.00	   611081.00	        1.00	    45012.00	        1.00
  5.93	    34015.00	    11476.00	   612033.00	        1.00	    45570.00	        1.00
  5.94	    34354.00	    11699.00	   612377.00	        1.00	    46134.00	        1.00
  5.95	    34287.00	    12315.00	   613522.00	        1.00	    46689.00	        1.00
  5.96	    34337.00	    12837.00	   614476.00	        1.00	    47266.00	        1.00
  5.97	    34414.00	    13307.00	   615425.00	        1.00	    47818.00	        1.00
  5.98	    34628.00	    13608.00	   615956.00	        1.00	    48336.00	        1.00
  5.99	    34552.00	    14238.00	   617302.00	        1.00	    48897.00	        1.00
  6.00	    34481.00	    14802.00	   618441.00	        1.00	    49396.00	        1.00
  6.01	    34453.00	    15397.00	   619779.00	        1.00	    49970.00	        1.00
  6.02	    34244.00	    16145.00	   621506.00	        1.00	    50518.00	        1.00
  6.03	    33977.00	    16967.00	   623416.00	        1.00	    51083.00	        1.00
  6.04	    33460.00	    18020.00	   626118.00	        1.00	    51633.00	        1.00
  6.05	    33597.00	    18453.00	   627217.00	        1.00	    52209.00	        1.00
  6.06	    33550.00	    19031.00	   628714.00	        1.00	    52748.00	        1.00
  6.07	    33385.00	    19715.00	   630408.00	        1.00	    53276.00	        1.00
  6.08	    33233.00	    20417.00	   632312.00	        1.00	    53836.00	        1.00
  6.09	    33024.00	    21186.00	   634585.00	        1.00	    54408.00	        1.00
  6.10	    32982.00	    21785.00	   636254.00	        1.00	    54974.00	        1.00
  6.11	    32814.00	    22455.00	   638329.00	        1.00	    55487.00	        1.00
  6.12	    32544.00	    23228.00	   640594.00	        1.00	    56002.00	        1.00
  6.13	    31956.00	    24357.00	   644455.00	        1.00	    56563.00	        1.00
  6.14	    31365.00	    25427.00	   648107.00	        1.00	    57061.00	        1.00
  6.15	    30614.00	    26640.00	   652575.00	        1.00	    57546.00	        1.00
  6.16	    30519.00	    27250.00	   654806.00	        1.00	    58073.00	        1.00
  6.17	    30114.00	    28070.00	   658221.00	        1.00	    58506.00	        1.00
  6.18	    29613.00	    29019.00	   662233.00	        1.00	    58975.00	        1.00
  6.19	    29020.00	    30059.00	   667029.00	        1.00	    59447.00	        1.00
  6.20	    28827.00	    30694.00	   670041.00	        1.00	    59905.00	        1.00
  6.21	    28434.00	    31534.00	   674403.00	        1.00	    60375.00	        1.00
  6.22	    28167.00	    32241.00	   677759.00	        1.00	    60833.00	        1.00
  6.23	    27609.00	    33214.00	   683317.00	        1.00	    61277.00	        1.00
  6.24	    27019.00	    34191.00	   689439.00	        1.00	    61696.00	        1.00
  6.25	    26400.00	    35179.00	   695555.00	        1.00	    62097.00	        1.00
  6.26	    26069.00	    35899.00	   700616.00	        1.00	    62513.00	        1.00
  6.27	    25943.00	    36423.00	   704100.00	        1.00	    62930.00	        1.00
  6.28	    25571.00	    37199.00	   709977.00	        1.00	    63365.00	        1.00
  6.29	    24847.00	    38274.00	   718411.00	        1.00	    63760.00	        1.00
  6.30	    24309.00	    39189.00	   725850.00	        1.00	    64176.00	        1.00
  6.31	    23924.00	    39933.00	   732666.00	        1.00	    64571.00	        1.00
  6.32	    23413.00	    40797.00	   740468.00	        1.00	    64965.00	        1.00
  6.33	    23088.00	    41467.00	   747050.00	        1.00	    65345.00	        1.00
  6.34	    22655.00	    42225.00	   754832.00	        1.00	    65711.00	        1.00
  6.35	    22290.00	    42925.00	   761787.00	        1.00	    66083.00	        1.00
  6.36	    21958.00	    43596.00	   769121.00	        1.00	    66461.00	        1.00
  6.37	    21357.00	    44465.00	   779244.00	        1.00	    66782.00	        1.00
  6.38	    20914.00	    45207.00	   788355.00	        1.00	    67129.00	        1.00
  6.39	    20393.00	    45978.00	   798406.00	        1.00	    67432.00	        1.00
  6.40	    19915.00	    46712.00	   808856.00	        1.00	    67743.00	        1.00
  6.41	    19470.00	    47439.00	   819012.00	        1.00	    68079.00	        1.00
  6.42	    19030.00	    48128.00	   829572.00	        1.00	    68384.00	        1.00
  6.43	    18696.00	    48741.00	   839958.00	        1.00	    68718.00	        1.00
  6.44	    18363.00	    49323.00	   849071.00	        1.00	    69016.00	        1.00
  6.45	    17867.00	    50054.00	   861783.00	        1.00	    69318.00	        1.00
  6.46	    17355.00	    50766.00	   874479.00	        1.00	    69585.00	        1.00
  6.47	    16796.00	    51501.00	   888942.00	        1.00	    69837.00	        1.00
  6.48	    16340.00	    52133.00	   904360.00	        1.00	    70094.00	        1.00
  6.49	    15852.00	    52802.00	   920517.00	        1.00	    70360.00	        1.00
  6.50	    15296.00	    53542.00	   938832.00	        1.00	    70640.00	        1.00
  6.51	    14840.00	    54145.00	   955112.00	        1.00	    70873.00	        1.00
  6.52	    14403.00	    54713.00	   971136.00	        1.00	    71089.00	        1.00
  6.53	    14012.00	    55237.00	   985512.00	        1.00	    71299.00	        1.00
  6.54	    13642.00	    55766.00	  1001601.00	        1.00	    71544.00	        1.00
  6.55	    13176.00	    56342.00	  1020690.00	        1.00	    71755.00	        1.00
  6.56	    12689.00	    56939.00	  1041586.00	        1.00	    71975.00	        1.00
  6.57	    12175.00	    57521.00	  1062798.00	        1.00	    72155.00	        1.00
  6.58	    11819.00	    57971.00	  1084785.00	        1.00	    72365.00	        1.00
  6.59	    11347.00	    58492.00	  1108498.00	        1.00	    72539.00	        1.00
  6.60	    11008.00	    58900.00	  1129302.00	        1.00	    72719.00	        1.00
  6.61	    10647.00	    59313.00	  1150867.00	        1.00	    72886.00	        1.00
  6.62	    10219.00	    59797.00	  1176796.00	        1.00	    73079.00	        1.00
  6.63	     9734.00	    60271.00	  1207249.00	        1.00	    73228.00	        1.00
  6.64	     9344.00	    60669.00	  1235239.00	        1.00	    73384.00	        1.00
  6.65	     8909.00	    61075.00	  1263542.00	        1.00	    73505.00	        1.00
  6.66	     8580.00	    61414.00	  1290651.00	        1.00	    73659.00	        1.00
  6.67	     8242.00	    61746.00	  1319003.00	        1.00	    73804.00	        1.00
  6.68	     7924.00	    62056.00	  1347118.00	        1.00	    73946.00	        1.00
  6.69	     7570.00	    62373.00	  1376012.00	        1.00	    74063.00	        1.00
  6.70	     7168.00	    62715.00	  1410770.00	        1.00	    74187.00	        1.00
  6.71	     6839.00	    62972.00	  1443465.00	        1.00	    74289.00	        1.00
  6.72	     6522.00	    63246.00	  1474299.00	        1.00	    74411.00	        1.00
  6.73	     6202.00	    63469.00	  1510534.00	        1.00	    74506.00	        1.00
  6.74	     5816.00	    63725.00	  1551379.00	        1.00	    74592.00	        1.00
  6.75	     5421.00	    63962.00	  1596383.00	        1.00	    74671.00	        1.00
  6.76	     5065.00	    64170.00	  1638562.00	        1.00	    74746.00	        1.00
  6.77	     4795.00	    64315.00	  1676956.00	        1.00	    74826.00	        1.00
  6.78	     4498.00	    64468.00	  1719091.00	        1.00	    74906.00	        1.00
  6.79	     4197.00	    64589.00	  1767891.00	        1.00	    74984.00	        1.00
  6.80	     3887.00	    64706.00	  1816560.00	        1.00	    75049.00	        1.00
  6.81	     3598.00	    64780.00	  1867147.00	        1.00	    75102.00	        1.00
  6.82	     3348.00	    64845.00	  1911639.00	        1.00	    75155.00	        1.00
  6.83	     3111.00	    64864.00	  1962873.00	        1.00	    75209.00	        1.00
  6.84	     2843.00	    64886.00	  2018582.00	        1.00	    75258.00	        1.00
  6.85	     2557.00	    64897.00	  2076895.00	        1.00	    75292.00	        1.00
  6.86	     2299.00	    64885.00	  2134752.00	        1.00	    75329.00	        1.00
  6.87	     2087.00	    64839.00	  2190440.00	        1.00	    75368.00	        1.00
  6.88	     1876.00	    64782.00	  2248592.00	        1.00	    75410.00	        1.00
  6.89	     1663.00	    64715.00	  2304513.00	        1.00	    75429.00	        1.00
  6.90	     1488.00	    64601.00	  2364959.00	        1.00	    75462.00	        1.00
  6.91	     1323.00	    64485.00	  2422397.00	        1.00	    75489.00	        1.00
  6.92	     1159.00	    64317.00	  2487929.00	        1.00	    75506.00	        1.00
  6.93	      985.00	    64160.00	  2554454.00	        1.00	    75529.00	        1.00
  6.94	      842.00	    63963.00	  2620968.00	        1.00	    75544.00	        1.00
  6.95	      673.00	    63768.00	  2690815.00	        1.00	    75552.00	        1.00
  6.96	      539.00	    63539.00	  2761687.00	        1.00	    75567.00	        1.00
  6.97	      406.00	    63280.00	  2836391.00	        1.00	    75573.00	        1.00
  6.98	      284.00	    63021.00	  2908948.00	        1.00	    75580.00	        1.00
  6.99	      205.00	    62765.00	  2971264.00	        1.00	    75582.00	        1.00
  7.00	      120.00	    62476.00	  3041539.00	        1.00	    75585.00	        1.00
  7.01	       38.00	    62135.00	  3121063.00	        1.00	    75586.00	        1.00
  7.02	       10.00	    61752.00	  3197987.00	        1.00	    75586.00	        1.00
  7.03	        2.00	    61374.00	  3269618.00	        1.00	    75586.00	        1.00
  7.04	        0.00	    60949.00	  3349496.00	        0.00	    75586.00	        1.00
  7.05	        0.00	    60481.00	  3437273.00	        0.00	    75586.00	        1.00
  7.06	        0.00	    60044.00	  3518814.00	        0.00	    75586.00	        1.00
  7.07	        0.00	    59603.00	  3600938.00	        0.00	    75586.00	        1.00
  7.08	        0.00	    59122.00	  3691125.00	        0.00	    75586.00	        1.00
  7.09	        0.00	    58671.00	  3775128.00	        0.00	    75586.00	        1.00
  7.10	        0.00	    58251.00	  3852884.00	        0.00	    75586.00	        1.00
  7.11	        0.00	    57803.00	  3936153.00	        0.00	    75586.00	        1.00
  7.12	        0.00	    57312.00	  4027924.00	        0.00	    75586.00	        1.00
  7.13	        0.00	    56798.00	  4124120.00	        0.00	    75586.00	        1.00
  7.14	        0.00	    56291.00	  4218736.00	        0.00	    75586.00	        1.00
  7.15	        0.00	    55785.00	  4313057.00	        0.00	    75586.00	        1.00
  7.16	        0.00	    55307.00	  4401644.00	        0.00	    75586.00	        1.00
  7.17	        0.00	    54758.00	  4504391.00	        0.00	    75586.00	        1.00
  7.18	        0.00	    54269.00	  4595098.00	        0.00	    75586.00	        1.00
  7.19	        0.00	    53760.00	  4689669.00	        0.00	    75586.00	        1.00
  7.20	        0.00	    53229.00	  4788719.00	        0.00	    75586.00	        1.00
  7.21	        0.00	    52708.00	  4885452.00	        0.00	    75586.00	        1.00
  7.22	        0.00	    52152.00	  4989034.00	        0.00	    75586.00	        1.00
  7.23	        0.00	    51635.00	  5085008.00	        0.00	    75586.00	        1.00
  7.24	        0.00	    51107.00	  5182865.00	        0.00	    75586.00	        1.00
  7.25	        0.00	    50568.00	  5282714.00	        0.00	    75586.00	        1.00
  7.26	        0.00	    50032.00	  5381855.00	        0.00	    75586.00	        1.00
  7.27	        0.00	    49445.00	  5491313.00	        0.00	    75586.00	        1.00
  7.28	        0.00	    48842.00	  5603790.00	        0.00	    75586.00	        1.00
  7.29	        0.00	    48268.00	  5710546.00	        0.00	    75586.00	        1.00
  7.30	        0.00	    47709.00	  5814113.00	        0.00	    75586.00	        1.00
  7.31	        0.00	    47151.00	  5917333.00	        0.00	    75586.00	        1.00
  7.32	        0.00	    46525.00	  6034332.00	        0.00	    75586.00	        1.00
  7.33	        0.00	    45945.00	  6141933.00	        0.00	    75586.00	        1.00
  7.34	        0.00	    45337.00	  6255023.00	        0.00	    75586.00	        1.00
  7.35	        0.00	    44750.00	  6363888.00	        0.00	    75586.00	        1.00
  7.36	        0.00	    44178.00	  6469778.00	        0.00	    75586.00	        1.00
  7.37	        0.00	    43572.00	  6582276.00	        0.00	    75586.00	        1.00
  7.38	        0.00	    42944.00	  6699106.00	        0.00	    75586.00	        1.00
  7.39	        0.00	    42361.00	  6806776.00	        0.00	    75586.00	        1.00
  7.40	        0.00	    41747.00	  6920853.00	        0.00	    75586.00	        1.00
  7.41	        0.00	    41114.00	  7038369.00	        0.00	    75586.00	        1.00
  7.42	        0.00	    40531.00	  7145985.00	        0.00	    75586.00	        1.00
  7.43	        0.00	    39906.00	  7261956.00	        0.00	    75586.00	        1.00
  7.44	        0.00	    39307.00	  7372703.00	        0.00	    75586.00	        1.00
  7.45	        0.00	    38705.00	  7484133.00	        0.00	    75586.00	        1.00
  7.46	        0.00	    38076.00	  7600797.00	        0.00	    75586.00	        1.00
  7.47	        0.00	    37470.00	  7712911.00	        0.00	    75586.00	        1.00
  7.48	        0.00	    36846.00	  7828535.00	        0.00	    75586.00	        1.00
  7.49	        0.00	    36283.00	  7932125.00	        0.00	    75586.00	        1.00
  7.50	        0.00	    35674.00	  8044710.00	        0.00	    75586.00	        1.00
  7.51	        0.00	    35074.00	  8155700.00	        0.00	    75586.00	        1.00
  7.52	        0.00	    34415.00	  8278641.00	        0.00	    75586.00	        1.00
  7.53	        0.00	    33807.00	  8391196.00	        0.00	    75586.00	        1.00
  7.54	        0.00	    33217.00	  8500209.00	        0.00	    75586.00	        1.00
  7.55	        0.00	    32648.00	  8604996.00	        0.00	    75586.00	        1.00
  7.56	        0.00	    32083.00	  8709116.00	        0.00	    75586.00	        1.00
  7.57	        0.00	    31494.00	  8817955.00	        0.00	    75586.00	        1.00
  7.58	        0.00	    30927.00	  8922385.00	        0.00	    75586.00	        1.00
  7.59	        0.00	    30374.00	  9024002.00	        0.00	    75586.00	        1.00
  7.60	        0.00	    29810.00	  9127848.00	        0.00	    75586.00	        1.00
  7.61	        0.00	    29242.00	  9232493.00	        0.00	    75586.00	        1.00
  7.62	        0.00	    28709.00	  9330224.00	        0.00	    75586.00	        1.00
  7.63	        0.00	    28143.00	  9434660.00	        0.00	    75586.00	        1.00
  7.64	        0.00	    27582.00	  9538247.00	        0.00	    75586.00	        1.00
  7.65	        0.00	    27045.00	  9636944.00	        0.00	    75586.00	        1.00
  7.66	        0.00	    26512.00	  9734892.00	        0.00	    75586.00	        1.00
  7.67	        0.00	    25974.00	  9833996.00	        0.00	    75586.00	        1.00
  7.68	        0.00	    25411.00	  9938201.00	        0.00	    75586.00	        1.00
  7.69	        0.00	    24914.00	 10029146.00	        0.00	    75586.00	        1.00
  7.70	        0.00	    24392.00	 10125189.00	        0.00	    75586.00	        1.00
  7.71	        0.00	    23899.00	 10215489.00	        0.00	    75586.00	        1.00
  7.72	        0.00	    23411.00	 10304944.00	        0.00	    75586.00	        1.00
  7.73	        0.00	    22865.00	 10406151.00	        0.00	    75586.00	        1.00
  7.74	        0.00	    22374.00	 10496304.00	        0.00	    75586.00	        1.00
  7.75	        0.00	    21886.00	 10586146.00	        0.00	    75586.00	        1.00
  7.76	        0.00	    21378.00	 10679934.00	        0.00	    75586.00	        1.00
  7.77	        0.00	    20853.00	 10777088.00	        0.00	    75586.00	        1.00
  7.78	        0.00	    20376.00	 10864659.00	        0.00	    75586.00	        1.00
  7.79	        0.00	    19854.00	 10961486.00	        0.00	    75586.00	        1.00
  7.80	        0.00	    19373.00	 11050021.00	        0.00	    75586.00	        1.00
  7.81	        0.00	    18939.00	 11129267.00	        0.00	    75586.00	        1.00
  7.82	        0.00	    18453.00	 11218908.00	        0.00	    75586.00	        1.00
  7.83	        0.00	    17974.00	 11307291.00	        0.00	    75586.00	        1.00
  7.84	        0.00	    17553.00	 11384332.00	        0.00	    75586.00	        1.00
  7.85	        0.00	    17104.00	 11466974.00	        0.00	    75586.00	        1.00
  7.86	        0.00	    16695.00	 11541645.00	        0.00	    75586.00	        1.00
  7.87	        0.00	    16253.00	 11623082.00	        0.00	    75586.00	        1.00
  7.88	        0.00	    15813.00	 11704075.00	        0.00	    75586.00	        1.00
  7.89	        0.00	    15397.00	 11780352.00	        0.00	    75586.00	        1.00
  7.90	        0.00	    15003.00	 11852380.00	        0.00	    75586.00	        1.00
  7.91	        0.00	    14602.00	 11925895.00	        0.00	    75586.00	        1.00
  7.92	        0.00	    14217.00	 11996422.00	        0.00	    75586.00	        1.00
  7.93	        0.00	    13833.00	 12066862.00	        0.00	    75586.00	        1.00
  7.94	        0.00	    13462.00	 12134834.00	        0.00	    75586.00	        1.00
  7.95	        0.00	    13080.00	 12205084.00	        0.00	    75586.00	        1.00
  7.96	        0.00	    12724.00	 12270115.00	        0.00	    75586.00	        1.00
  7.97	        0.00	    12339.00	 12341090.00	        0.00	    75586.00	        1.00
  7.98	        0.00	    12028.00	 12397401.00	        0.00	    75586.00	        1.00
  7.99	        0.00	    11689.00	 12459427.00	        0.00	    75586.00	        1.00
  8.00	        0.00	    11317.00	 12528226.00	        0.00	    75586.00	        1.00
  8.01	        0.00	    10978.00	 12590386.00	        0.00	    75586.00	        1.00
  8.02	        0.00	    10650.00	 12650456.00	        0.00	    75586.00	        1.00
  8.03	        0.00	    10357.00	 12703680.00	        0.00	    75586.00	        1.00
  8.04	        0.00	    10050.00	 12759740.00	        0.00	    75586.00	        1.00
  8.05	        0.00	     9744.00	 12815676.00	        0.00	    75586.00	        1.00
  8.06	        0.00	     9451.00	 12869217.00	        0.00	    75586.00	        1.00
  8.07	        0.00	     9153.00	 12923719.00	        0.00	    75586.00	        1.00
  8.08	        0.00	     8884.00	 12972697.00	        0.00	    75586.00	        1.00
  8.09	        0.00	     8637.00	 13017278.00	        0.00	    75586.00	        1.00
  8.10	        0.00	     8378.00	 13064282.00	        0.00	    75586.00	        1.00
  8.11	        0.00	     8104.00	 13114465.00	        0.00	    75586.00	        1.00
  8.12	        0.00	     7849.00	 13160970.00	        0.00	    75586.00	        1.00
  8.13	        0.00	     7611.00	 13204073.00	        0.00	    75586.00	        1.00
  8.14	        0.00	     7387.00	 13244572.00	        0.00	    75586.00	        1.00
  8.15	        0.00	     7154.00	 13287052.00	        0.00	    75586.00	        1.00
  8.16	        0.00	     6917.00	 13330249.00	        0.00	    75586.00	        1.00
  8.17	        0.00	     6711.00	 13367477.00	        0.00	    75586.00	        1.00
  8.18	        0.00	     6519.00	 13401972.00	        0.00	    75586.00	        1.00
  8.19	        0.00	     6327.00	 13436464.00	        0.00	    75586.00	        1.00
  8.20	        0.00	     6131.00	 13471715.00	        0.00	    75586.00	        1.00
  8.21	        0.00	     5905.00	 13513183.00	        0.00	    75586.00	        1.00
  8.22	        0.00	     5722.00	 13546115.00	        0.00	    75586.00	        1.00
  8.23	        0.00	     5543.00	 13578472.00	        0.00	    75586.00	        1.00
  8.24	        0.00	     5351.00	 13613401.00	        0.00	    75586.00	        1.00
  8.25	        0.00	     5179.00	 13644489.00	        0.00	    75586.00	        1.00
  8.26	        0.00	     5003.00	 13676295.00	        0.00	    75586.00	        1.00
  8.27	        0.00	     4820.00	 13709639.00	        0.00	    75586.00	        1.00
  8.28	        0.00	     4651.00	 13740287.00	        0.00	    75586.00	        1.00
  8.29	        0.00	     4503.00	 13766764.00	        0.00	    75586.00	        1.00
  8.30	        0.00	     4356.00	 13793140.00	        0.00	    75586.00	        1.00
  8.31	        0.00	     4206.00	 13820179.00	        0.00	    75586.00	        1.00
  8.32	        0.00	     4050.00	 13848500.00	        0.00	    75586.00	        1.00
  8.33	        0.00	     3915.00	 13872670.00	        0.00	    75586.00	        1.00
  8.34	        0.00	     3774.00	 13898038.00	        0.00	    75586.00	        1.00
  8.35	        0.00	     3649.00	 13920386.00	        0.00	    75586.00	        1.00
  8.36	        0.00	     3528.00	 13941936.00	        0.00	    75586.00	        1.00
  8.37	        0.00	     3407.00	 13963581.00	        0.00	    75586.00	        1.00
  8.38	        0.00	     3277.00	 13987000.00	        0.00	    75586.00	        1.00
  8.39	        0.00	     3159.00	 14008090.00	        0.00	    75586.00	        1.00
  8.40	        0.00	     3039.00	 14029643.00	        0.00	    75586.00	        1.00
  8.41	        0.00	     2925.00	 14050137.00	        0.00	    75586.00	        1.00
  8.42	        0.00	     2820.00	 14068816.00	        0.00	    75586.00	        1.00
  8.43	        0.00	     2702.00	 14090168.00	        0.00	    75586.00	        1.00
  8.44	        0.00	     2585.00	 14111321.00	        0.00	    75586.00	        1.00
  8.45	        0.00	     2481.00	 14130001.00	        0.00	    75586.00	        1.00
  8.46	        0.00	     2376.00	 14148896.00	        0.00	    75586.00	        1.00
  8.47	        0.00	     2270.00	 14168065.00	        0.00	    75586.00	        1.00
  8.48	        0.00	     2166.00	 14186922.00	        0.00	    75586.00	        1.00
  8.49	        0.00	     2058.00	 14206570.00	        0.00	    75586.00	        1.00
  8.50	        0.00	     1984.00	 14219459.00	        0.00	    75586.00	        1.00
  8.51	        0.00	     1916.00	 14231256.00	        0.00	    75586.00	        1.00
  8.52	        0.00	     1855.00	 14241605.00	        0.00	    75586.00	        1.00
  8.53	        0.00	     1790.00	 14252819.00	        0.00	    75586.00	        1.00
  8.54	        0.00	     1733.00	 14262554.00	        0.00	    75586.00	        1.00
  8.55	        0.00	     1662.00	 14275056.00	        0.00	    75586.00	        1.00
  8.56	        0.00	     1597.00	 14286384.00	        0.00	    75586.00	        1.00
  8.57	        0.00	     1531.00	 14297970.00	        0.00	    75586.00	        1.00
  8.58	        0.00	     1454.00	 14311804.00	        0.00	    75586.00	        1.00
  8.59	        0.00	     1393.00	 14322515.00	        0.00	    75586.00	        1.00
  8.60	        0.00	     1324.00	 14334778.00	        0.00	    75586.00	        1.00
  8.61	        0.00	     1270.00	 14344103.00	        0.00	    75586.00	        1.00
  8.62	        0.00	     1224.00	 14351831.00	        0.00	    75586.00	        1.00
  8.63	        0.00	     1164.00	 14362446.00	        0.00	    75586.00	        1.00
  8.64	        0.00	     1108.00	 14372277.00	        0.00	    75586.00	        1.00
  8.65	        0.00	     1062.00	 14380169.00	        0.00	    75586.00	        1.00
  8.66	        0.00	     1016.00	 14387980.00	        0.00	    75586.00	        1.00
  8.67	        0.00	      970.00	 14395906.00	        0.00	    75586.00	        1.00
  8.68	        0.00	      929.00	 14402914.00	        0.00	    75586.00	        1.00
  8.69	        0.00	      892.00	 14409022.00	        0.00	    75586.00	        1.00
  8.70	        0.00	      861.00	 14414003.00	        0.00	    75586.00	        1.00
  8.71	        0.00	      827.00	 14419615.00	        0.00	    75586.00	        1.00
  8.72	        0.00	      778.00	 14428255.00	        0.00	    75586.00	        1.00
  8.73	        0.00	      732.00	 14436366.00	        0.00	    75586.00	        1.00
  8.74	        0.00	      699.00	 14441837.00	        0.00	    75586.00	        1.00
  8.75	        0.00	      669.00	 14446756.00	        0.00	    75586.00	        1.00
  8.76	        0.00	      641.00	 14451306.00	        0.00	    75586.00	        1.00
  8.77	        0.00	      602.00	 14458084.00	        0.00	    75586.00	        1.00
  8.78	        0.00	      571.00	 14463249.00	        0.00	    75586.00	        1.00
  8.79	        0.00	      547.00	 14467072.00	        0.00	    75586.00	        1.00
  8.80	        0.00	      519.00	 14471667.00	        0.00	    75586.00	        1.00
  8.81	        0.00	      496.00	 14475339.00	        0.00	    75586.00	        1.00
  8.82	        0.00	      474.00	 14478768.00	        0.00	    75586.00	        1.00
  8.83	        0.00	      450.00	 14482628.00	        0.00	    75586.00	        1.00
  8.84	        0.00	      423.00	 14487140.00	        0.00	    75586.00	        1.00
  8.85	        0.00	      408.00	 14489228.00	        0.00	    75586.00	        1.00
  8.86	        0.00	      395.00	 14490990.00	        0.00	    75586.00	        1.00
  8.87	        0.00	      382.00	 14492784.00	        0.00	    75586.00	        1.00
  8.88	        0.00	      366.00	 14495122.00	        0.00	    75586.00	        1.00
  8.89	        0.00	      343.00	 14498875.00	        0.00	    75586.00	        1.00
  8.90	        0.00	      326.00	 14501466.00	        0.00	    75586.00	        1.00
  8.91	        0.00	      310.00	 14503822.00	        0.00	    75586.00	        1.00
  8.92	        0.00	      292.00	 14506610.00	        0.00	    75586.00	        1.00
  8.93	        0.00	      277.00	 14508896.00	        0.00	    75586.00	        1.00
  8.94	        0.00	      266.00	 14510282.00	        0.00	    75586.00	        1.00
  8.95	        0.00	      258.00	 14511141.00	        0.00	    75586.00	        1.00
  8.96	        0.00	      244.00	 14513136.00	        0.00	    75586.00	        1.00
  8.97	        0.00	      238.00	 14513563.00	        0.00	    75586.00	        1.00
  8.98	        0.00	      225.00	 14515409.00	        0.00	    75586.00	        1.00
  8.99	        0.00	      218.00	 14516088.00	        0.00	    75586.00	        1.00
  9.00	        0.00	      211.00	 14516714.00	        0.00	    75586.00	        1.00
  9.01	        0.00	      204.00	 14517352.00	        0.00	    75586.00	        1.00
  9.02	        0.00	      197.00	 14518033.00	        0.00	    75586.00	        1.00
  9.03	        0.00	      188.00	 14519135.00	        0.00	    75586.00	        1.00
  9.04	        0.00	      178.00	 14520452.00	        0.00	    75586.00	        1.00
  9.05	        0.00	      165.00	 14522365.00	        0.00	    75586.00	        1.00
  9.06	        0.00	      157.00	 14523292.00	        0.00	    75586.00	        1.00
  9.07	        0.00	      148.00	 14524452.00	        0.00	    75586.00	        1.00
  9.08	        0.00	      145.00	 14524412.00	        0.00	    75586.00	        1.00
  9.09	        0.00	      139.00	 14524967.00	        0.00	    75586.00	        1.00
  9.10	        0.00	      133.00	 14525514.00	        0.00	    75586.00	        1.00
  9.11	        0.00	      125.00	 14526479.00	        0.00	    75586.00	        1.00
  9.12	        0.00	      120.00	 14526815.00	        0.00	    75586.00	        1.00
  9.13	        0.00	      113.00	 14527584.00	        0.00	    75586.00	        1.00
  9.14	        0.00	      109.00	 14527753.00	        0.00	    75586.00	        1.00
  9.15	        0.00	      102.00	 14528536.00	        0.00	    75586.00	        1.00
  9.16	        0.00	       98.00	 14528715.00	        0.00	    75586.00	        1.00
  9.17	        0.00	       91.00	 14529510.00	        0.00	    75586.00	        1.00
  9.18	        0.00	       88.00	 14529467.00	        0.00	    75586.00	        1.00
  9.19	        0.00	       85.00	 14529470.00	        0.00	    75586.00	        1.00
  9.20	        0.00	       82.00	 14529448.00	        0.00	    75586.00	        1.00
  9.21	        0.00	       78.00	 14529667.00	        0.00	    75586.00	        1.00
  9.22	        0.00	       74.00	 14529840.00	        0.00	    75586.00	        1.00
  9.23	        0.00	       73.00	 14529459.00	        0.00	    75586.00	        1.00
  9.24	        0.00	       71.00	 14529276.00	        0.00	    75586.00	        1.00
  9.25	        0.00	       69.00	 14529119.00	        0.00	    75586.00	        1.00
  9.26	        0.00	       62.00	 14529950.00	        0.00	    75586.00	        1.00
  9.27	        0.00	       59.00	 14529997.00	        0.00	    75586.00	        1.00
  9.28	        0.00	       59.00	 14529499.00	        0.00	    75586.00	        1.00
  9.29	        0.00	       54.00	 14529936.00	        0.00	    75586.00	        1.00
  9.30	        0.00	       49.00	 14530362.00	        0.00	    75586.00	        1.00
  9.31	        0.00	       47.00	 14530197.00	        0.00	    75586.00	        1.00
  9.32	        0.00	       47.00	 14529664.00	        0.00	    75586.00	        1.00
  9.33	        0.00	       44.00	 14529729.00	        0.00	    75586.00	        1.00
  9.34	        0.00	       43.00	 14529386.00	        0.00	    75586.00	        1.00
  9.35	        0.00	       42.00	 14529020.00	        0.00	    75586.00	        1.00
  9.36	        0.00	       41.00	 14528632.00	        0.00	    75586.00	        1.00
  9.37	        0.00	       40.00	 14528333.00	        0.00	    75586.00	        1.00
  9.38	        0.00	       39.00	 14527957.00	        0.00	    75586.00	        1.00
  9.39	        0.00	       37.00	 14527854.00	        0.00	    75586.00	        1.00
  9.40	        0.00	       35.00	 14527704.00	        0.00	    75586.00	        1.00
  9.41	        0.00	       31.00	 14527987.00	        0.00	    75586.00	        1.00
  9.42	        0.00	       27.00	 14528260.00	        0.00	    75586.00	        1.00
  9.43	        0.00	       26.00	 14527927.00	        0.00	    75586.00	        1.00
  9.44	        0.00	       25.00	 14527610.00	        0.00	    75586.00	        1.00
  9.45	        0.00	       25.00	 14527081.00	        0.00	    75586.00	        1.00
  9.46	        0.00	       23.00	 14527010.00	        0.00	    75586.00	        1.00
  9.47	        0.00	       23.00	 14526481.00	        0.00	    75586.00	        1.00
  9.48	        0.00	       23.00	 14525986.00	        0.00	    75586.00	        1.00
  9.49	        0.00	       23.00	 14525503.00	        0.00	    75586.00	        1.00
  9.50	        0.00	       23.00	 14525048.00	        0.00	    75586.00	        1.00
  9.51	        0.00	       21.00	 14524916.00	        0.00	    75586.00	        1.00
  9.52	        0.00	       21.00	 14524419.00	        0.00	    75586.00	        1.00
  9.53	        0.00	       20.00	 14524131.00	        0.00	    75586.00	        1.00
  9.54	        0.00	       19.00	 14523844.00	        0.00	    75586.00	        1.00
  9.55	        0.00	       17.00	 14523752.00	        0.00	    75586.00	        1.00
  9.56	        0.00	       17.00	 14523266.00	        0.00	    75586.00	        1.00
  9.57	        0.00	       16.00	 14522965.00	        0.00	    75586.00	        1.00
  9.58	        0.00	       15.00	 14522680.00	        0.00	    75586.00	        1.00
  9.59	        0.00	       15.00	 14522175.00	        0.00	    75586.00	        1.00
  9.60	        0.00	       15.00	 14521646.00	        0.00	    75586.00	        1.00
  9.61	        0.00	       15.00	 14521150.00	        0.00	    75586.00	        1.00
  9.62	        0.00	       13.00	 14521054.00	        0.00	    75586.00	        1.00
  9.63	        0.00	       13.00	 14520545.00	        0.00	    75586.00	        1.00
  9.64	        0.00	       13.00	 14520067.00	        0.00	    75586.00	        1.00
  9.65	        0.00	       12.00	 14519793.00	        0.00	    75586.00	        1.00
  9.66	        0.00	       12.00	 14519284.00	        0.00	    75586.00	        1.00
  9.67	        0.00	       12.00	 14518782.00	        0.00	    75586.00	        1.00
  9.68	        0.00	       11.00	 14518529.00	        0.00	    75586.00	        1.00
  9.69	        0.00	       11.00	 14518061.00	        0.00	    75586.00	        1.00
  9.70	        0.00	        8.00	 14518150.00	        0.00	    75586.00	        1.00
  9.71	        0.00	        7.00	 14517896.00	        0.00	    75586.00	        1.00
  9.72	        0.00	        7.00	 14517432.00	        0.00	    75586.00	        1.00
  9.73	        0.00	        7.00	 14516937.00	        0.00	    75586.00	        1.00
  9.74	        0.00	        6.00	 14516648.00	        0.00	    75586.00	        1.00
  9.75	        0.00	        6.00	 14516187.00	        0.00	    75586.00	        1.00
  9.76	        0.00	        5.00	 14515948.00	        0.00	    75586.00	        1.00
  9.77	        0.00	        5.00	 14515495.00	        0.00	    75586.00	        1.00
  9.78	        0.00	        5.00	 14514981.00	        0.00	    75586.00	        1.00
  9.79	        0.00	        5.00	 14514499.00	        0.00	    75586.00	        1.00
  9.80	        0.00	        5.00	 14514041.00	        0.00	    75586.00	        1.00
  9.81	        0.00	        5.00	 14513608.00	        0.00	    75586.00	        1.00
  9.82	        0.00	        4.00	 14513355.00	        0.00	    75586.00	        1.00
  9.83	        0.00	        4.00	 14512903.00	        0.00	    75586.00	        1.00
  9.84	        0.00	        2.00	 14512865.00	        0.00	    75586.00	        1.00
  9.85	        0.00	        2.00	 14512441.00	        0.00	    75586.00	        1.00
  9.86	        0.00	        2.00	 14511996.00	        0.00	    75586.00	        1.00
  9.87	        0.00	        2.00	 14511533.00	        0.00	    75586.00	        1.00
  9.88	        0.00	        1.00	 14511303.00	        0.00	    75586.00	        1.00
  9.89	        0.00	        1.00	 14510892.00	        0.00	    75586.00	        1.00
  9.90	        0.00	        0.00	 14510626.00	        0.00	    75586.00	        0.00
