Datatype: PopulationSize
  0.00	        1.00	        0.00	        0.00	        1.00	        0.00	        1.00
  0.01	        1.00	        0.00	        0.00	        1.00	        0.00	        1.00
  0.02	        1.00	        0.00	        0.00	        1.00	        0.00	        1.00
  0.03	        1.00	        0.00	        0.00	        1.00	        0.00	        1.00
  0.04	        1.00	        0.00	        0.00	        1.00	        0.00	        1.00
  0.05	        1.00	        0.00	        0.00	        1.00	        0.00	        1.00
  0.06	        1.00	        0.00	        0.00	        1.00	        0.00	        1.00
  0.07	        1.00	        0.00	        0.00	        1.00	        0.00	        1.00
  0.08	        1.00	        0.00	        0.00	        1.00	        0.00	        1.00
  0.09	        1.00	        0.00	        0.00	        1.00	        0.00	        1.00
  0.10	        1.00	        0.00	        0.00	        1.00	        0.00	        1.00
  0.11	        1.00	        0.00	        0.00	        1.00	        0.00	        1.00
  0.12	        1.00	        0.00	        0.00	        1.00	        0.00	        1.00
  0.13	        1.00	        0.00	        0.00	        1.00	        0.00	        1.00
  0.14	        1.00	        0.00	        0.00	        1.00	        0.00	        1.00
  0.15	        1.00	        0.00	        0.00	        1.00	        0.00	        1.00
  0.16	        1.00	        0.00	        0.00	        1.00	        0.00	        1.00
  0.17	        1.00	        0.00	        0.00	        1.00	        0.00	        1.00
  0.18	        1.00	        0.00	        0.00	        1.00	        0.00	        1.00
  0.19	        1.00	        0.00	        0.00	        1.00	        0.00	        1.00
  0.20	        1.00	        0.00	        0.00	        1.00	        0.00	        1.00
  0.21	        1.00	        0.00	        0.00	        1.00	        0.00	        1.00
  0.22	        1.00	        0.00	        0.00	        1.00	        0.00	        1.00
  0.23	        1.00	        0.00	        0.00	        1.00	        0.00	        1.00
  0.24	        1.00	        0.00	        0.00	        1.00	        0.00	        1.00
  0.25	        1.00	        0.00	        0.00	        1.00	        0.00	        1.00
  0.26	        1.00	        0.00	        0.00	        1.00	        0.00	        1.00
  0.27	        1.00	        0.00	        0.00	        1.00	        0.00	        1.00
  0.28	        1.00	        0.00	        0.00	        1.00	        0.00	        1.00
  0.29	        1.00	        0.00	        0.00	        1.00	        0.00	        1.00
  0.30	        1.00	        0.00	        0.00	        1.00	        0.00	        1.00
  0.31	        1.00	        0.00	        0.00	        1.00	        0.00	        1.00
  0.32	        1.00	        0.00	        0.00	        1.00	        0.00	        1.00
  0.33	        1.00	        0.00	        0.00	        1.00	        0.00	        1.00
  0.34	        1.00	        0.00	        0.00	        1.00	        0.00	        1.00
  0.35	        1.00	        0.00	        0.00	        1.00	        0.00	        1.00
  0.36	        1.00	        0.00	        0.00	        1.00	        0.00	        1.00
  0.37	        1.00	        0.00	        0.00	        1.00	        0.00	        1.00
  0.38	        1.00	        0.00	        0.00	        1.00	        0.00	        1.00
  0.39	        1.00	        0.00	        0.00	        1.00	        0.00	        1.00
  0.40	        1.00	        0.00	        0.00	        1.00	        0.00	        1.00
  0.41	        1.00	        0.00	        0.00	        1.00	        0.00	        1.00
  0.42	        1.00	        0.00	        0.00	        1.00	        0.00	        1.00
  0.43	        1.00	        0.00	        0.00	        1.00	        0.00	        1.00
  0.44	        1.00	        0.00	        0.00	        1.00	        0.00	        1.00
  0.45	        1.00	        0.00	        0.00	        1.00	        0.00	        1.00
  0.46	        1.00	        0.00	        0.00	        1.00	        0.00	        1.00
  0.47	        1.00	        0.00	        0.00	        1.00	        0.00	        1.00
  0.48	        1.00	        0.00	        0.00	        1.00	        0.00	        1.00
  0.49	        1.00	        0.00	        0.00	        1.00	        0.00	        1.00
  0.50	        1.00	        0.00	        0.00	        1.00	        0.00	        1.00
  0.51	        1.00	        0.00	        0.00	        1.00	        0.00	        1.00
  0.52	        1.00	        0.00	        0.00	        1.00	        0.00	        1.00
  0.53	        1.00	        0.00	        0.00	        1.00	        0.00	        1.00
  0.54	        1.00	        0.00	        0.00	        1.00	        0.00	        1.00
  0.55	        1.00	        0.00	        0.00	        1.00	        0.00	        1.00
  0.56	        1.00	        0.00	        0.00	        1.00	        0.00	        1.00
  0.57	        1.00	        0.00	        0.00	        1.00	        0.00	        1.00
  0.58	        1.00	        0.00	        0.00	        1.00	        0.00	        1.00
  0.59	        1.00	        0.00	        0.00	        1.00	        0.00	        1.00
  0.60	        1.00	        0.00	        0.00	        1.00	        0.00	        1.00
  0.61	        1.00	        0.00	        0.00	        1.00	        0.00	        1.00
  0.62	        1.00	        0.00	        0.00	        1.00	        0.00	        1.00
  0.63	        1.00	        0.00	        0.00	        1.00	        0.00	        1.00
  0.64	        1.00	        0.00	        0.00	        1.00	        0.00	        1.00
  0.65	        1.00	        0.00	        0.00	        1.00	        0.00	        1.00
  0.66	        1.00	        0.00	        0.00	        1.00	        0.00	        1.00
  0.67	        1.00	        0.00	        0.00	        1.00	        0.00	        1.00
  0.68	        1.00	        0.00	        0.00	        1.00	        0.00	        1.00
  0.69	        1.00	        0.00	        0.00	        1.00	        0.00	        1.00
  0.70	        1.00	        0.00	        0.00	        1.00	        0.00	        1.00
  0.71	        1.00	        0.00	        0.00	        1.00	        0.00	        1.00
  0.72	        1.00	        0.00	        0.00	        1.00	        0.00	        1.00
  0.73	        1.00	        0.00	        0.00	        1.00	        0.00	        1.00
  0.74	        1.00	        0.00	        0.00	        1.00	        0.00	        1.00
  0.75	        1.00	        0.00	        0.00	        1.00	        0.00	        1.00
  0.76	        1.00	        0.00	        0.00	        1.00	        0.00	        1.00
  0.77	        1.00	        0.00	        0.00	        1.00	        0.00	        1.00
  0.78	        1.00	        0.00	        0.00	        1.00	        0.00	        1.00
  0.79	        1.00	        0.00	        0.00	        1.00	        0.00	        1.00
  0.80	        1.00	        0.00	        0.00	        1.00	        0.00	        1.00
  0.81	        1.00	        0.00	        0.00	        1.00	        0.00	        1.00
  0.82	        1.00	        0.00	        0.00	        1.00	        0.00	        1.00
  0.83	        1.00	        0.00	        0.00	        1.00	        0.00	        1.00
  0.84	        1.00	        0.00	        0.00	        1.00	        0.00	        1.00
  0.85	        1.00	        0.00	        0.00	        1.00	        0.00	        1.00
  0.86	        1.00	        0.00	        0.00	        1.00	        0.00	        1.00
  0.87	        1.00	        0.00	        0.00	        1.00	        0.00	        1.00
  0.88	        1.00	        0.00	        0.00	        1.00	        0.00	        1.00
  0.89	        1.00	        0.00	        0.00	        1.00	        0.00	        1.00
  0.90	        1.00	        0.00	        0.00	        1.00	        0.00	        1.00
  0.91	        1.00	        0.00	        0.00	        1.00	        0.00	        1.00
  0.92	        1.00	        0.00	        0.00	        1.00	        0.00	        1.00
  0.93	        1.00	        0.00	        0.00	        1.00	        0.00	        1.00
  0.94	        1.00	        0.00	        0.00	        1.00	        0.00	        1.00
  0.95	        1.00	        0.00	        0.00	        1.00	        0.00	        1.00
  0.96	        1.00	        0.00	        0.00	        1.00	        0.00	        1.00
  0.97	        2.00	        0.00	        0.00	        1.00	        1.00	        1.00
  0.98	        3.00	        0.00	        0.00	        1.00	        2.00	        1.00
  0.99	        3.00	        0.00	        0.00	        1.00	        2.00	        1.00
  1.00	        3.00	        0.00	        0.00	        1.00	        2.00	        1.00
  1.01	        3.00	        0.00	        0.00	        1.00	        2.00	        1.00
  1.02	        3.00	        0.00	        0.00	        1.00	        2.00	        1.00
  1.03	        3.00	        0.00	        0.00	        1.00	        2.00	        1.00
  1.04	        3.00	        0.00	        0.00	        1.00	        2.00	        1.00
  1.05	        3.00	        0.00	        0.00	        1.00	        2.00	        1.00
  1.06	        3.00	        0.00	        0.00	        1.00	        2.00	        1.00
  1.07	        3.00	        0.00	        0.00	        1.00	        2.00	        1.00
  1.08	        3.00	        0.00	        0.00	        1.00	        2.00	        1.00
  1.09	        3.00	        0.00	        0.00	        1.00	        2.00	        1.00
  1.10	        3.00	        0.00	        0.00	        1.00	        2.00	        1.00
  1.11	        3.00	        0.00	        0.00	        1.00	        2.00	        1.00
  1.12	        3.00	        0.00	        0.00	        1.00	        2.00	        1.00
  1.13	        3.00	        0.00	        0.00	        1.00	        2.00	        1.00
  1.14	        3.00	        0.00	        0.00	        1.00	        2.00	        1.00
  1.15	        3.00	        0.00	        0.00	        1.00	        2.00	        1.00
  1.16	        3.00	        0.00	        0.00	        1.00	        2.00	        1.00
  1.17	        3.00	        0.00	        0.00	        1.00	        2.00	        1.00
  1.18	        3.00	        0.00	        0.00	        1.00	        2.00	        1.00
  1.19	        3.00	        0.00	        0.00	        1.00	        2.00	        1.00
  1.20	        3.00	        0.00	        0.00	        1.00	        2.00	        1.00
  1.21	        3.00	        0.00	        0.00	        1.00	        2.00	        1.00
  1.22	        3.00	        0.00	        0.00	        1.00	        2.00	        1.00
  1.23	        3.00	        0.00	        0.00	        1.00	        2.00	        1.00
  1.24	        3.00	        0.00	        0.00	        1.00	        2.00	        1.00
  1.25	        3.00	        0.00	        0.00	        1.00	        2.00	        1.00
  1.26	        3.00	        0.00	        0.00	        1.00	        2.00	        1.00
  1.27	        3.00	        0.00	        0.00	        1.00	        2.00	        1.00
  1.28	        3.00	        0.00	        0.00	        1.00	        2.00	        1.00
  1.29	        3.00	        0.00	        0.00	        1.00	        2.00	        1.00
  1.30	        3.00	        0.00	        0.00	        1.00	        2.00	        1.00
  1.31	        3.00	        0.00	        0.00	        1.00	        2.00	        1.00
  1.32	        3.00	        0.00	        0.00	        1.00	        2.00	        1.00
  1.33	        3.00	        0.00	        0.00	        1.00	        2.00	        1.00
  1.34	        3.00	        0.00	        0.00	        1.00	        2.00	        1.00
  1.35	        3.00	        0.00	        0.00	        1.00	        2.00	        1.00
  1.36	        3.00	        0.00	        0.00	        1.00	        2.00	        1.00
  1.37	        3.00	        0.00	        0.00	        1.00	        2.00	        1.00
  1.38	        3.00	        0.00	        0.00	        1.00	        2.00	        1.00
  1.39	        3.00	        0.00	        0.00	        1.00	        2.00	        1.00
  1.40	        3.00	        0.00	        0.00	        1.00	        2.00	        1.00
  1.41	        3.00	        0.00	        0.00	        1.00	        2.00	        1.00
  1.42	        3.00	        0.00	        0.00	        1.00	        2.00	        1.00
  1.43	        3.00	        0.00	        0.00	        1.00	        2.00	        1.00
  1.44	        3.00	        0.00	        0.00	        1.00	        2.00	        1.00
  1.45	        3.00	        0.00	        0.00	        1.00	        2.00	        1.00
  1.46	        3.00	        0.00	        0.00	        1.00	        2.00	        1.00
  1.47	        3.00	        0.00	        0.00	        1.00	        2.00	        1.00
  1.48	        4.00	        0.00	        0.00	        1.00	        3.00	        1.00
  1.49	        4.00	        0.00	        0.00	        1.00	        3.00	        1.00
  1.50	        4.00	        0.00	        0.00	        1.00	        3.00	        1.00
  1.51	        4.00	        0.00	        0.00	        1.00	        3.00	        1.00
  1.52	        4.00	        0.00	        0.00	        1.00	        3.00	        1.00
  1.53	        4.00	        0.00	        0.00	        1.00	        3.00	        1.00
  1.54	        4.00	        0.00	        0.00	        1.00	        3.00	        1.00
  1.55	        4.00	        0.00	        0.00	        1.00	        3.00	        1.00
  1.56	        4.00	        0.00	        0.00	        1.00	        3.00	        1.00
  1.57	        4.00	        0.00	        0.00	        1.00	        3.00	        1.00
  1.58	        4.00	        0.00	        0.00	        1.00	        3.00	        1.00
  1.59	        4.00	        0.00	        0.00	        1.00	        3.00	        1.00
  1.60	        4.00	        0.00	        0.00	        1.00	        3.00	        1.00
  1.61	        4.00	        0.00	        0.00	        1.00	        3.00	        1.00
  1.62	        4.00	        0.00	        0.00	        1.00	        3.00	        1.00
  1.63	        4.00	        0.00	        0.00	        1.00	        3.00	        1.00
  1.64	        4.00	        0.00	        0.00	        1.00	        3.00	        1.00
  1.65	        4.00	        0.00	        0.00	        1.00	        3.00	        1.00
  1.66	        4.00	        0.00	        0.00	        1.00	        3.00	        1.00
  1.67	        4.00	        0.00	        0.00	        1.00	        3.00	        1.00
  1.68	        4.00	        0.00	        0.00	        1.00	        3.00	        1.00
  1.69	        4.00	        0.00	        0.00	        1.00	        3.00	        1.00
  1.70	        4.00	        0.00	        0.00	        1.00	        3.00	        1.00
  1.71	        4.00	        0.00	        0.00	        1.00	        3.00	        1.00
  1.72	        4.00	        0.00	        0.00	        1.00	        3.00	        1.00
  1.73	        4.00	        0.00	        0.00	        1.00	        3.00	        1.00
  1.74	        4.00	        0.00	        0.00	        1.00	        3.00	        1.00
  1.75	        4.00	        0.00	        0.00	        1.00	        3.00	        1.00
  1.76	        4.00	        0.00	        0.00	        1.00	        3.00	        1.00
  1.77	        4.00	        0.00	        0.00	        1.00	        3.00	        1.00
  1.78	        4.00	        0.00	        0.00	        1.00	        3.00	        1.00
  1.79	        4.00	        0.00	        0.00	        1.00	        3.00	        1.00
  1.80	        4.00	        0.00	        0.00	        1.00	        3.00	        1.00
  1.81	        4.00	        0.00	        0.00	        1.00	        3.00	        1.00
  1.82	        4.00	        0.00	        0.00	        1.00	        3.00	        1.00
  1.83	        4.00	        0.00	        0.00	        1.00	        3.00	        1.00
  1.84	        4.00	        0.00	        0.00	        1.00	        3.00	        1.00
  1.85	        4.00	        0.00	        0.00	        1.00	        3.00	        1.00
  1.86	        4.00	        0.00	        0.00	        1.00	        3.00	        1.00
  1.87	        4.00	        0.00	        0.00	        1.00	        3.00	        1.00
  1.88	        4.00	        0.00	        0.00	        1.00	        3.00	        1.00
  1.89	        4.00	        0.00	        0.00	        1.00	        3.00	        1.00
  1.90	        4.00	        0.00	        0.00	        1.00	        3.00	        1.00
  1.91	        4.00	        0.00	        0.00	        1.00	        3.00	        1.00
  1.92	        4.00	        0.00	        0.00	        1.00	        3.00	        1.00
  1.93	        4.00	        0.00	        0.00	        1.00	        3.00	        1.00
  1.94	        4.00	        0.00	        0.00	        1.00	        3.00	        1.00
  1.95	        4.00	        0.00	        0.00	        1.00	        3.00	        1.00
  1.96	        4.00	        0.00	        0.00	        1.00	        3.00	        1.00
  1.97	        4.00	        0.00	        0.00	        1.00	        3.00	        1.00
  1.98	        4.00	        0.00	        0.00	        1.00	        3.00	        1.00
  1.99	        4.00	        0.00	        0.00	        1.00	        3.00	        1.00
  2.00	        4.00	        0.00	        0.00	        1.00	        3.00	        1.00
  2.01	        4.00	        0.00	        0.00	        1.00	        3.00	        1.00
  2.02	        5.00	        0.00	        0.00	        1.00	        4.00	        1.00
  2.03	        5.00	        0.00	        0.00	        1.00	        4.00	        1.00
  2.04	        5.00	        0.00	        0.00	        1.00	        4.00	        1.00
  2.05	        5.00	        0.00	        0.00	        1.00	        4.00	        1.00
  2.06	        5.00	        0.00	        0.00	        1.00	        4.00	        1.00
  2.07	        6.00	        0.00	        0.00	        1.00	        5.00	        1.00
  2.08	        6.00	        0.00	        0.00	        1.00	        5.00	        1.00
  2.09	        6.00	        0.00	        0.00	        1.00	        5.00	        1.00
  2.10	        6.00	        0.00	        0.00	        1.00	        5.00	        1.00
  2.11	        6.00	        0.00	        0.00	        1.00	        5.00	        1.00
  2.12	        6.00	        0.00	        0.00	        1.00	        5.00	        1.00
  2.13	        6.00	        0.00	        0.00	        1.00	        5.00	        1.00
  2.14	        7.00	        0.00	        0.00	        1.00	        6.00	        1.00
  2.15	        7.00	        0.00	        0.00	        1.00	        6.00	        1.00
  2.16	        7.00	        0.00	        0.00	        1.00	        6.00	        1.00
  2.17	        7.00	        0.00	        0.00	        1.00	        6.00	        1.00
  2.18	        7.00	        0.00	        0.00	        1.00	        6.00	        1.00
  2.19	        8.00	        0.00	        0.00	        1.00	        7.00	        1.00
  2.20	        8.00	        0.00	        0.00	        1.00	        7.00	        1.00
  2.21	        8.00	        0.00	        0.00	        1.00	        7.00	        1.00
  2.22	        9.00	        0.00	        0.00	        1.00	        8.00	        1.00
  2.23	        9.00	        0.00	        0.00	        1.00	        8.00	        1.00
  2.24	        9.00	        0.00	        0.00	        1.00	        8.00	        1.00
  2.25	        9.00	        0.00	        0.00	        1.00	        8.00	        1.00
  2.26	        9.00	        0.00	        0.00	        1.00	        8.00	        1.00
  2.27	        9.00	        0.00	        0.00	        1.00	        8.00	        1.00
  2.28	        9.00	        0.00	        0.00	        1.00	        8.00	        1.00
  2.29	        9.00	        0.00	        0.00	        1.00	        8.00	        1.00
  2.30	        9.00	        0.00	        0.00	        1.00	        8.00	        1.00
  2.31	        9.00	        0.00	        0.00	        1.00	        8.00	        1.00
  2.32	       10.00	        0.00	        0.00	        1.00	        9.00	        1.00
  2.33	       10.00	        0.00	        0.00	        1.00	        9.00	        1.00
  2.34	       11.00	        0.00	        0.00	        1.00	       10.00	        1.00
  2.35	       11.00	        0.00	        0.00	        1.00	       10.00	        1.00
  2.36	       12.00	        0.00	        0.00	        1.00	       11.00	        1.00
  2.37	       12.00	        0.00	        0.00	        1.00	       11.00	        1.00
  2.38	       12.00	        0.00	        0.00	        1.00	       11.00	        1.00
  2.39	       12.00	        0.00	        0.00	        1.00	       11.00	        1.00
  2.40	       12.00	        0.00	        0.00	        1.00	       11.00	        1.00
  2.41	       12.00	        0.00	        0.00	        1.00	       11.00	        1.00
  2.42	       12.00	        0.00	        0.00	        1.00	       11.00	        1.00
  2.43	       12.00	        0.00	        0.00	        1.00	       11.00	        1.00
  2.44	       13.00	        0.00	        0.00	        1.00	       12.00	        1.00
  2.45	       13.00	        0.00	        0.00	        1.00	       12.00	        1.00
  2.46	       13.00	        0.00	        0.00	        1.00	       12.00	        1.00
  2.47	       14.00	        0.00	        0.00	        1.00	       13.00	        1.00
  2.48	       15.00	        0.00	        0.00	        1.00	       14.00	        1.00
  2.49	       15.00	        0.00	        0.00	        1.00	       14.00	        1.00
  2.50	       16.00	        0.00	        0.00	        1.00	       15.00	        1.00
  2.51	       17.00	        0.00	        0.00	        1.00	       16.00	        1.00
  2.52	       17.00	        0.00	        0.00	        1.00	       16.00	        1.00
  2.53	       17.00	        0.00	        0.00	        1.00	       16.00	        1.00
  2.54	       18.00	        0.00	        0.00	        1.00	       17.00	        1.00
  2.55	       19.00	        0.00	        0.00	        1.00	       18.00	        1.00
  2.56	       19.00	        0.00	        0.00	        1.00	       18.00	        1.00
  2.57	       19.00	        0.00	        0.00	        1.00	       18.00	        1.00
  2.58	       19.00	        0.00	        0.00	        1.00	       18.00	        1.00
  2.59	       19.00	        0.00	        0.00	        1.00	       18.00	        1.00
  2.60	       19.00	        0.00	        0.00	        1.00	       18.00	        1.00
  2.61	       20.00	        0.00	        0.00	        1.00	       19.00	        1.00
  2.62	       20.00	        0.00	        0.00	        1.00	       19.00	        1.00
  2.63	       20.00	        0.00	        0.00	        1.00	       19.00	        1.00
  2.64	       20.00	        0.00	        0.00	        1.00	       19.00	        1.00
  2.65	       20.00	        0.00	        0.00	        1.00	       19.00	        1.00
  2.66	       20.00	        0.00	        0.00	        1.00	       19.00	        1.00
  2.67	       20.00	        0.00	        0.00	        1.00	       19.00	        1.00
  2.68	       20.00	        0.00	        0.00	        1.00	       19.00	        1.00
  2.69	       20.00	        0.00	        0.00	        1.00	       19.00	        1.00
  2.70	       21.00	        0.00	        0.00	        1.00	       20.00	        1.00
  2.71	       21.00	        0.00	        0.00	        1.00	       20.00	        1.00
  2.72	       22.00	        0.00	        0.00	        1.00	       21.00	        1.00
  2.73	       22.00	        0.00	        0.00	        1.00	       21.00	        1.00
  2.74	       22.00	        0.00	        0.00	        1.00	       21.00	        1.00
  2.75	       22.00	        0.00	        0.00	        1.00	       21.00	        1.00
  2.76	       22.00	        0.00	        0.00	        1.00	       21.00	        1.00
  2.77	       22.00	        0.00	        0.00	        1.00	       21.00	        1.00
  2.78	       22.00	        0.00	        0.00	        1.00	       21.00	        1.00
  2.79	       22.00	        0.00	        0.00	        1.00	       21.00	        1.00
  2.80	       22.00	        0.00	        0.00	        1.00	       21.00	        1.00
  2.81	       22.00	        0.00	        0.00	        1.00	       21.00	        1.00
  2.82	       22.00	        0.00	        0.00	        1.00	       21.00	        1.00
  2.83	       22.00	        0.00	        0.00	        1.00	       21.00	        1.00
  2.84	       22.00	        0.00	        0.00	        1.00	       21.00	        1.00
  2.85	       22.00	        0.00	        0.00	        1.00	       21.00	        1.00
  2.86	       22.00	        0.00	        0.00	        1.00	       21.00	        1.00
  2.87	       22.00	        0.00	        0.00	        1.00	       21.00	        1.00
  2.88	       24.00	        0.00	        0.00	        1.00	       23.00	        1.00
  2.89	       24.00	        0.00	        0.00	        1.00	       23.00	        1.00
  2.90	       24.00	        0.00	        0.00	        1.00	       23.00	        1.00
  2.91	       25.00	        0.00	        0.00	        1.00	       24.00	        1.00
  2.92	       25.00	        0.00	        0.00	        1.00	       24.00	        1.00
  2.93	       25.00	        0.00	        0.00	        1.00	       24.00	        1.00
  2.94	       25.00	        0.00	        0.00	        1.00	       24.00	        1.00
  2.95	       25.00	        0.00	        0.00	        1.00	       24.00	        1.00
  2.96	       25.00	        0.00	        0.00	        1.00	       24.00	        1.00
  2.97	       25.00	        0.00	        0.00	        1.00	       24.00	        1.00
  2.98	       26.00	        0.00	        0.00	        1.00	       25.00	        1.00
  2.99	       26.00	        0.00	        0.00	        1.00	       25.00	        1.00
  3.00	       27.00	        0.00	   600000.00	        1.00	       26.00	        1.00
  3.01	       29.00	        0.00	   599979.00	        1.00	       28.00	        1.00
  3.02	       29.00	        0.00	   599958.00	        1.00	       28.00	        1.00
  3.03	       30.00	        0.00	   599934.00	        1.00	       29.00	        1.00
  3.04	       30.00	        0.00	   599913.00	        1.00	       29.00	        1.00
  3.05	       30.00	        1.00	   599891.00	        1.00	       30.00	        1.00
  3.06	       30.00	        1.00	   599873.00	        1.00	       30.00	        1.00
  3.07	       32.00	        1.00	   599852.00	        1.00	       32.00	        1.00
  3.08	       32.00	        1.00	   599832.00	        1.00	       32.00	        1.00
  3.09	       32.00	        1.00	   599804.00	        1.00	       32.00	        1.00
  3.10	       32.00	        1.00	   599785.00	        1.00	       32.00	        1.00
  3.11	       32.00	        1.00	   599767.00	        1.00	       32.00	        1.00
  3.12	       32.00	        1.00	   599750.00	        1.00	       32.00	        1.00
  3.13	       32.00	        2.00	   599734.00	        1.00	       33.00	        1.00
  3.14	       33.00	        2.00	   599713.00	        1.00	       34.00	        1.00
  3.15	       33.00	        2.00	   599698.00	        1.00	       34.00	        1.00
  3.16	       33.00	        2.00	   599681.00	        1.00	       34.00	        1.00
  3.17	       33.00	        2.00	   599668.00	        1.00	       34.00	        1.00
  3.18	       34.00	        2.00	   599647.00	        1.00	       35.00	        1.00
  3.19	       35.00	        2.00	   599632.00	        1.00	       36.00	        1.00
  3.20	       35.00	        2.00	   599612.00	        1.00	       36.00	        1.00
  3.21	       35.00	        2.00	   599595.00	        1.00	       36.00	        1.00
  3.22	       36.00	        2.00	   599579.00	        1.00	       37.00	        1.00
  3.23	       38.00	        2.00	   599557.00	        1.00	       39.00	        1.00
  3.24	       38.00	        2.00	   599539.00	        1.00	       39.00	        1.00
  3.25	       38.00	        2.00	   599529.00	        1.00	       39.00	        1.00
  3.26	       39.00	        2.00	   599509.00	        1.00	       40.00	        1.00
  3.27	       39.00	        2.00	   599495.00	        1.00	       40.00	        1.00
  3.28	       40.00	        2.00	   599480.00	        1.00	       41.00	        1.00
  3.29	       40.00	        2.00	   599468.00	        1.00	       41.00	        1.00
  3.30	       39.00	        3.00	   599452.00	        1.00	       41.00	        1.00
  3.31	       39.00	        3.00	   599436.00	        1.00	       41.00	        1.00
  3.32	       39.00	        3.00	   599422.00	        1.00	       41.00	        1.00
  3.33	       39.00	        3.00	   599401.00	        1.00	       41.00	        1.00
  3.34	       39.00	        3.00	   599384.00	        1.00	       41.00	        1.00
  3.35	       41.00	        3.00	   599366.00	        1.00	       43.00	        1.00
  3.36	       41.00	        4.00	   599349.00	        1.00	       44.00	        1.00
  3.37	       41.00	        4.00	   599326.00	        1.00	       44.00	        1.00
  3.38	       42.00	        4.00	   599301.00	        1.00	       45.00	        1.00
  3.39	       42.00	        4.00	   599280.00	        1.00	       45.00	        1.00
  3.40	       43.00	        4.00	   599267.00	        1.00	       46.00	        1.00
  3.41	       43.00	        4.00	   599251.00	        1.00	       46.00	        1.00
  3.42	       43.00	        5.00	   599233.00	        1.00	       47.00	        1.00
  3.43	       44.00	        6.00	   599217.00	        1.00	       49.00	        1.00
  3.44	       44.00	        7.00	   599201.00	        1.00	       50.00	        1.00
  3.45	       46.00	        7.00	   599187.00	        1.00	       52.00	        1.00
  3.46	       46.00	        7.00	   599165.00	        1.00	       52.00	        1.00
  3.47	       47.00	        7.00	   599152.00	        1.00	       53.00	        1.00
  3.48	       48.00	        7.00	   599130.00	        1.00	       54.00	        1.00
  3.49	       49.00	        7.00	   599103.00	        1.00	       55.00	        1.00
  3.50	       49.00	        7.00	   599086.00	        1.00	       55.00	        1.00
  3.51	       50.00	        7.00	   599067.00	        1.00	       56.00	        1.00
  3.52	       50.00	        7.00	   599048.00	        1.00	       56.00	        1.00
  3.53	       51.00	        8.00	   599030.00	        1.00	       58.00	        1.00
  3.54	       51.00	        9.00	   599011.00	        1.00	       59.00	        1.00
  3.55	       53.00	        9.00	   598984.00	        1.00	       61.00	        1.00
  3.56	       54.00	        9.00	   598964.00	        1.00	       62.00	        1.00
  3.57	       54.00	       10.00	   598941.00	        1.00	       63.00	        1.00
  3.58	       54.00	       10.00	   598921.00	        1.00	       63.00	        1.00
  3.59	       53.00	       12.00	   598908.00	        1.00	       64.00	        1.00
  3.60	       54.00	       12.00	   598889.00	        1.00	       65.00	        1.00
  3.61	       54.00	       13.00	   598870.00	        1.00	       66.00	        1.00
  3.62	       54.00	       14.00	   598842.00	        1.00	       67.00	        1.00
  3.63	       52.00	       16.00	   598827.00	        1.00	       67.00	        1.00
  3.64	       54.00	       16.00	   598807.00	        1.00	       69.00	        1.00
  3.65	       57.00	       16.00	   598787.00	        1.00	       72.00	        1.00
  3.66	       54.00	       19.00	   598759.00	        1.00	       72.00	        1.00
  3.67	       54.00	       20.00	   598743.00	        1.00	       73.00	        1.00
  3.68	       54.00	       20.00	   598720.00	        1.00	       73.00	        1.00
  3.69	       57.00	       20.00	   598704.00	        1.00	       76.00	        1.00
  3.70	       57.00	       20.00	   598692.00	        1.00	       76.00	        1.00
  3.71	       54.00	       23.00	   598670.00	        1.00	       76.00	        1.00
  3.72	       55.00	       23.00	   598649.00	        1.00	       77.00	        1.00
  3.73	       56.00	       23.00	   598629.00	        1.00	       78.00	        1.00
  3.74	       55.00	       24.00	   598609.00	        1.00	       78.00	        1.00
  3.75	       56.00	       24.00	   598591.00	        1.00	       79.00	        1.00
  3.76	       57.00	       24.00	   598573.00	        1.00	       80.00	        1.00
  3.77	       56.00	       26.00	   598560.00	        1.00	       81.00	        1.00
  3.78	       56.00	       26.00	   598556.00	        1.00	       81.00	        1.00
  3.79	       56.00	       27.00	   598535.00	        1.00	       82.00	        1.00
  3.80	       57.00	       28.00	   598520.00	        1.00	       84.00	        1.00
  3.81	       55.00	       30.00	   598502.00	        1.00	       84.00	        1.00
  3.82	       55.00	       30.00	   598479.00	        1.00	       84.00	        1.00
  3.83	       53.00	       32.00	   598463.00	        1.00	       84.00	        1.00
  3.84	       53.00	       33.00	   598445.00	        1.00	       85.00	        1.00
  3.85	       51.00	       35.00	   598427.00	        1.00	       85.00	        1.00
  3.86	       48.00	       39.00	   598406.00	        1.00	       86.00	        1.00
  3.87	       47.00	       40.00	   598389.00	        1.00	       86.00	        1.00
  3.88	       47.00	       41.00	   598373.00	        1.00	       87.00	        1.00
  3.89	       47.00	       42.00	   598346.00	        1.00	       88.00	        1.00
  3.90	       47.00	       43.00	   598322.00	        1.00	       89.00	        1.00
  3.91	       48.00	       43.00	   598696.00	        1.00	       91.00	        1.00
  3.92	       48.00	       44.00	   598675.00	        1.00	       92.00	        1.00
  3.93	       44.00	       47.00	   599049.00	        1.00	       92.00	        1.00
  3.94	       39.00	       53.00	   599020.00	        1.00	       93.00	        1.00
  3.95	       36.00	       56.00	   598995.00	        1.00	       93.00	        1.00
  3.96	       32.00	       60.00	   598970.00	        1.00	       93.00	        1.00
  3.97	       28.00	       64.00	   598951.00	        1.00	       93.00	        1.00
  3.98	       29.00	       64.00	   598927.00	        1.00	       94.00	        1.00
  3.99	       29.00	       64.00	   598911.00	        1.00	       94.00	        1.00
  4.00	       30.00	       64.00	   598894.00	        1.00	       95.00	        1.00
  4.01	       30.00	       64.00	   598875.00	        1.00	       95.00	        1.00
  4.02	       29.00	       65.00	   598852.00	        1.00	       95.00	        1.00
  4.03	       29.00	       65.00	   598833.00	        1.00	       95.00	        1.00
  4.04	       28.00	       66.00	   598809.00	        1.00	       95.00	        1.00
  4.05	       28.00	       67.00	   598780.00	        1.00	       96.00	        1.00
  4.06	       25.00	       71.00	   598751.00	        1.00	       97.00	        1.00
  4.07	       24.00	       72.00	   598730.00	        1.00	       97.00	        1.00
  4.08	       25.00	       72.00	   598706.00	        1.00	       98.00	        1.00
  4.09	       25.00	       72.00	   598683.00	        1.00	       98.00	        1.00
  4.10	       25.00	       72.00	   598662.00	        1.00	       98.00	        1.00
  4.11	       24.00	       73.00	   598646.00	        1.00	       98.00	        1.00
  4.12	       24.00	       73.00	   598625.00	        1.00	       98.00	        1.00
  4.13	       23.00	       75.00	   598600.00	        1.00	       99.00	        1.00
  4.14	       22.00	       76.00	   598584.00	        1.00	       99.00	        1.00
  4.15	       20.00	       78.00	   598557.00	        1.00	       99.00	        1.00
  4.16	       20.00	       78.00	   598532.00	        1.00	       99.00	        1.00
  4.17	       19.00	       79.00	   598503.00	        1.00	       99.00	        1.00
  4.18	       21.00	       79.00	   598485.00	        1.00	      101.00	        1.00
  4.19	       20.00	       81.00	   598459.00	        1.00	      102.00	        1.00
  4.20	       20.00	       81.00	   598442.00	        1.00	      102.00	        1.00
  4.21	       20.00	       81.00	   598421.00	        1.00	      102.00	        1.00
  4.22	       20.00	       82.00	   598402.00	        1.00	      103.00	        1.00
  4.23	       20.00	       82.00	   598378.00	        1.00	      103.00	        1.00
  4.24	       23.00	       82.00	   598355.00	        1.00	      106.00	        1.00
  4.25	       23.00	       82.00	   598334.00	        1.00	      106.00	        1.00
  4.26	       24.00	       82.00	   598313.00	        1.00	      107.00	        1.00
  4.27	       24.00	       82.00	   598301.00	        1.00	      107.00	        1.00
  4.28	       23.00	       83.00	   598283.00	        1.00	      107.00	        1.00
  4.29	       22.00	       83.00	   598660.00	        1.00	      107.00	        1.00
  4.30	       22.00	       83.00	   598633.00	        1.00	      107.00	        1.00
  4.31	       20.00	       85.00	   598602.00	        1.00	      107.00	        1.00
  4.32	       19.00	       86.00	   598572.00	        1.00	      107.00	        1.00
  4.33	       21.00	       86.00	   598548.00	        1.00	      109.00	        1.00
  4.34	       20.00	       87.00	   598523.00	        1.00	      109.00	        1.00
  4.35	       19.00	       88.00	   598497.00	        1.00	      109.00	        1.00
  4.36	       20.00	       88.00	   598468.00	        1.00	      110.00	        1.00
  4.37	       19.00	       89.00	   598440.00	        1.00	      110.00	        1.00
  4.38	       18.00	       90.00	   598418.00	        1.00	      110.00	        1.00
  4.39	       17.00	       91.00	   598393.00	        1.00	      110.00	        1.00
  4.40	       15.00	       93.00	   598366.00	        1.00	      110.00	        1.00
  4.41	       15.00	       92.00	   598745.00	        1.00	      110.00	        1.00
  4.42	       14.00	       93.00	   598723.00	        1.00	      110.00	        1.00
  4.43	       12.00	       95.00	   598691.00	        1.00	      110.00	        1.00
  4.44	       11.00	       95.00	   599060.00	        1.00	      110.00	        1.00
  4.45	       10.00	       95.00	   599425.00	        1.00	      110.00	        1.00
  4.46	       13.00	       95.00	   599393.00	        1.00	      113.00	        1.00
  4.47	       12.00	       96.00	   599368.00	        1.00	      113.00	        1.00
  4.48	       11.00	       98.00	   599341.00	        1.00	      114.00	        1.00
  4.49	        8.00	       99.00	   600103.00	        1.00	      114.00	        1.00
  4.50	        8.00	       99.00	   600073.00	        1.00	      114.00	        1.00
  4.51	        5.00	      101.00	   600432.00	        1.00	      114.00	        1.00
  4.52	        4.00	      102.00	   600380.00	        1.00	      114.00	        1.00
  4.53	        3.00	      102.00	   600738.00	        1.00	      114.00	        1.00
  4.54	        3.00	      102.00	   600687.00	        1.00	      114.00	        1.00
  4.55	        2.00	      102.00	   601039.00	        1.00	      114.00	        1.00
  4.56	        2.00	      101.00	   601401.00	        1.00	      114.00	        1.00
  4.57	        1.00	      102.00	   601353.00	        1.00	      114.00	        1.00
  4.58	        1.00	      102.00	   601304.00	        1.00	      114.00	        1.00
  4.59	        1.00	      101.00	   601657.00	        1.00	      114.00	        1.00
  4.60	        1.00	      100.00	   602011.00	        1.00	      114.00	        1.00
  4.61	        1.00	      100.00	   601946.00	        1.00	      114.00	        1.00
  4.62	        1.00	      100.00	   601897.00	        1.00	      114.00	        1.00
  4.63	        1.00	      100.00	   601864.00	        1.00	      114.00	        1.00
  4.64	        1.00	      100.00	   601822.00	        1.00	      114.00	        1.00
  4.65	        1.00	      100.00	   601773.00	        1.00	      114.00	        1.00
  4.66	        1.00	      100.00	   601735.00	        1.00	      114.00	        1.00
  4.67	        2.00	       99.00	   602099.00	        1.00	      115.00	        1.00
  4.68	        2.00	       99.00	   602055.00	        1.00	      115.00	        1.00
  4.69	        2.00	       98.00	   602420.00	        1.00	      115.00	        1.00
  4.70	        2.00	       97.00	   602777.00	        1.00	      115.00	        1.00
  4.71	        2.00	       96.00	   603129.00	        1.00	      115.00	        1.00
  4.72	        2.00	       96.00	   603077.00	        1.00	      115.00	        1.00
  4.73	        1.00	       96.00	   603431.00	        1.00	      115.00	        1.00
  4.74	        1.00	       96.00	   603383.00	        1.00	      115.00	        1.00
  4.75	        1.00	       94.00	   604130.00	        1.00	      115.00	        1.00
  4.76	        1.00	       91.00	   605279.00	        1.00	      115.00	        1.00
  4.77	        1.00	       91.00	   605208.00	        1.00	      115.00	        1.00
  4.78	        0.00	       92.00	   605151.00	        0.00	      115.00	        1.00
  4.79	        0.00	       91.00	   605490.00	        0.00	      115.00	        1.00
  4.80	        0.00	       91.00	   605430.00	        0.00	      115.00	        1.00
  4.81	        0.00	       91.00	   605379.00	        0.00	      115.00	        1.00
  4.82	        0.00	       90.00	   605729.00	        0.00	      115.00	        1.00
  4.83	        0.00	       89.00	   606084.00	        0.00	      115.00	        1.00
  4.84	        0.00	       88.00	   606422.00	        0.00	      115.00	        1.00
  4.85	        0.00	       87.00	   606783.00	        0.00	      115.00	        1.00
  4.86	        0.00	       87.00	   606729.00	        0.00	      115.00	        1.00
  4.87	        0.00	       86.00	   607089.00	        0.00	      115.00	        1.00
  4.88	        0.00	       86.00	   607025.00	        0.00	      115.00	        1.00
  4.89	        0.00	       86.00	   606961.00	        0.00	      115.00	        1.00
  4.90	        0.00	       85.00	   607304.00	        0.00	      115.00	        1.00
  4.91	        0.00	       85.00	   607259.00	        0.00	      115.00	        1.00
  4.92	        0.00	       85.00	   607211.00	        0.00	      115.00	        1.00
  4.93	        0.00	       84.00	   607567.00	        0.00	      115.00	        1.00
  4.94	        0.00	       84.00	   607528.00	        0.00	      115.00	        1.00
  4.95	        0.00	       82.00	   608289.00	        0.00	      115.00	        1.00
  4.96	        0.00	       81.00	   608634.00	        0.00	      115.00	        1.00
  4.97	        0.00	       78.00	   609775.00	        0.00	      115.00	        1.00
  4.98	        0.00	       78.00	   609717.00	        0.00	      115.00	        1.00
  4.99	        0.00	       78.00	   609664.00	        0.00	      115.00	        1.00
  5.00	        0.00	       77.00	   610005.00	        0.00	      115.00	        1.00
  5.01	        0.00	       75.00	   610743.00	        0.00	      115.00	        1.00
  5.02	        0.00	       74.00	   611075.00	        0.00	      115.00	        1.00
  5.03	        0.00	       71.00	   612224.00	        0.00	      115.00	        1.00
  5.04	        0.00	       71.00	   612171.00	        0.00	      115.00	        1.00
  5.05	        0.00	       71.00	   612118.00	        0.00	      115.00	        1.00
  5.06	        0.00	       71.00	   612056.00	        0.00	      115.00	        1.00
  5.07	        0.00	       69.00	   612816.00	        0.00	      115.00	        1.00
  5.08	        0.00	       68.00	   613161.00	        0.00	      115.00	        1.00
  5.09	        0.00	       67.00	   613513.00	        0.00	      115.00	        1.00
  5.10	        0.00	       64.00	   614657.00	        0.00	      115.00	        1.00
  5.11	        0.00	       64.00	   614587.00	        0.00	      115.00	        1.00
  5.12	        0.00	       61.00	   615724.00	        0.00	      115.00	        1.00
  5.13	        0.00	       56.00	   617657.00	        0.00	      115.00	        1.00
  5.14	        0.00	       54.00	   618386.00	        0.00	      115.00	        1.00
  5.15	        0.00	       52.00	   619103.00	        0.00	      115.00	        1.00
  5.16	        0.00	       51.00	   619428.00	        0.00	      115.00	        1.00
  5.17	        0.00	       50.00	   619753.00	        0.00	      115.00	        1.00
  5.18	        0.00	       50.00	   619683.00	        0.00	      115.00	        1.00
  5.19	        0.00	       49.00	   620010.00	        0.00	      115.00	        1.00
  5.20	        0.00	       49.00	   619946.00	        0.00	      115.00	        1.00
  5.21	        0.00	       48.00	   620277.00	        0.00	      115.00	        1.00
  5.22	        0.00	       47.00	   620604.00	        0.00	      115.00	        1.00
  5.23	        0.00	       47.00	   620543.00	        0.00	      115.00	        1.00
  5.24	        0.00	       47.00	   620464.00	        0.00	      115.00	        1.00
  5.25	        0.00	       46.00	   620795.00	        0.00	      115.00	        1.00
  5.26	        0.00	       44.00	   621525.00	        0.00	      115.00	        1.00
  5.27	        0.00	       43.00	   621861.00	        0.00	      115.00	        1.00
  5.28	        0.00	       42.00	   622206.00	        0.00	      115.00	        1.00
  5.29	        0.00	       40.00	   622933.00	        0.00	      115.00	        1.00
  5.30	        0.00	       39.00	   623257.00	        0.00	      115.00	        1.00
  5.31	        0.00	       38.00	   623586.00	        0.00	      115.00	        1.00
  5.32	        0.00	       35.00	   624724.00	        0.00	      115.00	        1.00
  5.33	        0.00	       35.00	   624661.00	        0.00	      115.00	        1.00
  5.34	        0.00	       34.00	   624998.00	        0.00	      115.00	        1.00
  5.35	        0.00	       32.00	   625746.00	        0.00	      115.00	        1.00
  5.36	        0.00	       32.00	   625686.00	        0.00	      115.00	        1.00
  5.37	        0.00	       31.00	   626037.00	        0.00	      115.00	        1.00
  5.38	        0.00	       30.00	   626372.00	        0.00	      115.00	        1.00
  5.39	        0.00	       29.00	   626724.00	        0.00	      115.00	        1.00
  5.40	        0.00	       28.00	   627064.00	        0.00	      115.00	        1.00
  5.41	        0.00	       27.00	   627407.00	        0.00	      115.00	        1.00
  5.42	        0.00	       27.00	   627354.00	        0.00	      115.00	        1.00
  5.43	        0.00	       27.00	   627292.00	        0.00	      115.00	        1.00
  5.44	        0.00	       27.00	   627231.00	        0.00	      115.00	        1.00
  5.45	        0.00	       27.00	   627178.00	        0.00	      115.00	        1.00
  5.46	        0.00	       27.00	   627120.00	        0.00	      115.00	        1.00
  5.47	        0.00	       27.00	   627076.00	        0.00	      115.00	        1.00
  5.48	        0.00	       27.00	   627035.00	        0.00	      115.00	        1.00
  5.49	        0.00	       27.00	   626989.00	        0.00	      115.00	        1.00
  5.50	        0.00	       27.00	   626953.00	        0.00	      115.00	        1.00
  5.51	        0.00	       27.00	   626896.00	        0.00	      115.00	        1.00
  5.52	        0.00	       27.00	   626850.00	        0.00	      115.00	        1.00
  5.53	        0.00	       26.00	   627215.00	        0.00	      115.00	        1.00
  5.54	        0.00	       24.00	   627976.00	        0.00	      115.00	        1.00
  5.55	        0.00	       24.00	   627936.00	        0.00	      115.00	        1.00
  5.56	        0.00	       24.00	   627899.00	        0.00	      115.00	        1.00
  5.57	        0.00	       23.00	   628261.00	        0.00	      115.00	        1.00
  5.58	        0.00	       23.00	   628216.00	        0.00	      115.00	        1.00
  5.59	        0.00	       23.00	   628186.00	        0.00	      115.00	        1.00
  5.60	        0.00	       23.00	   628144.00	        0.00	      115.00	        1.00
  5.61	        0.00	       23.00	   628106.00	        0.00	      115.00	        1.00
  5.62	        0.00	       22.00	   628471.00	        0.00	      115.00	        1.00
  5.63	        0.00	       21.00	   628841.00	        0.00	      115.00	        1.00
  5.64	        0.00	       20.00	   629204.00	        0.00	      115.00	        1.00
  5.65	        0.00	       19.00	   629571.00	        0.00	      115.00	        1.00
  5.66	        0.00	       17.00	   630338.00	        0.00	      115.00	        1.00
  5.67	        0.00	       16.00	   630698.00	        0.00	      115.00	        1.00
  5.68	        0.00	       15.00	   631072.00	        0.00	      115.00	        1.00
  5.69	        0.00	       15.00	   631045.00	        0.00	      115.00	        1.00
  5.70	        0.00	       15.00	   631005.00	        0.00	      115.00	        1.00
  5.71	        0.00	       14.00	   631363.00	        0.00	      115.00	        1.00
  5.72	        0.00	       14.00	   631327.00	        0.00	      115.00	        1.00
  5.73	        0.00	       14.00	   631298.00	        0.00	      115.00	        1.00
  5.74	        0.00	       14.00	   631260.00	        0.00	      115.00	        1.00
  5.75	        0.00	       14.00	   631234.00	        0.00	      115.00	        1.00
  5.76	        0.00	       13.00	   631603.00	        0.00	      115.00	        1.00
  5.77	        0.00	       13.00	   631573.00	        0.00	      115.00	        1.00
  5.78	        0.00	       13.00	   631539.00	        0.00	      115.00	        1.00
  5.79	        0.00	       11.00	   632301.00	        0.00	      115.00	        1.00
  5.80	        0.00	       10.00	   632660.00	        0.00	      115.00	        1.00
  5.81	        0.00	       10.00	   632637.00	        0.00	      115.00	        1.00
  5.82	        0.00	       10.00	   632611.00	        0.00	      115.00	        1.00
  5.83	        0.00	        9.00	   632975.00	        0.00	      115.00	        1.00
  5.84	        0.00	        8.00	   633349.00	        0.00	      115.00	        1.00
  5.85	        0.00	        8.00	   633323.00	        0.00	      115.00	        1.00
  5.86	        0.00	        7.00	   633704.00	        0.00	      115.00	        1.00
  5.87	        0.00	        7.00	   633679.00	        0.00	      115.00	        1.00
  5.88	        0.00	        7.00	   633656.00	        0.00	      115.00	        1.00
  5.89	        0.00	        7.00	   633626.00	        0.00	      115.00	        1.00
  5.90	        0.00	        7.00	   633603.00	        0.00	      115.00	        1.00
  5.91	        0.00	        7.00	   633581.00	        0.00	      115.00	        1.00
  5.92	        0.00	        7.00	   633559.00	        0.00	      115.00	        1.00
  5.93	        0.00	        7.00	   633538.00	        0.00	      115.00	        1.00
  5.94	        0.00	        7.00	   633513.00	        0.00	      115.00	        1.00
  5.95	        0.00	        7.00	   633488.00	        0.00	      115.00	        1.00
  5.96	        0.00	        7.00	   633467.00	        0.00	      115.00	        1.00
  5.97	        0.00	        6.00	   633844.00	        0.00	      115.00	        1.00
  5.98	        0.00	        6.00	   633819.00	        0.00	      115.00	        1.00
  5.99	        0.00	        6.00	   633787.00	        0.00	      115.00	        1.00
  6.00	        0.00	        6.00	   633759.00	        0.00	      115.00	        1.00
  6.01	        0.00	        6.00	   633739.00	        0.00	      115.00	        1.00
  6.02	        0.00	        6.00	   633721.00	        0.00	      115.00	        1.00
  6.03	        0.00	        6.00	   633683.00	        0.00	      115.00	        1.00
  6.04	        0.00	        6.00	   633652.00	        0.00	      115.00	        1.00
  6.05	        0.00	        6.00	   633631.00	        0.00	      115.00	        1.00
  6.06	        0.00	        6.00	   633614.00	        0.00	      115.00	        1.00
  6.07	        0.00	        6.00	   633594.00	        0.00	      115.00	        1.00
  6.08	        0.00	        6.00	   633577.00	        0.00	      115.00	        1.00
  6.09	        0.00	        5.00	   633955.00	        0.00	      115.00	        1.00
  6.10	        0.00	        5.00	   633938.00	        0.00	      115.00	        1.00
  6.11	        0.00	        5.00	   633911.00	        0.00	      115.00	        1.00
  6.12	        0.00	        5.00	   633888.00	        0.00	      115.00	        1.00
  6.13	        0.00	        5.00	   633869.00	        0.00	      115.00	        1.00
  6.14	        0.00	        5.00	   633848.00	        0.00	      115.00	        1.00
  6.15	        0.00	        5.00	   633829.00	        0.00	      115.00	        1.00
  6.16	        0.00	        5.00	   633808.00	        0.00	      115.00	        1.00
  6.17	        0.00	        4.00	   634184.00	        0.00	      115.00	        1.00
  6.18	        0.00	        3.00	   634564.00	        0.00	      115.00	        1.00
  6.19	        0.00	        3.00	   634547.00	        0.00	      115.00	        1.00
  6.20	        0.00	        3.00	   634521.00	        0.00	      115.00	        1.00
  6.21	        0.00	        3.00	   634498.00	        0.00	      115.00	        1.00
  6.22	        0.00	        3.00	   634477.00	        0.00	      115.00	        1.00
  6.23	        0.00	        3.00	   634465.00	        0.00	      115.00	        1.00
  6.24	        0.00	        3.00	   634438.00	        0.00	      115.00	        1.00
  6.25	        0.00	        3.00	   634416.00	        0.00	      115.00	        1.00
  6.26	        0.00	        3.00	   634393.00	        0.00	      115.00	        1.00
  6.27	        0.00	        3.00	   634373.00	        0.00	      115.00	        1.00
  6.28	        0.00	        3.00	   634354.00	        0.00	      115.00	        1.00
  6.29	        0.00	        3.00	   634333.00	        0.00	      115.00	        1.00
  6.30	        0.00	        3.00	   634309.00	        0.00	      115.00	        1.00
  6.31	        0.00	        3.00	   634284.00	        0.00	      115.00	        1.00
  6.32	        0.00	        3.00	   634269.00	        0.00	      115.00	        1.00
  6.33	        0.00	        3.00	   634247.00	        0.00	      115.00	        1.00
  6.34	        0.00	        3.00	   634232.00	        0.00	      115.00	        1.00
  6.35	        0.00	        3.00	   634218.00	        0.00	      115.00	        1.00
  6.36	        0.00	        3.00	   634203.00	        0.00	      115.00	        1.00
  6.37	        0.00	        3.00	   634181.00	        0.00	      115.00	        1.00
  6.38	        0.00	        3.00	   634166.00	        0.00	      115.00	        1.00
  6.39	        0.00	        3.00	   634155.00	        0.00	      115.00	        1.00
  6.40	        0.00	        3.00	   634124.00	        0.00	      115.00	        1.00
  6.41	        0.00	        3.00	   634107.00	        0.00	      115.00	        1.00
  6.42	        0.00	        3.00	   634092.00	        0.00	      115.00	        1.00
  6.43	        0.00	        3.00	   634070.00	        0.00	      115.00	        1.00
  6.44	        0.00	        3.00	   634054.00	        0.00	      115.00	        1.00
  6.45	        0.00	        3.00	   634032.00	        0.00	      115.00	        1.00
  6.46	        0.00	        3.00	   634008.00	        0.00	      115.00	        1.00
  6.47	        0.00	        3.00	   633987.00	        0.00	      115.00	        1.00
  6.48	        0.00	        3.00	   633969.00	        0.00	      115.00	        1.00
  6.49	        0.00	        2.00	   634346.00	        0.00	      115.00	        1.00
  6.50	        0.00	        1.00	   634726.00	        0.00	      115.00	        1.00
  6.51	        0.00	        1.00	   634713.00	        0.00	      115.00	        1.00
  6.52	        0.00	        1.00	   634691.00	        0.00	      115.00	        1.00
  6.53	        0.00	        1.00	   634667.00	        0.00	      115.00	        1.00
  6.54	        0.00	        1.00	   634649.00	        0.00	      115.00	        1.00
  6.55	        0.00	        1.00	   634630.00	        0.00	      115.00	        1.00
  6.56	        0.00	        1.00	   634613.00	        0.00	      115.00	        1.00
  6.57	        0.00	        1.00	   634590.00	        0.00	      115.00	        1.00
  6.58	        0.00	        1.00	   634576.00	        0.00	      115.00	        1.00
  6.59	        0.00	        0.00	   634955.00	        0.00	      115.00	        0.00
