Datatype: PopulationSize
  0.00	    31623.00	        0.00	    31623.00	        1.00	        0.00	    31623.00
  0.01	    32148.00	        0.00	    31582.00	        1.00	      525.00	    31623.00
  0.02	    32709.00	        0.00	    31555.00	        1.00	     1086.00	    31623.00
  0.03	    33233.00	        1.00	    31519.00	        1.00	     1611.00	    31623.00
  0.04	    33806.00	        1.00	    31481.00	        1.00	     2184.00	    31623.00
  0.05	    34371.00	        2.00	    31439.00	        1.00	     2750.00	    31623.00
  0.06	    34916.00	        2.00	    31415.00	        1.00	     3295.00	    31623.00
  0.07	    35509.00	        2.00	    31383.00	        1.00	     3888.00	    31623.00
  0.08	    36081.00	        2.00	    31348.00	        1.00	     4460.00	    31623.00
  0.09	    36691.00	        2.00	    31322.00	        1.00	     5070.00	    31623.00
  0.10	    37269.00	        2.00	    31290.00	        1.00	     5648.00	    31623.00
  0.11	    37919.00	        2.00	    31248.00	        1.00	     6298.00	    31623.00
  0.12	    38599.00	        2.00	    31220.00	        1.00	     6978.00	    31623.00
  0.13	    39225.00	        2.00	    31186.00	        1.00	     7604.00	    31623.00
  0.14	    39903.00	        2.00	    31154.00	        1.00	     8282.00	    31623.00
  0.15	    40567.00	        3.00	    31118.00	        1.00	     8947.00	    31623.00
  0.16	    41262.00	        4.00	    31094.00	        1.00	     9643.00	    31623.00
  0.17	    41937.00	        4.00	    31067.00	        1.00	    10318.00	    31623.00
  0.18	    42637.00	        4.00	    31040.00	        1.00	    11018.00	    31623.00
  0.19	    43317.00	        5.00	    30995.00	        1.00	    11699.00	    31623.00
  0.20	    43961.00	        5.00	    30963.00	        1.00	    12343.00	    31623.00
  0.21	    44740.00	        5.00	    30935.00	        1.00	    13122.00	    31623.00
  0.22	    45522.00	        5.00	    30909.00	        1.00	    13904.00	    31623.00
  0.23	    46323.00	        5.00	    30870.00	        1.00	    14705.00	    31623.00
  0.24	    47093.00	        5.00	    30845.00	        1.00	    15475.00	    31623.00
  0.25	    47840.00	        5.00	    30811.00	        1.00	    16222.00	    31623.00
  0.26	    48626.00	        5.00	    30784.00	        1.00	    17008.00	    31623.00
  0.27	    49442.00	        5.00	    30757.00	        1.00	    17824.00	    31623.00
  0.28	    50291.00	        5.00	    30722.00	        1.00	    18673.00	    31623.00
  0.29	    51160.00	        5.00	    30699.00	        1.00	    19542.00	    31623.00
  0.30	    52028.00	        5.00	    30663.00	        1.00	    20410.00	    31623.00
  0.31	    52927.00	        5.00	    30627.00	        1.00	    21309.00	    31623.00
  0.32	    53835.00	        6.00	    30590.00	        1.00	    22218.00	    31623.00
  0.33	    54771.00	        6.00	    30561.00	        1.00	    23154.00	    31623.00
  0.34	    55674.00	        7.00	    30530.00	        1.00	    24058.00	    31623.00
  0.35	    56605.00	        7.00	    30498.00	        1.00	    24989.00	    31623.00
  0.36	    57558.00	        7.00	    30466.00	        1.00	    25942.00	    31623.00
  0.37	    58550.00	        8.00	    30428.00	        1.00	    26935.00	    31623.00
  0.38	    59553.00	        8.00	    30405.00	        1.00	    27938.00	    31623.00
  0.39	    60484.00	        8.00	    30373.00	        1.00	    28869.00	    31623.00
  0.40	    61510.00	        8.00	    30350.00	        1.00	    29895.00	    31623.00
  0.41	    62527.00	        8.00	    30321.00	        1.00	    30912.00	    31623.00
  0.42	    63614.00	        8.00	    30288.00	        1.00	    31999.00	    31623.00
  0.43	    64678.00	        8.00	    30265.00	        1.00	    33063.00	    31623.00
  0.44	    65788.00	        9.00	    30236.00	        1.00	    34173.00	    31623.00
  0.45	    66849.00	        9.00	    30215.00	        1.00	    35234.00	    31623.00
  0.46	    67944.00	        9.00	    30180.00	        1.00	    36329.00	    31623.00
  0.47	    69009.00	        9.00	    30153.00	        1.00	    37394.00	    31623.00
  0.48	    70209.00	        9.00	    30128.00	        1.00	    38594.00	    31623.00
  0.49	    71430.00	        9.00	    30094.00	        1.00	    39815.00	    31623.00
  0.50	    72618.00	       10.00	    30066.00	        1.00	    41004.00	    31623.00
  0.51	    73848.00	       10.00	    30045.00	        1.00	    42234.00	    31623.00
  0.52	    75090.00	       10.00	    30022.00	        1.00	    43476.00	    31623.00
  0.53	    76370.00	       10.00	    30004.00	        1.00	    44756.00	    31623.00
  0.54	    77608.00	       10.00	    29977.00	        1.00	    45994.00	    31623.00
  0.55	    78918.00	       11.00	    29953.00	        1.00	    47305.00	    31623.00
  0.56	    80239.00	       11.00	    29927.00	        1.00	    48626.00	    31623.00
  0.57	    81575.00	       10.00	    29946.00	        1.00	    49962.00	    31623.00
  0.58	    82951.00	       10.00	    29914.00	        1.00	    51338.00	    31623.00
  0.59	    84316.00	       10.00	    29874.00	        1.00	    52703.00	    31623.00
  0.60	    85664.00	       10.00	    29838.00	        1.00	    54051.00	    31623.00
  0.61	    87099.00	       11.00	    29805.00	        1.00	    55487.00	    31623.00
  0.62	    88568.00	       11.00	    29768.00	        1.00	    56956.00	    31623.00
  0.63	    90033.00	       11.00	    29738.00	        1.00	    58421.00	    31623.00
  0.64	    91588.00	       11.00	    29717.00	        1.00	    59976.00	    31623.00
  0.65	    93098.00	       11.00	    29687.00	        1.00	    61486.00	    31623.00
  0.66	    94661.00	       12.00	    29659.00	        1.00	    63050.00	    31623.00
  0.67	    96250.00	       12.00	    29628.00	        1.00	    64639.00	    31623.00
  0.68	    97861.00	       12.00	    29594.00	        1.00	    66250.00	    31623.00
  0.69	    99516.00	       12.00	    29556.00	        1.00	    67905.00	    31623.00
  0.70	   101196.00	       12.00	    29530.00	        1.00	    69585.00	    31623.00
  0.71	   102926.00	       12.00	    29496.00	        1.00	    71315.00	    31623.00
  0.72	   104651.00	       11.00	    29517.00	        1.00	    73040.00	    31622.00
  0.73	   106405.00	       11.00	    29487.00	        1.00	    74794.00	    31622.00
  0.74	   108150.00	       11.00	    29458.00	        1.00	    76539.00	    31622.00
  0.75	   109938.00	       12.00	    29434.00	        1.00	    78328.00	    31622.00
  0.76	   111729.00	       12.00	    29402.00	        1.00	    80119.00	    31622.00
  0.77	   113566.00	       12.00	    29368.00	        1.00	    81956.00	    31622.00
  0.78	   115501.00	       11.00	    29387.00	        1.00	    83891.00	    31622.00
  0.79	   117402.00	       11.00	    29360.00	        1.00	    85792.00	    31622.00
  0.80	   119345.00	       12.00	    29322.00	        1.00	    87736.00	    31622.00
  0.81	   121411.00	       12.00	    29348.00	        1.00	    89803.00	    31622.00
  0.82	   123429.00	       11.00	    29368.00	        1.00	    91821.00	    31622.00
  0.83	   125438.00	       11.00	    29341.00	        1.00	    93830.00	    31622.00
  0.84	   127501.00	       11.00	    29315.00	        1.00	    95893.00	    31622.00
  0.85	   129629.00	       11.00	    29282.00	        1.00	    98021.00	    31622.00
  0.86	   131791.00	       11.00	    29251.00	        1.00	   100183.00	    31622.00
  0.87	   133908.00	       11.00	    29227.00	        1.00	   102300.00	    31622.00
  0.88	   136145.00	       12.00	    29191.00	        1.00	   104538.00	    31622.00
  0.89	   138380.00	       12.00	    29155.00	        1.00	   106773.00	    31622.00
  0.90	   140683.00	       11.00	    29230.00	        1.00	   109077.00	    31621.00
  0.91	   143080.00	       13.00	    29196.00	        1.00	   111476.00	    31621.00
  0.92	   145441.00	       13.00	    29166.00	        1.00	   113837.00	    31621.00
  0.93	   147918.00	       14.00	    29128.00	        1.00	   116315.00	    31621.00
  0.94	   150463.00	       14.00	    29092.00	        1.00	   118860.00	    31621.00
  0.95	   153046.00	       16.00	    29066.00	        1.00	   121445.00	    31621.00
  0.96	   155590.00	       16.00	    29032.00	        1.00	   123989.00	    31621.00
  0.97	   158236.00	       16.00	    29015.00	        1.00	   126635.00	    31621.00
  0.98	   160852.00	       22.00	    29039.00	        1.00	   129258.00	    31621.00
  0.99	   163597.00	       24.00	    29012.00	        1.00	   132005.00	    31621.00
  1.00	   166319.00	       24.00	    28981.00	        1.00	   134727.00	    31621.00
  1.01	   169191.00	       24.00	    28939.00	        1.00	   137599.00	    31621.00
  1.02	   172117.00	       24.00	    28911.00	        1.00	   140525.00	    31621.00
  1.03	   175009.00	       25.00	    28878.00	        1.00	   143418.00	    31621.00
  1.04	   177993.00	       26.00	    28846.00	        1.00	   146403.00	    31621.00
  1.05	   180954.00	       25.00	    28868.00	        1.00	   149364.00	    31621.00
  1.06	   184142.00	       26.00	    28847.00	        1.00	   152553.00	    31621.00
  1.07	   187337.00	       26.00	    28814.00	        1.00	   155748.00	    31621.00
  1.08	   190494.00	       26.00	    28784.00	        1.00	   158905.00	    31621.00
  1.09	   193654.00	       26.00	    28748.00	        1.00	   162065.00	    31621.00
  1.10	   197009.00	       26.00	    28719.00	        1.00	   165420.00	    31621.00
  1.11	   200242.00	       26.00	    28686.00	        1.00	   168653.00	    31621.00
  1.12	   203548.00	       27.00	    28661.00	        1.00	   171960.00	    31621.00
  1.13	   206982.00	       28.00	    28628.00	        1.00	   175395.00	    31621.00
  1.14	   210462.00	       28.00	    28607.00	        1.00	   178875.00	    31621.00
  1.15	   213979.00	       29.00	    28581.00	        1.00	   182393.00	    31621.00
  1.16	   217581.00	       30.00	    28550.00	        1.00	   185996.00	    31621.00
  1.17	   221075.00	       30.00	    28526.00	        1.00	   189490.00	    31621.00
  1.18	   224860.00	       31.00	    28496.00	        1.00	   193276.00	    31621.00
  1.19	   228637.00	       32.00	    28526.00	        1.00	   197055.00	    31620.00
  1.20	   232423.00	       31.00	    28548.00	        1.00	   200841.00	    31620.00
  1.21	   236354.00	       31.00	    28514.00	        1.00	   204772.00	    31620.00
  1.22	   240336.00	       31.00	    28495.00	        1.00	   208754.00	    31620.00
  1.23	   244275.00	       32.00	    28457.00	        1.00	   212693.00	    31620.00
  1.24	   248479.00	       42.00	    28526.00	        1.00	   216909.00	    31620.00
  1.25	   252721.00	       43.00	    28501.00	        1.00	   221152.00	    31620.00
  1.26	   256991.00	       44.00	    28527.00	        1.00	   225424.00	    31620.00
  1.27	   261279.00	       44.00	    28500.00	        1.00	   229712.00	    31620.00
  1.28	   265684.00	       43.00	    28523.00	        1.00	   234117.00	    31620.00
  1.29	   270296.00	       43.00	    28495.00	        1.00	   238729.00	    31620.00
  1.30	   274740.00	       43.00	    28507.00	        1.00	   243174.00	    31620.00
  1.31	   279261.00	       43.00	    28480.00	        1.00	   247695.00	    31620.00
  1.32	   283950.00	       44.00	    28447.00	        1.00	   252385.00	    31620.00
  1.33	   288736.00	       45.00	    28422.00	        1.00	   257172.00	    31620.00
  1.34	   293596.00	       46.00	    28391.00	        1.00	   262033.00	    31620.00
  1.35	   298466.00	       45.00	    28416.00	        1.00	   266903.00	    31620.00
  1.36	   303466.00	       45.00	    28384.00	        1.00	   271903.00	    31620.00
  1.37	   308418.00	       45.00	    28357.00	        1.00	   276855.00	    31620.00
  1.38	   313597.00	       46.00	    28332.00	        1.00	   282035.00	    31620.00
  1.39	   318874.00	       49.00	    28308.00	        1.00	   287314.00	    31620.00
  1.40	   324200.00	       49.00	    28330.00	        1.00	   292641.00	    31620.00
  1.41	   329549.00	       50.00	    28296.00	        1.00	   297991.00	    31620.00
  1.42	   335279.00	       51.00	    28265.00	        1.00	   303722.00	    31620.00
  1.43	   340900.00	       53.00	    28236.00	        1.00	   309345.00	    31620.00
  1.44	   346532.00	       56.00	    28201.00	        1.00	   314980.00	    31620.00
  1.45	   352298.00	       57.00	    28169.00	        1.00	   320747.00	    31620.00
  1.46	   358146.00	       58.00	    28144.00	        1.00	   326596.00	    31620.00
  1.47	   364077.00	       60.00	    28112.00	        1.00	   332529.00	    31620.00
  1.48	   370211.00	       62.00	    28125.00	        1.00	   338666.00	    31620.00
  1.49	   376566.00	       65.00	    28096.00	        1.00	   345024.00	    31620.00
  1.50	   382972.00	       65.00	    28064.00	        1.00	   351430.00	    31620.00
  1.51	   389165.00	       92.00	    28388.00	        1.00	   357657.00	    31620.00
  1.52	   395689.00	       93.00	    28361.00	        1.00	   364182.00	    31620.00
  1.53	   402252.00	       93.00	    28336.00	        1.00	   370745.00	    31620.00
  1.54	   409074.00	       94.00	    28404.00	        1.00	   377569.00	    31620.00
  1.55	   416053.00	       96.00	    28378.00	        1.00	   384550.00	    31620.00
  1.56	   423009.00	      130.00	    28397.00	        1.00	   391541.00	    31620.00
  1.57	   429915.00	      130.00	    28405.00	        1.00	   398448.00	    31620.00
  1.58	   437220.00	      131.00	    28378.00	        1.00	   405754.00	    31620.00
  1.59	   444516.00	      131.00	    28398.00	        1.00	   413050.00	    31620.00
  1.60	   451861.00	      132.00	    28368.00	        1.00	   420396.00	    31620.00
  1.61	   459471.00	      136.00	    28383.00	        1.00	   428011.00	    31620.00
  1.62	   467095.00	      137.00	    28400.00	        1.00	   435637.00	    31620.00
  1.63	   474818.00	      138.00	    28363.00	        1.00	   443361.00	    31620.00
  1.64	   482660.00	      140.00	    28380.00	        1.00	   451206.00	    31620.00
  1.65	   490638.00	      148.00	    28439.00	        1.00	   459194.00	    31620.00
  1.66	   498980.00	      149.00	    28411.00	        1.00	   467537.00	    31620.00
  1.67	   507420.00	      151.00	    28436.00	        1.00	   475980.00	    31620.00
  1.68	   515929.00	      152.00	    28414.00	        1.00	   484490.00	    31620.00
  1.69	   524585.00	      151.00	    28433.00	        1.00	   493146.00	    31620.00
  1.70	   533778.00	      148.00	    28608.00	        1.00	   502340.00	    31620.00
  1.71	   542861.00	      150.00	    28577.00	        1.00	   511424.00	    31620.00
  1.72	   551914.00	      152.00	    28545.00	        1.00	   520479.00	    31620.00
  1.73	   561115.00	      153.00	    28514.00	        1.00	   529681.00	    31620.00
  1.74	   570417.00	      156.00	    28487.00	        1.00	   538986.00	    31620.00
  1.75	   579967.00	      172.00	    28501.00	        1.00	   548553.00	    31620.00
  1.76	   589806.00	      174.00	    28463.00	        1.00	   558394.00	    31620.00
  1.77	   599724.00	      174.00	    28487.00	        1.00	   568313.00	    31620.00
  1.78	   609626.00	      219.00	    28603.00	        1.00	   578263.00	    31620.00
  1.79	   619790.00	      246.00	    28667.00	        1.00	   588456.00	    31620.00
  1.80	   630258.00	      246.00	    28691.00	        1.00	   598925.00	    31620.00
  1.81	   640799.00	      273.00	    28699.00	        1.00	   609494.00	    31620.00
  1.82	   651435.00	      278.00	    28667.00	        1.00	   620135.00	    31620.00
  1.83	   662400.00	      314.00	    28733.00	        1.00	   631138.00	    31620.00
  1.84	   673280.00	      357.00	    28792.00	        1.00	   642063.00	    31620.00
  1.85	   684380.00	      395.00	    28806.00	        1.00	   653201.00	    31620.00
  1.86	   695899.00	      398.00	    28777.00	        1.00	   664722.00	    31620.00
  1.87	   707672.00	      399.00	    28747.00	        1.00	   676495.00	    31620.00
  1.88	   719530.00	      441.00	    28870.00	        1.00	   688397.00	    31620.00
  1.89	   731613.00	      441.00	    28937.00	        1.00	   700482.00	    31620.00
  1.90	   743814.00	      453.00	    29107.00	        1.00	   712698.00	    31620.00
  1.91	   756551.00	      455.00	    29123.00	        1.00	   725438.00	    31620.00
  1.92	   769283.00	      461.00	    29335.00	        1.00	   738181.00	    31620.00
  1.93	   781949.00	      463.00	    29309.00	        1.00	   750849.00	    31620.00
  1.94	   795042.00	      502.00	    29373.00	        1.00	   763983.00	    31620.00
  1.95	   808443.00	      503.00	    29584.00	        1.00	   777390.00	    31620.00
  1.96	   821952.00	      502.00	    29793.00	        1.00	   790902.00	    31620.00
  1.97	   835663.00	      503.00	    29909.00	        1.00	   804616.00	    31620.00
  1.98	   849820.00	      504.00	    29932.00	        1.00	   818775.00	    31620.00
  1.99	   864038.00	      507.00	    30055.00	        1.00	   832999.00	    31620.00
  2.00	   878486.00	      509.00	    30221.00	        1.00	   847453.00	    31620.00
  2.01	   893220.00	      512.00	    30244.00	        1.00	   862191.00	    31620.00
  2.02	   908164.00	      511.00	    30407.00	        1.00	   877138.00	    31619.00
  2.03	   923332.00	      514.00	    30524.00	        1.00	   892311.00	    31619.00
  2.04	   938910.00	      513.00	    30691.00	        1.00	   907891.00	    31619.00
  2.05	   954670.00	      515.00	    30718.00	        1.00	   923654.00	    31619.00
  2.06	   970860.00	      532.00	    30866.00	        1.00	   939865.00	    31619.00
  2.07	   987439.00	      552.00	    31227.00	        1.00	   956471.00	    31619.00
  2.08	  1003805.00	      591.00	    31440.00	        1.00	   972879.00	    31619.00
  2.09	  1020870.00	      593.00	    31507.00	        1.00	   989948.00	    31619.00
  2.10	  1038059.00	      631.00	    31911.00	        1.00	  1007183.00	    31619.00
  2.11	  1055501.00	      635.00	    32317.00	        1.00	  1024638.00	    31619.00
  2.12	  1073206.00	      709.00	    32482.00	        1.00	  1042421.00	    31619.00
  2.13	  1091130.00	      714.00	    32836.00	        1.00	  1060358.00	    31618.00
  2.14	  1109684.00	      716.00	    32955.00	        1.00	  1078917.00	    31618.00
  2.15	  1128439.00	      726.00	    33016.00	        1.00	  1097684.00	    31618.00
  2.16	  1147449.00	      792.00	    33226.00	        1.00	  1116764.00	    31618.00
  2.17	  1166428.00	      808.00	    33441.00	        1.00	  1135764.00	    31618.00
  2.18	  1185927.00	      811.00	    33749.00	        1.00	  1155272.00	    31618.00
  2.19	  1205817.00	      816.00	    34105.00	        1.00	  1175173.00	    31618.00
  2.20	  1225984.00	      818.00	    34318.00	        1.00	  1195347.00	    31618.00
  2.21	  1246213.00	      916.00	    34576.00	        1.00	  1215680.00	    31618.00
  2.22	  1267156.00	      912.00	    34879.00	        1.00	  1236626.00	    31617.00
  2.23	  1288534.00	      924.00	    35087.00	        1.00	  1258021.00	    31617.00
  2.24	  1309921.00	      948.00	    35334.00	        1.00	  1279438.00	    31617.00
  2.25	  1331772.00	      957.00	    35698.00	        1.00	  1301306.00	    31617.00
  2.26	  1354055.00	     1001.00	    36155.00	        1.00	  1323642.00	    31617.00
  2.27	  1376675.00	     1014.00	    36509.00	        1.00	  1346282.00	    31617.00
  2.28	  1399680.00	     1053.00	    37112.00	        1.00	  1369339.00	    31617.00
  2.29	  1423256.00	     1102.00	    37411.00	        1.00	  1392971.00	    31617.00
  2.30	  1446990.00	     1110.00	    37901.00	        1.00	  1416722.00	    31617.00
  2.31	  1471040.00	     1153.00	    38400.00	        1.00	  1440826.00	    31617.00
  2.32	  1495646.00	     1217.00	    38994.00	        1.00	  1465509.00	    31617.00
  2.33	  1520750.00	     1233.00	    39505.00	        1.00	  1490639.00	    31617.00
  2.34	  1546284.00	     1243.00	    40163.00	        1.00	  1516196.00	    31617.00
  2.35	  1572173.00	     1278.00	    40462.00	        1.00	  1542127.00	    31617.00
  2.36	  1598571.00	     1276.00	    40920.00	        1.00	  1568531.00	    31617.00
  2.37	  1625681.00	     1285.00	    41407.00	        1.00	  1595660.00	    31617.00
  2.38	  1652976.00	     1319.00	    41808.00	        1.00	  1622998.00	    31617.00
  2.39	  1680689.00	     1335.00	    42202.00	        1.00	  1650736.00	    31617.00
  2.40	  1708675.00	     1425.00	    42850.00	        1.00	  1678825.00	    31617.00
  2.41	  1737250.00	     1492.00	    43487.00	        1.00	  1707479.00	    31617.00
  2.42	  1766360.00	     1522.00	    43628.00	        1.00	  1736622.00	    31617.00
  2.43	  1795572.00	     1535.00	    44023.00	        1.00	  1765855.00	    31617.00
  2.44	  1825624.00	     1601.00	    44512.00	        1.00	  1795984.00	    31617.00
  2.45	  1856383.00	     1636.00	    44955.00	        1.00	  1826787.00	    31617.00
  2.46	  1887245.00	     1665.00	    45643.00	        1.00	  1857693.00	    31617.00
  2.47	  1918366.00	     1735.00	    45919.00	        1.00	  1888891.00	    31617.00
  2.48	  1950666.00	     1737.00	    46597.00	        1.00	  1921208.00	    31617.00
  2.49	  1983230.00	     1799.00	    47500.00	        1.00	  1953852.00	    31616.00
  2.50	  2016053.00	     1977.00	    48387.00	        1.00	  1986870.00	    31616.00
  2.51	  2049600.00	     2014.00	    49071.00	        1.00	  2020468.00	    31616.00
  2.52	  2083702.00	     2145.00	    49901.00	        1.00	  2054716.00	    31616.00
  2.53	  2118502.00	     2149.00	    50645.00	        1.00	  2089536.00	    31616.00
  2.54	  2153438.00	     2264.00	    51268.00	        1.00	  2124599.00	    31616.00
  2.55	  2189319.00	     2369.00	    52106.00	        1.00	  2160603.00	    31616.00
  2.56	  2225416.00	     2425.00	    52882.00	        1.00	  2196772.00	    31616.00
  2.57	  2262772.00	     2587.00	    54011.00	        1.00	  2234313.00	    31616.00
  2.58	  2300647.00	     2689.00	    54839.00	        1.00	  2272307.00	    31616.00
  2.59	  2339194.00	     2808.00	    56054.00	        1.00	  2310999.00	    31616.00
  2.60	  2377876.00	     2961.00	    57021.00	        1.00	  2349854.00	    31616.00
  2.61	  2417656.00	     3097.00	    57601.00	        1.00	  2389782.00	    31616.00
  2.62	  2457922.00	     3112.00	    58309.00	        1.00	  2430075.00	    31616.00
  2.63	  2498657.00	     3378.00	    59531.00	        1.00	  2471102.00	    31616.00
  2.64	  2540464.00	     3498.00	    60464.00	        1.00	  2513049.00	    31616.00
  2.65	  2582596.00	     3625.00	    61571.00	        1.00	  2555332.00	    31616.00
  2.66	  2625773.00	     3676.00	    62316.00	        1.00	  2598577.00	    31616.00
  2.67	  2669893.00	     3774.00	    63120.00	        1.00	  2642813.00	    31616.00
  2.68	  2714692.00	     3928.00	    64230.00	        1.00	  2687789.00	    31616.00
  2.69	  2760040.00	     4039.00	    65789.00	        1.00	  2733279.00	    31616.00
  2.70	  2806465.00	     4240.00	    66598.00	        1.00	  2779921.00	    31616.00
  2.71	  2853553.00	     4364.00	    67955.00	        1.00	  2827160.00	    31615.00
  2.72	  2901110.00	     4455.00	    68905.00	        1.00	  2874826.00	    31615.00
  2.73	  2949492.00	     4671.00	    70200.00	        1.00	  2923448.00	    31615.00
  2.74	  2998698.00	     4810.00	    71368.00	        1.00	  2972819.00	    31615.00
  2.75	  3048537.00	     5067.00	    72966.00	        1.00	  3022948.00	    31615.00
  2.76	  3099347.00	     5432.00	    74636.00	        1.00	  3074159.00	    31615.00
  2.77	  3150664.00	     5743.00	    75799.00	        1.00	  3125810.00	    31615.00
  2.78	  3203425.00	     6006.00	    77176.00	        1.00	  3178861.00	    31615.00
  2.79	  3256805.00	     6253.00	    78916.00	        1.00	  3232523.00	    31614.00
  2.80	  3311417.00	     6392.00	    80221.00	        1.00	  3287300.00	    31614.00
  2.81	  3366675.00	     6671.00	    82291.00	        1.00	  3342879.00	    31614.00
  2.82	  3422873.00	     6965.00	    83686.00	        1.00	  3399401.00	    31614.00
  2.83	  3479945.00	     7249.00	    85524.00	        1.00	  3456795.00	    31614.00
  2.84	  3537701.00	     7559.00	    87884.00	        1.00	  3514909.00	    31614.00
  2.85	  3596103.00	     8002.00	    89917.00	        1.00	  3573798.00	    31613.00
  2.86	  3655979.00	     8424.00	    91640.00	        1.00	  3634133.00	    31613.00
  2.87	  3716894.00	     8825.00	    93547.00	        1.00	  3695490.00	    31613.00
  2.88	  3778612.00	     9218.00	    95496.00	        1.00	  3757643.00	    31613.00
  2.89	  3842357.00	     9494.00	    96930.00	        1.00	  3821695.00	    31613.00
  2.90	  3906463.00	     9753.00	    99152.00	        1.00	  3886108.00	    31613.00
  2.91	  3971369.00	    10202.00	   101769.00	        1.00	  3951518.00	    31612.00
  2.92	  4037489.00	    10656.00	   104232.00	        1.00	  4018143.00	    31612.00
  2.93	  4104725.00	    11208.00	   107342.00	        1.00	  4085997.00	    31612.00
  2.94	  4172968.00	    11587.00	   109894.00	        1.00	  4154670.00	    31610.00
  2.95	  4242418.00	    12180.00	   112753.00	        1.00	  4224774.00	    31610.00
  2.96	  4312732.00	    12605.00	   115530.00	        1.00	  4295571.00	    31610.00
  2.97	  4384513.00	    13050.00	   118665.00	        1.00	  4367864.00	    31610.00
  2.98	  4456967.00	    13653.00	   121237.00	        1.00	  4440975.00	    31610.00
  2.99	  4531204.00	    14113.00	   124005.00	        1.00	  4515732.00	    31610.00
  3.00	  4606613.00	    14549.00	   126938.00	        1.00	  4591639.00	    31610.00
  3.01	  4683551.00	    15298.00	   130111.00	        1.00	  4669392.00	    31610.00
  3.02	  4761037.00	    15911.00	   134616.00	        1.00	  4747582.00	    31610.00
  3.03	  4840075.00	    16459.00	   138588.00	        1.00	  4827251.00	    31610.00
  3.04	  4921032.00	    17104.00	   142529.00	        1.00	  4908934.00	    31609.00
  3.05	  5002987.00	    17547.00	   146339.00	        1.00	  4991413.00	    31609.00
  3.06	  5086208.00	    18256.00	   151333.00	        1.00	  5075444.00	    31608.00
  3.07	  5170236.00	    19032.00	   155958.00	        1.00	  5160343.00	    31608.00
  3.08	  5256437.00	    19604.00	   160267.00	        1.00	  5247208.00	    31607.00
  3.09	  5343103.00	    20474.00	   165244.00	        1.00	  5334844.00	    31607.00
  3.10	  5431938.00	    21356.00	   170865.00	        1.00	  5424676.00	    31607.00
  3.11	  5521571.00	    22218.00	   175468.00	        1.00	  5515268.00	    31607.00
  3.12	  5613417.00	    23194.00	   181391.00	        1.00	  5608217.00	    31607.00
  3.13	  5706242.00	    24494.00	   187437.00	        1.00	  5702469.00	    31607.00
  3.14	  5800645.00	    25270.00	   192789.00	        1.00	  5797762.00	    31607.00
  3.15	  5896989.00	    26194.00	   198896.00	        1.00	  5895161.00	    31607.00
  3.16	  5994755.00	    27262.00	   205440.00	        1.00	  5994134.00	    31607.00
  3.17	  6093963.00	    28443.00	   212763.00	        1.00	  6094679.00	    31606.00
  3.18	  6195034.00	    29518.00	   219732.00	        1.00	  6196973.00	    31606.00
  3.19	  6297528.00	    30642.00	   226638.00	        1.00	  6300735.00	    31606.00
  3.20	  6401821.00	    31643.00	   233753.00	        1.00	  6406178.00	    31606.00
  3.21	  6507947.00	    32601.00	   240591.00	        1.00	  6513408.00	    31606.00
  3.22	  6615384.00	    33987.00	   249538.00	        1.00	  6622419.00	    31606.00
  3.23	  6725012.00	    35066.00	   256792.00	        1.00	  6733286.00	    31606.00
  3.24	  6835839.00	    36402.00	   265096.00	        1.00	  6845628.00	    31606.00
  3.25	  6948745.00	    37766.00	   275259.00	        1.00	  6960112.00	    31606.00
  3.26	  7064006.00	    39096.00	   284566.00	        1.00	  7076900.00	    31606.00
  3.27	  7181583.00	    40115.00	   295067.00	        1.00	  7195718.00	    31605.00
  3.28	  7300477.00	    41509.00	   306187.00	        1.00	  7316241.00	    31605.00
  3.29	  7421465.00	    43068.00	   317874.00	        1.00	  7439035.00	    31603.00
  3.30	  7544216.00	    44506.00	   329782.00	        1.00	  7563478.00	    31603.00
  3.31	  7668991.00	    45643.00	   342575.00	        1.00	  7689663.00	    31602.00
  3.32	  7796268.00	    46911.00	   355974.00	        1.00	  7818495.00	    31602.00
  3.33	  7925209.00	    48180.00	   368952.00	        1.00	  7948985.00	    31601.00
  3.34	  8056430.00	    49395.00	   382855.00	        1.00	  8081716.00	    31600.00
  3.35	  8189113.00	    50825.00	   397948.00	        1.00	  8216153.00	    31600.00
  3.36	  8324396.00	    52507.00	   412707.00	        1.00	  8353437.00	    31600.00
  3.37	  8461543.00	    54018.00	   426390.00	        1.00	  8492394.00	    31599.00
  3.38	  8600606.00	    56239.00	   441963.00	        1.00	  8634012.00	    31598.00
  3.39	  8742823.00	    57519.00	   458637.00	        1.00	  8777868.00	    31597.00
  3.40	  8887897.00	    59026.00	   475718.00	        1.00	  8924816.00	    31596.00
  3.41	  9034180.00	    60568.00	   494281.00	        1.00	  9073043.00	    31596.00
  3.42	  9183265.00	    62046.00	   509812.00	        1.00	  9223946.00	    31596.00
  3.43	  9335052.00	    63532.00	   527196.00	        1.00	  9377596.00	    31596.00
  3.44	  9489263.00	    65219.00	   545014.00	        1.00	  9533883.00	    31595.00
  3.45	  9646214.00	    67271.00	   565546.00	        1.00	  9693332.00	    31595.00
  3.46	  9805599.00	    69450.00	   587388.00	        1.00	  9855365.00	    31595.00
  3.47	  9967378.00	    71096.00	   607587.00	        1.00	 10019230.00	    31595.00
  3.48	 10131969.00	    73231.00	   630635.00	        1.00	 10186457.00	    31595.00
  3.49	 10298854.00	    75490.00	   653447.00	        1.00	 10356092.00	    31594.00
  3.50	 10468302.00	    78192.00	   679366.00	        1.00	 10528803.00	    31593.00
  3.51	 10641004.00	    80708.00	   705152.00	        1.00	 10704577.00	    31592.00
  3.52	 10815315.00	    83776.00	   730307.00	        1.00	 10882507.00	    31591.00
  3.53	 10992633.00	    86848.00	   758249.00	        1.00	 11063511.00	    31590.00
  3.54	 11173485.00	    89667.00	   784786.00	        1.00	 11247771.00	    31589.00
  3.55	 11356746.00	    92501.00	   811553.00	        0.99	 11434460.00	    31588.00
  3.56	 11542582.00	    96387.00	   841402.00	        0.99	 11624832.00	    31586.00
  3.57	 11733166.00	    99482.00	   869622.00	        0.99	 11819131.00	    31586.00
  3.58	 11925828.00	   102530.00	   902432.00	        0.99	 12015553.00	    31586.00
  3.59	 12120857.00	   106418.00	   933693.00	        0.99	 12215156.00	    31586.00
  3.60	 12319626.00	   109820.00	   967524.00	        0.99	 12418076.00	    31585.00
  3.61	 12520701.00	   114353.00	  1005460.00	        0.99	 12624508.00	    31584.00
  3.62	 12725860.00	   118389.00	  1041109.00	        0.99	 12834495.00	    31584.00
  3.63	 12933444.00	   123129.00	  1078378.00	        0.99	 13047642.00	    31584.00
  3.64	 13145154.00	   127758.00	  1115271.00	        0.99	 13264803.00	    31583.00
  3.65	 13358928.00	   133008.00	  1155502.00	        0.99	 13484718.00	    31583.00
  3.66	 13576324.00	   138541.00	  1196218.00	        0.99	 13708561.00	    31582.00
  3.67	 13796152.00	   144737.00	  1236480.00	        0.99	 13935486.00	    31582.00
  3.68	 14019702.00	   150757.00	  1282421.00	        0.99	 14166072.00	    31581.00
  3.69	 14246778.00	   157061.00	  1329197.00	        0.99	 14400494.00	    31581.00
  3.70	 14478623.00	   163130.00	  1375695.00	        0.99	 14639444.00	    31581.00
  3.71	 14713526.00	   169418.00	  1420878.00	        0.99	 14881652.00	    31580.00
  3.72	 14951723.00	   176517.00	  1467116.00	        0.99	 15127993.00	    31580.00
  3.73	 15193562.00	   183482.00	  1517374.00	        0.99	 15377921.00	    31580.00
  3.74	 15437801.00	   191444.00	  1568261.00	        0.99	 15631271.00	    31580.00
  3.75	 15686968.00	   198907.00	  1620110.00	        0.99	 15889065.00	    31577.00
  3.76	 15939622.00	   207408.00	  1669035.00	        0.99	 16151340.00	    31577.00
  3.77	 16196990.00	   215854.00	  1723924.00	        0.99	 16418400.00	    31577.00
  3.78	 16457741.00	   224881.00	  1779537.00	        0.99	 16689437.00	    31577.00
  3.79	 16723375.00	   233584.00	  1838255.00	        0.99	 16965104.00	    31577.00
  3.80	 16992192.00	   242935.00	  1896223.00	        0.99	 17244590.00	    31577.00
  3.81	 17266647.00	   252426.00	  1953379.00	        0.99	 17529847.00	    31577.00
  3.82	 17544228.00	   262383.00	  2015470.00	        0.99	 17818809.00	    31577.00
  3.83	 17824927.00	   273691.00	  2082072.00	        0.99	 18112337.00	    31577.00
  3.84	 18111649.00	   284123.00	  2146001.00	        0.99	 18410975.00	    31576.00
  3.85	 18401470.00	   295433.00	  2217068.00	        0.99	 18713736.00	    31575.00
  3.86	 18696223.00	   308369.00	  2287196.00	        0.99	 19023043.00	    31574.00
  3.87	 18993540.00	   321482.00	  2358858.00	        0.99	 19335130.00	    31573.00
  3.88	 19296704.00	   334040.00	  2431285.00	        0.99	 19652540.00	    31573.00
  3.89	 19603812.00	   347123.00	  2507528.00	        0.99	 19974494.00	    31571.00
  3.90	 19914147.00	   361594.00	  2583322.00	        0.99	 20301074.00	    31570.00
  3.91	 20229556.00	   376448.00	  2664320.00	        0.99	 20633227.00	    31568.00
  3.92	 20551446.00	   391811.00	  2754003.00	        0.99	 20972557.00	    31566.00
  3.93	 20877926.00	   407222.00	  2840267.00	        0.99	 21316468.00	    31566.00
  3.94	 21206034.00	   425105.00	  2929409.00	        0.99	 21664546.00	    31565.00
  3.95	 21539942.00	   442651.00	  3024460.00	        0.99	 22018232.00	    31564.00
  3.96	 21879408.00	   460471.00	  3120952.00	        0.99	 22377793.00	    31562.00
  3.97	 22223208.00	   480190.00	  3221113.00	        0.99	 22743684.00	    31560.00
  3.98	 22572809.00	   498718.00	  3324073.00	        0.99	 23114257.00	    31559.00
  3.99	 22926667.00	   519863.00	  3438574.00	        0.99	 23491948.00	    31559.00
  4.00	 23286750.00	   539734.00	  3550758.00	        0.99	 23874579.00	    31559.00
  4.01	 23651304.00	   561389.00	  3666425.00	        0.99	 24263547.00	    31559.00
  4.02	 24022221.00	   583113.00	  3788159.00	        0.99	 24659098.00	    31559.00
  4.03	 24396932.00	   605836.00	  3913050.00	        0.99	 25059529.00	    31558.00
  4.04	 24776942.00	   629686.00	  4049295.00	        0.99	 25466637.00	    31558.00
  4.05	 25162331.00	   654525.00	  4187939.00	        0.99	 25880195.00	    31557.00
  4.06	 25554399.00	   679407.00	  4334292.00	        0.99	 26300660.00	    31556.00
  4.07	 25950615.00	   705430.00	  4478185.00	        0.99	 26726397.00	    31556.00
  4.08	 26353541.00	   731199.00	  4630084.00	        0.99	 27158769.00	    31555.00
  4.09	 26761920.00	   756997.00	  4790173.00	        0.99	 27596830.00	    31550.00
  4.10	 27176323.00	   785949.00	  4950882.00	        0.99	 28044117.00	    31550.00
  4.11	 27598042.00	   814145.00	  5125395.00	        0.99	 28498268.00	    31549.00
  4.12	 28026049.00	   842855.00	  5299451.00	        0.99	 28959253.00	    31548.00
  4.13	 28458741.00	   873781.00	  5482436.00	        0.98	 29427369.00	    31546.00
  4.14	 28898104.00	   905909.00	  5677474.00	        0.98	 29903625.00	    31546.00
  4.15	 29342359.00	   937732.00	  5876059.00	        0.98	 30384585.00	    31545.00
  4.16	 29794474.00	   970305.00	  6085168.00	        0.98	 30874418.00	    31545.00
  4.17	 30249401.00	  1006189.00	  6303273.00	        0.98	 31370617.00	    31544.00
  4.18	 30710547.00	  1042938.00	  6532190.00	        0.98	 31874170.00	    31544.00
  4.19	 31179491.00	  1080492.00	  6773021.00	        0.98	 32386606.00	    31543.00
  4.20	 31655491.00	  1118328.00	  7020394.00	        0.98	 32906571.00	    31539.00
  4.21	 32138019.00	  1157526.00	  7275440.00	        0.98	 33434632.00	    31538.00
  4.22	 32625183.00	  1197661.00	  7538224.00	        0.98	 33968488.00	    31537.00
  4.23	 33120798.00	  1239014.00	  7798462.00	        0.98	 34512043.00	    31536.00
  4.24	 33620976.00	  1283968.00	  8086266.00	        0.98	 35064374.00	    31535.00
  4.25	 34127956.00	  1330244.00	  8378598.00	        0.98	 35624994.00	    31534.00
  4.26	 34642098.00	  1377615.00	  8680837.00	        0.98	 36194138.00	    31534.00
  4.27	 35161794.00	  1424861.00	  8998078.00	        0.98	 36769107.00	    31533.00
  4.28	 35687582.00	  1476879.00	  9324660.00	        0.98	 37355199.00	    31533.00
  4.29	 36222667.00	  1528482.00	  9673430.00	        0.98	 37950719.00	    31530.00
  4.30	 36763680.00	  1582697.00	 10035310.00	        0.98	 38555123.00	    31523.00
  4.31	 37309258.00	  1639012.00	 10404649.00	        0.98	 39166434.00	    31521.00
  4.32	 37864120.00	  1694380.00	 10787353.00	        0.98	 39786456.00	    31519.00
  4.33	 38424175.00	  1754463.00	 11179977.00	        0.98	 40416682.00	    31518.00
  4.34	 38992402.00	  1814457.00	 11594177.00	        0.98	 41055542.00	    31514.00
  4.35	 39566002.00	  1878031.00	 12029513.00	        0.98	 41703875.00	    31513.00
  4.36	 40146133.00	  1942999.00	 12461460.00	        0.97	 42360188.00	    31511.00
  4.37	 40737170.00	  2007754.00	 12911768.00	        0.97	 43027703.00	    31507.00
  4.38	 41335673.00	  2075833.00	 13369714.00	        0.97	 43706277.00	    31506.00
  4.39	 41939101.00	  2147874.00	 13854021.00	        0.97	 44394394.00	    31504.00
  4.40	 42548428.00	  2221365.00	 14356360.00	        0.97	 45090361.00	    31502.00
  4.41	 43166813.00	  2296207.00	 14872454.00	        0.97	 45797152.00	    31499.00
  4.42	 43792429.00	  2374848.00	 15401599.00	        0.97	 46515384.00	    31496.00
  4.43	 44422340.00	  2457215.00	 15960847.00	        0.97	 47242403.00	    31492.00
  4.44	 45057302.00	  2545370.00	 16541005.00	        0.97	 47980840.00	    31491.00
  4.45	 45702815.00	  2632689.00	 17137763.00	        0.97	 48729503.00	    31490.00
  4.46	 46354119.00	  2724517.00	 17752147.00	        0.97	 49489009.00	    31486.00
  4.47	 47013529.00	  2818101.00	 18381821.00	        0.97	 50258854.00	    31483.00
  4.48	 47678652.00	  2915128.00	 19035350.00	        0.97	 51038523.00	    31481.00
  4.49	 48351337.00	  3016455.00	 19724239.00	        0.97	 51830984.00	    31477.00
  4.50	 49029565.00	  3120690.00	 20421730.00	        0.96	 52632269.00	    31473.00
  4.51	 49718295.00	  3226407.00	 21150948.00	        0.96	 53446406.00	    31470.00
  4.52	 50413223.00	  3336420.00	 21887057.00	        0.96	 54271376.00	    31467.00
  4.53	 51117624.00	  3448985.00	 22644138.00	        0.96	 55109046.00	    31464.00
  4.54	 51826181.00	  3567701.00	 23433912.00	        0.96	 55957909.00	    31460.00
  4.55	 52538751.00	  3690819.00	 24244782.00	        0.96	 56815861.00	    31458.00
  4.56	 53266421.00	  3812528.00	 25078713.00	        0.96	 57688229.00	    31456.00
  4.57	 53995368.00	  3943376.00	 25951853.00	        0.96	 58572073.00	    31456.00
  4.58	 54729844.00	  4078892.00	 26851883.00	        0.96	 59466926.00	    31453.00
  4.59	 55470086.00	  4220233.00	 27772925.00	        0.96	 60374107.00	    31450.00
  4.60	 56217915.00	  4364884.00	 28727074.00	        0.96	 61293169.00	    31443.00
  4.61	 56978012.00	  4509800.00	 29701137.00	        0.95	 62225501.00	    31441.00
  4.62	 57741513.00	  4663248.00	 30706309.00	        0.95	 63170727.00	    31438.00
  4.63	 58511097.00	  4819964.00	 31729127.00	        0.95	 64125997.00	    31435.00
  4.64	 59291171.00	  4977692.00	 32795477.00	        0.95	 65093973.00	    31430.00
  4.65	 60074715.00	  5144700.00	 33911539.00	        0.95	 66076084.00	    31426.00
  4.66	 60863215.00	  5319747.00	 35044154.00	        0.95	 67071950.00	    31424.00
  4.67	 61660734.00	  5497451.00	 36209483.00	        0.95	 68080569.00	    31421.00
  4.68	 62461713.00	  5682091.00	 37429024.00	        0.95	 69101082.00	    31418.00
  4.69	 63268179.00	  5873146.00	 38660686.00	        0.95	 70134207.00	    31413.00
  4.70	 64080244.00	  6069883.00	 39928135.00	        0.94	 71179777.00	    31407.00
  4.71	 64903205.00	  6268512.00	 41255106.00	        0.94	 72239815.00	    31402.00
  4.72	 65733591.00	  6472519.00	 42617033.00	        0.94	 73313872.00	    31400.00
  4.73	 66561285.00	  6688766.00	 44029462.00	        0.94	 74399063.00	    31397.00
  4.74	 67397234.00	  6908739.00	 45473058.00	        0.94	 75497366.00	    31394.00
  4.75	 68238579.00	  7135016.00	 46956064.00	        0.94	 76608780.00	    31387.00
  4.76	 69085346.00	  7370325.00	 48475001.00	        0.94	 77735934.00	    31384.00
  4.77	 69932021.00	  7616517.00	 50077196.00	        0.94	 78876206.00	    31383.00
  4.78	 70786979.00	  7866670.00	 51722931.00	        0.94	 80030261.00	    31378.00
  4.79	 71643706.00	  8126645.00	 53399505.00	        0.93	 81197151.00	    31376.00
  4.80	 72510919.00	  8389650.00	 55116767.00	        0.93	 82379100.00	    31375.00
  4.81	 73383167.00	  8660023.00	 56871610.00	        0.93	 83574937.00	    31372.00
  4.82	 74256136.00	  8941294.00	 58707286.00	        0.93	 84784749.00	    31368.00
  4.83	 75133850.00	  9230392.00	 60586474.00	        0.93	 86008844.00	    31368.00
  4.84	 76007362.00	  9535254.00	 62531277.00	        0.93	 87246618.00	    31365.00
  4.85	 76893383.00	  9839877.00	 64502488.00	        0.92	 88498052.00	    31363.00
  4.86	 77781404.00	 10153535.00	 66548230.00	        0.92	 89762824.00	    31362.00
  4.87	 78665823.00	 10485564.00	 68661441.00	        0.92	 91044707.00	    31355.00
  4.88	 79551220.00	 10828733.00	 70843282.00	        0.92	 92341051.00	    31351.00
  4.89	 80440089.00	 11178140.00	 73059373.00	        0.92	 93648766.00	    31344.00
  4.90	 81328632.00	 11540235.00	 75364366.00	        0.92	 94971677.00	    31343.00
  4.91	 82226391.00	 11906044.00	 77701644.00	        0.91	 96309269.00	    31336.00
  4.92	 83117362.00	 12287802.00	 80140369.00	        0.91	 97659118.00	    31336.00
  4.93	 84007280.00	 12684031.00	 82652750.00	        0.91	 99025086.00	    31334.00
  4.94	 84898052.00	 13089171.00	 85222349.00	        0.91	100403155.00	    31330.00
  4.95	 85788549.00	 13507817.00	 87882676.00	        0.91	101797550.00	    31327.00
  4.96	 86683881.00	 13933492.00	 90582357.00	        0.90	103205917.00	    31323.00
  4.97	 87573813.00	 14373084.00	 93382075.00	        0.90	104626164.00	    31316.00
  4.98	 88465708.00	 14825026.00	 96230780.00	        0.90	106063159.00	    31312.00
  4.99	 89354054.00	 15290370.00	 99176234.00	        0.90	107513301.00	    31311.00
  5.00	 90242953.00	 15767597.00	102181434.00	        0.90	108978655.00	    31307.00
  5.01	 91125398.00	 16260681.00	105300528.00	        0.89	110457220.00	    31297.00
  5.02	 92004253.00	 16766226.00	108572350.00	        0.89	111949316.00	    31290.00
  5.03	 92881853.00	 17283939.00	111870278.00	        0.89	113454626.00	    31284.00
  5.04	 93757378.00	 17813255.00	115242218.00	        0.89	114972629.00	    31278.00
  5.05	 94622538.00	 18362351.00	118762625.00	        0.88	116504923.00	    31267.00
  5.06	 95493541.00	 18918235.00	122363972.00	        0.88	118053297.00	    31263.00
  5.07	 96355531.00	 19491886.00	126025600.00	        0.88	119613612.00	    31257.00
  5.08	 97214401.00	 20080457.00	129823859.00	        0.88	121190523.00	    31249.00
  5.09	 98065984.00	 20682892.00	133713653.00	        0.87	122777914.00	    31241.00
  5.10	 98914599.00	 21299275.00	137674115.00	        0.87	124379905.00	    31234.00
  5.11	 99758078.00	 21928102.00	141770418.00	        0.87	125994223.00	    31230.00
  5.12	100591346.00	 22575269.00	146018307.00	        0.87	127621986.00	    31223.00
  5.13	101419914.00	 23235783.00	150340236.00	        0.86	129262331.00	    31214.00
  5.14	102247807.00	 23902196.00	154779109.00	        0.86	130912736.00	    31206.00
  5.15	103061989.00	 24594375.00	159321347.00	        0.86	132579895.00	    31195.00
  5.16	103869000.00	 25298287.00	163973750.00	        0.86	134256425.00	    31184.00
  5.17	104665520.00	 26023690.00	168748333.00	        0.85	135949219.00	    31177.00
  5.18	105453072.00	 26762855.00	173664853.00	        0.85	137652411.00	    31169.00
  5.19	106224807.00	 27524809.00	178729508.00	        0.85	139368583.00	    31156.00
  5.20	106992597.00	 28294989.00	183897494.00	        0.84	141094143.00	    31149.00
  5.21	107745036.00	 29087556.00	189218171.00	        0.84	142833094.00	    31141.00
  5.22	108483545.00	 29901388.00	194682595.00	        0.84	144585497.00	    31129.00
  5.23	109206023.00	 30729640.00	200287319.00	        0.83	146342522.00	    31128.00
  5.24	109919032.00	 31577493.00	205994002.00	        0.83	148115288.00	    31109.00
  5.25	110619601.00	 32439390.00	211927138.00	        0.83	149897785.00	    31100.00
  5.26	111300676.00	 33326013.00	217947685.00	        0.82	151691100.00	    31094.00
  5.27	111968180.00	 34228585.00	224158527.00	        0.82	153494506.00	    31079.00
  5.28	112625873.00	 35144538.00	230526731.00	        0.82	155308561.00	    31070.00
  5.29	113263805.00	 36080755.00	237057424.00	        0.81	157130521.00	    31053.00
  5.30	113876020.00	 37043992.00	243752961.00	        0.81	158961482.00	    31042.00
  5.31	114475024.00	 38023288.00	250580763.00	        0.81	160802386.00	    31030.00
  5.32	115059689.00	 39017854.00	257574107.00	        0.80	162652196.00	    31023.00
  5.33	115620295.00	 40035906.00	264782208.00	        0.80	164510343.00	    31006.00
  5.34	116167777.00	 41066512.00	272115751.00	        0.79	166375492.00	    30992.00
  5.35	116690783.00	 42120124.00	279671510.00	        0.79	168248600.00	    30978.00
  5.36	117189947.00	 43195661.00	287411931.00	        0.79	170128621.00	    30966.00
  5.37	117673280.00	 44286422.00	295318436.00	        0.78	172016791.00	    30955.00
  5.38	118135804.00	 45396187.00	303368885.00	        0.78	173911632.00	    30942.00
  5.39	118573919.00	 46523824.00	311713573.00	        0.77	175811484.00	    30928.00
  5.40	118987745.00	 47675967.00	320169932.00	        0.77	177719629.00	    30913.00
  5.41	119384798.00	 48840967.00	328812557.00	        0.76	179633684.00	    30901.00
  5.42	119756464.00	 50023913.00	337748909.00	        0.76	181552274.00	    30882.00
  5.43	120105236.00	 51228170.00	346798029.00	        0.75	183478085.00	    30866.00
  5.44	120425998.00	 52450187.00	356148903.00	        0.75	185406270.00	    30846.00
  5.45	120742010.00	 53672358.00	365584868.00	        0.75	187338391.00	    30826.00
  5.46	121016505.00	 54928059.00	375327795.00	        0.74	189275418.00	    30805.00
  5.47	121281752.00	 56185487.00	385257940.00	        0.74	191215751.00	    30790.00
  5.48	121511032.00	 57466263.00	395454130.00	        0.73	193156394.00	    30770.00
  5.49	121721978.00	 58756946.00	405835795.00	        0.73	195099804.00	    30760.00
  5.50	121894802.00	 60074801.00	416454863.00	        0.72	197044660.00	    30744.00
  5.51	122060023.00	 61389828.00	427311506.00	        0.72	198991866.00	    30722.00
  5.52	122189913.00	 62727968.00	438359180.00	        0.71	200938727.00	    30704.00
  5.53	122299479.00	 64075359.00	449644778.00	        0.71	202887701.00	    30694.00
  5.54	122374523.00	 65443064.00	461177478.00	        0.70	204836001.00	    30674.00
  5.55	122421505.00	 66828636.00	472993651.00	        0.70	206788735.00	    30655.00
  5.56	122453820.00	 68214761.00	484946503.00	        0.69	208739182.00	    30631.00
  5.57	122455291.00	 69615086.00	497193020.00	        0.68	210688092.00	    30611.00
  5.58	122428388.00	 71025492.00	509657133.00	        0.68	212632504.00	    30597.00
  5.59	122374908.00	 72447853.00	522382373.00	        0.67	214577140.00	    30575.00
  5.60	122296233.00	 73880232.00	535351040.00	        0.67	216521317.00	    30563.00
  5.61	122194536.00	 75320142.00	548448275.00	        0.66	218462530.00	    30536.00
  5.62	122067990.00	 76763024.00	561953928.00	        0.66	220400084.00	    30525.00
  5.63	121899461.00	 78228825.00	575667244.00	        0.65	222333540.00	    30504.00
  5.64	121694636.00	 79709988.00	589679207.00	        0.64	224262894.00	    30485.00
  5.65	121477335.00	 81181718.00	603950138.00	        0.64	226186750.00	    30453.00
  5.66	121223443.00	 82667959.00	618469281.00	        0.63	228104633.00	    30435.00
  5.67	120952770.00	 84155314.00	633172270.00	        0.63	230022071.00	    30416.00
  5.68	120647300.00	 85647782.00	648323484.00	        0.62	231930777.00	    30391.00
  5.69	120304410.00	 87154973.00	663695902.00	        0.62	233833504.00	    30367.00
  5.70	119929400.00	 88672719.00	679307500.00	        0.61	235731625.00	    30343.00
  5.71	119537659.00	 90180793.00	695116516.00	        0.60	237620015.00	    30322.00
  5.72	119105386.00	 91705381.00	711199446.00	        0.60	239502493.00	    30301.00
  5.73	118652685.00	 93223820.00	727632975.00	        0.59	241378079.00	    30275.00
  5.74	118166459.00	 94745797.00	744409831.00	        0.58	243243918.00	    30251.00
  5.75	117646871.00	 96274363.00	761351703.00	        0.58	245100130.00	    30227.00
  5.76	117099603.00	 97799971.00	778632803.00	        0.57	246946115.00	    30203.00
  5.77	116518125.00	 99331210.00	796131464.00	        0.57	248782219.00	    30181.00
  5.78	115906048.00	100863916.00	813904576.00	        0.56	250608643.00	    30151.00
  5.79	115259896.00	102399222.00	831919810.00	        0.55	252422813.00	    30124.00
  5.80	114593857.00	103926158.00	850254324.00	        0.54	254229799.00	    30099.00
  5.81	113872438.00	105472068.00	868903450.00	        0.54	256021701.00	    30064.00
  5.82	113145794.00	106994630.00	887719990.00	        0.53	257803792.00	    30028.00
  5.83	112385610.00	108512636.00	906961733.00	        0.52	259571346.00	    29992.00
  5.84	111588882.00	110032353.00	926396498.00	        0.52	261323566.00	    29974.00
  5.85	110759508.00	111549586.00	946120422.00	        0.51	263062328.00	    29936.00
  5.86	109904955.00	113059278.00	966033175.00	        0.50	264787849.00	    29911.00
  5.87	109016462.00	114560896.00	986354369.00	        0.50	266495952.00	    29887.00
  5.88	108116590.00	116037554.00	1006932229.00	        0.49	268189599.00	    29852.00
  5.89	107182894.00	117512913.00	1027725171.00	        0.48	269868692.00	    29819.00
  5.90	106214721.00	118984165.00	1048808210.00	        0.48	271532121.00	    29785.00
  5.91	105237216.00	120427204.00	1070161183.00	        0.47	273180595.00	    29753.00
  5.92	104220912.00	121869654.00	1091756993.00	        0.46	274811709.00	    29720.00
  5.93	103190610.00	123286849.00	1113620047.00	        0.46	276426452.00	    29676.00
  5.94	102131863.00	124692051.00	1135778188.00	        0.45	278024269.00	    29649.00
  5.95	101046154.00	126083318.00	1158161376.00	        0.44	279603645.00	    29603.00
  5.96	 99946357.00	127448491.00	1180877370.00	        0.44	281166921.00	    29568.00
  5.97	 98810115.00	128806908.00	1203802741.00	        0.43	282709939.00	    29525.00
  5.98	 97640816.00	130155254.00	1226962929.00	        0.42	284232774.00	    29490.00
  5.99	 96469830.00	131466031.00	1250278034.00	        0.42	285737333.00	    29445.00
  6.00	 95287531.00	132744715.00	1273881585.00	        0.41	287222796.00	    29408.00
  6.01	 94066852.00	134018543.00	1297723001.00	        0.40	288688068.00	    29352.00
  6.02	 92834639.00	135260815.00	1321776324.00	        0.40	290133335.00	    29315.00
  6.03	 91601526.00	136463981.00	1346079641.00	        0.39	291562002.00	    29275.00
  6.04	 90341152.00	137651373.00	1370497571.00	        0.38	292968824.00	    29238.00
  6.05	 89049985.00	138820873.00	1395349607.00	        0.38	294354417.00	    29199.00
  6.06	 87756934.00	139949055.00	1420347018.00	        0.37	295718803.00	    29151.00
  6.07	 86439477.00	141058717.00	1445522322.00	        0.36	297063193.00	    29106.00
  6.08	 85108477.00	142137865.00	1470900546.00	        0.36	298386756.00	    29063.00
  6.09	 83756075.00	143192678.00	1496555031.00	        0.35	299689106.00	    29017.00
  6.10	 82406561.00	144201562.00	1522301755.00	        0.34	300970159.00	    28983.00
  6.11	 81052044.00	145168829.00	1548283563.00	        0.33	302228368.00	    28944.00
  6.12	 79677022.00	146111369.00	1574519287.00	        0.33	303465932.00	    28901.00
  6.13	 78293126.00	147014486.00	1601049979.00	        0.32	304681026.00	    28853.00
  6.14	 76901395.00	147883071.00	1627629358.00	        0.31	305874244.00	    28790.00
  6.15	 75516819.00	148702111.00	1654326297.00	        0.31	307047338.00	    28744.00
  6.16	 74135323.00	149471739.00	1681208451.00	        0.30	308197043.00	    28697.00
  6.17	 72735514.00	150213696.00	1708295803.00	        0.30	309324611.00	    28638.00
  6.18	 71349463.00	150899338.00	1735455297.00	        0.29	310430419.00	    28573.00
  6.19	 69950995.00	151554595.00	1762652829.00	        0.28	311514031.00	    28521.00
  6.20	 68549150.00	152166373.00	1790175182.00	        0.28	312575713.00	    28464.00
  6.21	 67156968.00	152722077.00	1817864168.00	        0.27	313614557.00	    28410.00
  6.22	 65769237.00	153233853.00	1845550518.00	        0.27	314633187.00	    28367.00
  6.23	 64377581.00	153699486.00	1873574815.00	        0.26	315628001.00	    28300.00
  6.24	 62986695.00	154124998.00	1901520267.00	        0.25	316601569.00	    28229.00
  6.25	 61606746.00	154496665.00	1929610714.00	        0.25	317554772.00	    28174.00
  6.26	 60226478.00	154824663.00	1957733496.00	        0.24	318483294.00	    28119.00
  6.27	 58853617.00	155099726.00	1986214707.00	        0.23	319392024.00	    28076.00
  6.28	 57495378.00	155322976.00	2014538951.00	        0.23	320279806.00	    28018.00
  6.29	 56148329.00	155491783.00	2043065327.00	        0.22	321147018.00	    27946.00
  6.30	 54814185.00	155608117.00	2071639663.00	        0.22	321994424.00	    27873.00
  6.31	 53483309.00	155682455.00	2100167165.00	        0.21	322820290.00	    27812.00
  6.32	 52159127.00	155707753.00	2128861912.00	        0.20	323625311.00	    27760.00
  6.33	 50840702.00	155685679.00	2157650890.00	        0.20	324408733.00	    27693.00
  6.34	 49534551.00	155612869.00	2186449312.00	        0.19	325171554.00	    27620.00
  6.35	 48235196.00	155500760.00	2215118037.00	        0.19	325916970.00	    27545.00
  6.36	 46951724.00	155333513.00	2243908161.00	        0.18	326642487.00	    27468.00
  6.37	 45685723.00	155112070.00	2272679700.00	        0.18	327347464.00	    27380.00
  6.38	 44425580.00	154847421.00	2301576496.00	        0.17	328034097.00	    27306.00
  6.39	 43167904.00	154543706.00	2330382020.00	        0.17	328699226.00	    27241.00
  6.40	 41924677.00	154190276.00	2359247747.00	        0.16	329346438.00	    27166.00
  6.41	 40686775.00	153797506.00	2388031900.00	        0.16	329974153.00	    27091.00
  6.42	 39461344.00	153360099.00	2416731926.00	        0.15	330582689.00	    27031.00
  6.43	 38249835.00	152872318.00	2445608594.00	        0.15	331173293.00	    26938.00
  6.44	 37065335.00	152325349.00	2474437896.00	        0.14	331745848.00	    26857.00
  6.45	 35883987.00	151743372.00	2503199470.00	        0.14	332300223.00	    26766.00
  6.46	 34717403.00	151117655.00	2531798857.00	        0.13	332836112.00	    26677.00
  6.47	 33561899.00	150447885.00	2560519983.00	        0.13	333354713.00	    26596.00
  6.48	 32441558.00	149715549.00	2589034763.00	        0.12	333855087.00	    26517.00
  6.49	 31333063.00	148943890.00	2617412561.00	        0.12	334337988.00	    26443.00
  6.50	 30255854.00	148112528.00	2645827088.00	        0.12	334805158.00	    26353.00
  6.51	 29188802.00	147244791.00	2674176117.00	        0.11	335256134.00	    26259.00
  6.52	 28144095.00	146331194.00	2702289881.00	        0.11	335690710.00	    26166.00
  6.53	 27125487.00	145368962.00	2730227318.00	        0.10	336109402.00	    26080.00
  6.54	 26131684.00	144354641.00	2758267804.00	        0.10	336512789.00	    25986.00
  6.55	 25169663.00	143291071.00	2786022948.00	        0.10	336902198.00	    25901.00
  6.56	 24227845.00	142183430.00	2813741290.00	        0.09	337275878.00	    25806.00
  6.57	 23307385.00	141035372.00	2841269873.00	        0.09	337635361.00	    25692.00
  6.58	 22418110.00	139838385.00	2868626287.00	        0.09	337981951.00	    25596.00
  6.59	 21545159.00	138613198.00	2895635016.00	        0.08	338315771.00	    25500.00
  6.60	 20690026.00	137348061.00	2922721180.00	        0.08	338634718.00	    25400.00
  6.61	 19863561.00	136040877.00	2949558637.00	        0.08	338941468.00	    25329.00
  6.62	 19059942.00	134695491.00	2976234141.00	        0.07	339235177.00	    25228.00
  6.63	 18272444.00	133323254.00	3002646791.00	        0.07	339517378.00	    25131.00
  6.64	 17504744.00	131915753.00	3029006843.00	        0.07	339787269.00	    25028.00
  6.65	 16758204.00	130480996.00	3054972903.00	        0.07	340046491.00	    24910.00
  6.66	 16027012.00	129019050.00	3080887014.00	        0.06	340295423.00	    24796.00
  6.67	 15319346.00	127528308.00	3106377201.00	        0.06	340532258.00	    24688.00
  6.68	 14632453.00	126010613.00	3131600656.00	        0.06	340758452.00	    24575.00
  6.69	 13958003.00	124472543.00	3156733852.00	        0.06	340974916.00	    24457.00
  6.70	 13293622.00	122918253.00	3181643004.00	        0.05	341181035.00	    24350.00
  6.71	 12663885.00	121329768.00	3206082575.00	        0.05	341377201.00	    24237.00
  6.72	 12059647.00	119710597.00	3230396217.00	        0.05	341563683.00	    24130.00
  6.73	 11474691.00	118068313.00	3254578430.00	        0.05	341741243.00	    24001.00
  6.74	 10907973.00	116408465.00	3278440831.00	        0.04	341910920.00	    23874.00
  6.75	 10360386.00	114729263.00	3301999277.00	        0.04	342071396.00	    23756.00
  6.76	  9829995.00	113033427.00	3325332669.00	        0.04	342223858.00	    23628.00
  6.77	  9321358.00	111317211.00	3348433947.00	        0.04	342368317.00	    23506.00
  6.78	  8833916.00	109588511.00	3371044932.00	        0.04	342505729.00	    23377.00
  6.79	  8364829.00	107848228.00	3393329497.00	        0.03	342635982.00	    23244.00
  6.80	  7912759.00	106090372.00	3415550374.00	        0.03	342758889.00	    23123.00
  6.81	  7480343.00	104323081.00	3437275065.00	        0.03	342875075.00	    22990.00
  6.82	  7073126.00	102539376.00	3458651708.00	        0.03	342984637.00	    22855.00
  6.83	  6683512.00	100744460.00	3479893312.00	        0.03	343088652.00	    22718.00
  6.84	  6317931.00	 98941267.00	3500549177.00	        0.03	343187394.00	    22593.00
  6.85	  5966402.00	 97133175.00	3520978827.00	        0.02	343280197.00	    22464.00
  6.86	  5634650.00	 95316222.00	3541135011.00	        0.02	343367704.00	    22325.00
  6.87	  5318570.00	 93495210.00	3561000467.00	        0.02	343450322.00	    22191.00
  6.88	  5025122.00	 91667227.00	3580452406.00	        0.02	343528120.00	    22045.00
  6.89	  4746800.00	 89838039.00	3599587524.00	        0.02	343601198.00	    21906.00
  6.90	  4484482.00	 88009890.00	3618339002.00	        0.02	343670879.00	    21774.00
  6.91	  4236170.00	 86184226.00	3636772301.00	        0.02	343736322.00	    21626.00
  6.92	  4005269.00	 84358274.00	3654931005.00	        0.02	343798401.00	    21518.00
  6.93	  3787787.00	 82537989.00	3672709782.00	        0.02	343857358.00	    21390.00
  6.94	  3586025.00	 80722184.00	3690075165.00	        0.02	343912894.00	    21258.00
  6.95	  3393981.00	 78915959.00	3707109007.00	        0.01	343965696.00	    21114.00
  6.96	  3218305.00	 77113167.00	3723817722.00	        0.01	344015648.00	    20984.00
  6.97	  3051495.00	 75322853.00	3740143362.00	        0.01	344062606.00	    20834.00
  6.98	  2898599.00	 73541327.00	3756106267.00	        0.01	344107314.00	    20682.00
  6.99	  2754904.00	 71769199.00	3771904425.00	        0.01	344149636.00	    20521.00
  7.00	  2618403.00	 70017507.00	3787121027.00	        0.01	344189839.00	    20345.00
  7.01	  2491844.00	 68279867.00	3801995926.00	        0.01	344228401.00	    20194.00
  7.02	  2370884.00	 66558001.00	3816676984.00	        0.01	344264709.00	    20027.00
  7.03	  2259211.00	 64852946.00	3830919973.00	        0.01	344299366.00	    19875.00
  7.04	  2152391.00	 63168199.00	3844784171.00	        0.01	344332079.00	    19716.00
  7.05	  2055892.00	 61499064.00	3858303908.00	        0.01	344363577.00	    19560.00
  7.06	  1964482.00	 59850909.00	3871458086.00	        0.01	344393800.00	    19390.00
  7.07	  1873316.00	 58231976.00	3884121533.00	        0.01	344422267.00	    19229.00
  7.08	  1787287.00	 56632941.00	3896522714.00	        0.01	344449409.00	    19056.00
  7.09	  1704984.00	 55055969.00	3908669821.00	        0.01	344475675.00	    18880.00
  7.10	  1624707.00	 53505950.00	3920416302.00	        0.01	344501138.00	    18713.00
  7.11	  1546449.00	 51982800.00	3931715240.00	        0.00	344524654.00	    18542.00
  7.12	  1472602.00	 50481044.00	3942772008.00	        0.00	344547049.00	    18341.00
  7.13	  1400772.00	 49005337.00	3953502903.00	        0.00	344568494.00	    18164.00
  7.14	  1330075.00	 47557814.00	3963869241.00	        0.00	344589043.00	    17986.00
  7.15	  1264448.00	 46134209.00	3973891710.00	        0.00	344608483.00	    17803.00
  7.16	  1198804.00	 44738529.00	3983616971.00	        0.00	344626849.00	    17612.00
  7.17	  1135355.00	 43369414.00	3993020469.00	        0.00	344644274.00	    17447.00
  7.18	  1074749.00	 42026204.00	4002107642.00	        0.00	344660749.00	    17275.00
  7.19	  1014000.00	 40712740.00	4010833442.00	        0.00	344676426.00	    17117.00
  7.20	   954731.00	 39426923.00	4019250413.00	        0.00	344691189.00	    16931.00
  7.21	   896754.00	 38168566.00	4027361728.00	        0.00	344704855.00	    16771.00
  7.22	   839989.00	 36938269.00	4035157604.00	        0.00	344717874.00	    16568.00
  7.23	   782775.00	 35737336.00	4042653819.00	        0.00	344730104.00	    16372.00
  7.24	   730978.00	 34559837.00	4049855502.00	        0.00	344741350.00	    16225.00
  7.25	   679947.00	 33408258.00	4056818233.00	        0.00	344751752.00	    16042.00
  7.26	   628883.00	 32286175.00	4063403247.00	        0.00	344761517.00	    15854.00
  7.27	   577814.00	 31192329.00	4069717912.00	        0.00	344770540.00	    15659.00
  7.28	   530133.00	 30123509.00	4075763955.00	        0.00	344778881.00	    15485.00
  7.29	   484470.00	 29081487.00	4081516015.00	        0.00	344786546.00	    15313.00
  7.30	   438828.00	 28065702.00	4087077099.00	        0.00	344793408.00	    15098.00
  7.31	   396050.00	 27076058.00	4092284936.00	        0.00	344799765.00	    14926.00
  7.32	   355380.00	 26110686.00	4097246217.00	        0.00	344805397.00	    14744.00
  7.33	   318493.00	 25169468.00	4101927222.00	        0.00	344810477.00	    14546.00
  7.34	   283825.00	 24254004.00	4106305867.00	        0.00	344815039.00	    14390.00
  7.35	   248802.00	 23366293.00	4110401072.00	        0.00	344819137.00	    14215.00
  7.36	   216276.00	 22502958.00	4114243133.00	        0.00	344822667.00	    14021.00
  7.37	   186892.00	 21661111.00	4117950554.00	        0.00	344825777.00	    13832.00
  7.38	   159103.00	 20844629.00	4121349474.00	        0.00	344828475.00	    13647.00
  7.39	   133838.00	 20051532.00	4124474826.00	        0.00	344830749.00	    13473.00
  7.40	   110762.00	 19281202.00	4127372603.00	        0.00	344832602.00	    13291.00
  7.41	    91478.00	 18531358.00	4130090867.00	        0.00	344834177.00	    13125.00
  7.42	    74162.00	 17803184.00	4132625623.00	        0.00	344835428.00	    12916.00
  7.43	    58761.00	 17096284.00	4134995112.00	        0.00	344836429.00	    12721.00
  7.44	    45691.00	 16411351.00	4137100993.00	        0.00	344837195.00	    12517.00
  7.45	    35271.00	 15747108.00	4139008122.00	        0.00	344837822.00	    12346.00
  7.46	    26339.00	 15105217.00	4140621830.00	        0.00	344838255.00	    12183.00
  7.47	    19319.00	 14482006.00	4142152017.00	        0.00	344838582.00	    12000.00
  7.48	    13736.00	 13878412.00	4143529136.00	        0.00	344838829.00	    11810.00
  7.49	     9635.00	 13295958.00	4144633159.00	        0.00	344839026.00	    11637.00
  7.50	     6602.00	 12732638.00	4145593827.00	        0.00	344839139.00	    11454.00
  7.51	     4296.00	 12189295.00	4146359922.00	        0.00	344839219.00	    11290.00
  7.52	     2774.00	 11664400.00	4146989082.00	        0.00	344839276.00	    11093.00
  7.53	     1774.00	 11160358.00	4147353412.00	        0.00	344839302.00	    10930.00
  7.54	     1049.00	 10674083.00	4147595449.00	        0.00	344839331.00	    10753.00
  7.55	      615.00	 10206919.00	4147625806.00	        0.00	344839345.00	    10574.00
  7.56	      351.00	  9757443.00	4147493284.00	        0.00	344839351.00	    10394.00
  7.57	      177.00	  9324580.00	4147258359.00	        0.00	344839354.00	    10209.00
  7.58	       95.00	  8908142.00	4146883117.00	        0.00	344839358.00	    10040.00
  7.59	       40.00	  8506456.00	4146434021.00	        0.00	344839358.00	     9852.00
  7.60	       24.00	  8121278.00	4145815530.00	        0.00	344839361.00	     9688.00
  7.61	        8.00	  7750902.00	4145081652.00	        0.00	344839361.00	     9521.00
  7.62	        3.00	  7396616.00	4144154936.00	        0.00	344839361.00	     9357.00
  7.63	        2.00	  7055597.00	4143155664.00	        0.00	344839361.00	     9182.00
  7.64	        1.00	  6728629.00	4142016836.00	        0.00	344839361.00	     9030.00
  7.65	        1.00	  6414888.00	4140774925.00	        0.00	344839361.00	     8855.00
  7.66	        0.00	  6113440.00	4139428480.00	        0.00	344839361.00	     8678.00
  7.67	        0.00	  5824636.00	4137949590.00	        0.00	344839361.00	     8497.00
  7.68	        0.00	  5548974.00	4136308890.00	        0.00	344839361.00	     8341.00
  7.69	        0.00	  5283407.00	4134655194.00	        0.00	344839361.00	     8164.00
  7.70	        0.00	  5029818.00	4132847039.00	        0.00	344839361.00	     7989.00
  7.71	        0.00	  4786315.00	4130981960.00	        0.00	344839361.00	     7825.00
  7.72	        0.00	  4552800.00	4129031904.00	        0.00	344839361.00	     7661.00
  7.73	        0.00	  4329661.00	4126972157.00	        0.00	344839361.00	     7491.00
  7.74	        0.00	  4116389.00	4124807360.00	        0.00	344839361.00	     7315.00
  7.75	        0.00	  3911753.00	4122597111.00	        0.00	344839361.00	     7171.00
  7.76	        0.00	  3716049.00	4120295300.00	        0.00	344839361.00	     7009.00
  7.77	        0.00	  3529276.00	4117900924.00	        0.00	344839361.00	     6883.00
  7.78	        0.00	  3350672.00	4115442738.00	        0.00	344839361.00	     6731.00
  7.79	        0.00	  3179639.00	4112932738.00	        0.00	344839361.00	     6607.00
  7.80	        0.00	  3016919.00	4110316257.00	        0.00	344839361.00	     6448.00
  7.81	        0.00	  2861205.00	4107659964.00	        0.00	344839361.00	     6310.00
  7.82	        0.00	  2712025.00	4104953136.00	        0.00	344839361.00	     6174.00
  7.83	        0.00	  2570318.00	4102158551.00	        0.00	344839361.00	     6040.00
  7.84	        0.00	  2435086.00	4099310361.00	        0.00	344839361.00	     5893.00
  7.85	        0.00	  2306205.00	4096394771.00	        0.00	344839361.00	     5734.00
  7.86	        0.00	  2182908.00	4093445158.00	        0.00	344839361.00	     5584.00
  7.87	        0.00	  2065471.00	4090435728.00	        0.00	344839361.00	     5451.00
  7.88	        0.00	  1953348.00	4087386315.00	        0.00	344839361.00	     5312.00
  7.89	        0.00	  1846347.00	4084291283.00	        0.00	344839361.00	     5197.00
  7.90	        0.00	  1744312.00	4081152500.00	        0.00	344839361.00	     5052.00
  7.91	        0.00	  1647391.00	4077971008.00	        0.00	344839361.00	     4946.00
  7.92	        0.00	  1555272.00	4074749375.00	        0.00	344839361.00	     4809.00
  7.93	        0.00	  1467504.00	4071486579.00	        0.00	344839361.00	     4680.00
  7.94	        0.00	  1383964.00	4068189255.00	        0.00	344839361.00	     4558.00
  7.95	        0.00	  1304709.00	4064841752.00	        0.00	344839361.00	     4431.00
  7.96	        0.00	  1229165.00	4061476286.00	        0.00	344839361.00	     4298.00
  7.97	        0.00	  1157401.00	4058082644.00	        0.00	344839361.00	     4175.00
  7.98	        0.00	  1089628.00	4054644497.00	        0.00	344839361.00	     4060.00
  7.99	        0.00	  1024638.00	4051202860.00	        0.00	344839361.00	     3945.00
  8.00	        0.00	   964004.00	4047690709.00	        0.00	344839361.00	     3840.00
  8.01	        0.00	   905789.00	4044186720.00	        0.00	344839361.00	     3737.00
  8.02	        0.00	   850745.00	4040648012.00	        0.00	344839361.00	     3639.00
  8.03	        0.00	   798404.00	4037104381.00	        0.00	344839361.00	     3530.00
  8.04	        0.00	   749155.00	4033515943.00	        0.00	344839361.00	     3439.00
  8.05	        0.00	   702787.00	4029904849.00	        0.00	344839361.00	     3345.00
  8.06	        0.00	   658496.00	4026289696.00	        0.00	344839361.00	     3243.00
  8.07	        0.00	   616913.00	4022648169.00	        0.00	344839361.00	     3119.00
  8.08	        0.00	   577636.00	4018981167.00	        0.00	344839361.00	     3037.00
  8.09	        0.00	   540677.00	4015299615.00	        0.00	344839361.00	     2959.00
  8.10	        0.00	   505717.00	4011607869.00	        0.00	344839361.00	     2856.00
  8.11	        0.00	   472699.00	4007910256.00	        0.00	344839361.00	     2775.00
  8.12	        0.00	   441826.00	4004190281.00	        0.00	344839361.00	     2681.00
  8.13	        0.00	   412665.00	4000464614.00	        0.00	344839361.00	     2594.00
  8.14	        0.00	   384991.00	3996734184.00	        0.00	344839361.00	     2498.00
  8.15	        0.00	   359160.00	3992980864.00	        0.00	344839361.00	     2423.00
  8.16	        0.00	   334782.00	3989222898.00	        0.00	344839361.00	     2345.00
  8.17	        0.00	   311864.00	3985459563.00	        0.00	344839361.00	     2266.00
  8.18	        0.00	   290206.00	3981694479.00	        0.00	344839361.00	     2185.00
  8.19	        0.00	   270110.00	3977903564.00	        0.00	344839361.00	     2112.00
  8.20	        0.00	   251037.00	3974121080.00	        0.00	344839361.00	     2032.00
  8.21	        0.00	   233413.00	3970321963.00	        0.00	344839361.00	     1959.00
  8.22	        0.00	   216886.00	3966514184.00	        0.00	344839361.00	     1893.00
  8.23	        0.00	   201360.00	3962709963.00	        0.00	344839361.00	     1832.00
  8.24	        0.00	   186967.00	3958889882.00	        0.00	344839361.00	     1747.00
  8.25	        0.00	   173491.00	3955071869.00	        0.00	344839361.00	     1683.00
  8.26	        0.00	   160818.00	3951248523.00	        0.00	344839361.00	     1635.00
  8.27	        0.00	   148857.00	3947432819.00	        0.00	344839361.00	     1578.00
  8.28	        0.00	   137785.00	3943605727.00	        0.00	344839361.00	     1523.00
  8.29	        0.00	   127675.00	3939770182.00	        0.00	344839361.00	     1475.00
  8.30	        0.00	   118002.00	3935944710.00	        0.00	344839361.00	     1424.00
  8.31	        0.00	   109149.00	3932105778.00	        0.00	344839361.00	     1369.00
  8.32	        0.00	   100822.00	3928268156.00	        0.00	344839361.00	     1305.00
  8.33	        0.00	    93131.00	3924424131.00	        0.00	344839361.00	     1260.00
  8.34	        0.00	    86067.00	3920575635.00	        0.00	344839361.00	     1220.00
  8.35	        0.00	    79476.00	3916732469.00	        0.00	344839361.00	     1169.00
  8.36	        0.00	    73414.00	3912888468.00	        0.00	344839361.00	     1122.00
  8.37	        0.00	    67752.00	3909043867.00	        0.00	344839361.00	     1082.00
  8.38	        0.00	    62441.00	3905201646.00	        0.00	344839361.00	     1034.00
  8.39	        0.00	    57558.00	3901356095.00	        0.00	344839361.00	      990.00
  8.40	        0.00	    52943.00	3897516664.00	        0.00	344839361.00	      942.00
  8.41	        0.00	    48752.00	3893674363.00	        0.00	344839361.00	      901.00
  8.42	        0.00	    44947.00	3889827943.00	        0.00	344839361.00	      853.00
  8.43	        0.00	    41311.00	3885986863.00	        0.00	344839361.00	      804.00
  8.44	        0.00	    37893.00	3882148965.00	        0.00	344839361.00	      770.00
  8.45	        0.00	    34877.00	3878306337.00	        0.00	344839361.00	      740.00
  8.46	        0.00	    31994.00	3874468290.00	        0.00	344839361.00	      703.00
  8.47	        0.00	    29399.00	3870629662.00	        0.00	344839361.00	      673.00
  8.48	        0.00	    26990.00	3866795397.00	        0.00	344839361.00	      645.00
  8.49	        0.00	    24721.00	3862967318.00	        0.00	344839361.00	      618.00
  8.50	        0.00	    22636.00	3859138388.00	        0.00	344839361.00	      587.00
  8.51	        0.00	    20786.00	3855306132.00	        0.00	344839361.00	      554.00
  8.52	        0.00	    19013.00	3851478325.00	        0.00	344839361.00	      529.00
  8.53	        0.00	    17457.00	3847653695.00	        0.00	344839361.00	      515.00
  8.54	        0.00	    15969.00	3843832110.00	        0.00	344839361.00	      485.00
  8.55	        0.00	    14586.00	3840015957.00	        0.00	344839361.00	      459.00
  8.56	        0.00	    13377.00	3836195601.00	        0.00	344839361.00	      438.00
  8.57	        0.00	    12269.00	3832380277.00	        0.00	344839361.00	      419.00
  8.58	        0.00	    11261.00	3828564725.00	        0.00	344839361.00	      403.00
  8.59	        0.00	    10268.00	3824758323.00	        0.00	344839361.00	      379.00
  8.60	        0.00	     9346.00	3820954280.00	        0.00	344839361.00	      360.00
  8.61	        0.00	     8515.00	3817148350.00	        0.00	344839361.00	      339.00
  8.62	        0.00	     7747.00	3813349427.00	        0.00	344839361.00	      325.00
  8.63	        0.00	     7093.00	3809547149.00	        0.00	344839361.00	      311.00
  8.64	        0.00	     6458.00	3805754055.00	        0.00	344839361.00	      299.00
  8.65	        0.00	     5879.00	3801956772.00	        0.00	344839361.00	      283.00
  8.66	        0.00	     5357.00	3798168174.00	        0.00	344839361.00	      271.00
  8.67	        0.00	     4858.00	3794380663.00	        0.00	344839361.00	      258.00
  8.68	        0.00	     4387.00	3790599028.00	        0.00	344839361.00	      249.00
  8.69	        0.00	     4001.00	3786817472.00	        0.00	344839361.00	      231.00
  8.70	        0.00	     3643.00	3783037257.00	        0.00	344839361.00	      220.00
  8.71	        0.00	     3310.00	3779263988.00	        0.00	344839361.00	      201.00
  8.72	        0.00	     3004.00	3775489530.00	        0.00	344839361.00	      193.00
  8.73	        0.00	     2704.00	3771723657.00	        0.00	344839361.00	      180.00
  8.74	        0.00	     2468.00	3767958746.00	        0.00	344839361.00	      171.00
  8.75	        0.00	     2236.00	3764198539.00	        0.00	344839361.00	      163.00
  8.76	        0.00	     2042.00	3760440123.00	        0.00	344839361.00	      149.00
  8.77	        0.00	     1821.00	3756685744.00	        0.00	344839361.00	      143.00
  8.78	        0.00	     1654.00	3752934979.00	        0.00	344839361.00	      135.00
  8.79	        0.00	     1501.00	3749186557.00	        0.00	344839361.00	      128.00
  8.80	        0.00	     1369.00	3745448064.00	        0.00	344839361.00	      121.00
  8.81	        0.00	     1225.00	3741705996.00	        0.00	344839361.00	      112.00
  8.82	        0.00	     1120.00	3737967208.00	        0.00	344839361.00	      107.00
  8.83	        0.00	     1001.00	3734232939.00	        0.00	344839361.00	       99.00
  8.84	        0.00	      917.00	3730502127.00	        0.00	344839361.00	       95.00
  8.85	        0.00	      830.00	3726773742.00	        0.00	344839361.00	       87.00
  8.86	        0.00	      760.00	3723051654.00	        0.00	344839361.00	       84.00
  8.87	        0.00	      678.00	3719332743.00	        0.00	344839361.00	       78.00
  8.88	        0.00	      625.00	3715615716.00	        0.00	344839361.00	       74.00
  8.89	        0.00	      563.00	3711905207.00	        0.00	344839361.00	       71.00
  8.90	        0.00	      504.00	3708195118.00	        0.00	344839361.00	       68.00
  8.91	        0.00	      444.00	3704494979.00	        0.00	344839361.00	       62.00
  8.92	        0.00	      403.00	3700792120.00	        0.00	344839361.00	       61.00
  8.93	        0.00	      355.00	3697093321.00	        0.00	344839361.00	       54.00
  8.94	        0.00	      328.00	3693399640.00	        0.00	344839361.00	       51.00
  8.95	        0.00	      285.00	3689707854.00	        0.00	344839361.00	       47.00
  8.96	        0.00	      252.00	3686020650.00	        0.00	344839361.00	       42.00
  8.97	        0.00	      234.00	3682334114.00	        0.00	344839361.00	       41.00
  8.98	        0.00	      211.00	3678652880.00	        0.00	344839361.00	       41.00
  8.99	        0.00	      190.00	3674976103.00	        0.00	344839361.00	       38.00
  9.00	        0.00	      172.00	3671304339.00	        0.00	344839361.00	       35.00
  9.01	        0.00	      155.00	3667634640.00	        0.00	344839361.00	       35.00
  9.02	        0.00	      138.00	3663968521.00	        0.00	344839361.00	       34.00
  9.03	        0.00	      133.00	3660304205.00	        0.00	344839361.00	       32.00
  9.04	        0.00	      124.00	3656643318.00	        0.00	344839361.00	       30.00
  9.05	        0.00	      112.00	3652990183.00	        0.00	344839361.00	       28.00
  9.06	        0.00	      102.00	3649338775.00	        0.00	344839361.00	       25.00
  9.07	        0.00	       88.00	3645690969.00	        0.00	344839361.00	       23.00
  9.08	        0.00	       81.00	3642046761.00	        0.00	344839361.00	       23.00
  9.09	        0.00	       66.00	3638404527.00	        0.00	344839361.00	       21.00
  9.10	        0.00	       59.00	3634767490.00	        0.00	344839361.00	       21.00
  9.11	        0.00	       52.00	3631133191.00	        0.00	344839361.00	       18.00
  9.12	        0.00	       49.00	3627501261.00	        0.00	344839361.00	       18.00
  9.13	        0.00	       44.00	3623873049.00	        0.00	344839361.00	       18.00
  9.14	        0.00	       40.00	3620252714.00	        0.00	344839361.00	       16.00
  9.15	        0.00	       37.00	3616630521.00	        0.00	344839361.00	       16.00
  9.16	        0.00	       33.00	3613017689.00	        0.00	344839361.00	       14.00
  9.17	        0.00	       31.00	3609406309.00	        0.00	344839361.00	       13.00
  9.18	        0.00	       28.00	3605800344.00	        0.00	344839361.00	       13.00
  9.19	        0.00	       23.00	3602193372.00	        0.00	344839361.00	       12.00
  9.20	        0.00	       21.00	3598590793.00	        0.00	344839361.00	       12.00
  9.21	        0.00	       20.00	3594994935.00	        0.00	344839361.00	       12.00
  9.22	        0.00	       18.00	3591402077.00	        0.00	344839361.00	       11.00
  9.23	        0.00	       14.00	3587809333.00	        0.00	344839361.00	        8.00
  9.24	        0.00	       11.00	3584223461.00	        0.00	344839361.00	        7.00
  9.25	        0.00	       10.00	3580642607.00	        0.00	344839361.00	        7.00
  9.26	        0.00	        9.00	3577061366.00	        0.00	344839361.00	        6.00
  9.27	        0.00	        8.00	3573484808.00	        0.00	344839361.00	        6.00
  9.28	        0.00	        7.00	3569913650.00	        0.00	344839361.00	        6.00
  9.29	        0.00	        7.00	3566345028.00	        0.00	344839361.00	        6.00
  9.30	        0.00	        7.00	3562775529.00	        0.00	344839361.00	        6.00
  9.31	        0.00	        7.00	3559215036.00	        0.00	344839361.00	        6.00
  9.32	        0.00	        7.00	3555657777.00	        0.00	344839361.00	        6.00
  9.33	        0.00	        6.00	3552103388.00	        0.00	344839361.00	        6.00
  9.34	        0.00	        5.00	3548553061.00	        0.00	344839361.00	        5.00
  9.35	        0.00	        5.00	3545003651.00	        0.00	344839361.00	        5.00
  9.36	        0.00	        3.00	3541463633.00	        0.00	344839361.00	        3.00
  9.37	        0.00	        3.00	3537922865.00	        0.00	344839361.00	        3.00
  9.38	        0.00	        2.00	3534386315.00	        0.00	344839361.00	        2.00
  9.39	        0.00	        1.00	3530852090.00	        0.00	344839361.00	        1.00
  9.40	        0.00	        1.00	3527322097.00	        0.00	344839361.00	        1.00
  9.41	        0.00	        1.00	3523796342.00	        0.00	344839361.00	        1.00
  9.42	        0.00	        1.00	3520272048.00	        0.00	344839361.00	        1.00
  9.43	        0.00	        1.00	3516750299.00	        0.00	344839361.00	        1.00
  9.44	        0.00	        1.00	3513236746.00	        0.00	344839361.00	        1.00
  9.45	        0.00	        1.00	3509723899.00	        0.00	344839361.00	        1.00
  9.46	        0.00	        1.00	3506214490.00	        0.00	344839361.00	        1.00
  9.47	        0.00	        1.00	3502708116.00	        0.00	344839361.00	        1.00
  9.48	        0.00	        1.00	3499205339.00	        0.00	344839361.00	        1.00
  9.49	        0.00	        1.00	3495703946.00	        0.00	344839361.00	        1.00
  9.50	        0.00	        1.00	3492209989.00	        0.00	344839361.00	        1.00
  9.51	        0.00	        0.00	3488720219.00	        0.00	344839361.00	        0.00
