Datatype: PopulationSize
  0.00	       10.00	        0.00	316227766.00	        1.00	        0.00	       10.00
  0.01	        9.00	        0.00	315912335.00	        0.90	        0.00	        9.00
  0.02	        9.00	        0.00	315595861.00	        0.90	        0.00	        9.00
  0.03	        9.00	        0.00	315280380.00	        0.90	        0.00	        9.00
  0.04	        8.00	        0.00	314965442.00	        0.80	        0.00	        8.00
  0.05	        8.00	        0.00	314650703.00	        0.80	        0.00	        8.00
  0.06	        7.00	        0.00	314336342.00	        0.70	        0.00	        7.00
  0.07	        7.00	        0.00	314022733.00	        0.70	        0.00	        7.00
  0.08	        8.00	        0.00	313708518.00	        0.70	        1.00	        7.00
  0.09	        8.00	        0.00	313394877.00	        0.70	        1.00	        7.00
  0.10	        8.00	        0.00	313081624.00	        0.70	        1.00	        7.00
  0.11	        9.00	        0.00	312768144.00	        0.70	        2.00	        7.00
  0.12	        9.00	        0.00	312456052.00	        0.70	        2.00	        7.00
  0.13	        9.00	        0.00	312143548.00	        0.70	        2.00	        7.00
  0.14	        9.00	        0.00	311831017.00	        0.70	        2.00	        7.00
  0.15	        9.00	        0.00	311518975.00	        0.70	        2.00	        7.00
  0.16	        9.00	        0.00	311207138.00	        0.70	        2.00	        7.00
  0.17	        9.00	        0.00	310896022.00	        0.70	        2.00	        7.00
  0.18	        8.00	        0.00	310585650.00	        0.70	        2.00	        7.00
  0.19	        8.00	        0.00	310275773.00	        0.70	        2.00	        7.00
  0.20	        8.00	        0.00	309965272.00	        0.70	        2.00	        7.00
  0.21	        8.00	        0.00	309656176.00	        0.70	        2.00	        7.00
  0.22	        6.00	        0.00	309346138.00	        0.60	        2.00	        6.00
  0.23	        6.00	        0.00	309035877.00	        0.60	        2.00	        6.00
  0.24	        5.00	        0.00	308727338.00	        0.50	        2.00	        5.00
  0.25	        5.00	        0.00	308418492.00	        0.50	        2.00	        5.00
  0.26	        5.00	        0.00	308110991.00	        0.50	        2.00	        5.00
  0.27	        5.00	        0.00	307802889.00	        0.50	        2.00	        5.00
  0.28	        5.00	        0.00	307495374.00	        0.50	        2.00	        5.00
  0.29	        5.00	        0.00	307187395.00	        0.50	        2.00	        5.00
  0.30	        5.00	        0.00	306880437.00	        0.50	        2.00	        5.00
  0.31	        5.00	        0.00	306573437.00	        0.50	        2.00	        5.00
  0.32	        5.00	        0.00	306267378.00	        0.50	        2.00	        5.00
  0.33	        5.00	        0.00	305960639.00	        0.50	        2.00	        5.00
  0.34	        5.00	        0.00	305654761.00	        0.50	        2.00	        5.00
  0.35	        6.00	        0.00	305349509.00	        0.50	        3.00	        5.00
  0.36	        6.00	        0.00	305044014.00	        0.50	        3.00	        5.00
  0.37	        5.00	        0.00	304739084.00	        0.40	        4.00	        4.00
  0.38	        5.00	        0.00	304434236.00	        0.40	        4.00	        4.00
  0.39	        5.00	        0.00	304130201.00	        0.40	        4.00	        4.00
  0.40	        5.00	        0.00	303825593.00	        0.40	        4.00	        4.00
  0.41	        4.00	        0.00	303522268.00	        0.40	        4.00	        4.00
  0.42	        4.00	        0.00	303218865.00	        0.40	        4.00	        4.00
  0.43	        4.00	        0.00	302915211.00	        0.40	        4.00	        4.00
  0.44	        4.00	        0.00	302612882.00	        0.40	        4.00	        4.00
  0.45	        4.00	        0.00	302311214.00	        0.40	        4.00	        4.00
  0.46	        4.00	        0.00	302008719.00	        0.40	        4.00	        4.00
  0.47	        4.00	        0.00	301706496.00	        0.40	        4.00	        4.00
  0.48	        4.00	        0.00	301404493.00	        0.40	        4.00	        4.00
  0.49	        4.00	        0.00	301102938.00	        0.40	        4.00	        4.00
  0.50	        4.00	        0.00	300801813.00	        0.40	        4.00	        4.00
  0.51	        4.00	        0.00	300500755.00	        0.40	        4.00	        4.00
  0.52	        4.00	        0.00	300199406.00	        0.40	        4.00	        4.00
  0.53	        4.00	        0.00	299899425.00	        0.40	        4.00	        4.00
  0.54	        5.00	        0.00	299599551.00	        0.40	        5.00	        4.00
  0.55	        5.00	        0.00	299300651.00	        0.40	        5.00	        4.00
  0.56	        5.00	        0.00	299002217.00	        0.40	        5.00	        4.00
  0.57	        5.00	        0.00	298703073.00	        0.40	        5.00	        4.00
  0.58	        5.00	        0.00	298405302.00	        0.40	        5.00	        4.00
  0.59	        5.00	        0.00	298106770.00	        0.40	        5.00	        4.00
  0.60	        6.00	        0.00	297810298.00	        0.40	        6.00	        4.00
  0.61	        5.00	        0.00	297512755.00	        0.30	        6.00	        3.00
  0.62	        5.00	        0.00	297215621.00	        0.30	        6.00	        3.00
  0.63	        4.00	        0.00	296918438.00	        0.20	        6.00	        2.00
  0.64	        4.00	        0.00	296622413.00	        0.20	        6.00	        2.00
  0.65	        4.00	        0.00	296325368.00	        0.20	        6.00	        2.00
  0.66	        4.00	        0.00	296029639.00	        0.20	        6.00	        2.00
  0.67	        4.00	        0.00	295734944.00	        0.20	        6.00	        2.00
  0.68	        4.00	        0.00	295439702.00	        0.20	        6.00	        2.00
  0.69	        4.00	        0.00	295144413.00	        0.20	        6.00	        2.00
  0.70	        3.00	        0.00	294848630.00	        0.10	        6.00	        1.00
  0.71	        2.00	        0.00	294553855.00	        0.10	        6.00	        1.00
  0.72	        2.00	        0.00	294259918.00	        0.10	        6.00	        1.00
  0.73	        2.00	        0.00	293964720.00	        0.10	        6.00	        1.00
  0.74	        1.00	        0.00	293670564.00	        0.10	        6.00	        1.00
  0.75	        0.00	        0.00	293378000.00	        0.00	        6.00	        0.00
