Datatype: PopulationSize
  0.00	        1.00	        0.00	   600000.00	        1.00	        0.00	        1.00
  0.01	        1.00	        0.00	   599990.00	        1.00	        0.00	        1.00
  0.02	        1.00	        0.00	   599979.00	        1.00	        0.00	        1.00
  0.03	        1.00	        0.00	   599961.00	        1.00	        0.00	        1.00
  0.04	        1.00	        0.00	   599948.00	        1.00	        0.00	        1.00
  0.05	        1.00	        0.00	   599928.00	        1.00	        0.00	        1.00
  0.06	        1.00	        0.00	   599907.00	        1.00	        0.00	        1.00
  0.07	        1.00	        0.00	   599890.00	        1.00	        0.00	        1.00
  0.08	        1.00	        0.00	   599872.00	        1.00	        0.00	        1.00
  0.09	        1.00	        0.00	   599854.00	        1.00	        0.00	        1.00
  0.10	        1.00	        0.00	   599841.00	        1.00	        0.00	        1.00
  0.11	        1.00	        0.00	   599827.00	        1.00	        0.00	        1.00
  0.12	        1.00	        0.00	   599817.00	        1.00	        0.00	        1.00
  0.13	        1.00	        0.00	   599799.00	        1.00	        0.00	        1.00
  0.14	        1.00	        0.00	   599769.00	        1.00	        0.00	        1.00
  0.15	        1.00	        0.00	   599754.00	        1.00	        0.00	        1.00
  0.16	        1.00	        0.00	   599733.00	        1.00	        0.00	        1.00
  0.17	        1.00	        0.00	   599711.00	        1.00	        0.00	        1.00
  0.18	        1.00	        0.00	   599694.00	        1.00	        0.00	        1.00
  0.19	        1.00	        0.00	   599671.00	        1.00	        0.00	        1.00
  0.20	        1.00	        0.00	   599655.00	        1.00	        0.00	        1.00
  0.21	        1.00	        0.00	   599631.00	        1.00	        0.00	        1.00
  0.22	        1.00	        0.00	   599617.00	        1.00	        0.00	        1.00
  0.23	        1.00	        0.00	   599594.00	        1.00	        0.00	        1.00
  0.24	        1.00	        0.00	   599571.00	        1.00	        0.00	        1.00
  0.25	        1.00	        0.00	   599550.00	        1.00	        0.00	        1.00
  0.26	        1.00	        0.00	   599540.00	        1.00	        0.00	        1.00
  0.27	        1.00	        0.00	   599520.00	        1.00	        0.00	        1.00
  0.28	        1.00	        0.00	   599495.00	        1.00	        0.00	        1.00
  0.29	        1.00	        0.00	   599477.00	        1.00	        0.00	        1.00
  0.30	        1.00	        0.00	   599448.00	        1.00	        0.00	        1.00
  0.31	        1.00	        0.00	   599427.00	        1.00	        0.00	        1.00
  0.32	        1.00	        0.00	   599410.00	        1.00	        0.00	        1.00
  0.33	        1.00	        0.00	   599392.00	        1.00	        0.00	        1.00
  0.34	        1.00	        0.00	   599378.00	        1.00	        0.00	        1.00
  0.35	        1.00	        0.00	   599367.00	        1.00	        0.00	        1.00
  0.36	        1.00	        0.00	   599345.00	        1.00	        0.00	        1.00
  0.37	        1.00	        0.00	   599331.00	        1.00	        0.00	        1.00
  0.38	        1.00	        0.00	   599317.00	        1.00	        0.00	        1.00
  0.39	        1.00	        0.00	   599299.00	        1.00	        0.00	        1.00
  0.40	        1.00	        0.00	   599285.00	        1.00	        0.00	        1.00
  0.41	        1.00	        0.00	   599267.00	        1.00	        0.00	        1.00
  0.42	        1.00	        0.00	   599253.00	        1.00	        0.00	        1.00
  0.43	        1.00	        0.00	   599235.00	        1.00	        0.00	        1.00
  0.44	        2.00	        0.00	   599219.00	        1.00	        1.00	        1.00
  0.45	        2.00	        0.00	   599203.00	        1.00	        1.00	        1.00
  0.46	        2.00	        0.00	   599189.00	        1.00	        1.00	        1.00
  0.47	        2.00	        0.00	   599174.00	        1.00	        1.00	        1.00
  0.48	        2.00	        0.00	   599153.00	        1.00	        1.00	        1.00
  0.49	        2.00	        0.00	   599138.00	        1.00	        1.00	        1.00
  0.50	        2.00	        0.00	   599122.00	        1.00	        1.00	        1.00
  0.51	        2.00	        0.00	   599106.00	        1.00	        1.00	        1.00
  0.52	        2.00	        0.00	   599089.00	        1.00	        1.00	        1.00
  0.53	        2.00	        0.00	   599065.00	        1.00	        1.00	        1.00
  0.54	        2.00	        0.00	   599042.00	        1.00	        1.00	        1.00
  0.55	        2.00	        0.00	   599028.00	        1.00	        1.00	        1.00
  0.56	        2.00	        0.00	   599009.00	        1.00	        1.00	        1.00
  0.57	        2.00	        0.00	   598993.00	        1.00	        1.00	        1.00
  0.58	        2.00	        0.00	   598975.00	        1.00	        1.00	        1.00
  0.59	        2.00	        0.00	   598956.00	        1.00	        1.00	        1.00
  0.60	        2.00	        0.00	   598934.00	        1.00	        1.00	        1.00
  0.61	        2.00	        0.00	   598919.00	        1.00	        1.00	        1.00
  0.62	        2.00	        0.00	   598904.00	        1.00	        1.00	        1.00
  0.63	        2.00	        0.00	   598885.00	        1.00	        1.00	        1.00
  0.64	        2.00	        0.00	   598872.00	        1.00	        1.00	        1.00
  0.65	        2.00	        0.00	   598858.00	        1.00	        1.00	        1.00
  0.66	        2.00	        0.00	   598843.00	        1.00	        1.00	        1.00
  0.67	        2.00	        0.00	   598823.00	        1.00	        1.00	        1.00
  0.68	        2.00	        0.00	   598800.00	        1.00	        1.00	        1.00
  0.69	        2.00	        0.00	   598783.00	        1.00	        1.00	        1.00
  0.70	        2.00	        0.00	   598764.00	        1.00	        1.00	        1.00
  0.71	        2.00	        0.00	   598753.00	        1.00	        1.00	        1.00
  0.72	        2.00	        0.00	   598742.00	        1.00	        1.00	        1.00
  0.73	        2.00	        0.00	   598719.00	        1.00	        1.00	        1.00
  0.74	        2.00	        0.00	   598703.00	        1.00	        1.00	        1.00
  0.75	        2.00	        0.00	   598682.00	        1.00	        1.00	        1.00
  0.76	        2.00	        0.00	   598664.00	        1.00	        1.00	        1.00
  0.77	        2.00	        0.00	   598652.00	        1.00	        1.00	        1.00
  0.78	        2.00	        0.00	   598626.00	        1.00	        1.00	        1.00
  0.79	        2.00	        0.00	   598609.00	        1.00	        1.00	        1.00
  0.80	        2.00	        0.00	   598598.00	        1.00	        1.00	        1.00
  0.81	        2.00	        0.00	   598578.00	        1.00	        1.00	        1.00
  0.82	        2.00	        0.00	   598560.00	        1.00	        1.00	        1.00
  0.83	        2.00	        0.00	   598540.00	        1.00	        1.00	        1.00
  0.84	        2.00	        0.00	   598524.00	        1.00	        1.00	        1.00
  0.85	        2.00	        0.00	   598511.00	        1.00	        1.00	        1.00
  0.86	        2.00	        0.00	   598489.00	        1.00	        1.00	        1.00
  0.87	        2.00	        0.00	   598478.00	        1.00	        1.00	        1.00
  0.88	        2.00	        0.00	   598456.00	        1.00	        1.00	        1.00
  0.89	        2.00	        0.00	   598433.00	        1.00	        1.00	        1.00
  0.90	        2.00	        0.00	   598415.00	        1.00	        1.00	        1.00
  0.91	        2.00	        0.00	   598390.00	        1.00	        1.00	        1.00
  0.92	        2.00	        0.00	   598378.00	        1.00	        1.00	        1.00
  0.93	        2.00	        0.00	   598364.00	        1.00	        1.00	        1.00
  0.94	        2.00	        0.00	   598342.00	        1.00	        1.00	        1.00
  0.95	        2.00	        0.00	   598317.00	        1.00	        1.00	        1.00
  0.96	        2.00	        0.00	   598303.00	        1.00	        1.00	        1.00
  0.97	        2.00	        0.00	   598286.00	        1.00	        1.00	        1.00
  0.98	        3.00	        0.00	   598263.00	        1.00	        2.00	        1.00
  0.99	        3.00	        0.00	   598250.00	        1.00	        2.00	        1.00
  1.00	        3.00	        0.00	   598228.00	        1.00	        2.00	        1.00
  1.01	        3.00	        0.00	   598216.00	        1.00	        2.00	        1.00
  1.02	        3.00	        0.00	   598203.00	        1.00	        2.00	        1.00
  1.03	        3.00	        0.00	   598186.00	        1.00	        2.00	        1.00
  1.04	        3.00	        0.00	   598167.00	        1.00	        2.00	        1.00
  1.05	        3.00	        0.00	   598150.00	        1.00	        2.00	        1.00
  1.06	        4.00	        0.00	   598129.00	        1.00	        3.00	        1.00
  1.07	        4.00	        0.00	   598109.00	        1.00	        3.00	        1.00
  1.08	        4.00	        0.00	   598092.00	        1.00	        3.00	        1.00
  1.09	        4.00	        0.00	   598075.00	        1.00	        3.00	        1.00
  1.10	        4.00	        0.00	   598054.00	        1.00	        3.00	        1.00
  1.11	        4.00	        0.00	   598038.00	        1.00	        3.00	        1.00
  1.12	        4.00	        0.00	   598023.00	        1.00	        3.00	        1.00
  1.13	        4.00	        0.00	   598005.00	        1.00	        3.00	        1.00
  1.14	        4.00	        0.00	   597986.00	        1.00	        3.00	        1.00
  1.15	        4.00	        0.00	   597967.00	        1.00	        3.00	        1.00
  1.16	        4.00	        0.00	   597941.00	        1.00	        3.00	        1.00
  1.17	        4.00	        0.00	   597925.00	        1.00	        3.00	        1.00
  1.18	        4.00	        0.00	   597904.00	        1.00	        3.00	        1.00
  1.19	        4.00	        0.00	   597883.00	        1.00	        3.00	        1.00
  1.20	        4.00	        0.00	   597867.00	        1.00	        3.00	        1.00
  1.21	        4.00	        0.00	   597843.00	        1.00	        3.00	        1.00
  1.22	        4.00	        0.00	   597823.00	        1.00	        3.00	        1.00
  1.23	        4.00	        0.00	   597806.00	        1.00	        3.00	        1.00
  1.24	        4.00	        0.00	   597791.00	        1.00	        3.00	        1.00
  1.25	        4.00	        0.00	   597769.00	        1.00	        3.00	        1.00
  1.26	        4.00	        0.00	   597751.00	        1.00	        3.00	        1.00
  1.27	        4.00	        0.00	   597730.00	        1.00	        3.00	        1.00
  1.28	        4.00	        0.00	   597705.00	        1.00	        3.00	        1.00
  1.29	        5.00	        0.00	   597686.00	        1.00	        4.00	        1.00
  1.30	        5.00	        0.00	   597672.00	        1.00	        4.00	        1.00
  1.31	        5.00	        0.00	   597651.00	        1.00	        4.00	        1.00
  1.32	        5.00	        0.00	   597632.00	        1.00	        4.00	        1.00
  1.33	        5.00	        0.00	   597619.00	        1.00	        4.00	        1.00
  1.34	        5.00	        0.00	   597598.00	        1.00	        4.00	        1.00
  1.35	        5.00	        0.00	   597577.00	        1.00	        4.00	        1.00
  1.36	        5.00	        0.00	   597553.00	        1.00	        4.00	        1.00
  1.37	        5.00	        0.00	   597539.00	        1.00	        4.00	        1.00
  1.38	        5.00	        0.00	   597523.00	        1.00	        4.00	        1.00
  1.39	        5.00	        0.00	   597504.00	        1.00	        4.00	        1.00
  1.40	        5.00	        0.00	   597482.00	        1.00	        4.00	        1.00
  1.41	        5.00	        0.00	   597469.00	        1.00	        4.00	        1.00
  1.42	        5.00	        0.00	   597451.00	        1.00	        4.00	        1.00
  1.43	        5.00	        0.00	   597437.00	        1.00	        4.00	        1.00
  1.44	        5.00	        0.00	   597418.00	        1.00	        4.00	        1.00
  1.45	        5.00	        0.00	   597391.00	        1.00	        4.00	        1.00
  1.46	        5.00	        0.00	   597378.00	        1.00	        4.00	        1.00
  1.47	        5.00	        0.00	   597357.00	        1.00	        4.00	        1.00
  1.48	        5.00	        0.00	   597331.00	        1.00	        4.00	        1.00
  1.49	        6.00	        0.00	   597313.00	        1.00	        5.00	        1.00
  1.50	        6.00	        0.00	   597299.00	        1.00	        5.00	        1.00
  1.51	        6.00	        0.00	   597281.00	        1.00	        5.00	        1.00
  1.52	        8.00	        0.00	   597267.00	        1.00	        7.00	        1.00
  1.53	        8.00	        0.00	   597252.00	        1.00	        7.00	        1.00
  1.54	        8.00	        0.00	   597231.00	        1.00	        7.00	        1.00
  1.55	        8.00	        0.00	   597218.00	        1.00	        7.00	        1.00
  1.56	        8.00	        0.00	   597202.00	        1.00	        7.00	        1.00
  1.57	        8.00	        0.00	   597183.00	        1.00	        7.00	        1.00
  1.58	        9.00	        0.00	   597160.00	        1.00	        8.00	        1.00
  1.59	        9.00	        0.00	   597140.00	        1.00	        8.00	        1.00
  1.60	        9.00	        0.00	   597122.00	        1.00	        8.00	        1.00
  1.61	        9.00	        0.00	   597111.00	        1.00	        8.00	        1.00
  1.62	        9.00	        0.00	   597087.00	        1.00	        8.00	        1.00
  1.63	        9.00	        0.00	   597073.00	        1.00	        8.00	        1.00
  1.64	       10.00	        0.00	   597052.00	        1.00	        9.00	        1.00
  1.65	       10.00	        0.00	   597035.00	        1.00	        9.00	        1.00
  1.66	       10.00	        0.00	   597016.00	        1.00	        9.00	        1.00
  1.67	       10.00	        0.00	   596997.00	        1.00	        9.00	        1.00
  1.68	       10.00	        0.00	   596978.00	        1.00	        9.00	        1.00
  1.69	       10.00	        0.00	   596964.00	        1.00	        9.00	        1.00
  1.70	       10.00	        0.00	   596944.00	        1.00	        9.00	        1.00
  1.71	       10.00	        0.00	   596925.00	        1.00	        9.00	        1.00
  1.72	       10.00	        0.00	   596909.00	        1.00	        9.00	        1.00
  1.73	       10.00	        0.00	   596893.00	        1.00	        9.00	        1.00
  1.74	       10.00	        0.00	   596875.00	        1.00	        9.00	        1.00
  1.75	       10.00	        0.00	   596859.00	        1.00	        9.00	        1.00
  1.76	       10.00	        0.00	   596849.00	        1.00	        9.00	        1.00
  1.77	       10.00	        0.00	   596836.00	        1.00	        9.00	        1.00
  1.78	       10.00	        0.00	   596817.00	        1.00	        9.00	        1.00
  1.79	       10.00	        0.00	   596804.00	        1.00	        9.00	        1.00
  1.80	       10.00	        0.00	   596784.00	        1.00	        9.00	        1.00
  1.81	       12.00	        0.00	   596771.00	        1.00	       11.00	        1.00
  1.82	       12.00	        0.00	   596756.00	        1.00	       11.00	        1.00
  1.83	       12.00	        0.00	   596743.00	        1.00	       11.00	        1.00
  1.84	       12.00	        0.00	   596724.00	        1.00	       11.00	        1.00
  1.85	       12.00	        0.00	   596711.00	        1.00	       11.00	        1.00
  1.86	       13.00	        0.00	   596693.00	        1.00	       12.00	        1.00
  1.87	       13.00	        0.00	   596672.00	        1.00	       12.00	        1.00
  1.88	       13.00	        0.00	   596661.00	        1.00	       12.00	        1.00
  1.89	       13.00	        0.00	   596646.00	        1.00	       12.00	        1.00
  1.90	       13.00	        0.00	   596628.00	        1.00	       12.00	        1.00
  1.91	       13.00	        0.00	   596617.00	        1.00	       12.00	        1.00
  1.92	       13.00	        0.00	   596605.00	        1.00	       12.00	        1.00
  1.93	       13.00	        0.00	   596591.00	        1.00	       12.00	        1.00
  1.94	       14.00	        0.00	   596577.00	        1.00	       13.00	        1.00
  1.95	       14.00	        0.00	   596559.00	        1.00	       13.00	        1.00
  1.96	       15.00	        0.00	   596545.00	        1.00	       14.00	        1.00
  1.97	       15.00	        0.00	   596530.00	        1.00	       14.00	        1.00
  1.98	       15.00	        0.00	   596514.00	        1.00	       14.00	        1.00
  1.99	       15.00	        0.00	   596492.00	        1.00	       14.00	        1.00
  2.00	       15.00	        0.00	   596474.00	        1.00	       14.00	        1.00
  2.01	       15.00	        0.00	   596458.00	        1.00	       14.00	        1.00
  2.02	       15.00	        0.00	   596438.00	        1.00	       14.00	        1.00
  2.03	       15.00	        0.00	   596414.00	        1.00	       14.00	        1.00
  2.04	       15.00	        0.00	   596390.00	        1.00	       14.00	        1.00
  2.05	       15.00	        0.00	   596369.00	        1.00	       14.00	        1.00
  2.06	       15.00	        0.00	   596352.00	        1.00	       14.00	        1.00
  2.07	       15.00	        0.00	   596336.00	        1.00	       14.00	        1.00
  2.08	       15.00	        0.00	   596324.00	        1.00	       14.00	        1.00
  2.09	       15.00	        0.00	   596307.00	        1.00	       14.00	        1.00
  2.10	       15.00	        0.00	   596296.00	        1.00	       14.00	        1.00
  2.11	       15.00	        0.00	   596283.00	        1.00	       14.00	        1.00
  2.12	       15.00	        0.00	   596268.00	        1.00	       14.00	        1.00
  2.13	       15.00	        0.00	   596252.00	        1.00	       14.00	        1.00
  2.14	       15.00	        0.00	   596234.00	        1.00	       14.00	        1.00
  2.15	       15.00	        0.00	   596222.00	        1.00	       14.00	        1.00
  2.16	       15.00	        0.00	   596199.00	        1.00	       14.00	        1.00
  2.17	       15.00	        0.00	   596180.00	        1.00	       14.00	        1.00
  2.18	       15.00	        0.00	   596163.00	        1.00	       14.00	        1.00
  2.19	       15.00	        0.00	   596148.00	        1.00	       14.00	        1.00
  2.20	       15.00	        0.00	   596125.00	        1.00	       14.00	        1.00
  2.21	       15.00	        0.00	   596095.00	        1.00	       14.00	        1.00
  2.22	       15.00	        0.00	   596077.00	        1.00	       14.00	        1.00
  2.23	       16.00	        0.00	   596053.00	        1.00	       15.00	        1.00
  2.24	       16.00	        0.00	   596035.00	        1.00	       15.00	        1.00
  2.25	       16.00	        0.00	   596016.00	        1.00	       15.00	        1.00
  2.26	       16.00	        0.00	   595998.00	        1.00	       15.00	        1.00
  2.27	       16.00	        0.00	   595980.00	        1.00	       15.00	        1.00
  2.28	       17.00	        0.00	   595962.00	        1.00	       16.00	        1.00
  2.29	       17.00	        0.00	   595952.00	        1.00	       16.00	        1.00
  2.30	       17.00	        0.00	   595928.00	        1.00	       16.00	        1.00
  2.31	       17.00	        0.00	   595913.00	        1.00	       16.00	        1.00
  2.32	       18.00	        0.00	   595906.00	        1.00	       17.00	        1.00
  2.33	       18.00	        0.00	   595892.00	        1.00	       17.00	        1.00
  2.34	       18.00	        0.00	   595874.00	        1.00	       17.00	        1.00
  2.35	       19.00	        0.00	   595850.00	        1.00	       18.00	        1.00
  2.36	       19.00	        0.00	   595828.00	        1.00	       18.00	        1.00
  2.37	       19.00	        0.00	   595811.00	        1.00	       18.00	        1.00
  2.38	       19.00	        0.00	   595795.00	        1.00	       18.00	        1.00
  2.39	       20.00	        0.00	   595776.00	        1.00	       19.00	        1.00
  2.40	       20.00	        0.00	   595749.00	        1.00	       19.00	        1.00
  2.41	       20.00	        0.00	   595729.00	        1.00	       19.00	        1.00
  2.42	       22.00	        0.00	   595720.00	        1.00	       21.00	        1.00
  2.43	       22.00	        0.00	   595700.00	        1.00	       21.00	        1.00
  2.44	       24.00	        0.00	   595684.00	        1.00	       23.00	        1.00
  2.45	       24.00	        0.00	   595670.00	        1.00	       23.00	        1.00
  2.46	       24.00	        0.00	   595653.00	        1.00	       23.00	        1.00
  2.47	       24.00	        0.00	   595633.00	        1.00	       23.00	        1.00
  2.48	       25.00	        0.00	   595615.00	        1.00	       24.00	        1.00
  2.49	       25.00	        0.00	   595595.00	        1.00	       24.00	        1.00
  2.50	       25.00	        0.00	   595583.00	        1.00	       24.00	        1.00
  2.51	       25.00	        0.00	   595565.00	        1.00	       24.00	        1.00
  2.52	       28.00	        0.00	   595546.00	        1.00	       27.00	        1.00
  2.53	       28.00	        0.00	   595526.00	        1.00	       27.00	        1.00
  2.54	       29.00	        0.00	   595507.00	        1.00	       28.00	        1.00
  2.55	       29.00	        0.00	   595489.00	        1.00	       28.00	        1.00
  2.56	       29.00	        0.00	   595467.00	        1.00	       28.00	        1.00
  2.57	       29.00	        0.00	   595453.00	        1.00	       28.00	        1.00
  2.58	       31.00	        0.00	   595438.00	        1.00	       30.00	        1.00
  2.59	       32.00	        0.00	   595420.00	        1.00	       31.00	        1.00
  2.60	       32.00	        0.00	   595404.00	        1.00	       31.00	        1.00
  2.61	       32.00	        0.00	   595390.00	        1.00	       31.00	        1.00
  2.62	       32.00	        0.00	   595367.00	        1.00	       31.00	        1.00
  2.63	       32.00	        0.00	   595355.00	        1.00	       31.00	        1.00
  2.64	       32.00	        0.00	   595336.00	        1.00	       31.00	        1.00
  2.65	       33.00	        0.00	   595316.00	        1.00	       32.00	        1.00
  2.66	       33.00	        0.00	   595307.00	        1.00	       32.00	        1.00
  2.67	       33.00	        0.00	   595288.00	        1.00	       32.00	        1.00
  2.68	       33.00	        0.00	   595272.00	        1.00	       32.00	        1.00
  2.69	       33.00	        0.00	   595251.00	        1.00	       32.00	        1.00
  2.70	       33.00	        0.00	   595232.00	        1.00	       32.00	        1.00
  2.71	       33.00	        0.00	   595214.00	        1.00	       32.00	        1.00
  2.72	       33.00	        0.00	   595202.00	        1.00	       32.00	        1.00
  2.73	       33.00	        0.00	   595192.00	        1.00	       32.00	        1.00
  2.74	       33.00	        0.00	   595175.00	        1.00	       32.00	        1.00
  2.75	       33.00	        0.00	   595153.00	        1.00	       32.00	        1.00
  2.76	       33.00	        0.00	   595138.00	        1.00	       32.00	        1.00
  2.77	       33.00	        0.00	   595111.00	        1.00	       32.00	        1.00
  2.78	       33.00	        0.00	   595089.00	        1.00	       32.00	        1.00
  2.79	       34.00	        0.00	   595070.00	        1.00	       33.00	        1.00
  2.80	       34.00	        0.00	   595063.00	        1.00	       33.00	        1.00
  2.81	       34.00	        0.00	   595046.00	        1.00	       33.00	        1.00
  2.82	       34.00	        0.00	   595030.00	        1.00	       33.00	        1.00
  2.83	       34.00	        0.00	   595017.00	        1.00	       33.00	        1.00
  2.84	       35.00	        0.00	   595000.00	        1.00	       34.00	        1.00
  2.85	       36.00	        0.00	   594982.00	        1.00	       35.00	        1.00
  2.86	       36.00	        0.00	   594959.00	        1.00	       35.00	        1.00
  2.87	       36.00	        0.00	   594944.00	        1.00	       35.00	        1.00
  2.88	       37.00	        0.00	   594925.00	        1.00	       36.00	        1.00
  2.89	       37.00	        0.00	   594908.00	        1.00	       36.00	        1.00
  2.90	       37.00	        1.00	   594889.00	        1.00	       37.00	        1.00
  2.91	       38.00	        1.00	   594871.00	        1.00	       38.00	        1.00
  2.92	       38.00	        1.00	   594852.00	        1.00	       38.00	        1.00
  2.93	       39.00	        1.00	   594830.00	        1.00	       39.00	        1.00
  2.94	       42.00	        1.00	   594812.00	        1.00	       42.00	        1.00
  2.95	       44.00	        1.00	   594798.00	        1.00	       44.00	        1.00
  2.96	       44.00	        1.00	   594781.00	        1.00	       44.00	        1.00
  2.97	       45.00	        1.00	   594764.00	        1.00	       45.00	        1.00
  2.98	       45.00	        1.00	   594741.00	        1.00	       45.00	        1.00
  2.99	       46.00	        1.00	   594724.00	        1.00	       46.00	        1.00
  3.00	       46.00	        1.00	   594709.00	        1.00	       46.00	        1.00
  3.01	       47.00	        1.00	   594690.00	        1.00	       47.00	        1.00
  3.02	       47.00	        1.00	   594671.00	        1.00	       47.00	        1.00
  3.03	       48.00	        1.00	   594650.00	        1.00	       48.00	        1.00
  3.04	       49.00	        1.00	   594630.00	        1.00	       49.00	        1.00
  3.05	       49.00	        1.00	   594619.00	        1.00	       49.00	        1.00
  3.06	       49.00	        1.00	   594592.00	        1.00	       49.00	        1.00
  3.07	       49.00	        1.00	   594565.00	        1.00	       49.00	        1.00
  3.08	       50.00	        1.00	   594550.00	        1.00	       50.00	        1.00
  3.09	       51.00	        1.00	   594528.00	        1.00	       51.00	        1.00
  3.10	       51.00	        1.00	   594515.00	        1.00	       51.00	        1.00
  3.11	       51.00	        1.00	   594495.00	        1.00	       51.00	        1.00
  3.12	       54.00	        1.00	   594467.00	        1.00	       54.00	        1.00
  3.13	       54.00	        1.00	   594448.00	        1.00	       54.00	        1.00
  3.14	       56.00	        1.00	   594429.00	        1.00	       56.00	        1.00
  3.15	       56.00	        1.00	   594417.00	        1.00	       56.00	        1.00
  3.16	       57.00	        1.00	   594397.00	        1.00	       57.00	        1.00
  3.17	       57.00	        1.00	   594372.00	        1.00	       57.00	        1.00
  3.18	       58.00	        1.00	   594354.00	        1.00	       58.00	        1.00
  3.19	       59.00	        1.00	   594334.00	        1.00	       59.00	        1.00
  3.20	       59.00	        1.00	   594321.00	        1.00	       59.00	        1.00
  3.21	       62.00	        1.00	   594303.00	        1.00	       62.00	        1.00
  3.22	       65.00	        1.00	   594280.00	        1.00	       65.00	        1.00
  3.23	       66.00	        1.00	   594255.00	        1.00	       66.00	        1.00
  3.24	       66.00	        1.00	   594235.00	        1.00	       66.00	        1.00
  3.25	       67.00	        1.00	   594216.00	        1.00	       67.00	        1.00
  3.26	       69.00	        1.00	   594196.00	        1.00	       69.00	        1.00
  3.27	       71.00	        1.00	   594177.00	        1.00	       71.00	        1.00
  3.28	       71.00	        1.00	   594154.00	        1.00	       71.00	        1.00
  3.29	       71.00	        1.00	   594136.00	        1.00	       71.00	        1.00
  3.30	       71.00	        1.00	   594115.00	        1.00	       71.00	        1.00
  3.31	       72.00	        1.00	   594099.00	        1.00	       72.00	        1.00
  3.32	       72.00	        1.00	   594077.00	        1.00	       72.00	        1.00
  3.33	       73.00	        1.00	   594059.00	        1.00	       73.00	        1.00
  3.34	       73.00	        1.00	   594039.00	        1.00	       73.00	        1.00
  3.35	       74.00	        1.00	   594025.00	        1.00	       74.00	        1.00
  3.36	       75.00	        1.00	   594005.00	        1.00	       75.00	        1.00
  3.37	       78.00	        1.00	   593985.00	        1.00	       78.00	        1.00
  3.38	       78.00	        1.00	   593955.00	        1.00	       78.00	        1.00
  3.39	       78.00	        1.00	   593937.00	        1.00	       78.00	        1.00
  3.40	       81.00	        1.00	   593922.00	        1.00	       81.00	        1.00
  3.41	       82.00	        1.00	   593909.00	        1.00	       82.00	        1.00
  3.42	       84.00	        1.00	   593894.00	        1.00	       84.00	        1.00
  3.43	       84.00	        1.00	   593883.00	        1.00	       84.00	        1.00
  3.44	       83.00	        2.00	   593861.00	        1.00	       84.00	        1.00
  3.45	       84.00	        2.00	   593837.00	        1.00	       85.00	        1.00
  3.46	       88.00	        2.00	   593826.00	        1.00	       89.00	        1.00
  3.47	       89.00	        2.00	   593812.00	        1.00	       90.00	        1.00
  3.48	       90.00	        2.00	   593793.00	        1.00	       91.00	        1.00
  3.49	       91.00	        2.00	   593772.00	        1.00	       92.00	        1.00
  3.50	       93.00	        2.00	   593759.00	        1.00	       94.00	        1.00
  3.51	       93.00	        2.00	   593740.00	        1.00	       94.00	        1.00
  3.52	       95.00	        2.00	   593717.00	        1.00	       96.00	        1.00
  3.53	       99.00	        2.00	   593697.00	        1.00	      100.00	        1.00
  3.54	      100.00	        2.00	   593678.00	        1.00	      101.00	        1.00
  3.55	      103.00	        2.00	   593659.00	        1.00	      104.00	        1.00
  3.56	      103.00	        2.00	   593650.00	        1.00	      104.00	        1.00
  3.57	      105.00	        2.00	   593629.00	        1.00	      106.00	        1.00
  3.58	      108.00	        2.00	   593618.00	        1.00	      109.00	        1.00
  3.59	      109.00	        2.00	   593597.00	        1.00	      110.00	        1.00
  3.60	      110.00	        2.00	   593584.00	        1.00	      111.00	        1.00
  3.61	      112.00	        2.00	   593563.00	        1.00	      113.00	        1.00
  3.62	      115.00	        2.00	   593551.00	        1.00	      116.00	        1.00
  3.63	      116.00	        2.00	   593538.00	        1.00	      117.00	        1.00
  3.64	      118.00	        2.00	   593518.00	        1.00	      119.00	        1.00
  3.65	      120.00	        2.00	   593505.00	        1.00	      121.00	        1.00
  3.66	      122.00	        2.00	   593485.00	        1.00	      123.00	        1.00
  3.67	      122.00	        2.00	   593464.00	        1.00	      123.00	        1.00
  3.68	      123.00	        2.00	   593447.00	        1.00	      124.00	        1.00
  3.69	      125.00	        2.00	   593429.00	        1.00	      126.00	        1.00
  3.70	      127.00	        2.00	   593405.00	        1.00	      128.00	        1.00
  3.71	      127.00	        2.00	   593389.00	        1.00	      128.00	        1.00
  3.72	      131.00	        2.00	   593372.00	        1.00	      132.00	        1.00
  3.73	      131.00	        2.00	   593359.00	        1.00	      132.00	        1.00
  3.74	      131.00	        2.00	   593344.00	        1.00	      132.00	        1.00
  3.75	      135.00	        2.00	   593327.00	        1.00	      136.00	        1.00
  3.76	      138.00	        2.00	   593310.00	        1.00	      139.00	        1.00
  3.77	      141.00	        2.00	   593293.00	        1.00	      142.00	        1.00
  3.78	      146.00	        2.00	   593276.00	        1.00	      147.00	        1.00
  3.79	      146.00	        2.00	   593263.00	        1.00	      147.00	        1.00
  3.80	      150.00	        2.00	   593248.00	        1.00	      151.00	        1.00
  3.81	      151.00	        2.00	   593232.00	        1.00	      152.00	        1.00
  3.82	      151.00	        2.00	   593223.00	        1.00	      152.00	        1.00
  3.83	        0.00	      156.00	   593400.00	        0.00	      156.00	        1.00
  3.84	        0.00	      156.00	   593382.00	        0.00	      156.00	        1.00
  3.85	        0.00	      156.00	   593369.00	        0.00	      156.00	        1.00
  3.86	        0.00	      156.00	   593356.00	        0.00	      156.00	        1.00
  3.87	        0.00	      156.00	   593340.00	        0.00	      156.00	        1.00
  3.88	        0.00	      156.00	   593334.00	        0.00	      156.00	        1.00
  3.89	        0.00	      156.00	   593323.00	        0.00	      156.00	        1.00
  3.90	        0.00	      156.00	   593310.00	        0.00	      156.00	        1.00
  3.91	        0.00	      156.00	   593292.00	        0.00	      156.00	        1.00
  3.92	        0.00	      156.00	   593268.00	        0.00	      156.00	        1.00
  3.93	        0.00	      156.00	   593255.00	        0.00	      156.00	        1.00
  3.94	        0.00	      156.00	   593244.00	        0.00	      156.00	        1.00
  3.95	        0.00	      156.00	   593225.00	        0.00	      156.00	        1.00
  3.96	        0.00	      156.00	   593202.00	        0.00	      156.00	        1.00
  3.97	        0.00	      156.00	   593184.00	        0.00	      156.00	        1.00
  3.98	        0.00	      156.00	   593170.00	        0.00	      156.00	        1.00
  3.99	        0.00	      156.00	   593143.00	        0.00	      156.00	        1.00
  4.00	        0.00	      156.00	   593124.00	        0.00	      156.00	        1.00
  4.01	        0.00	      156.00	   593111.00	        0.00	      156.00	        1.00
  4.02	        0.00	      156.00	   593094.00	        0.00	      156.00	        1.00
  4.03	        0.00	      156.00	   593079.00	        0.00	      156.00	        1.00
  4.04	        0.00	      156.00	   593059.00	        0.00	      156.00	        1.00
  4.05	        0.00	      156.00	   593041.00	        0.00	      156.00	        1.00
  4.06	        0.00	      156.00	   593025.00	        0.00	      156.00	        1.00
  4.07	        0.00	      156.00	   593004.00	        0.00	      156.00	        1.00
  4.08	        0.00	      156.00	   592979.00	        0.00	      156.00	        1.00
  4.09	        0.00	      156.00	   592961.00	        0.00	      156.00	        1.00
  4.10	        0.00	      156.00	   592946.00	        0.00	      156.00	        1.00
  4.11	        0.00	      156.00	   592924.00	        0.00	      156.00	        1.00
  4.12	        0.00	      156.00	   592906.00	        0.00	      156.00	        1.00
  4.13	        0.00	      156.00	   592885.00	        0.00	      156.00	        1.00
  4.14	        0.00	      156.00	   592857.00	        0.00	      156.00	        1.00
  4.15	        0.00	      156.00	   592843.00	        0.00	      156.00	        1.00
  4.16	        0.00	      156.00	   592822.00	        0.00	      156.00	        1.00
  4.17	        0.00	      156.00	   592799.00	        0.00	      156.00	        1.00
  4.18	        0.00	      156.00	   592793.00	        0.00	      156.00	        1.00
  4.19	        0.00	      156.00	   592773.00	        0.00	      156.00	        1.00
  4.20	        0.00	      156.00	   592757.00	        0.00	      156.00	        1.00
  4.21	        0.00	      156.00	   592734.00	        0.00	      156.00	        1.00
  4.22	        0.00	      156.00	   592720.00	        0.00	      156.00	        1.00
  4.23	        0.00	      156.00	   592703.00	        0.00	      156.00	        1.00
  4.24	        0.00	      156.00	   592684.00	        0.00	      156.00	        1.00
  4.25	        0.00	      156.00	   592671.00	        0.00	      156.00	        1.00
  4.26	        0.00	      156.00	   592648.00	        0.00	      156.00	        1.00
  4.27	        0.00	      156.00	   592631.00	        0.00	      156.00	        1.00
  4.28	        0.00	      156.00	   592617.00	        0.00	      156.00	        1.00
  4.29	        0.00	      156.00	   592597.00	        0.00	      156.00	        1.00
  4.30	        0.00	      156.00	   592582.00	        0.00	      156.00	        1.00
  4.31	        0.00	      156.00	   592567.00	        0.00	      156.00	        1.00
  4.32	        0.00	      155.00	   592758.00	        0.00	      156.00	        1.00
  4.33	        0.00	      155.00	   592737.00	        0.00	      156.00	        1.00
  4.34	        0.00	      155.00	   592719.00	        0.00	      156.00	        1.00
  4.35	        0.00	      154.00	   592893.00	        0.00	      156.00	        1.00
  4.36	        0.00	      154.00	   592866.00	        0.00	      156.00	        1.00
  4.37	        0.00	      154.00	   592843.00	        0.00	      156.00	        1.00
  4.38	        0.00	      154.00	   592826.00	        0.00	      156.00	        1.00
  4.39	        0.00	      152.00	   593212.00	        0.00	      156.00	        1.00
  4.40	        0.00	      152.00	   593194.00	        0.00	      156.00	        1.00
  4.41	        0.00	      152.00	   593180.00	        0.00	      156.00	        1.00
  4.42	        0.00	      152.00	   593164.00	        0.00	      156.00	        1.00
  4.43	        0.00	      152.00	   593145.00	        0.00	      156.00	        1.00
  4.44	        0.00	      151.00	   593325.00	        0.00	      156.00	        1.00
  4.45	        0.00	      151.00	   593308.00	        0.00	      156.00	        1.00
  4.46	        0.00	      150.00	   593493.00	        0.00	      156.00	        1.00
  4.47	        0.00	      150.00	   593478.00	        0.00	      156.00	        1.00
  4.48	        0.00	      150.00	   593466.00	        0.00	      156.00	        1.00
  4.49	        0.00	      149.00	   593641.00	        0.00	      156.00	        1.00
  4.50	        0.00	      148.00	   593821.00	        0.00	      156.00	        1.00
  4.51	        0.00	      148.00	   593795.00	        0.00	      156.00	        1.00
  4.52	        0.00	      148.00	   593779.00	        0.00	      156.00	        1.00
  4.53	        0.00	      148.00	   593763.00	        0.00	      156.00	        1.00
  4.54	        0.00	      148.00	   593748.00	        0.00	      156.00	        1.00
  4.55	        0.00	      148.00	   593726.00	        0.00	      156.00	        1.00
  4.56	        0.00	      148.00	   593707.00	        0.00	      156.00	        1.00
  4.57	        0.00	      148.00	   593693.00	        0.00	      156.00	        1.00
  4.58	        0.00	      148.00	   593675.00	        0.00	      156.00	        1.00
  4.59	        0.00	      147.00	   593863.00	        0.00	      156.00	        1.00
  4.60	        0.00	      145.00	   594243.00	        0.00	      156.00	        1.00
  4.61	        0.00	      142.00	   594828.00	        0.00	      156.00	        1.00
  4.62	        0.00	      142.00	   594812.00	        0.00	      156.00	        1.00
  4.63	        0.00	      140.00	   595192.00	        0.00	      156.00	        1.00
  4.64	        0.00	      139.00	   595369.00	        0.00	      156.00	        1.00
  4.65	        0.00	      137.00	   595748.00	        0.00	      156.00	        1.00
  4.66	        0.00	      136.00	   595931.00	        0.00	      156.00	        1.00
  4.67	        0.00	      135.00	   596110.00	        0.00	      156.00	        1.00
  4.68	        0.00	      135.00	   596086.00	        0.00	      156.00	        1.00
  4.69	        0.00	      134.00	   596260.00	        0.00	      156.00	        1.00
  4.70	        0.00	      132.00	   596640.00	        0.00	      156.00	        1.00
  4.71	        0.00	      130.00	   597023.00	        0.00	      156.00	        1.00
  4.72	        0.00	      130.00	   597002.00	        0.00	      156.00	        1.00
  4.73	        0.00	      128.00	   597385.00	        0.00	      156.00	        1.00
  4.74	        0.00	      128.00	   597365.00	        0.00	      156.00	        1.00
  4.75	        0.00	      125.00	   597942.00	        0.00	      156.00	        1.00
  4.76	        0.00	      121.00	   598715.00	        0.00	      156.00	        1.00
  4.77	        0.00	      120.00	   598901.00	        0.00	      156.00	        1.00
  4.78	        0.00	      120.00	   598880.00	        0.00	      156.00	        1.00
  4.79	        0.00	      119.00	   599063.00	        0.00	      156.00	        1.00
  4.80	        0.00	      118.00	   599246.00	        0.00	      156.00	        1.00
  4.81	        0.00	      118.00	   599228.00	        0.00	      156.00	        1.00
  4.82	        0.00	      116.00	   599618.00	        0.00	      156.00	        1.00
  4.83	        0.00	      115.00	   599802.00	        0.00	      156.00	        1.00
  4.84	        0.00	      113.00	   600182.00	        0.00	      156.00	        1.00
  4.85	        0.00	      111.00	   600557.00	        0.00	      156.00	        1.00
  4.86	        0.00	      110.00	   600734.00	        0.00	      156.00	        1.00
  4.87	        0.00	      109.00	   600917.00	        0.00	      156.00	        1.00
  4.88	        0.00	      106.00	   601490.00	        0.00	      156.00	        1.00
  4.89	        0.00	      103.00	   602071.00	        0.00	      156.00	        1.00
  4.90	        0.00	      101.00	   602455.00	        0.00	      156.00	        1.00
  4.91	        0.00	       99.00	   602825.00	        0.00	      156.00	        1.00
  4.92	        0.00	       99.00	   602804.00	        0.00	      156.00	        1.00
  4.93	        0.00	       97.00	   603181.00	        0.00	      156.00	        1.00
  4.94	        0.00	       96.00	   603362.00	        0.00	      156.00	        1.00
  4.95	        0.00	       95.00	   603541.00	        0.00	      156.00	        1.00
  4.96	        0.00	       94.00	   603711.00	        0.00	      156.00	        1.00
  4.97	        0.00	       94.00	   603689.00	        0.00	      156.00	        1.00
  4.98	        0.00	       94.00	   603672.00	        0.00	      156.00	        1.00
  4.99	        0.00	       88.00	   604851.00	        0.00	      156.00	        1.00
  5.00	        0.00	       84.00	   605639.00	        0.00	      156.00	        1.00
  5.01	        0.00	       81.00	   606214.00	        0.00	      156.00	        1.00
  5.02	        0.00	       79.00	   606595.00	        0.00	      156.00	        1.00
  5.03	        0.00	       79.00	   606572.00	        0.00	      156.00	        1.00
  5.04	        0.00	       78.00	   606747.00	        0.00	      156.00	        1.00
  5.05	        0.00	       75.00	   607323.00	        0.00	      156.00	        1.00
  5.06	        0.00	       70.00	   608290.00	        0.00	      156.00	        1.00
  5.07	        0.00	       68.00	   608667.00	        0.00	      156.00	        1.00
  5.08	        0.00	       63.00	   609635.00	        0.00	      156.00	        1.00
  5.09	        0.00	       62.00	   609820.00	        0.00	      156.00	        1.00
  5.10	        0.00	       58.00	   610598.00	        0.00	      156.00	        1.00
  5.11	        0.00	       57.00	   610773.00	        0.00	      156.00	        1.00
  5.12	        0.00	       56.00	   610949.00	        0.00	      156.00	        1.00
  5.13	        0.00	       55.00	   611126.00	        0.00	      156.00	        1.00
  5.14	        0.00	       52.00	   611708.00	        0.00	      156.00	        1.00
  5.15	        0.00	       52.00	   611686.00	        0.00	      156.00	        1.00
  5.16	        0.00	       52.00	   611666.00	        0.00	      156.00	        1.00
  5.17	        0.00	       49.00	   612242.00	        0.00	      156.00	        1.00
  5.18	        0.00	       48.00	   612423.00	        0.00	      156.00	        1.00
  5.19	        0.00	       48.00	   612402.00	        0.00	      156.00	        1.00
  5.20	        0.00	       48.00	   612371.00	        0.00	      156.00	        1.00
  5.21	        0.00	       48.00	   612355.00	        0.00	      156.00	        1.00
  5.22	        0.00	       47.00	   612531.00	        0.00	      156.00	        1.00
  5.23	        0.00	       44.00	   613114.00	        0.00	      156.00	        1.00
  5.24	        0.00	       43.00	   613293.00	        0.00	      156.00	        1.00
  5.25	        0.00	       38.00	   614275.00	        0.00	      156.00	        1.00
  5.26	        0.00	       37.00	   614447.00	        0.00	      156.00	        1.00
  5.27	        0.00	       36.00	   614630.00	        0.00	      156.00	        1.00
  5.28	        0.00	       36.00	   614603.00	        0.00	      156.00	        1.00
  5.29	        0.00	       35.00	   614784.00	        0.00	      156.00	        1.00
  5.30	        0.00	       35.00	   614766.00	        0.00	      156.00	        1.00
  5.31	        0.00	       34.00	   614938.00	        0.00	      156.00	        1.00
  5.32	        0.00	       33.00	   615114.00	        0.00	      156.00	        1.00
  5.33	        0.00	       32.00	   615292.00	        0.00	      156.00	        1.00
  5.34	        0.00	       31.00	   615463.00	        0.00	      156.00	        1.00
  5.35	        0.00	       29.00	   615840.00	        0.00	      156.00	        1.00
  5.36	        0.00	       28.00	   616011.00	        0.00	      156.00	        1.00
  5.37	        0.00	       27.00	   616194.00	        0.00	      156.00	        1.00
  5.38	        0.00	       27.00	   616166.00	        0.00	      156.00	        1.00
  5.39	        0.00	       26.00	   616341.00	        0.00	      156.00	        1.00
  5.40	        0.00	       26.00	   616315.00	        0.00	      156.00	        1.00
  5.41	        0.00	       26.00	   616293.00	        0.00	      156.00	        1.00
  5.42	        0.00	       26.00	   616279.00	        0.00	      156.00	        1.00
  5.43	        0.00	       24.00	   616659.00	        0.00	      156.00	        1.00
  5.44	        0.00	       24.00	   616635.00	        0.00	      156.00	        1.00
  5.45	        0.00	       24.00	   616610.00	        0.00	      156.00	        1.00
  5.46	        0.00	       23.00	   616787.00	        0.00	      156.00	        1.00
  5.47	        0.00	       23.00	   616763.00	        0.00	      156.00	        1.00
  5.48	        0.00	       22.00	   616940.00	        0.00	      156.00	        1.00
  5.49	        0.00	       20.00	   617314.00	        0.00	      156.00	        1.00
  5.50	        0.00	       20.00	   617293.00	        0.00	      156.00	        1.00
  5.51	        0.00	       20.00	   617263.00	        0.00	      156.00	        1.00
  5.52	        0.00	       20.00	   617238.00	        0.00	      156.00	        1.00
  5.53	        0.00	       20.00	   617215.00	        0.00	      156.00	        1.00
  5.54	        0.00	       20.00	   617196.00	        0.00	      156.00	        1.00
  5.55	        0.00	       19.00	   617373.00	        0.00	      156.00	        1.00
  5.56	        0.00	       18.00	   617555.00	        0.00	      156.00	        1.00
  5.57	        0.00	       18.00	   617533.00	        0.00	      156.00	        1.00
  5.58	        0.00	       18.00	   617507.00	        0.00	      156.00	        1.00
  5.59	        0.00	       18.00	   617472.00	        0.00	      156.00	        1.00
  5.60	        0.00	       18.00	   617447.00	        0.00	      156.00	        1.00
  5.61	        0.00	       16.00	   617832.00	        0.00	      156.00	        1.00
  5.62	        0.00	       16.00	   617810.00	        0.00	      156.00	        1.00
  5.63	        0.00	       15.00	   617995.00	        0.00	      156.00	        1.00
  5.64	        0.00	       15.00	   617980.00	        0.00	      156.00	        1.00
  5.65	        0.00	       15.00	   617959.00	        0.00	      156.00	        1.00
  5.66	        0.00	       15.00	   617942.00	        0.00	      156.00	        1.00
  5.67	        0.00	       14.00	   618122.00	        0.00	      156.00	        1.00
  5.68	        0.00	       13.00	   618303.00	        0.00	      156.00	        1.00
  5.69	        0.00	       13.00	   618277.00	        0.00	      156.00	        1.00
  5.70	        0.00	       13.00	   618252.00	        0.00	      156.00	        1.00
  5.71	        0.00	       13.00	   618233.00	        0.00	      156.00	        1.00
  5.72	        0.00	       13.00	   618218.00	        0.00	      156.00	        1.00
  5.73	        0.00	       13.00	   618197.00	        0.00	      156.00	        1.00
  5.74	        0.00	       13.00	   618178.00	        0.00	      156.00	        1.00
  5.75	        0.00	       13.00	   618157.00	        0.00	      156.00	        1.00
  5.76	        0.00	       13.00	   618136.00	        0.00	      156.00	        1.00
  5.77	        0.00	       13.00	   618119.00	        0.00	      156.00	        1.00
  5.78	        0.00	       12.00	   618293.00	        0.00	      156.00	        1.00
  5.79	        0.00	       12.00	   618271.00	        0.00	      156.00	        1.00
  5.80	        0.00	       12.00	   618254.00	        0.00	      156.00	        1.00
  5.81	        0.00	       12.00	   618237.00	        0.00	      156.00	        1.00
  5.82	        0.00	       11.00	   618418.00	        0.00	      156.00	        1.00
  5.83	        0.00	       10.00	   618593.00	        0.00	      156.00	        1.00
  5.84	        0.00	       10.00	   618578.00	        0.00	      156.00	        1.00
  5.85	        0.00	       10.00	   618552.00	        0.00	      156.00	        1.00
  5.86	        0.00	       10.00	   618532.00	        0.00	      156.00	        1.00
  5.87	        0.00	       10.00	   618516.00	        0.00	      156.00	        1.00
  5.88	        0.00	        9.00	   618695.00	        0.00	      156.00	        1.00
  5.89	        0.00	        9.00	   618681.00	        0.00	      156.00	        1.00
  5.90	        0.00	        9.00	   618654.00	        0.00	      156.00	        1.00
  5.91	        0.00	        8.00	   618841.00	        0.00	      156.00	        1.00
  5.92	        0.00	        6.00	   619223.00	        0.00	      156.00	        1.00
  5.93	        0.00	        5.00	   619409.00	        0.00	      156.00	        1.00
  5.94	        0.00	        5.00	   619386.00	        0.00	      156.00	        1.00
  5.95	        0.00	        4.00	   619573.00	        0.00	      156.00	        1.00
  5.96	        0.00	        4.00	   619554.00	        0.00	      156.00	        1.00
  5.97	        0.00	        4.00	   619529.00	        0.00	      156.00	        1.00
  5.98	        0.00	        4.00	   619504.00	        0.00	      156.00	        1.00
  5.99	        0.00	        4.00	   619490.00	        0.00	      156.00	        1.00
  6.00	        0.00	        3.00	   619668.00	        0.00	      156.00	        1.00
  6.01	        0.00	        3.00	   619649.00	        0.00	      156.00	        1.00
  6.02	        0.00	        3.00	   619626.00	        0.00	      156.00	        1.00
  6.03	        0.00	        3.00	   619614.00	        0.00	      156.00	        1.00
  6.04	        0.00	        3.00	   619596.00	        0.00	      156.00	        1.00
  6.05	        0.00	        2.00	   619777.00	        0.00	      156.00	        1.00
  6.06	        0.00	        2.00	   619760.00	        0.00	      156.00	        1.00
  6.07	        0.00	        2.00	   619744.00	        0.00	      156.00	        1.00
  6.08	        0.00	        2.00	   619723.00	        0.00	      156.00	        1.00
  6.09	        0.00	        1.00	   619902.00	        0.00	      156.00	        1.00
  6.10	        0.00	        1.00	   619884.00	        0.00	      156.00	        1.00
  6.11	        0.00	        1.00	   619870.00	        0.00	      156.00	        1.00
  6.12	        0.00	        1.00	   619850.00	        0.00	      156.00	        1.00
  6.13	        0.00	        1.00	   619831.00	        0.00	      156.00	        1.00
  6.14	        0.00	        1.00	   619812.00	        0.00	      156.00	        1.00
  6.15	        0.00	        1.00	   619798.00	        0.00	      156.00	        1.00
  6.16	        0.00	        1.00	   619776.00	        0.00	      156.00	        1.00
  6.17	        0.00	        1.00	   619763.00	        0.00	      156.00	        1.00
  6.18	        0.00	        1.00	   619748.00	        0.00	      156.00	        1.00
  6.19	        0.00	        1.00	   619726.00	        0.00	      156.00	        1.00
  6.20	        0.00	        1.00	   619707.00	        0.00	      156.00	        1.00
  6.21	        0.00	        1.00	   619687.00	        0.00	      156.00	        1.00
  6.22	        0.00	        1.00	   619671.00	        0.00	      156.00	        1.00
  6.23	        0.00	        1.00	   619654.00	        0.00	      156.00	        1.00
  6.24	        0.00	        1.00	   619628.00	        0.00	      156.00	        1.00
  6.25	        0.00	        1.00	   619607.00	        0.00	      156.00	        1.00
  6.26	        0.00	        1.00	   619589.00	        0.00	      156.00	        1.00
  6.27	        0.00	        1.00	   619576.00	        0.00	      156.00	        1.00
  6.28	        0.00	        1.00	   619563.00	        0.00	      156.00	        1.00
  6.29	        0.00	        1.00	   619548.00	        0.00	      156.00	        1.00
  6.30	        0.00	        1.00	   619523.00	        0.00	      156.00	        1.00
  6.31	        0.00	        1.00	   619510.00	        0.00	      156.00	        1.00
  6.32	        0.00	        1.00	   619495.00	        0.00	      156.00	        1.00
  6.33	        0.00	        1.00	   619480.00	        0.00	      156.00	        1.00
  6.34	        0.00	        1.00	   619462.00	        0.00	      156.00	        1.00
  6.35	        0.00	        0.00	   619651.00	        0.00	      156.00	        0.00
