Datatype: PopulationSize
  0.00	        1.00	        0.00	        0.00	        1.00	        0.00	        1.00
  0.01	        1.00	        0.00	        0.00	        1.00	        0.00	        1.00
  0.02	        1.00	        0.00	        0.00	        1.00	        0.00	        1.00
  0.03	        1.00	        0.00	        0.00	        1.00	        0.00	        1.00
  0.04	        1.00	        0.00	        0.00	        1.00	        0.00	        1.00
  0.05	        1.00	        0.00	        0.00	        1.00	        0.00	        1.00
  0.06	        1.00	        0.00	        0.00	        1.00	        0.00	        1.00
  0.07	        1.00	        0.00	        0.00	        1.00	        0.00	        1.00
  0.08	        1.00	        0.00	        0.00	        1.00	        0.00	        1.00
  0.09	        1.00	        0.00	        0.00	        1.00	        0.00	        1.00
  0.10	        1.00	        0.00	        0.00	        1.00	        0.00	        1.00
  0.11	        1.00	        0.00	        0.00	        1.00	        0.00	        1.00
  0.12	        1.00	        0.00	        0.00	        1.00	        0.00	        1.00
  0.13	        1.00	        0.00	        0.00	        1.00	        0.00	        1.00
  0.14	        1.00	        0.00	        0.00	        1.00	        0.00	        1.00
  0.15	        1.00	        0.00	        0.00	        1.00	        0.00	        1.00
  0.16	        1.00	        0.00	        0.00	        1.00	        0.00	        1.00
  0.17	        1.00	        0.00	        0.00	        1.00	        0.00	        1.00
  0.18	        1.00	        0.00	        0.00	        1.00	        0.00	        1.00
  0.19	        1.00	        0.00	        0.00	        1.00	        0.00	        1.00
  0.20	        1.00	        0.00	        0.00	        1.00	        0.00	        1.00
  0.21	        1.00	        0.00	        0.00	        1.00	        0.00	        1.00
  0.22	        1.00	        0.00	        0.00	        1.00	        0.00	        1.00
  0.23	        1.00	        0.00	        0.00	        1.00	        0.00	        1.00
  0.24	        1.00	        0.00	        0.00	        1.00	        0.00	        1.00
  0.25	        1.00	        0.00	        0.00	        1.00	        0.00	        1.00
  0.26	        1.00	        0.00	        0.00	        1.00	        0.00	        1.00
  0.27	        1.00	        0.00	        0.00	        1.00	        0.00	        1.00
  0.28	        1.00	        0.00	        0.00	        1.00	        0.00	        1.00
  0.29	        1.00	        0.00	        0.00	        1.00	        0.00	        1.00
  0.30	        2.00	        0.00	        0.00	        1.00	        1.00	        1.00
  0.31	        2.00	        0.00	        0.00	        1.00	        1.00	        1.00
  0.32	        2.00	        0.00	        0.00	        1.00	        1.00	        1.00
  0.33	        2.00	        0.00	        0.00	        1.00	        1.00	        1.00
  0.34	        2.00	        0.00	        0.00	        1.00	        1.00	        1.00
  0.35	        2.00	        0.00	        0.00	        1.00	        1.00	        1.00
  0.36	        2.00	        0.00	        0.00	        1.00	        1.00	        1.00
  0.37	        2.00	        0.00	        0.00	        1.00	        1.00	        1.00
  0.38	        2.00	        0.00	        0.00	        1.00	        1.00	        1.00
  0.39	        2.00	        0.00	        0.00	        1.00	        1.00	        1.00
  0.40	        2.00	        0.00	        0.00	        1.00	        1.00	        1.00
  0.41	        2.00	        0.00	        0.00	        1.00	        1.00	        1.00
  0.42	        2.00	        0.00	        0.00	        1.00	        1.00	        1.00
  0.43	        2.00	        0.00	        0.00	        1.00	        1.00	        1.00
  0.44	        2.00	        0.00	        0.00	        1.00	        1.00	        1.00
  0.45	        2.00	        0.00	        0.00	        1.00	        1.00	        1.00
  0.46	        2.00	        0.00	        0.00	        1.00	        1.00	        1.00
  0.47	        2.00	        0.00	        0.00	        1.00	        1.00	        1.00
  0.48	        2.00	        0.00	        0.00	        1.00	        1.00	        1.00
  0.49	        2.00	        0.00	        0.00	        1.00	        1.00	        1.00
  0.50	        2.00	        0.00	        0.00	        1.00	        1.00	        1.00
  0.51	        2.00	        0.00	        0.00	        1.00	        1.00	        1.00
  0.52	        2.00	        0.00	        0.00	        1.00	        1.00	        1.00
  0.53	        2.00	        0.00	        0.00	        1.00	        1.00	        1.00
  0.54	        2.00	        0.00	        0.00	        1.00	        1.00	        1.00
  0.55	        2.00	        0.00	        0.00	        1.00	        1.00	        1.00
  0.56	        2.00	        0.00	        0.00	        1.00	        1.00	        1.00
  0.57	        2.00	        0.00	        0.00	        1.00	        1.00	        1.00
  0.58	        2.00	        0.00	        0.00	        1.00	        1.00	        1.00
  0.59	        2.00	        0.00	        0.00	        1.00	        1.00	        1.00
  0.60	        2.00	        0.00	        0.00	        1.00	        1.00	        1.00
  0.61	        2.00	        0.00	        0.00	        1.00	        1.00	        1.00
  0.62	        2.00	        0.00	        0.00	        1.00	        1.00	        1.00
  0.63	        2.00	        0.00	        0.00	        1.00	        1.00	        1.00
  0.64	        2.00	        0.00	        0.00	        1.00	        1.00	        1.00
  0.65	        2.00	        0.00	        0.00	        1.00	        1.00	        1.00
  0.66	        2.00	        0.00	        0.00	        1.00	        1.00	        1.00
  0.67	        2.00	        0.00	        0.00	        1.00	        1.00	        1.00
  0.68	        2.00	        0.00	        0.00	        1.00	        1.00	        1.00
  0.69	        2.00	        0.00	        0.00	        1.00	        1.00	        1.00
  0.70	        2.00	        0.00	        0.00	        1.00	        1.00	        1.00
  0.71	        2.00	        0.00	        0.00	        1.00	        1.00	        1.00
  0.72	        2.00	        0.00	        0.00	        1.00	        1.00	        1.00
  0.73	        2.00	        0.00	        0.00	        1.00	        1.00	        1.00
  0.74	        2.00	        0.00	        0.00	        1.00	        1.00	        1.00
  0.75	        2.00	        0.00	        0.00	        1.00	        1.00	        1.00
  0.76	        2.00	        0.00	        0.00	        1.00	        1.00	        1.00
  0.77	        2.00	        0.00	        0.00	        1.00	        1.00	        1.00
  0.78	        2.00	        0.00	        0.00	        1.00	        1.00	        1.00
  0.79	        2.00	        0.00	        0.00	        1.00	        1.00	        1.00
  0.80	        2.00	        0.00	        0.00	        1.00	        1.00	        1.00
  0.81	        2.00	        0.00	        0.00	        1.00	        1.00	        1.00
  0.82	        2.00	        0.00	        0.00	        1.00	        1.00	        1.00
  0.83	        2.00	        0.00	        0.00	        1.00	        1.00	        1.00
  0.84	        2.00	        0.00	        0.00	        1.00	        1.00	        1.00
  0.85	        2.00	        0.00	        0.00	        1.00	        1.00	        1.00
  0.86	        2.00	        0.00	        0.00	        1.00	        1.00	        1.00
  0.87	        2.00	        0.00	        0.00	        1.00	        1.00	        1.00
  0.88	        2.00	        0.00	        0.00	        1.00	        1.00	        1.00
  0.89	        2.00	        0.00	        0.00	        1.00	        1.00	        1.00
  0.90	        2.00	        0.00	        0.00	        1.00	        1.00	        1.00
  0.91	        2.00	        0.00	        0.00	        1.00	        1.00	        1.00
  0.92	        2.00	        0.00	        0.00	        1.00	        1.00	        1.00
  0.93	        2.00	        0.00	        0.00	        1.00	        1.00	        1.00
  0.94	        2.00	        0.00	        0.00	        1.00	        1.00	        1.00
  0.95	        2.00	        0.00	        0.00	        1.00	        1.00	        1.00
  0.96	        3.00	        0.00	        0.00	        1.00	        2.00	        1.00
  0.97	        3.00	        0.00	        0.00	        1.00	        2.00	        1.00
  0.98	        3.00	        0.00	        0.00	        1.00	        2.00	        1.00
  0.99	        3.00	        0.00	        0.00	        1.00	        2.00	        1.00
  1.00	        3.00	        0.00	        0.00	        1.00	        2.00	        1.00
  1.01	        3.00	        0.00	        0.00	        1.00	        2.00	        1.00
  1.02	        3.00	        0.00	        0.00	        1.00	        2.00	        1.00
  1.03	        3.00	        0.00	        0.00	        1.00	        2.00	        1.00
  1.04	        3.00	        0.00	        0.00	        1.00	        2.00	        1.00
  1.05	        3.00	        0.00	        0.00	        1.00	        2.00	        1.00
  1.06	        4.00	        0.00	        0.00	        1.00	        3.00	        1.00
  1.07	        4.00	        0.00	        0.00	        1.00	        3.00	        1.00
  1.08	        4.00	        0.00	        0.00	        1.00	        3.00	        1.00
  1.09	        4.00	        0.00	        0.00	        1.00	        3.00	        1.00
  1.10	        4.00	        0.00	        0.00	        1.00	        3.00	        1.00
  1.11	        4.00	        0.00	        0.00	        1.00	        3.00	        1.00
  1.12	        4.00	        0.00	        0.00	        1.00	        3.00	        1.00
  1.13	        4.00	        0.00	        0.00	        1.00	        3.00	        1.00
  1.14	        4.00	        0.00	        0.00	        1.00	        3.00	        1.00
  1.15	        4.00	        0.00	        0.00	        1.00	        3.00	        1.00
  1.16	        4.00	        0.00	        0.00	        1.00	        3.00	        1.00
  1.17	        4.00	        0.00	        0.00	        1.00	        3.00	        1.00
  1.18	        4.00	        0.00	        0.00	        1.00	        3.00	        1.00
  1.19	        4.00	        0.00	        0.00	        1.00	        3.00	        1.00
  1.20	        4.00	        0.00	        0.00	        1.00	        3.00	        1.00
  1.21	        4.00	        0.00	        0.00	        1.00	        3.00	        1.00
  1.22	        4.00	        0.00	        0.00	        1.00	        3.00	        1.00
  1.23	        5.00	        0.00	        0.00	        1.00	        4.00	        1.00
  1.24	        5.00	        0.00	        0.00	        1.00	        4.00	        1.00
  1.25	        5.00	        0.00	        0.00	        1.00	        4.00	        1.00
  1.26	        5.00	        0.00	        0.00	        1.00	        4.00	        1.00
  1.27	        5.00	        0.00	        0.00	        1.00	        4.00	        1.00
  1.28	        5.00	        0.00	        0.00	        1.00	        4.00	        1.00
  1.29	        5.00	        0.00	        0.00	        1.00	        4.00	        1.00
  1.30	        5.00	        0.00	        0.00	        1.00	        4.00	        1.00
  1.31	        6.00	        0.00	        0.00	        1.00	        5.00	        1.00
  1.32	        6.00	        0.00	        0.00	        1.00	        5.00	        1.00
  1.33	        6.00	        0.00	        0.00	        1.00	        5.00	        1.00
  1.34	        6.00	        0.00	        0.00	        1.00	        5.00	        1.00
  1.35	        6.00	        0.00	        0.00	        1.00	        5.00	        1.00
  1.36	        6.00	        0.00	        0.00	        1.00	        5.00	        1.00
  1.37	        7.00	        0.00	        0.00	        1.00	        6.00	        1.00
  1.38	        7.00	        0.00	        0.00	        1.00	        6.00	        1.00
  1.39	        7.00	        0.00	        0.00	        1.00	        6.00	        1.00
  1.40	        7.00	        0.00	        0.00	        1.00	        6.00	        1.00
  1.41	        8.00	        0.00	        0.00	        1.00	        7.00	        1.00
  1.42	        8.00	        0.00	        0.00	        1.00	        7.00	        1.00
  1.43	        8.00	        0.00	        0.00	        1.00	        7.00	        1.00
  1.44	        8.00	        0.00	        0.00	        1.00	        7.00	        1.00
  1.45	        8.00	        0.00	        0.00	        1.00	        7.00	        1.00
  1.46	        8.00	        0.00	        0.00	        1.00	        7.00	        1.00
  1.47	        8.00	        0.00	        0.00	        1.00	        7.00	        1.00
  1.48	        9.00	        0.00	        0.00	        1.00	        8.00	        1.00
  1.49	        9.00	        0.00	        0.00	        1.00	        8.00	        1.00
  1.50	        9.00	        0.00	        0.00	        1.00	        8.00	        1.00
  1.51	        9.00	        0.00	        0.00	        1.00	        8.00	        1.00
  1.52	        9.00	        0.00	        0.00	        1.00	        8.00	        1.00
  1.53	        9.00	        0.00	        0.00	        1.00	        8.00	        1.00
  1.54	       10.00	        0.00	        0.00	        1.00	        9.00	        1.00
  1.55	       10.00	        0.00	        0.00	        1.00	        9.00	        1.00
  1.56	       11.00	        0.00	        0.00	        1.00	       10.00	        1.00
  1.57	       11.00	        0.00	        0.00	        1.00	       10.00	        1.00
  1.58	       11.00	        0.00	        0.00	        1.00	       10.00	        1.00
  1.59	       11.00	        0.00	        0.00	        1.00	       10.00	        1.00
  1.60	       12.00	        0.00	        0.00	        1.00	       11.00	        1.00
  1.61	       13.00	        0.00	        0.00	        1.00	       12.00	        1.00
  1.62	       14.00	        0.00	        0.00	        1.00	       13.00	        1.00
  1.63	       14.00	        0.00	        0.00	        1.00	       13.00	        1.00
  1.64	       14.00	        0.00	        0.00	        1.00	       13.00	        1.00
  1.65	       14.00	        0.00	        0.00	        1.00	       13.00	        1.00
  1.66	       14.00	        0.00	        0.00	        1.00	       13.00	        1.00
  1.67	       14.00	        0.00	        0.00	        1.00	       13.00	        1.00
  1.68	       15.00	        0.00	        0.00	        1.00	       14.00	        1.00
  1.69	       15.00	        0.00	        0.00	        1.00	       14.00	        1.00
  1.70	       15.00	        0.00	        0.00	        1.00	       14.00	        1.00
  1.71	       15.00	        0.00	        0.00	        1.00	       14.00	        1.00
  1.72	       15.00	        0.00	        0.00	        1.00	       14.00	        1.00
  1.73	       15.00	        0.00	        0.00	        1.00	       14.00	        1.00
  1.74	       16.00	        0.00	        0.00	        1.00	       15.00	        1.00
  1.75	       16.00	        0.00	        0.00	        1.00	       15.00	        1.00
  1.76	       16.00	        0.00	        0.00	        1.00	       15.00	        1.00
  1.77	       16.00	        0.00	        0.00	        1.00	       15.00	        1.00
  1.78	       16.00	        0.00	        0.00	        1.00	       15.00	        1.00
  1.79	       16.00	        0.00	        0.00	        1.00	       15.00	        1.00
  1.80	       16.00	        0.00	        0.00	        1.00	       15.00	        1.00
  1.81	       16.00	        0.00	        0.00	        1.00	       15.00	        1.00
  1.82	       17.00	        0.00	        0.00	        1.00	       16.00	        1.00
  1.83	       17.00	        0.00	        0.00	        1.00	       16.00	        1.00
  1.84	       18.00	        0.00	        0.00	        1.00	       17.00	        1.00
  1.85	       18.00	        0.00	        0.00	        1.00	       17.00	        1.00
  1.86	       18.00	        0.00	        0.00	        1.00	       17.00	        1.00
  1.87	       18.00	        0.00	        0.00	        1.00	       17.00	        1.00
  1.88	       18.00	        0.00	        0.00	        1.00	       17.00	        1.00
  1.89	       18.00	        0.00	        0.00	        1.00	       17.00	        1.00
  1.90	       19.00	        0.00	        0.00	        1.00	       18.00	        1.00
  1.91	       21.00	        0.00	        0.00	        1.00	       20.00	        1.00
  1.92	       21.00	        0.00	        0.00	        1.00	       20.00	        1.00
  1.93	       22.00	        0.00	        0.00	        1.00	       21.00	        1.00
  1.94	       23.00	        0.00	        0.00	        1.00	       22.00	        1.00
  1.95	       24.00	        0.00	        0.00	        1.00	       23.00	        1.00
  1.96	       24.00	        0.00	        0.00	        1.00	       23.00	        1.00
  1.97	       25.00	        0.00	        0.00	        1.00	       24.00	        1.00
  1.98	       25.00	        0.00	        0.00	        1.00	       24.00	        1.00
  1.99	       25.00	        0.00	        0.00	        1.00	       24.00	        1.00
  2.00	       25.00	        0.00	   599999.00	        1.00	       24.00	        1.00
  2.01	       25.00	        0.00	   599981.00	        1.00	       24.00	        1.00
  2.02	       25.00	        0.00	   599967.00	        1.00	       24.00	        1.00
  2.03	       25.00	        0.00	   599955.00	        1.00	       24.00	        1.00
  2.04	       25.00	        0.00	   599938.00	        1.00	       24.00	        1.00
  2.05	       26.00	        0.00	   599923.00	        1.00	       25.00	        1.00
  2.06	       26.00	        0.00	   599908.00	        1.00	       25.00	        1.00
  2.07	       29.00	        0.00	   599890.00	        1.00	       28.00	        1.00
  2.08	       29.00	        0.00	   599870.00	        1.00	       28.00	        1.00
  2.09	       30.00	        0.00	   599844.00	        1.00	       29.00	        1.00
  2.10	       31.00	        0.00	   599827.00	        1.00	       30.00	        1.00
  2.11	       31.00	        0.00	   599812.00	        1.00	       30.00	        1.00
  2.12	       31.00	        0.00	   599792.00	        1.00	       30.00	        1.00
  2.13	       31.00	        0.00	   599766.00	        1.00	       30.00	        1.00
  2.14	       31.00	        0.00	   599750.00	        1.00	       30.00	        1.00
  2.15	       31.00	        0.00	   599733.00	        1.00	       30.00	        1.00
  2.16	       34.00	        0.00	   599716.00	        1.00	       33.00	        1.00
  2.17	       34.00	        0.00	   599695.00	        1.00	       33.00	        1.00
  2.18	       34.00	        0.00	   599677.00	        1.00	       33.00	        1.00
  2.19	       34.00	        0.00	   599662.00	        1.00	       33.00	        1.00
  2.20	       34.00	        0.00	   599644.00	        1.00	       33.00	        1.00
  2.21	       34.00	        0.00	   599622.00	        1.00	       33.00	        1.00
  2.22	       34.00	        0.00	   599600.00	        1.00	       33.00	        1.00
  2.23	       35.00	        0.00	   599581.00	        1.00	       34.00	        1.00
  2.24	       36.00	        0.00	   599563.00	        1.00	       35.00	        1.00
  2.25	       37.00	        0.00	   599549.00	        1.00	       36.00	        1.00
  2.26	       37.00	        0.00	   599532.00	        1.00	       36.00	        1.00
  2.27	       38.00	        0.00	   599513.00	        1.00	       37.00	        1.00
  2.28	       38.00	        0.00	   599497.00	        1.00	       37.00	        1.00
  2.29	       41.00	        0.00	   599481.00	        1.00	       40.00	        1.00
  2.30	       42.00	        0.00	   599459.00	        1.00	       41.00	        1.00
  2.31	       43.00	        0.00	   599439.00	        1.00	       42.00	        1.00
  2.32	       43.00	        0.00	   599418.00	        1.00	       42.00	        1.00
  2.33	       44.00	        0.00	   599395.00	        1.00	       43.00	        1.00
  2.34	       44.00	        0.00	   599375.00	        1.00	       43.00	        1.00
  2.35	       44.00	        0.00	   599358.00	        1.00	       43.00	        1.00
  2.36	       44.00	        0.00	   599335.00	        1.00	       43.00	        1.00
  2.37	       45.00	        0.00	   599313.00	        1.00	       44.00	        1.00
  2.38	       45.00	        0.00	   599297.00	        1.00	       44.00	        1.00
  2.39	       47.00	        0.00	   599283.00	        1.00	       46.00	        1.00
  2.40	       47.00	        0.00	   599270.00	        1.00	       46.00	        1.00
  2.41	       47.00	        0.00	   599255.00	        1.00	       46.00	        1.00
  2.42	       49.00	        0.00	   599236.00	        1.00	       48.00	        1.00
  2.43	       51.00	        0.00	   599223.00	        1.00	       50.00	        1.00
  2.44	       51.00	        0.00	   599208.00	        1.00	       50.00	        1.00
  2.45	       54.00	        0.00	   599191.00	        1.00	       53.00	        1.00
  2.46	       56.00	        0.00	   599168.00	        1.00	       55.00	        1.00
  2.47	       57.00	        0.00	   599145.00	        1.00	       56.00	        1.00
  2.48	       57.00	        0.00	   599125.00	        1.00	       56.00	        1.00
  2.49	       59.00	        0.00	   599110.00	        1.00	       58.00	        1.00
  2.50	       60.00	        0.00	   599091.00	        1.00	       59.00	        1.00
  2.51	       61.00	        0.00	   599075.00	        1.00	       60.00	        1.00
  2.52	       64.00	        0.00	   599063.00	        1.00	       63.00	        1.00
  2.53	       65.00	        0.00	   599049.00	        1.00	       64.00	        1.00
  2.54	       65.00	        0.00	   599025.00	        1.00	       64.00	        1.00
  2.55	       65.00	        0.00	   599005.00	        1.00	       64.00	        1.00
  2.56	       65.00	        0.00	   598984.00	        1.00	       64.00	        1.00
  2.57	       65.00	        0.00	   598966.00	        1.00	       64.00	        1.00
  2.58	       66.00	        0.00	   598949.00	        1.00	       65.00	        1.00
  2.59	       67.00	        0.00	   598930.00	        1.00	       66.00	        1.00
  2.60	       68.00	        0.00	   598913.00	        1.00	       67.00	        1.00
  2.61	       69.00	        0.00	   598894.00	        1.00	       68.00	        1.00
  2.62	       71.00	        0.00	   598872.00	        1.00	       70.00	        1.00
  2.63	       75.00	        0.00	   598856.00	        1.00	       74.00	        1.00
  2.64	       75.00	        0.00	   598836.00	        1.00	       74.00	        1.00
  2.65	       77.00	        0.00	   598822.00	        1.00	       76.00	        1.00
  2.66	       78.00	        0.00	   598800.00	        1.00	       77.00	        1.00
  2.67	       80.00	        0.00	   598778.00	        1.00	       79.00	        1.00
  2.68	       81.00	        0.00	   598758.00	        1.00	       80.00	        1.00
  2.69	       81.00	        0.00	   598736.00	        1.00	       80.00	        1.00
  2.70	       82.00	        0.00	   598710.00	        1.00	       81.00	        1.00
  2.71	       85.00	        0.00	   598688.00	        1.00	       84.00	        1.00
  2.72	       89.00	        0.00	   598667.00	        1.00	       88.00	        1.00
  2.73	       92.00	        0.00	   598643.00	        1.00	       91.00	        1.00
  2.74	       95.00	        0.00	   598624.00	        1.00	       94.00	        1.00
  2.75	       98.00	        0.00	   598602.00	        1.00	       97.00	        1.00
  2.76	       98.00	        0.00	   598581.00	        1.00	       97.00	        1.00
  2.77	       99.00	        0.00	   598569.00	        1.00	       98.00	        1.00
  2.78	      104.00	        0.00	   598551.00	        1.00	      103.00	        1.00
  2.79	      106.00	        0.00	   598538.00	        1.00	      105.00	        1.00
  2.80	      108.00	        0.00	   598523.00	        1.00	      107.00	        1.00
  2.81	      110.00	        0.00	   598505.00	        1.00	      109.00	        1.00
  2.82	      114.00	        0.00	   598483.00	        1.00	      113.00	        1.00
  2.83	      114.00	        1.00	   598464.00	        1.00	      114.00	        1.00
  2.84	      115.00	        1.00	   598440.00	        1.00	      115.00	        1.00
  2.85	      116.00	        1.00	   598423.00	        1.00	      116.00	        1.00
  2.86	      117.00	        1.00	   598404.00	        1.00	      117.00	        1.00
  2.87	      120.00	        1.00	   598389.00	        1.00	      120.00	        1.00
  2.88	      120.00	        1.00	   598372.00	        1.00	      120.00	        1.00
  2.89	      121.00	        1.00	   598352.00	        1.00	      121.00	        1.00
  2.90	      122.00	        1.00	   598327.00	        1.00	      122.00	        1.00
  2.91	      123.00	        1.00	   598313.00	        1.00	      123.00	        1.00
  2.92	      126.00	        1.00	   598300.00	        1.00	      126.00	        1.00
  2.93	      129.00	        1.00	   598279.00	        1.00	      129.00	        1.00
  2.94	      132.00	        1.00	   598262.00	        1.00	      132.00	        1.00
  2.95	      133.00	        1.00	   598244.00	        1.00	      133.00	        1.00
  2.96	      136.00	        1.00	   598233.00	        1.00	      136.00	        1.00
  2.97	      140.00	        1.00	   598212.00	        1.00	      140.00	        1.00
  2.98	      142.00	        1.00	   598196.00	        1.00	      142.00	        1.00
  2.99	      144.00	        1.00	   598171.00	        1.00	      144.00	        1.00
  3.00	      147.00	        1.00	   598152.00	        1.00	      147.00	        1.00
  3.01	      150.00	        1.00	   598130.00	        1.00	      150.00	        1.00
  3.02	      153.00	        1.00	   598108.00	        1.00	      153.00	        1.00
  3.03	      156.00	        1.00	   598089.00	        1.00	      156.00	        1.00
  3.04	      161.00	        1.00	   598073.00	        1.00	      161.00	        1.00
  3.05	      164.00	        1.00	   598061.00	        1.00	      164.00	        1.00
  3.06	      167.00	        1.00	   598038.00	        1.00	      167.00	        1.00
  3.07	      169.00	        1.00	   598015.00	        1.00	      169.00	        1.00
  3.08	      172.00	        1.00	   597995.00	        1.00	      172.00	        1.00
  3.09	      176.00	        1.00	   597981.00	        1.00	      176.00	        1.00
  3.10	      176.00	        1.00	   597964.00	        1.00	      176.00	        1.00
  3.11	      179.00	        1.00	   597943.00	        1.00	      179.00	        1.00
  3.12	      180.00	        2.00	   597924.00	        1.00	      181.00	        1.00
  3.13	      187.00	        2.00	   597904.00	        1.00	      188.00	        1.00
  3.14	      191.00	        2.00	   597888.00	        1.00	      192.00	        1.00
  3.15	      192.00	        2.00	   597868.00	        1.00	      193.00	        1.00
  3.16	      193.00	        2.00	   597858.00	        1.00	      194.00	        1.00
  3.17	      197.00	        2.00	   597841.00	        1.00	      198.00	        1.00
  3.18	      204.00	        2.00	   597826.00	        1.00	      205.00	        1.00
  3.19	      210.00	        2.00	   597811.00	        1.00	      211.00	        1.00
  3.20	      213.00	        2.00	   597792.00	        1.00	      214.00	        1.00
  3.21	      215.00	        2.00	   597770.00	        1.00	      216.00	        1.00
  3.22	      219.00	        2.00	   597753.00	        1.00	      220.00	        1.00
  3.23	      221.00	        2.00	   597736.00	        1.00	      222.00	        1.00
  3.24	      222.00	        2.00	   597720.00	        1.00	      223.00	        1.00
  3.25	      223.00	        2.00	   597703.00	        1.00	      224.00	        1.00
  3.26	      230.00	        2.00	   597683.00	        1.00	      231.00	        1.00
  3.27	      233.00	        2.00	   597663.00	        1.00	      234.00	        1.00
  3.28	      240.00	        2.00	   597637.00	        1.00	      241.00	        1.00
  3.29	      242.00	        2.00	   597618.00	        1.00	      243.00	        1.00
  3.30	      247.00	        2.00	   597607.00	        1.00	      248.00	        1.00
  3.31	      250.00	        2.00	   597588.00	        1.00	      251.00	        1.00
  3.32	      255.00	        2.00	   597574.00	        1.00	      256.00	        1.00
  3.33	      259.00	        2.00	   597552.00	        1.00	      260.00	        1.00
  3.34	      263.00	        2.00	   597532.00	        1.00	      264.00	        1.00
  3.35	      269.00	        2.00	   597508.00	        1.00	      270.00	        1.00
  3.36	      274.00	        2.00	   597484.00	        1.00	      275.00	        1.00
  3.37	      280.00	        2.00	   597459.00	        1.00	      281.00	        1.00
  3.38	      284.00	        2.00	   597442.00	        1.00	      285.00	        1.00
  3.39	      285.00	        2.00	   597434.00	        1.00	      286.00	        1.00
  3.40	      288.00	        2.00	   597416.00	        1.00	      289.00	        1.00
  3.41	      290.00	        3.00	   597399.00	        1.00	      292.00	        1.00
  3.42	      297.00	        3.00	   597379.00	        1.00	      299.00	        1.00
  3.43	      299.00	        4.00	   597358.00	        1.00	      302.00	        1.00
  3.44	      303.00	        4.00	   597338.00	        1.00	      306.00	        1.00
  3.45	      311.00	        4.00	   597320.00	        1.00	      314.00	        1.00
  3.46	      316.00	        4.00	   597299.00	        1.00	      319.00	        1.00
  3.47	      323.00	        4.00	   597286.00	        1.00	      326.00	        1.00
  3.48	      331.00	        4.00	   597272.00	        1.00	      334.00	        1.00
  3.49	      336.00	        4.00	   597253.00	        1.00	      339.00	        1.00
  3.50	      338.00	        4.00	   597233.00	        1.00	      341.00	        1.00
  3.51	      343.00	        4.00	   597215.00	        1.00	      346.00	        1.00
  3.52	      352.00	        4.00	   597203.00	        1.00	      355.00	        1.00
  3.53	      356.00	        4.00	   597186.00	        1.00	      359.00	        1.00
  3.54	      367.00	        4.00	   597166.00	        1.00	      370.00	        1.00
  3.55	      373.00	        4.00	   597153.00	        1.00	      376.00	        1.00
  3.56	      379.00	        4.00	   597140.00	        1.00	      382.00	        1.00
  3.57	      386.00	        4.00	   597119.00	        1.00	      389.00	        1.00
  3.58	      392.00	        4.00	   597103.00	        1.00	      395.00	        1.00
  3.59	      397.00	        4.00	   597085.00	        1.00	      400.00	        1.00
  3.60	      407.00	        4.00	   597069.00	        1.00	      410.00	        1.00
  3.61	      409.00	        4.00	   597053.00	        1.00	      412.00	        1.00
  3.62	      414.00	        4.00	   597039.00	        1.00	      417.00	        1.00
  3.63	      419.00	        5.00	   597016.00	        1.00	      423.00	        1.00
  3.64	      422.00	        5.00	   596991.00	        1.00	      426.00	        1.00
  3.65	      429.00	        5.00	   596980.00	        1.00	      433.00	        1.00
  3.66	      236.00	      203.00	   597148.00	        1.00	      439.00	        1.00
  3.67	      242.00	      203.00	   597131.00	        1.00	      445.00	        1.00
  3.68	      247.00	      203.00	   597113.00	        1.00	      450.00	        1.00
  3.69	      252.00	      203.00	   597098.00	        1.00	      455.00	        1.00
  3.70	      258.00	      204.00	   597079.00	        1.00	      462.00	        1.00
  3.71	      263.00	      204.00	   597063.00	        1.00	      467.00	        1.00
  3.72	      264.00	      205.00	   597044.00	        1.00	      469.00	        1.00
  3.73	      268.00	      205.00	   597028.00	        1.00	      473.00	        1.00
  3.74	      272.00	      205.00	   597006.00	        1.00	      477.00	        1.00
  3.75	      276.00	      206.00	   596984.00	        1.00	      482.00	        1.00
  3.76	      276.00	      208.00	   596968.00	        1.00	      484.00	        1.00
  3.77	      286.00	      208.00	   596948.00	        1.00	      494.00	        1.00
  3.78	      294.00	      208.00	   596934.00	        1.00	      502.00	        1.00
  3.79	      302.00	      208.00	   596914.00	        1.00	      510.00	        1.00
  3.80	      305.00	      208.00	   596897.00	        1.00	      513.00	        1.00
  3.81	      307.00	      209.00	   596885.00	        1.00	      516.00	        1.00
  3.82	      311.00	      209.00	   596869.00	        1.00	      520.00	        1.00
  3.83	      314.00	      211.00	   596844.00	        1.00	      525.00	        1.00
  3.84	      320.00	      211.00	   596828.00	        1.00	      531.00	        1.00
  3.85	      327.00	      211.00	   596804.00	        1.00	      538.00	        1.00
  3.86	      334.00	      211.00	   596787.00	        1.00	      545.00	        1.00
  3.87	      342.00	      211.00	   596767.00	        1.00	      553.00	        1.00
  3.88	      347.00	      211.00	   596747.00	        1.00	      558.00	        1.00
  3.89	      350.00	      211.00	   596738.00	        1.00	      561.00	        1.00
  3.90	      358.00	      211.00	   596719.00	        1.00	      569.00	        1.00
  3.91	      363.00	      211.00	   596698.00	        1.00	      574.00	        1.00
  3.92	      365.00	      211.00	   596680.00	        1.00	      576.00	        1.00
  3.93	      378.00	      211.00	   596668.00	        1.00	      589.00	        1.00
  3.94	      381.00	      211.00	   596649.00	        1.00	      592.00	        1.00
  3.95	      388.00	      211.00	   596634.00	        1.00	      599.00	        1.00
  3.96	      391.00	      211.00	   596614.00	        1.00	      602.00	        1.00
  3.97	      394.00	      212.00	   596597.00	        1.00	      606.00	        1.00
  3.98	      399.00	      212.00	   596575.00	        1.00	      611.00	        1.00
  3.99	      407.00	      212.00	   596550.00	        1.00	      619.00	        1.00
  4.00	      408.00	      214.00	   596531.00	        1.00	      622.00	        1.00
  4.01	      411.00	      217.00	   596508.00	        1.00	      628.00	        1.00
  4.02	      417.00	      217.00	   596482.00	        1.00	      634.00	        1.00
  4.03	      421.00	      217.00	   596466.00	        1.00	      638.00	        1.00
  4.04	      427.00	      217.00	   596437.00	        1.00	      644.00	        1.00
  4.05	      429.00	      217.00	   596420.00	        1.00	      646.00	        1.00
  4.06	      433.00	      217.00	   596403.00	        1.00	      650.00	        1.00
  4.07	      438.00	      217.00	   596391.00	        1.00	      655.00	        1.00
  4.08	      447.00	      217.00	   596374.00	        1.00	      664.00	        1.00
  4.09	      454.00	      217.00	   596364.00	        1.00	      671.00	        1.00
  4.10	      320.00	      351.00	   596545.00	        1.00	      672.00	        1.00
  4.11	      326.00	      351.00	   596529.00	        1.00	      678.00	        1.00
  4.12	      328.00	      351.00	   596509.00	        1.00	      680.00	        1.00
  4.13	      335.00	      351.00	   596494.00	        1.00	      687.00	        1.00
  4.14	      340.00	      351.00	   596484.00	        1.00	      692.00	        1.00
  4.15	      347.00	      351.00	   596467.00	        1.00	      699.00	        1.00
  4.16	      259.00	      442.00	   596645.00	        1.00	      703.00	        1.00
  4.17	      261.00	      442.00	   596618.00	        1.00	      705.00	        1.00
  4.18	      185.00	      520.00	   596801.00	        1.00	      708.00	        1.00
  4.19	      131.00	      576.00	   596987.00	        1.00	      711.00	        1.00
  4.20	       96.00	      612.00	   597163.00	        1.00	      713.00	        1.00
  4.21	       99.00	      612.00	   597146.00	        1.00	      716.00	        1.00
  4.22	      102.00	      613.00	   597128.00	        1.00	      720.00	        1.00
  4.23	      103.00	      614.00	   597115.00	        1.00	      722.00	        1.00
  4.24	      105.00	      614.00	   597094.00	        1.00	      724.00	        1.00
  4.25	      108.00	      615.00	   597065.00	        1.00	      728.00	        1.00
  4.26	       82.00	      641.00	   597249.00	        1.00	      729.00	        1.00
  4.27	       84.00	      641.00	   597228.00	        1.00	      731.00	        1.00
  4.28	       85.00	      641.00	   597206.00	        1.00	      732.00	        1.00
  4.29	       38.00	      688.00	   597589.00	        1.00	      734.00	        1.00
  4.30	       24.00	      701.00	   597971.00	        1.00	      735.00	        1.00
  4.31	       27.00	      701.00	   597948.00	        1.00	      738.00	        1.00
  4.32	       28.00	      701.00	   597929.00	        1.00	      739.00	        1.00
  4.33	       15.00	      713.00	   598306.00	        1.00	      740.00	        1.00
  4.34	       15.00	      713.00	   598289.00	        1.00	      740.00	        1.00
  4.35	        7.00	      720.00	   598471.00	        1.00	      740.00	        1.00
  4.36	        4.00	      722.00	   598654.00	        1.00	      740.00	        1.00
  4.37	        4.00	      722.00	   598639.00	        1.00	      740.00	        1.00
  4.38	        4.00	      722.00	   598620.00	        1.00	      740.00	        1.00
  4.39	        5.00	      722.00	   598603.00	        1.00	      741.00	        1.00
  4.40	        5.00	      721.00	   598785.00	        1.00	      741.00	        1.00
  4.41	        4.00	      721.00	   598977.00	        1.00	      741.00	        1.00
  4.42	        0.00	      722.00	   599563.00	        0.00	      741.00	        1.00
  4.43	        0.00	      722.00	   599550.00	        0.00	      741.00	        1.00
  4.44	        0.00	      722.00	   599533.00	        0.00	      741.00	        1.00
  4.45	        0.00	      721.00	   599712.00	        0.00	      741.00	        1.00
  4.46	        0.00	      720.00	   599894.00	        0.00	      741.00	        1.00
  4.47	        0.00	      718.00	   600280.00	        0.00	      741.00	        1.00
  4.48	        0.00	      718.00	   600256.00	        0.00	      741.00	        1.00
  4.49	        0.00	      716.00	   600630.00	        0.00	      741.00	        1.00
  4.50	        0.00	      714.00	   601006.00	        0.00	      741.00	        1.00
  4.51	        0.00	      712.00	   601385.00	        0.00	      741.00	        1.00
  4.52	        0.00	      709.00	   601969.00	        0.00	      741.00	        1.00
  4.53	        0.00	      705.00	   602752.00	        0.00	      741.00	        1.00
  4.54	        0.00	      704.00	   602921.00	        0.00	      741.00	        1.00
  4.55	        0.00	      702.00	   603302.00	        0.00	      741.00	        1.00
  4.56	        0.00	      701.00	   603483.00	        0.00	      741.00	        1.00
  4.57	        0.00	      699.00	   603862.00	        0.00	      741.00	        1.00
  4.58	        0.00	      693.00	   605036.00	        0.00	      741.00	        1.00
  4.59	        0.00	      691.00	   605420.00	        0.00	      741.00	        1.00
  4.60	        0.00	      689.00	   605795.00	        0.00	      741.00	        1.00
  4.61	        0.00	      686.00	   606369.00	        0.00	      741.00	        1.00
  4.62	        0.00	      683.00	   606948.00	        0.00	      741.00	        1.00
  4.63	        0.00	      678.00	   607929.00	        0.00	      741.00	        1.00
  4.64	        0.00	      674.00	   608707.00	        0.00	      741.00	        1.00
  4.65	        0.00	      672.00	   609085.00	        0.00	      741.00	        1.00
  4.66	        0.00	      669.00	   609662.00	        0.00	      741.00	        1.00
  4.67	        0.00	      666.00	   610237.00	        0.00	      741.00	        1.00
  4.68	        0.00	      663.00	   610812.00	        0.00	      741.00	        1.00
  4.69	        0.00	      660.00	   611373.00	        0.00	      741.00	        1.00
  4.70	        0.00	      654.00	   612545.00	        0.00	      741.00	        1.00
  4.71	        0.00	      651.00	   613119.00	        0.00	      741.00	        1.00
  4.72	        0.00	      649.00	   613486.00	        0.00	      741.00	        1.00
  4.73	        0.00	      645.00	   614258.00	        0.00	      741.00	        1.00
  4.74	        0.00	      642.00	   614829.00	        0.00	      741.00	        1.00
  4.75	        0.00	      638.00	   615598.00	        0.00	      741.00	        1.00
  4.76	        0.00	      633.00	   616560.00	        0.00	      741.00	        1.00
  4.77	        0.00	      630.00	   617131.00	        0.00	      741.00	        1.00
  4.78	        0.00	      626.00	   617895.00	        0.00	      741.00	        1.00
  4.79	        0.00	      624.00	   618270.00	        0.00	      741.00	        1.00
  4.80	        0.00	      622.00	   618647.00	        0.00	      741.00	        1.00
  4.81	        0.00	      619.00	   619216.00	        0.00	      741.00	        1.00
  4.82	        0.00	      612.00	   620583.00	        0.00	      741.00	        1.00
  4.83	        0.00	      603.00	   622350.00	        0.00	      741.00	        1.00
  4.84	        0.00	      596.00	   623722.00	        0.00	      741.00	        1.00
  4.85	        0.00	      594.00	   624094.00	        0.00	      741.00	        1.00
  4.86	        0.00	      588.00	   625261.00	        0.00	      741.00	        1.00
  4.87	        0.00	      584.00	   626021.00	        0.00	      741.00	        1.00
  4.88	        0.00	      579.00	   626982.00	        0.00	      741.00	        1.00
  4.89	        0.00	      575.00	   627755.00	        0.00	      741.00	        1.00
  4.90	        0.00	      568.00	   629111.00	        0.00	      741.00	        1.00
  4.91	        0.00	      560.00	   630670.00	        0.00	      741.00	        1.00
  4.92	        0.00	      557.00	   631233.00	        0.00	      741.00	        1.00
  4.93	        0.00	      550.00	   632584.00	        0.00	      741.00	        1.00
  4.94	        0.00	      546.00	   633346.00	        0.00	      741.00	        1.00
  4.95	        0.00	      539.00	   634703.00	        0.00	      741.00	        1.00
  4.96	        0.00	      535.00	   635461.00	        0.00	      741.00	        1.00
  4.97	        0.00	      530.00	   636422.00	        0.00	      741.00	        1.00
  4.98	        0.00	      523.00	   637792.00	        0.00	      741.00	        1.00
  4.99	        0.00	      518.00	   638763.00	        0.00	      741.00	        1.00
  5.00	        0.00	      515.00	   639329.00	        0.00	      741.00	        1.00
  5.01	        0.00	      507.00	   640882.00	        0.00	      741.00	        1.00
  5.02	        0.00	      502.00	   641847.00	        0.00	      741.00	        1.00
  5.03	        0.00	      495.00	   643215.00	        0.00	      741.00	        1.00
  5.04	        0.00	      490.00	   644182.00	        0.00	      741.00	        1.00
  5.05	        0.00	      483.00	   645547.00	        0.00	      741.00	        1.00
  5.06	        0.00	      473.00	   647508.00	        0.00	      741.00	        1.00
  5.07	        0.00	      468.00	   648467.00	        0.00	      741.00	        1.00
  5.08	        0.00	      459.00	   650211.00	        0.00	      741.00	        1.00
  5.09	        0.00	      451.00	   651763.00	        0.00	      741.00	        1.00
  5.10	        0.00	      445.00	   652925.00	        0.00	      741.00	        1.00
  5.11	        0.00	      436.00	   654689.00	        0.00	      741.00	        1.00
  5.12	        0.00	      433.00	   655241.00	        0.00	      741.00	        1.00
  5.13	        0.00	      426.00	   656601.00	        0.00	      741.00	        1.00
  5.14	        0.00	      420.00	   657759.00	        0.00	      741.00	        1.00
  5.15	        0.00	      414.00	   658907.00	        0.00	      741.00	        1.00
  5.16	        0.00	      407.00	   660265.00	        0.00	      741.00	        1.00
  5.17	        0.00	      399.00	   661827.00	        0.00	      741.00	        1.00
  5.18	        0.00	      387.00	   664183.00	        0.00	      741.00	        1.00
  5.19	        0.00	      380.00	   665536.00	        0.00	      741.00	        1.00
  5.20	        0.00	      371.00	   667289.00	        0.00	      741.00	        1.00
  5.21	        0.00	      367.00	   668037.00	        0.00	      741.00	        1.00
  5.22	        0.00	      359.00	   669596.00	        0.00	      741.00	        1.00
  5.23	        0.00	      351.00	   671138.00	        0.00	      741.00	        1.00
  5.24	        0.00	      348.00	   671689.00	        0.00	      741.00	        1.00
  5.25	        0.00	      341.00	   673041.00	        0.00	      741.00	        1.00
  5.26	        0.00	      337.00	   673801.00	        0.00	      741.00	        1.00
  5.27	        0.00	      335.00	   674158.00	        0.00	      741.00	        1.00
  5.28	        0.00	      331.00	   674917.00	        0.00	      741.00	        1.00
  5.29	        0.00	      324.00	   676274.00	        0.00	      741.00	        1.00
  5.30	        0.00	      315.00	   678029.00	        0.00	      741.00	        1.00
  5.31	        0.00	      312.00	   678572.00	        0.00	      741.00	        1.00
  5.32	        0.00	      299.00	   681131.00	        0.00	      741.00	        1.00
  5.33	        0.00	      289.00	   683093.00	        0.00	      741.00	        1.00
  5.34	        0.00	      278.00	   685256.00	        0.00	      741.00	        1.00
  5.35	        0.00	      270.00	   686812.00	        0.00	      741.00	        1.00
  5.36	        0.00	      266.00	   687562.00	        0.00	      741.00	        1.00
  5.37	        0.00	      263.00	   688111.00	        0.00	      741.00	        1.00
  5.38	        0.00	      258.00	   689067.00	        0.00	      741.00	        1.00
  5.39	        0.00	      251.00	   690422.00	        0.00	      741.00	        1.00
  5.40	        0.00	      244.00	   691790.00	        0.00	      741.00	        1.00
  5.41	        0.00	      241.00	   692344.00	        0.00	      741.00	        1.00
  5.42	        0.00	      234.00	   693689.00	        0.00	      741.00	        1.00
  5.43	        0.00	      231.00	   694244.00	        0.00	      741.00	        1.00
  5.44	        0.00	      228.00	   694798.00	        0.00	      741.00	        1.00
  5.45	        0.00	      222.00	   695946.00	        0.00	      741.00	        1.00
  5.46	        0.00	      217.00	   696893.00	        0.00	      741.00	        1.00
  5.47	        0.00	      211.00	   698044.00	        0.00	      741.00	        1.00
  5.48	        0.00	      209.00	   698404.00	        0.00	      741.00	        1.00
  5.49	        0.00	      206.00	   698965.00	        0.00	      741.00	        1.00
  5.50	        0.00	      203.00	   699526.00	        0.00	      741.00	        1.00
  5.51	        0.00	      201.00	   699880.00	        0.00	      741.00	        1.00
  5.52	        0.00	      195.00	   701042.00	        0.00	      741.00	        1.00
  5.53	        0.00	      192.00	   701595.00	        0.00	      741.00	        1.00
  5.54	        0.00	      187.00	   702554.00	        0.00	      741.00	        1.00
  5.55	        0.00	      185.00	   702920.00	        0.00	      741.00	        1.00
  5.56	        0.00	      180.00	   703896.00	        0.00	      741.00	        1.00
  5.57	        0.00	      174.00	   705061.00	        0.00	      741.00	        1.00
  5.58	        0.00	      170.00	   705820.00	        0.00	      741.00	        1.00
  5.59	        0.00	      164.00	   706980.00	        0.00	      741.00	        1.00
  5.60	        0.00	      161.00	   707551.00	        0.00	      741.00	        1.00
  5.61	        0.00	      154.00	   708908.00	        0.00	      741.00	        1.00
  5.62	        0.00	      149.00	   709877.00	        0.00	      741.00	        1.00
  5.63	        0.00	      145.00	   710629.00	        0.00	      741.00	        1.00
  5.64	        0.00	      141.00	   711385.00	        0.00	      741.00	        1.00
  5.65	        0.00	      138.00	   711947.00	        0.00	      741.00	        1.00
  5.66	        0.00	      133.00	   712908.00	        0.00	      741.00	        1.00
  5.67	        0.00	      131.00	   713273.00	        0.00	      741.00	        1.00
  5.68	        0.00	      123.00	   714842.00	        0.00	      741.00	        1.00
  5.69	        0.00	      119.00	   715613.00	        0.00	      741.00	        1.00
  5.70	        0.00	      115.00	   716367.00	        0.00	      741.00	        1.00
  5.71	        0.00	      112.00	   716926.00	        0.00	      741.00	        1.00
  5.72	        0.00	      109.00	   717490.00	        0.00	      741.00	        1.00
  5.73	        0.00	      106.00	   718049.00	        0.00	      741.00	        1.00
  5.74	        0.00	      103.00	   718610.00	        0.00	      741.00	        1.00
  5.75	        0.00	      100.00	   719175.00	        0.00	      741.00	        1.00
  5.76	        0.00	       98.00	   719529.00	        0.00	      741.00	        1.00
  5.77	        0.00	       94.00	   720286.00	        0.00	      741.00	        1.00
  5.78	        0.00	       92.00	   720649.00	        0.00	      741.00	        1.00
  5.79	        0.00	       91.00	   720817.00	        0.00	      741.00	        1.00
  5.80	        0.00	       84.00	   722174.00	        0.00	      741.00	        1.00
  5.81	        0.00	       83.00	   722345.00	        0.00	      741.00	        1.00
  5.82	        0.00	       80.00	   722917.00	        0.00	      741.00	        1.00
  5.83	        0.00	       78.00	   723287.00	        0.00	      741.00	        1.00
  5.84	        0.00	       77.00	   723461.00	        0.00	      741.00	        1.00
  5.85	        0.00	       74.00	   724035.00	        0.00	      741.00	        1.00
  5.86	        0.00	       68.00	   725200.00	        0.00	      741.00	        1.00
  5.87	        0.00	       67.00	   725370.00	        0.00	      741.00	        1.00
  5.88	        0.00	       63.00	   726132.00	        0.00	      741.00	        1.00
  5.89	        0.00	       60.00	   726697.00	        0.00	      741.00	        1.00
  5.90	        0.00	       59.00	   726861.00	        0.00	      741.00	        1.00
  5.91	        0.00	       57.00	   727227.00	        0.00	      741.00	        1.00
  5.92	        0.00	       57.00	   727192.00	        0.00	      741.00	        1.00
  5.93	        0.00	       57.00	   727162.00	        0.00	      741.00	        1.00
  5.94	        0.00	       56.00	   727331.00	        0.00	      741.00	        1.00
  5.95	        0.00	       53.00	   727896.00	        0.00	      741.00	        1.00
  5.96	        0.00	       52.00	   728072.00	        0.00	      741.00	        1.00
  5.97	        0.00	       48.00	   728828.00	        0.00	      741.00	        1.00
  5.98	        0.00	       46.00	   729204.00	        0.00	      741.00	        1.00
  5.99	        0.00	       44.00	   729569.00	        0.00	      741.00	        1.00
  6.00	        0.00	       43.00	   729745.00	        0.00	      741.00	        1.00
  6.01	        0.00	       42.00	   729921.00	        0.00	      741.00	        1.00
  6.02	        0.00	       41.00	   730084.00	        0.00	      741.00	        1.00
  6.03	        0.00	       41.00	   730057.00	        0.00	      741.00	        1.00
  6.04	        0.00	       41.00	   730021.00	        0.00	      741.00	        1.00
  6.05	        0.00	       41.00	   729991.00	        0.00	      741.00	        1.00
  6.06	        0.00	       41.00	   729959.00	        0.00	      741.00	        1.00
  6.07	        0.00	       40.00	   730130.00	        0.00	      741.00	        1.00
  6.08	        0.00	       39.00	   730305.00	        0.00	      741.00	        1.00
  6.09	        0.00	       39.00	   730270.00	        0.00	      741.00	        1.00
  6.10	        0.00	       39.00	   730249.00	        0.00	      741.00	        1.00
  6.11	        0.00	       39.00	   730211.00	        0.00	      741.00	        1.00
  6.12	        0.00	       38.00	   730386.00	        0.00	      741.00	        1.00
  6.13	        0.00	       36.00	   730758.00	        0.00	      741.00	        1.00
  6.14	        0.00	       35.00	   730937.00	        0.00	      741.00	        1.00
  6.15	        0.00	       33.00	   731301.00	        0.00	      741.00	        1.00
  6.16	        0.00	       30.00	   731870.00	        0.00	      741.00	        1.00
  6.17	        0.00	       29.00	   732045.00	        0.00	      741.00	        1.00
  6.18	        0.00	       27.00	   732418.00	        0.00	      741.00	        1.00
  6.19	        0.00	       27.00	   732392.00	        0.00	      741.00	        1.00
  6.20	        0.00	       27.00	   732369.00	        0.00	      741.00	        1.00
  6.21	        0.00	       27.00	   732335.00	        0.00	      741.00	        1.00
  6.22	        0.00	       26.00	   732512.00	        0.00	      741.00	        1.00
  6.23	        0.00	       25.00	   732671.00	        0.00	      741.00	        1.00
  6.24	        0.00	       24.00	   732850.00	        0.00	      741.00	        1.00
  6.25	        0.00	       23.00	   733021.00	        0.00	      741.00	        1.00
  6.26	        0.00	       20.00	   733593.00	        0.00	      741.00	        1.00
  6.27	        0.00	       20.00	   733566.00	        0.00	      741.00	        1.00
  6.28	        0.00	       19.00	   733741.00	        0.00	      741.00	        1.00
  6.29	        0.00	       19.00	   733720.00	        0.00	      741.00	        1.00
  6.30	        0.00	       17.00	   734094.00	        0.00	      741.00	        1.00
  6.31	        0.00	       16.00	   734275.00	        0.00	      741.00	        1.00
  6.32	        0.00	       16.00	   734248.00	        0.00	      741.00	        1.00
  6.33	        0.00	       14.00	   734620.00	        0.00	      741.00	        1.00
  6.34	        0.00	       13.00	   734791.00	        0.00	      741.00	        1.00
  6.35	        0.00	       12.00	   734966.00	        0.00	      741.00	        1.00
  6.36	        0.00	       10.00	   735343.00	        0.00	      741.00	        1.00
  6.37	        0.00	       10.00	   735316.00	        0.00	      741.00	        1.00
  6.38	        0.00	       10.00	   735293.00	        0.00	      741.00	        1.00
  6.39	        0.00	        9.00	   735462.00	        0.00	      741.00	        1.00
  6.40	        0.00	        9.00	   735436.00	        0.00	      741.00	        1.00
  6.41	        0.00	        9.00	   735417.00	        0.00	      741.00	        1.00
  6.42	        0.00	        8.00	   735597.00	        0.00	      741.00	        1.00
  6.43	        0.00	        7.00	   735775.00	        0.00	      741.00	        1.00
  6.44	        0.00	        6.00	   735954.00	        0.00	      741.00	        1.00
  6.45	        0.00	        6.00	   735931.00	        0.00	      741.00	        1.00
  6.46	        0.00	        6.00	   735896.00	        0.00	      741.00	        1.00
  6.47	        0.00	        6.00	   735883.00	        0.00	      741.00	        1.00
  6.48	        0.00	        4.00	   736257.00	        0.00	      741.00	        1.00
  6.49	        0.00	        4.00	   736222.00	        0.00	      741.00	        1.00
  6.50	        0.00	        4.00	   736199.00	        0.00	      741.00	        1.00
  6.51	        0.00	        3.00	   736367.00	        0.00	      741.00	        1.00
  6.52	        0.00	        2.00	   736540.00	        0.00	      741.00	        1.00
  6.53	        0.00	        2.00	   736513.00	        0.00	      741.00	        1.00
  6.54	        0.00	        2.00	   736486.00	        0.00	      741.00	        1.00
  6.55	        0.00	        2.00	   736459.00	        0.00	      741.00	        1.00
  6.56	        0.00	        2.00	   736433.00	        0.00	      741.00	        1.00
  6.57	        0.00	        2.00	   736412.00	        0.00	      741.00	        1.00
  6.58	        0.00	        2.00	   736391.00	        0.00	      741.00	        1.00
  6.59	        0.00	        2.00	   736373.00	        0.00	      741.00	        1.00
  6.60	        0.00	        2.00	   736346.00	        0.00	      741.00	        1.00
  6.61	        0.00	        2.00	   736329.00	        0.00	      741.00	        1.00
  6.62	        0.00	        2.00	   736302.00	        0.00	      741.00	        1.00
  6.63	        0.00	        2.00	   736274.00	        0.00	      741.00	        1.00
  6.64	        0.00	        2.00	   736255.00	        0.00	      741.00	        1.00
  6.65	        0.00	        1.00	   736432.00	        0.00	      741.00	        1.00
  6.66	        0.00	        1.00	   736413.00	        0.00	      741.00	        1.00
  6.67	        0.00	        1.00	   736394.00	        0.00	      741.00	        1.00
  6.68	        0.00	        1.00	   736366.00	        0.00	      741.00	        1.00
  6.69	        0.00	        1.00	   736341.00	        0.00	      741.00	        1.00
  6.70	        0.00	        1.00	   736320.00	        0.00	      741.00	        1.00
  6.71	        0.00	        1.00	   736294.00	        0.00	      741.00	        1.00
  6.72	        0.00	        1.00	   736268.00	        0.00	      741.00	        1.00
  6.73	        0.00	        1.00	   736249.00	        0.00	      741.00	        1.00
  6.74	        0.00	        1.00	   736222.00	        0.00	      741.00	        1.00
  6.75	        0.00	        1.00	   736197.00	        0.00	      741.00	        1.00
  6.76	        0.00	        1.00	   736172.00	        0.00	      741.00	        1.00
  6.77	        0.00	        1.00	   736147.00	        0.00	      741.00	        1.00
  6.78	        0.00	        1.00	   736123.00	        0.00	      741.00	        1.00
  6.79	        0.00	        1.00	   736096.00	        0.00	      741.00	        1.00
  6.80	        0.00	        1.00	   736074.00	        0.00	      741.00	        1.00
  6.81	        0.00	        1.00	   736057.00	        0.00	      741.00	        1.00
  6.82	        0.00	        1.00	   736033.00	        0.00	      741.00	        1.00
  6.83	        0.00	        1.00	   736012.00	        0.00	      741.00	        1.00
  6.84	        0.00	        1.00	   735996.00	        0.00	      741.00	        1.00
  6.85	        0.00	        1.00	   735975.00	        0.00	      741.00	        1.00
  6.86	        0.00	        1.00	   735950.00	        0.00	      741.00	        1.00
  6.87	        0.00	        0.00	   736125.00	        0.00	      741.00	        0.00
