Datatype: PopulationSize
  0.00	        1.00	        0.00	        0.00	        1.00	        0.00	        1.00
  0.01	        1.00	        0.00	        0.00	        1.00	        0.00	        1.00
  0.02	        1.00	        0.00	        0.00	        1.00	        0.00	        1.00
  0.03	        1.00	        0.00	        0.00	        1.00	        0.00	        1.00
  0.04	        1.00	        0.00	        0.00	        1.00	        0.00	        1.00
  0.05	        1.00	        0.00	        0.00	        1.00	        0.00	        1.00
  0.06	        1.00	        0.00	        0.00	        1.00	        0.00	        1.00
  0.07	        1.00	        0.00	        0.00	        1.00	        0.00	        1.00
  0.08	        1.00	        0.00	        0.00	        1.00	        0.00	        1.00
  0.09	        1.00	        0.00	        0.00	        1.00	        0.00	        1.00
  0.10	        1.00	        0.00	        0.00	        1.00	        0.00	        1.00
  0.11	        1.00	        0.00	        0.00	        1.00	        0.00	        1.00
  0.12	        1.00	        0.00	        0.00	        1.00	        0.00	        1.00
  0.13	        1.00	        0.00	        0.00	        1.00	        0.00	        1.00
  0.14	        1.00	        0.00	        0.00	        1.00	        0.00	        1.00
  0.15	        1.00	        0.00	        0.00	        1.00	        0.00	        1.00
  0.16	        1.00	        0.00	        0.00	        1.00	        0.00	        1.00
  0.17	        1.00	        0.00	        0.00	        1.00	        0.00	        1.00
  0.18	        1.00	        0.00	        0.00	        1.00	        0.00	        1.00
  0.19	        1.00	        0.00	        0.00	        1.00	        0.00	        1.00
  0.20	        1.00	        0.00	        0.00	        1.00	        0.00	        1.00
  0.21	        1.00	        0.00	        0.00	        1.00	        0.00	        1.00
  0.22	        1.00	        0.00	        0.00	        1.00	        0.00	        1.00
  0.23	        2.00	        0.00	        0.00	        1.00	        1.00	        1.00
  0.24	        2.00	        0.00	        0.00	        1.00	        1.00	        1.00
  0.25	        2.00	        0.00	        0.00	        1.00	        1.00	        1.00
  0.26	        2.00	        0.00	        0.00	        1.00	        1.00	        1.00
  0.27	        2.00	        0.00	        0.00	        1.00	        1.00	        1.00
  0.28	        2.00	        0.00	        0.00	        1.00	        1.00	        1.00
  0.29	        2.00	        0.00	        0.00	        1.00	        1.00	        1.00
  0.30	        2.00	        0.00	        0.00	        1.00	        1.00	        1.00
  0.31	        2.00	        0.00	        0.00	        1.00	        1.00	        1.00
  0.32	        2.00	        0.00	        0.00	        1.00	        1.00	        1.00
  0.33	        2.00	        0.00	        0.00	        1.00	        1.00	        1.00
  0.34	        2.00	        0.00	        0.00	        1.00	        1.00	        1.00
  0.35	        2.00	        0.00	        0.00	        1.00	        1.00	        1.00
  0.36	        2.00	        0.00	        0.00	        1.00	        1.00	        1.00
  0.37	        2.00	        0.00	        0.00	        1.00	        1.00	        1.00
  0.38	        2.00	        0.00	        0.00	        1.00	        1.00	        1.00
  0.39	        2.00	        0.00	        0.00	        1.00	        1.00	        1.00
  0.40	        2.00	        0.00	        0.00	        1.00	        1.00	        1.00
  0.41	        2.00	        0.00	        0.00	        1.00	        1.00	        1.00
  0.42	        2.00	        0.00	        0.00	        1.00	        1.00	        1.00
  0.43	        2.00	        0.00	        0.00	        1.00	        1.00	        1.00
  0.44	        2.00	        0.00	        0.00	        1.00	        1.00	        1.00
  0.45	        2.00	        0.00	        0.00	        1.00	        1.00	        1.00
  0.46	        2.00	        0.00	        0.00	        1.00	        1.00	        1.00
  0.47	        2.00	        0.00	        0.00	        1.00	        1.00	        1.00
  0.48	        2.00	        0.00	        0.00	        1.00	        1.00	        1.00
  0.49	        2.00	        0.00	        0.00	        1.00	        1.00	        1.00
  0.50	        2.00	        0.00	        0.00	        1.00	        1.00	        1.00
  0.51	        2.00	        0.00	        0.00	        1.00	        1.00	        1.00
  0.52	        2.00	        0.00	        0.00	        1.00	        1.00	        1.00
  0.53	        3.00	        0.00	        0.00	        1.00	        2.00	        1.00
  0.54	        3.00	        0.00	        0.00	        1.00	        2.00	        1.00
  0.55	        3.00	        0.00	        0.00	        1.00	        2.00	        1.00
  0.56	        3.00	        0.00	        0.00	        1.00	        2.00	        1.00
  0.57	        3.00	        0.00	        0.00	        1.00	        2.00	        1.00
  0.58	        3.00	        0.00	        0.00	        1.00	        2.00	        1.00
  0.59	        3.00	        0.00	        0.00	        1.00	        2.00	        1.00
  0.60	        3.00	        0.00	        0.00	        1.00	        2.00	        1.00
  0.61	        4.00	        0.00	        0.00	        1.00	        3.00	        1.00
  0.62	        4.00	        0.00	        0.00	        1.00	        3.00	        1.00
  0.63	        4.00	        0.00	        0.00	        1.00	        3.00	        1.00
  0.64	        4.00	        0.00	        0.00	        1.00	        3.00	        1.00
  0.65	        4.00	        0.00	        0.00	        1.00	        3.00	        1.00
  0.66	        4.00	        0.00	        0.00	        1.00	        3.00	        1.00
  0.67	        4.00	        0.00	        0.00	        1.00	        3.00	        1.00
  0.68	        4.00	        0.00	        0.00	        1.00	        3.00	        1.00
  0.69	        4.00	        0.00	        0.00	        1.00	        3.00	        1.00
  0.70	        4.00	        0.00	        0.00	        1.00	        3.00	        1.00
  0.71	        4.00	        0.00	        0.00	        1.00	        3.00	        1.00
  0.72	        4.00	        0.00	        0.00	        1.00	        3.00	        1.00
  0.73	        4.00	        0.00	        0.00	        1.00	        3.00	        1.00
  0.74	        4.00	        0.00	        0.00	        1.00	        3.00	        1.00
  0.75	        4.00	        0.00	        0.00	        1.00	        3.00	        1.00
  0.76	        4.00	        0.00	        0.00	        1.00	        3.00	        1.00
  0.77	        4.00	        0.00	        0.00	        1.00	        3.00	        1.00
  0.78	        4.00	        0.00	        0.00	        1.00	        3.00	        1.00
  0.79	        5.00	        0.00	        0.00	        1.00	        4.00	        1.00
  0.80	        5.00	        0.00	        0.00	        1.00	        4.00	        1.00
  0.81	        5.00	        0.00	        0.00	        1.00	        4.00	        1.00
  0.82	        5.00	        0.00	        0.00	        1.00	        4.00	        1.00
  0.83	        6.00	        0.00	        0.00	        1.00	        5.00	        1.00
  0.84	        6.00	        0.00	        0.00	        1.00	        5.00	        1.00
  0.85	        6.00	        0.00	        0.00	        1.00	        5.00	        1.00
  0.86	        6.00	        0.00	        0.00	        1.00	        5.00	        1.00
  0.87	        6.00	        0.00	        0.00	        1.00	        5.00	        1.00
  0.88	        6.00	        0.00	        0.00	        1.00	        5.00	        1.00
  0.89	        6.00	        0.00	        0.00	        1.00	        5.00	        1.00
  0.90	        7.00	        0.00	        0.00	        1.00	        6.00	        1.00
  0.91	        7.00	        0.00	        0.00	        1.00	        6.00	        1.00
  0.92	        8.00	        0.00	        0.00	        1.00	        7.00	        1.00
  0.93	        8.00	        0.00	        0.00	        1.00	        7.00	        1.00
  0.94	        8.00	        0.00	        0.00	        1.00	        7.00	        1.00
  0.95	        8.00	        0.00	        0.00	        1.00	        7.00	        1.00
  0.96	        8.00	        0.00	        0.00	        1.00	        7.00	        1.00
  0.97	        9.00	        0.00	        0.00	        1.00	        8.00	        1.00
  0.98	        9.00	        0.00	        0.00	        1.00	        8.00	        1.00
  0.99	        9.00	        0.00	        0.00	        1.00	        8.00	        1.00
  1.00	        9.00	        0.00	        0.00	        1.00	        8.00	        1.00
  1.01	        9.00	        0.00	        0.00	        1.00	        8.00	        1.00
  1.02	        9.00	        0.00	        0.00	        1.00	        8.00	        1.00
  1.03	        9.00	        0.00	        0.00	        1.00	        8.00	        1.00
  1.04	        9.00	        0.00	        0.00	        1.00	        8.00	        1.00
  1.05	        9.00	        0.00	        0.00	        1.00	        8.00	        1.00
  1.06	        9.00	        0.00	        0.00	        1.00	        8.00	        1.00
  1.07	        9.00	        0.00	        0.00	        1.00	        8.00	        1.00
  1.08	        9.00	        0.00	        0.00	        1.00	        8.00	        1.00
  1.09	        9.00	        0.00	        0.00	        1.00	        8.00	        1.00
  1.10	        9.00	        0.00	        0.00	        1.00	        8.00	        1.00
  1.11	        9.00	        0.00	        0.00	        1.00	        8.00	        1.00
  1.12	        9.00	        0.00	        0.00	        1.00	        8.00	        1.00
  1.13	        9.00	        0.00	        0.00	        1.00	        8.00	        1.00
  1.14	        9.00	        0.00	        0.00	        1.00	        8.00	        1.00
  1.15	        9.00	        0.00	        0.00	        1.00	        8.00	        1.00
  1.16	       10.00	        0.00	        0.00	        1.00	        9.00	        1.00
  1.17	       10.00	        0.00	        0.00	        1.00	        9.00	        1.00
  1.18	       11.00	        0.00	        0.00	        1.00	       10.00	        1.00
  1.19	       11.00	        0.00	        0.00	        1.00	       10.00	        1.00
  1.20	       12.00	        0.00	        0.00	        1.00	       11.00	        1.00
  1.21	       12.00	        0.00	        0.00	        1.00	       11.00	        1.00
  1.22	       12.00	        0.00	        0.00	        1.00	       11.00	        1.00
  1.23	       12.00	        0.00	        0.00	        1.00	       11.00	        1.00
  1.24	       12.00	        0.00	        0.00	        1.00	       11.00	        1.00
  1.25	       12.00	        0.00	        0.00	        1.00	       11.00	        1.00
  1.26	       12.00	        0.00	        0.00	        1.00	       11.00	        1.00
  1.27	       12.00	        0.00	        0.00	        1.00	       11.00	        1.00
  1.28	       12.00	        0.00	        0.00	        1.00	       11.00	        1.00
  1.29	       13.00	        0.00	        0.00	        1.00	       12.00	        1.00
  1.30	       14.00	        0.00	        0.00	        1.00	       13.00	        1.00
  1.31	       14.00	        0.00	        0.00	        1.00	       13.00	        1.00
  1.32	       14.00	        0.00	        0.00	        1.00	       13.00	        1.00
  1.33	       14.00	        0.00	        0.00	        1.00	       13.00	        1.00
  1.34	       14.00	        0.00	        0.00	        1.00	       13.00	        1.00
  1.35	       14.00	        0.00	        0.00	        1.00	       13.00	        1.00
  1.36	       14.00	        0.00	        0.00	        1.00	       13.00	        1.00
  1.37	       14.00	        0.00	        0.00	        1.00	       13.00	        1.00
  1.38	       14.00	        0.00	        0.00	        1.00	       13.00	        1.00
  1.39	       15.00	        0.00	        0.00	        1.00	       14.00	        1.00
  1.40	       16.00	        0.00	        0.00	        1.00	       15.00	        1.00
  1.41	       16.00	        0.00	        0.00	        1.00	       15.00	        1.00
  1.42	       16.00	        0.00	        0.00	        1.00	       15.00	        1.00
  1.43	       16.00	        0.00	        0.00	        1.00	       15.00	        1.00
  1.44	       16.00	        0.00	        0.00	        1.00	       15.00	        1.00
  1.45	       17.00	        0.00	        0.00	        1.00	       16.00	        1.00
  1.46	       17.00	        0.00	        0.00	        1.00	       16.00	        1.00
  1.47	       18.00	        0.00	        0.00	        1.00	       17.00	        1.00
  1.48	       18.00	        0.00	        0.00	        1.00	       17.00	        1.00
  1.49	       19.00	        0.00	        0.00	        1.00	       18.00	        1.00
  1.50	       19.00	        0.00	        0.00	        1.00	       18.00	        1.00
  1.51	       19.00	        0.00	        0.00	        1.00	       18.00	        1.00
  1.52	       19.00	        0.00	        0.00	        1.00	       18.00	        1.00
  1.53	       19.00	        0.00	        0.00	        1.00	       18.00	        1.00
  1.54	       19.00	        0.00	        0.00	        1.00	       18.00	        1.00
  1.55	       19.00	        0.00	        0.00	        1.00	       18.00	        1.00
  1.56	       19.00	        0.00	        0.00	        1.00	       18.00	        1.00
  1.57	       20.00	        0.00	        0.00	        1.00	       19.00	        1.00
  1.58	       21.00	        0.00	        0.00	        1.00	       20.00	        1.00
  1.59	       21.00	        0.00	        0.00	        1.00	       20.00	        1.00
  1.60	       21.00	        0.00	        0.00	        1.00	       20.00	        1.00
  1.61	       22.00	        0.00	        0.00	        1.00	       21.00	        1.00
  1.62	       22.00	        0.00	        0.00	        1.00	       21.00	        1.00
  1.63	       23.00	        0.00	        0.00	        1.00	       22.00	        1.00
  1.64	       23.00	        0.00	        0.00	        1.00	       22.00	        1.00
  1.65	       23.00	        0.00	        0.00	        1.00	       22.00	        1.00
  1.66	       23.00	        0.00	        0.00	        1.00	       22.00	        1.00
  1.67	       25.00	        0.00	        0.00	        1.00	       24.00	        1.00
  1.68	       25.00	        0.00	        0.00	        1.00	       24.00	        1.00
  1.69	       27.00	        0.00	        0.00	        1.00	       26.00	        1.00
  1.70	       27.00	        0.00	        0.00	        1.00	       26.00	        1.00
  1.71	       27.00	        0.00	        0.00	        1.00	       26.00	        1.00
  1.72	       27.00	        0.00	        0.00	        1.00	       26.00	        1.00
  1.73	       27.00	        0.00	        0.00	        1.00	       26.00	        1.00
  1.74	       27.00	        0.00	        0.00	        1.00	       26.00	        1.00
  1.75	       27.00	        0.00	        0.00	        1.00	       26.00	        1.00
  1.76	       27.00	        0.00	        0.00	        1.00	       26.00	        1.00
  1.77	       28.00	        0.00	        0.00	        1.00	       27.00	        1.00
  1.78	       28.00	        0.00	        0.00	        1.00	       27.00	        1.00
  1.79	       28.00	        0.00	        0.00	        1.00	       27.00	        1.00
  1.80	       28.00	        0.00	        0.00	        1.00	       27.00	        1.00
  1.81	       28.00	        0.00	        0.00	        1.00	       27.00	        1.00
  1.82	       28.00	        0.00	        0.00	        1.00	       27.00	        1.00
  1.83	       28.00	        0.00	        0.00	        1.00	       27.00	        1.00
  1.84	       29.00	        0.00	        0.00	        1.00	       28.00	        1.00
  1.85	       30.00	        0.00	        0.00	        1.00	       29.00	        1.00
  1.86	       30.00	        0.00	        0.00	        1.00	       29.00	        1.00
  1.87	       31.00	        0.00	        0.00	        1.00	       30.00	        1.00
  1.88	       32.00	        0.00	        0.00	        1.00	       31.00	        1.00
  1.89	       32.00	        0.00	        0.00	        1.00	       31.00	        1.00
  1.90	       32.00	        0.00	        0.00	        1.00	       31.00	        1.00
  1.91	       32.00	        0.00	        0.00	        1.00	       31.00	        1.00
  1.92	       32.00	        0.00	        0.00	        1.00	       31.00	        1.00
  1.93	       33.00	        0.00	        0.00	        1.00	       32.00	        1.00
  1.94	       33.00	        0.00	        0.00	        1.00	       32.00	        1.00
  1.95	       33.00	        0.00	        0.00	        1.00	       32.00	        1.00
  1.96	       33.00	        0.00	        0.00	        1.00	       32.00	        1.00
  1.97	       33.00	        0.00	        0.00	        1.00	       32.00	        1.00
  1.98	       34.00	        0.00	        0.00	        1.00	       33.00	        1.00
  1.99	       35.00	        0.00	        0.00	        1.00	       34.00	        1.00
  2.00	       35.00	        0.00	        0.00	        1.00	       34.00	        1.00
  2.01	       36.00	        0.00	        0.00	        1.00	       35.00	        1.00
  2.02	       37.00	        0.00	        0.00	        1.00	       36.00	        1.00
  2.03	       38.00	        0.00	        0.00	        1.00	       37.00	        1.00
  2.04	       38.00	        0.00	        0.00	        1.00	       37.00	        1.00
  2.05	       39.00	        0.00	        0.00	        1.00	       38.00	        1.00
  2.06	       40.00	        0.00	        0.00	        1.00	       39.00	        1.00
  2.07	       41.00	        0.00	        0.00	        1.00	       40.00	        1.00
  2.08	       41.00	        0.00	        0.00	        1.00	       40.00	        1.00
  2.09	       43.00	        0.00	        0.00	        1.00	       42.00	        1.00
  2.10	       45.00	        0.00	        0.00	        1.00	       44.00	        1.00
  2.11	       46.00	        0.00	        0.00	        1.00	       45.00	        1.00
  2.12	       47.00	        0.00	        0.00	        1.00	       46.00	        1.00
  2.13	       48.00	        0.00	        0.00	        1.00	       47.00	        1.00
  2.14	       48.00	        0.00	        0.00	        1.00	       47.00	        1.00
  2.15	       48.00	        0.00	        0.00	        1.00	       47.00	        1.00
  2.16	       48.00	        0.00	        0.00	        1.00	       47.00	        1.00
  2.17	       48.00	        0.00	        0.00	        1.00	       47.00	        1.00
  2.18	       51.00	        0.00	        0.00	        1.00	       50.00	        1.00
  2.19	       51.00	        0.00	        0.00	        1.00	       50.00	        1.00
  2.20	       52.00	        0.00	        0.00	        1.00	       51.00	        1.00
  2.21	       52.00	        0.00	        0.00	        1.00	       51.00	        1.00
  2.22	       52.00	        0.00	        0.00	        1.00	       51.00	        1.00
  2.23	       53.00	        0.00	        0.00	        1.00	       52.00	        1.00
  2.24	       54.00	        0.00	        0.00	        1.00	       53.00	        1.00
  2.25	       55.00	        0.00	        0.00	        1.00	       54.00	        1.00
  2.26	       56.00	        0.00	        0.00	        1.00	       55.00	        1.00
  2.27	       56.00	        0.00	        0.00	        1.00	       55.00	        1.00
  2.28	       56.00	        0.00	        0.00	        1.00	       55.00	        1.00
  2.29	       57.00	        0.00	        0.00	        1.00	       56.00	        1.00
  2.30	       57.00	        0.00	        0.00	        1.00	       56.00	        1.00
  2.31	       58.00	        0.00	        0.00	        1.00	       57.00	        1.00
  2.32	       59.00	        0.00	        0.00	        1.00	       58.00	        1.00
  2.33	       60.00	        0.00	        0.00	        1.00	       59.00	        1.00
  2.34	       62.00	        0.00	        0.00	        1.00	       61.00	        1.00
  2.35	       62.00	        0.00	        0.00	        1.00	       61.00	        1.00
  2.36	       62.00	        0.00	        0.00	        1.00	       61.00	        1.00
  2.37	       63.00	        0.00	        0.00	        1.00	       62.00	        1.00
  2.38	       63.00	        0.00	        0.00	        1.00	       62.00	        1.00
  2.39	       64.00	        0.00	        0.00	        1.00	       63.00	        1.00
  2.40	       64.00	        0.00	        0.00	        1.00	       63.00	        1.00
  2.41	       64.00	        0.00	        0.00	        1.00	       63.00	        1.00
  2.42	       64.00	        0.00	        0.00	        1.00	       63.00	        1.00
  2.43	       64.00	        0.00	        0.00	        1.00	       63.00	        1.00
  2.44	       64.00	        0.00	        0.00	        1.00	       63.00	        1.00
  2.45	       66.00	        0.00	        0.00	        1.00	       65.00	        1.00
  2.46	       67.00	        0.00	        0.00	        1.00	       66.00	        1.00
  2.47	       69.00	        0.00	        0.00	        1.00	       68.00	        1.00
  2.48	       69.00	        0.00	        0.00	        1.00	       68.00	        1.00
  2.49	       72.00	        0.00	        0.00	        1.00	       71.00	        1.00
  2.50	       74.00	        0.00	        0.00	        1.00	       73.00	        1.00
  2.51	       75.00	        0.00	        0.00	        1.00	       74.00	        1.00
  2.52	       76.00	        0.00	        0.00	        1.00	       75.00	        1.00
  2.53	       76.00	        0.00	        0.00	        1.00	       75.00	        1.00
  2.54	       76.00	        0.00	        0.00	        1.00	       75.00	        1.00
  2.55	       76.00	        0.00	        0.00	        1.00	       75.00	        1.00
  2.56	       77.00	        0.00	        0.00	        1.00	       76.00	        1.00
  2.57	       78.00	        0.00	        0.00	        1.00	       77.00	        1.00
  2.58	       80.00	        0.00	        0.00	        1.00	       79.00	        1.00
  2.59	       82.00	        0.00	        0.00	        1.00	       81.00	        1.00
  2.60	       82.00	        0.00	        0.00	        1.00	       81.00	        1.00
  2.61	       84.00	        0.00	        0.00	        1.00	       83.00	        1.00
  2.62	       87.00	        0.00	        0.00	        1.00	       86.00	        1.00
  2.63	       88.00	        0.00	        0.00	        1.00	       87.00	        1.00
  2.64	       90.00	        0.00	        0.00	        1.00	       89.00	        1.00
  2.65	       91.00	        0.00	        0.00	        1.00	       90.00	        1.00
  2.66	       91.00	        0.00	        0.00	        1.00	       90.00	        1.00
  2.67	       93.00	        0.00	        0.00	        1.00	       92.00	        1.00
  2.68	       94.00	        0.00	        0.00	        1.00	       93.00	        1.00
  2.69	       96.00	        0.00	        0.00	        1.00	       95.00	        1.00
  2.70	       98.00	        0.00	        0.00	        1.00	       97.00	        1.00
  2.71	      100.00	        0.00	        0.00	        1.00	       99.00	        1.00
  2.72	      103.00	        0.00	        0.00	        1.00	      102.00	        1.00
  2.73	      104.00	        0.00	        0.00	        1.00	      103.00	        1.00
  2.74	      104.00	        0.00	        0.00	        1.00	      103.00	        1.00
  2.75	      106.00	        0.00	        0.00	        1.00	      105.00	        1.00
  2.76	      109.00	        0.00	        0.00	        1.00	      108.00	        1.00
  2.77	      110.00	        0.00	        0.00	        1.00	      109.00	        1.00
  2.78	      114.00	        0.00	        0.00	        1.00	      113.00	        1.00
  2.79	      117.00	        0.00	        0.00	        1.00	      116.00	        1.00
  2.80	      120.00	        0.00	        0.00	        1.00	      119.00	        1.00
  2.81	      120.00	        0.00	        0.00	        1.00	      119.00	        1.00
  2.82	      123.00	        0.00	        0.00	        1.00	      122.00	        1.00
  2.83	      125.00	        0.00	        0.00	        1.00	      124.00	        1.00
  2.84	      127.00	        0.00	        0.00	        1.00	      126.00	        1.00
  2.85	      127.00	        0.00	        0.00	        1.00	      126.00	        1.00
  2.86	      128.00	        0.00	        0.00	        1.00	      127.00	        1.00
  2.87	      128.00	        0.00	        0.00	        1.00	      127.00	        1.00
  2.88	      131.00	        0.00	        0.00	        1.00	      130.00	        1.00
  2.89	      135.00	        0.00	        0.00	        1.00	      134.00	        1.00
  2.90	      137.00	        0.00	        0.00	        1.00	      136.00	        1.00
  2.91	      137.00	        0.00	        0.00	        1.00	      136.00	        1.00
  2.92	      142.00	        0.00	        0.00	        1.00	      141.00	        1.00
  2.93	      144.00	        0.00	        0.00	        1.00	      143.00	        1.00
  2.94	      147.00	        0.00	        0.00	        1.00	      146.00	        1.00
  2.95	      149.00	        0.00	        0.00	        1.00	      148.00	        1.00
  2.96	      151.00	        0.00	        0.00	        1.00	      150.00	        1.00
  2.97	      153.00	        0.00	        0.00	        1.00	      152.00	        1.00
  2.98	      156.00	        0.00	        0.00	        1.00	      155.00	        1.00
  2.99	      160.00	        0.00	        0.00	        1.00	      159.00	        1.00
  3.00	      164.00	        0.00	        0.00	        1.00	      163.00	        1.00
  3.01	      165.00	        0.00	        0.00	        1.00	      164.00	        1.00
  3.02	      168.00	        0.00	        0.00	        1.00	      167.00	        1.00
  3.03	      171.00	        0.00	        0.00	        1.00	      170.00	        1.00
  3.04	      172.00	        0.00	        0.00	        1.00	      171.00	        1.00
  3.05	      174.00	        0.00	        0.00	        1.00	      173.00	        1.00
  3.06	      176.00	        0.00	        0.00	        1.00	      175.00	        1.00
  3.07	      180.00	        0.00	        0.00	        1.00	      179.00	        1.00
  3.08	      187.00	        0.00	        0.00	        1.00	      186.00	        1.00
  3.09	      191.00	        0.00	        0.00	        1.00	      190.00	        1.00
  3.10	      192.00	        0.00	        0.00	        1.00	      191.00	        1.00
  3.11	      196.00	        0.00	        0.00	        1.00	      195.00	        1.00
  3.12	      203.00	        0.00	        0.00	        1.00	      202.00	        1.00
  3.13	      207.00	        0.00	        0.00	        1.00	      206.00	        1.00
  3.14	      213.00	        0.00	        0.00	        1.00	      212.00	        1.00
  3.15	      218.00	        0.00	        0.00	        1.00	      217.00	        1.00
  3.16	      222.00	        0.00	        0.00	        1.00	      221.00	        1.00
  3.17	      224.00	        0.00	        0.00	        1.00	      223.00	        1.00
  3.18	      232.00	        0.00	        0.00	        1.00	      231.00	        1.00
  3.19	      235.00	        0.00	        0.00	        1.00	      234.00	        1.00
  3.20	      244.00	        0.00	        0.00	        1.00	      243.00	        1.00
  3.21	      246.00	        0.00	        0.00	        1.00	      245.00	        1.00
  3.22	      249.00	        0.00	        0.00	        1.00	      248.00	        1.00
  3.23	      256.00	        0.00	        0.00	        1.00	      255.00	        1.00
  3.24	      259.00	        0.00	        0.00	        1.00	      258.00	        1.00
  3.25	      260.00	        0.00	        0.00	        1.00	      259.00	        1.00
  3.26	      265.00	        0.00	        0.00	        1.00	      264.00	        1.00
  3.27	      269.00	        0.00	        0.00	        1.00	      268.00	        1.00
  3.28	      273.00	        0.00	        0.00	        1.00	      272.00	        1.00
  3.29	      277.00	        0.00	        0.00	        1.00	      276.00	        1.00
  3.30	      279.00	        0.00	        0.00	        1.00	      278.00	        1.00
  3.31	      280.00	        0.00	        0.00	        1.00	      279.00	        1.00
  3.32	      287.00	        0.00	        0.00	        1.00	      286.00	        1.00
  3.33	      291.00	        0.00	        0.00	        1.00	      290.00	        1.00
  3.34	      297.00	        0.00	        0.00	        1.00	      296.00	        1.00
  3.35	      301.00	        0.00	        0.00	        1.00	      300.00	        1.00
  3.36	      306.00	        0.00	        0.00	        1.00	      305.00	        1.00
  3.37	      310.00	        0.00	        0.00	        1.00	      309.00	        1.00
  3.38	      315.00	        0.00	        0.00	        1.00	      314.00	        1.00
  3.39	      316.00	        0.00	        0.00	        1.00	      315.00	        1.00
  3.40	      325.00	        0.00	        0.00	        1.00	      324.00	        1.00
  3.41	      332.00	        0.00	        0.00	        1.00	      331.00	        1.00
  3.42	      338.00	        0.00	        0.00	        1.00	      337.00	        1.00
  3.43	      343.00	        0.00	        0.00	        1.00	      342.00	        1.00
  3.44	      351.00	        0.00	        0.00	        1.00	      350.00	        1.00
  3.45	      353.00	        0.00	        0.00	        1.00	      352.00	        1.00
  3.46	      358.00	        0.00	        0.00	        1.00	      357.00	        1.00
  3.47	      362.00	        0.00	        0.00	        1.00	      361.00	        1.00
  3.48	      373.00	        0.00	        0.00	        1.00	      372.00	        1.00
  3.49	      375.00	        0.00	        0.00	        1.00	      374.00	        1.00
  3.50	      383.00	        0.00	        0.00	        1.00	      382.00	        1.00
  3.51	      389.00	        0.00	        0.00	        1.00	      388.00	        1.00
  3.52	      392.00	        0.00	        0.00	        1.00	      391.00	        1.00
  3.53	      403.00	        0.00	        0.00	        1.00	      402.00	        1.00
  3.54	      409.00	        0.00	        0.00	        1.00	      408.00	        1.00
  3.55	      416.00	        0.00	        0.00	        1.00	      415.00	        1.00
  3.56	      422.00	        0.00	        0.00	        1.00	      421.00	        1.00
  3.57	      427.00	        0.00	        0.00	        1.00	      426.00	        1.00
  3.58	      431.00	        0.00	        0.00	        1.00	      430.00	        1.00
  3.59	      437.00	        0.00	        0.00	        1.00	      436.00	        1.00
  3.60	      443.00	        0.00	        0.00	        1.00	      442.00	        1.00
  3.61	      449.00	        0.00	        0.00	        1.00	      448.00	        1.00
  3.62	      455.00	        0.00	        0.00	        1.00	      454.00	        1.00
  3.63	      463.00	        0.00	        0.00	        1.00	      462.00	        1.00
  3.64	      466.00	        0.00	        0.00	        1.00	      465.00	        1.00
  3.65	      473.00	        0.00	        0.00	        1.00	      472.00	        1.00
  3.66	      479.00	        0.00	        0.00	        1.00	      478.00	        1.00
  3.67	      487.00	        0.00	        0.00	        1.00	      486.00	        1.00
  3.68	      501.00	        0.00	        0.00	        1.00	      500.00	        1.00
  3.69	      508.00	        0.00	        0.00	        1.00	      507.00	        1.00
  3.70	      516.00	        0.00	        0.00	        1.00	      515.00	        1.00
  3.71	      521.00	        0.00	        0.00	        1.00	      520.00	        1.00
  3.72	      531.00	        0.00	        0.00	        1.00	      530.00	        1.00
  3.73	      542.00	        0.00	        0.00	        1.00	      541.00	        1.00
  3.74	      551.00	        0.00	        0.00	        1.00	      550.00	        1.00
  3.75	      556.00	        0.00	        0.00	        1.00	      555.00	        1.00
  3.76	      566.00	        0.00	        0.00	        1.00	      565.00	        1.00
  3.77	      573.00	        0.00	        0.00	        1.00	      572.00	        1.00
  3.78	      583.00	        0.00	        0.00	        1.00	      582.00	        1.00
  3.79	      592.00	        0.00	        0.00	        1.00	      591.00	        1.00
  3.80	      599.00	        0.00	        0.00	        1.00	      598.00	        1.00
  3.81	      604.00	        0.00	        0.00	        1.00	      603.00	        1.00
  3.82	      609.00	        0.00	        0.00	        1.00	      608.00	        1.00
  3.83	      622.00	        0.00	        0.00	        1.00	      621.00	        1.00
  3.84	      640.00	        0.00	        0.00	        1.00	      639.00	        1.00
  3.85	      656.00	        0.00	        0.00	        1.00	      655.00	        1.00
  3.86	      670.00	        0.00	        0.00	        1.00	      669.00	        1.00
  3.87	      677.00	        0.00	        0.00	        1.00	      676.00	        1.00
  3.88	      688.00	        0.00	        0.00	        1.00	      687.00	        1.00
  3.89	      700.00	        0.00	        0.00	        1.00	      699.00	        1.00
  3.90	      707.00	        0.00	        0.00	        1.00	      706.00	        1.00
  3.91	      721.00	        0.00	        0.00	        1.00	      720.00	        1.00
  3.92	      735.00	        0.00	        0.00	        1.00	      734.00	        1.00
  3.93	      744.00	        0.00	        0.00	        1.00	      743.00	        1.00
  3.94	      750.00	        0.00	        0.00	        1.00	      749.00	        1.00
  3.95	      765.00	        0.00	        0.00	        1.00	      764.00	        1.00
  3.96	      775.00	        0.00	        0.00	        1.00	      774.00	        1.00
  3.97	      788.00	        0.00	        0.00	        1.00	      787.00	        1.00
  3.98	      799.00	        0.00	        0.00	        1.00	      798.00	        1.00
  3.99	      813.00	        0.00	        0.00	        1.00	      812.00	        1.00
  4.00	      827.00	        0.00	   599999.00	        1.00	      826.00	        1.00
  4.01	      843.00	        0.00	   599983.00	        1.00	      842.00	        1.00
  4.02	      859.00	        0.00	   599971.00	        1.00	      858.00	        1.00
  4.03	      871.00	        0.00	   599955.00	        1.00	      870.00	        1.00
  4.04	      883.00	        0.00	   599934.00	        1.00	      882.00	        1.00
  4.05	      893.00	        0.00	   599915.00	        1.00	      892.00	        1.00
  4.06	      907.00	        0.00	   599898.00	        1.00	      906.00	        1.00
  4.07	      927.00	        0.00	   599874.00	        1.00	      926.00	        1.00
  4.08	      941.00	        1.00	   599851.00	        1.00	      941.00	        1.00
  4.09	      958.00	        1.00	   599832.00	        1.00	      958.00	        1.00
  4.10	      976.00	        1.00	   599814.00	        1.00	      976.00	        1.00
  4.11	      990.00	        1.00	   599795.00	        1.00	      990.00	        1.00
  4.12	     1011.00	        1.00	   599784.00	        1.00	     1011.00	        1.00
  4.13	     1027.00	        2.00	   599761.00	        1.00	     1028.00	        1.00
  4.14	     1047.00	        2.00	   599743.00	        1.00	     1048.00	        1.00
  4.15	     1066.00	        2.00	   599726.00	        1.00	     1067.00	        1.00
  4.16	     1083.00	        2.00	   599711.00	        1.00	     1084.00	        1.00
  4.17	     1102.00	        2.00	   599697.00	        1.00	     1103.00	        1.00
  4.18	     1116.00	        2.00	   599681.00	        1.00	     1117.00	        1.00
  4.19	     1143.00	        2.00	   599668.00	        1.00	     1144.00	        1.00
  4.20	     1160.00	        2.00	   599649.00	        1.00	     1161.00	        1.00
  4.21	     1182.00	        2.00	   599629.00	        1.00	     1183.00	        1.00
  4.22	     1199.00	        2.00	   599614.00	        1.00	     1200.00	        1.00
  4.23	     1219.00	        2.00	   599595.00	        1.00	     1220.00	        1.00
  4.24	     1261.00	        2.00	   599574.00	        1.00	     1262.00	        1.00
  4.25	     1278.00	        2.00	   599554.00	        1.00	     1279.00	        1.00
  4.26	     1293.00	        5.00	   599538.00	        1.00	     1297.00	        1.00
  4.27	     1313.00	        5.00	   599515.00	        1.00	     1317.00	        1.00
  4.28	     1328.00	        5.00	   599488.00	        1.00	     1332.00	        1.00
  4.29	     1348.00	        6.00	   599469.00	        1.00	     1353.00	        1.00
  4.30	     1365.00	        6.00	   599451.00	        1.00	     1370.00	        1.00
  4.31	     1382.00	        6.00	   599431.00	        1.00	     1387.00	        1.00
  4.32	     1399.00	        8.00	   599413.00	        1.00	     1406.00	        1.00
  4.33	     1419.00	        8.00	   599399.00	        1.00	     1426.00	        1.00
  4.34	     1435.00	        8.00	   599367.00	        1.00	     1442.00	        1.00
  4.35	     1458.00	        8.00	   599336.00	        1.00	     1465.00	        1.00
  4.36	     1479.00	        8.00	   599314.00	        1.00	     1486.00	        1.00
  4.37	     1500.00	        8.00	   599297.00	        1.00	     1507.00	        1.00
  4.38	     1517.00	        8.00	   599284.00	        1.00	     1524.00	        1.00
  4.39	     1545.00	        8.00	   599264.00	        1.00	     1552.00	        1.00
  4.40	     1563.00	        8.00	   599253.00	        1.00	     1570.00	        1.00
  4.41	     1591.00	        8.00	   599235.00	        1.00	     1598.00	        1.00
  4.42	     1615.00	        8.00	   599211.00	        1.00	     1622.00	        1.00
  4.43	     1635.00	        8.00	   599188.00	        1.00	     1642.00	        1.00
  4.44	     1661.00	        8.00	   599171.00	        1.00	     1668.00	        1.00
  4.45	     1689.00	        8.00	   599159.00	        1.00	     1696.00	        1.00
  4.46	     1724.00	        8.00	   599136.00	        1.00	     1731.00	        1.00
  4.47	     1744.00	        8.00	   599113.00	        1.00	     1751.00	        1.00
  4.48	     1765.00	        8.00	   599092.00	        1.00	     1772.00	        1.00
  4.49	     1793.00	        8.00	   599077.00	        1.00	     1800.00	        1.00
  4.50	     1816.00	        8.00	   599065.00	        1.00	     1823.00	        1.00
  4.51	     1839.00	        8.00	   599053.00	        1.00	     1846.00	        1.00
  4.52	     1875.00	        8.00	   599040.00	        1.00	     1882.00	        1.00
  4.53	     1910.00	        8.00	   599017.00	        1.00	     1917.00	        1.00
  4.54	     1937.00	        8.00	   599000.00	        1.00	     1944.00	        1.00
  4.55	     1960.00	        8.00	   598988.00	        1.00	     1967.00	        1.00
  4.56	     1990.00	        8.00	   598975.00	        1.00	     1997.00	        1.00
  4.57	     2028.00	        8.00	   598959.00	        1.00	     2035.00	        1.00
  4.58	     2050.00	        8.00	   598937.00	        1.00	     2057.00	        1.00
  4.59	     2079.00	        8.00	   598919.00	        1.00	     2086.00	        1.00
  4.60	     2110.00	        8.00	   598907.00	        1.00	     2117.00	        1.00
  4.61	     2154.00	        8.00	   598894.00	        1.00	     2161.00	        1.00
  4.62	     2193.00	        8.00	   598880.00	        1.00	     2200.00	        1.00
  4.63	     2229.00	        8.00	   598856.00	        1.00	     2236.00	        1.00
  4.64	     2265.00	        8.00	   598835.00	        1.00	     2272.00	        1.00
  4.65	     2306.00	        8.00	   598813.00	        1.00	     2313.00	        1.00
  4.66	     2330.00	        8.00	   598794.00	        1.00	     2337.00	        1.00
  4.67	     2367.00	        8.00	   598777.00	        1.00	     2374.00	        1.00
  4.68	     2400.00	        8.00	   598758.00	        1.00	     2407.00	        1.00
  4.69	     2438.00	        8.00	   598738.00	        1.00	     2445.00	        1.00
  4.70	     2472.00	        8.00	   598720.00	        1.00	     2479.00	        1.00
  4.71	     2504.00	        8.00	   598701.00	        1.00	     2511.00	        1.00
  4.72	     2549.00	        8.00	   598686.00	        1.00	     2556.00	        1.00
  4.73	     2592.00	        8.00	   598668.00	        1.00	     2599.00	        1.00
  4.74	     2636.00	        8.00	   598652.00	        1.00	     2643.00	        1.00
  4.75	     2695.00	        8.00	   598637.00	        1.00	     2702.00	        1.00
  4.76	     2745.00	        8.00	   598620.00	        1.00	     2752.00	        1.00
  4.77	     2787.00	        8.00	   598602.00	        1.00	     2794.00	        1.00
  4.78	     2822.00	        9.00	   598580.00	        1.00	     2830.00	        1.00
  4.79	     2872.00	        9.00	   598566.00	        1.00	     2880.00	        1.00
  4.80	     2923.00	        9.00	   598552.00	        1.00	     2931.00	        1.00
  4.81	     2959.00	        9.00	   598534.00	        1.00	     2967.00	        1.00
  4.82	     3012.00	        9.00	   598522.00	        1.00	     3020.00	        1.00
  4.83	     3064.00	       12.00	   598501.00	        1.00	     3075.00	        1.00
  4.84	     3100.00	       12.00	   598488.00	        1.00	     3111.00	        1.00
  4.85	     3144.00	       12.00	   598467.00	        1.00	     3155.00	        1.00
  4.86	     3198.00	       12.00	   598451.00	        1.00	     3209.00	        1.00
  4.87	     3256.00	       12.00	   598437.00	        1.00	     3267.00	        1.00
  4.88	     3300.00	       12.00	   598414.00	        1.00	     3311.00	        1.00
  4.89	     3347.00	       12.00	   598388.00	        1.00	     3358.00	        1.00
  4.90	     3412.00	       12.00	   598369.00	        1.00	     3423.00	        1.00
  4.91	     3472.00	       12.00	   598346.00	        1.00	     3483.00	        1.00
  4.92	     3521.00	       12.00	   598328.00	        1.00	     3532.00	        1.00
  4.93	     3580.00	       12.00	   598314.00	        1.00	     3591.00	        1.00
  4.94	     3653.00	       12.00	   598300.00	        1.00	     3664.00	        1.00
  4.95	     3716.00	       12.00	   598280.00	        1.00	     3727.00	        1.00
  4.96	     3768.00	       12.00	   598262.00	        1.00	     3779.00	        1.00
  4.97	     3825.00	       12.00	   598243.00	        1.00	     3836.00	        1.00
  4.98	     3898.00	       12.00	   598226.00	        1.00	     3909.00	        1.00
  4.99	     3957.00	       12.00	   598207.00	        1.00	     3968.00	        1.00
  5.00	     4016.00	       12.00	   598192.00	        1.00	     4027.00	        1.00
  5.01	     4094.00	       12.00	   598179.00	        1.00	     4105.00	        1.00
  5.02	     4166.00	       12.00	   598161.00	        1.00	     4177.00	        1.00
  5.03	     4230.00	       12.00	   598146.00	        1.00	     4241.00	        1.00
  5.04	     4292.00	       12.00	   598129.00	        1.00	     4303.00	        1.00
  5.05	     4355.00	       12.00	   598107.00	        1.00	     4366.00	        1.00
  5.06	     4408.00	       15.00	   598082.00	        1.00	     4422.00	        1.00
  5.07	     4496.00	       15.00	   598069.00	        1.00	     4510.00	        1.00
  5.08	     4580.00	       15.00	   598054.00	        1.00	     4594.00	        1.00
  5.09	     4658.00	       17.00	   598036.00	        1.00	     4674.00	        1.00
  5.10	     4736.00	       17.00	   598011.00	        1.00	     4752.00	        1.00
  5.11	     4812.00	       17.00	   597998.00	        1.00	     4828.00	        1.00
  5.12	     4899.00	       17.00	   597976.00	        1.00	     4915.00	        1.00
  5.13	     4979.00	       17.00	   597961.00	        1.00	     4995.00	        1.00
  5.14	     5061.00	       17.00	   597942.00	        1.00	     5077.00	        1.00
  5.15	     5149.00	       17.00	   597924.00	        1.00	     5165.00	        1.00
  5.16	     5243.00	       17.00	   597907.00	        1.00	     5259.00	        1.00
  5.17	     5322.00	       17.00	   597890.00	        1.00	     5338.00	        1.00
  5.18	     5432.00	       17.00	   597870.00	        1.00	     5448.00	        1.00
  5.19	     5513.00	       17.00	   597842.00	        1.00	     5529.00	        1.00
  5.20	     5610.00	       17.00	   597830.00	        1.00	     5626.00	        1.00
  5.21	     5708.00	       17.00	   597807.00	        1.00	     5724.00	        1.00
  5.22	     5802.00	       17.00	   597791.00	        1.00	     5818.00	        1.00
  5.23	     5901.00	       17.00	   597766.00	        1.00	     5917.00	        1.00
  5.24	     5997.00	       17.00	   597743.00	        1.00	     6013.00	        1.00
  5.25	     6093.00	       17.00	   597721.00	        1.00	     6109.00	        1.00
  5.26	     6181.00	       17.00	   597709.00	        1.00	     6197.00	        1.00
  5.27	     6053.00	      237.00	   597892.00	        1.00	     6290.00	        1.00
  5.28	     6150.00	      237.00	   597874.00	        1.00	     6387.00	        1.00
  5.29	     6055.00	      428.00	   598063.00	        1.00	     6484.00	        1.00
  5.30	     6143.00	      432.00	   598040.00	        1.00	     6576.00	        1.00
  5.31	     6253.00	      432.00	   598021.00	        1.00	     6686.00	        1.00
  5.32	     6353.00	      433.00	   597996.00	        1.00	     6787.00	        1.00
  5.33	     6460.00	      436.00	   597971.00	        1.00	     6897.00	        1.00
  5.34	     6556.00	      437.00	   597950.00	        1.00	     6994.00	        1.00
  5.35	     6669.00	      439.00	   597933.00	        1.00	     7109.00	        1.00
  5.36	     6777.00	      440.00	   597913.00	        1.00	     7218.00	        1.00
  5.37	     6889.00	      444.00	   597897.00	        1.00	     7334.00	        1.00
  5.38	     6981.00	      445.00	   597881.00	        1.00	     7427.00	        1.00
  5.39	     7085.00	      446.00	   597860.00	        1.00	     7532.00	        1.00
  5.40	     7195.00	      446.00	   597837.00	        1.00	     7642.00	        1.00
  5.41	     7302.00	      449.00	   597821.00	        1.00	     7752.00	        1.00
  5.42	     7410.00	      449.00	   597811.00	        1.00	     7860.00	        1.00
  5.43	     7533.00	      451.00	   597785.00	        1.00	     7985.00	        1.00
  5.44	     7639.00	      453.00	   597766.00	        1.00	     8093.00	        1.00
  5.45	     7764.00	      453.00	   597734.00	        1.00	     8218.00	        1.00
  5.46	     7719.00	      633.00	   597921.00	        1.00	     8354.00	        1.00
  5.47	     7834.00	      634.00	   597900.00	        1.00	     8470.00	        1.00
  5.48	     7962.00	      634.00	   597881.00	        1.00	     8598.00	        1.00
  5.49	     8091.00	      634.00	   597872.00	        1.00	     8727.00	        1.00
  5.50	     8200.00	      636.00	   597854.00	        1.00	     8838.00	        1.00
  5.51	     8316.00	      636.00	   597833.00	        1.00	     8954.00	        1.00
  5.52	     8443.00	      637.00	   597815.00	        1.00	     9082.00	        1.00
  5.53	     8363.00	      834.00	   597994.00	        1.00	     9200.00	        1.00
  5.54	     8504.00	      836.00	   597973.00	        1.00	     9343.00	        1.00
  5.55	     8442.00	     1022.00	   598150.00	        1.00	     9468.00	        1.00
  5.56	     8574.00	     1027.00	   598129.00	        1.00	     9605.00	        1.00
  5.57	     8720.00	     1029.00	   598111.00	        1.00	     9753.00	        1.00
  5.58	     8833.00	     1030.00	   598091.00	        1.00	     9867.00	        1.00
  5.59	     8971.00	     1033.00	   598065.00	        1.00	    10008.00	        1.00
  5.60	     9108.00	     1033.00	   598049.00	        1.00	    10145.00	        1.00
  5.61	     9231.00	     1039.00	   598032.00	        1.00	    10274.00	        1.00
  5.62	     9372.00	     1044.00	   598006.00	        1.00	    10420.00	        1.00
  5.63	     9509.00	     1048.00	   597986.00	        1.00	    10561.00	        1.00
  5.64	     9449.00	     1258.00	   598166.00	        1.00	    10712.00	        1.00
  5.65	     9234.00	     1615.00	   598542.00	        1.00	    10856.00	        1.00
  5.66	     9408.00	     1617.00	   598512.00	        1.00	    11032.00	        1.00
  5.67	     9557.00	     1619.00	   598486.00	        1.00	    11183.00	        1.00
  5.68	     9697.00	     1622.00	   598459.00	        1.00	    11326.00	        1.00
  5.69	     9833.00	     1622.00	   598444.00	        1.00	    11462.00	        1.00
  5.70	     9971.00	     1624.00	   598414.00	        1.00	    11602.00	        1.00
  5.71	    10130.00	     1624.00	   598404.00	        1.00	    11761.00	        1.00
  5.72	    10297.00	     1627.00	   598388.00	        1.00	    11931.00	        1.00
  5.73	    10472.00	     1634.00	   598356.00	        1.00	    12113.00	        1.00
  5.74	    10666.00	     1638.00	   598335.00	        1.00	    12311.00	        1.00
  5.75	    10843.00	     1640.00	   598312.00	        1.00	    12490.00	        1.00
  5.76	    10364.00	     2297.00	   599088.00	        1.00	    12672.00	        1.00
  5.77	    10370.00	     2446.00	   599265.00	        1.00	    12828.00	        1.00
  5.78	    10553.00	     2450.00	   599247.00	        1.00	    13015.00	        1.00
  5.79	    10698.00	     2456.00	   599216.00	        1.00	    13166.00	        1.00
  5.80	    10859.00	     2460.00	   599189.00	        1.00	    13331.00	        1.00
  5.81	    11012.00	     2462.00	   599165.00	        1.00	    13486.00	        1.00
  5.82	    11182.00	     2464.00	   599148.00	        1.00	    13658.00	        1.00
  5.83	    11358.00	     2469.00	   599126.00	        1.00	    13839.00	        1.00
  5.84	    11248.00	     2778.00	   599502.00	        1.00	    14040.00	        1.00
  5.85	    11431.00	     2782.00	   599486.00	        1.00	    14227.00	        1.00
  5.86	    11607.00	     2789.00	   599461.00	        1.00	    14410.00	        1.00
  5.87	    11663.00	     2933.00	   599635.00	        1.00	    14611.00	        1.00
  5.88	    11250.00	     3549.00	   600409.00	        1.00	    14818.00	        1.00
  5.89	    11307.00	     3701.00	   600581.00	        1.00	    15028.00	        1.00
  5.90	    11336.00	     3850.00	   600751.00	        1.00	    15207.00	        1.00
  5.91	    11223.00	     4160.00	   601122.00	        1.00	    15406.00	        1.00
  5.92	    10835.00	     4735.00	   601901.00	        1.00	    15597.00	        1.00
  5.93	    10725.00	     5012.00	   602270.00	        1.00	    15766.00	        1.00
  5.94	    10489.00	     5414.00	   602838.00	        1.00	    15935.00	        1.00
  5.95	    10120.00	     5947.00	   603601.00	        1.00	    16103.00	        1.00
  5.96	     9734.00	     6461.00	   604364.00	        1.00	    16235.00	        1.00
  5.97	     9527.00	     6803.00	   604923.00	        1.00	    16373.00	        1.00
  5.98	     9183.00	     7271.00	   605686.00	        1.00	    16501.00	        1.00
  5.99	     9226.00	     7366.00	   605848.00	        1.00	    16640.00	        1.00
  6.00	     8793.00	     7931.00	   606793.00	        1.00	    16777.00	        1.00
  6.01	     8838.00	     8038.00	   606943.00	        1.00	    16930.00	        1.00
  6.02	     8599.00	     8429.00	   607692.00	        1.00	    17086.00	        1.00
  6.03	     8331.00	     8829.00	   608440.00	        1.00	    17222.00	        1.00
  6.04	     8260.00	     9035.00	   608794.00	        1.00	    17359.00	        1.00
  6.05	     7779.00	     9623.00	   609941.00	        1.00	    17472.00	        1.00
  6.06	     7451.00	    10057.00	   610889.00	        1.00	    17583.00	        1.00
  6.07	     7018.00	    10614.00	   612238.00	        1.00	    17714.00	        1.00
  6.08	     6741.00	    10997.00	   613161.00	        1.00	    17825.00	        1.00
  6.09	     6510.00	    11346.00	   614111.00	        1.00	    17948.00	        1.00
  6.10	     6371.00	    11577.00	   614651.00	        1.00	    18043.00	        1.00
  6.11	     5946.00	    12089.00	   615998.00	        1.00	    18137.00	        1.00
  6.12	     5670.00	    12445.00	   616931.00	        1.00	    18222.00	        1.00
  6.13	     5421.00	    12779.00	   617856.00	        1.00	    18312.00	        1.00
  6.14	     5196.00	    13093.00	   618781.00	        1.00	    18406.00	        1.00
  6.15	     4813.00	    13555.00	   620301.00	        1.00	    18493.00	        1.00
  6.16	     4648.00	    13786.00	   621013.00	        1.00	    18563.00	        1.00
  6.17	     4110.00	    14371.00	   623128.00	        1.00	    18621.00	        1.00
  6.18	     3882.00	    14661.00	   624227.00	        1.00	    18689.00	        1.00
  6.19	     3618.00	    14980.00	   625731.00	        1.00	    18752.00	        1.00
  6.20	     3225.00	    15425.00	   628042.00	        1.00	    18816.00	        1.00
  6.21	     2969.00	    15722.00	   629725.00	        1.00	    18866.00	        1.00
  6.22	     2694.00	    16041.00	   631629.00	        1.00	    18920.00	        1.00
  6.23	     2439.00	    16331.00	   633913.00	        1.00	    18967.00	        1.00
  6.24	     2248.00	    16566.00	   635580.00	        1.00	    19020.00	        1.00
  6.25	     2074.00	    16769.00	   637075.00	        1.00	    19057.00	        1.00
  6.26	     1809.00	    17048.00	   639941.00	        1.00	    19086.00	        1.00
  6.27	     1644.00	    17224.00	   641802.00	        1.00	    19107.00	        1.00
  6.28	     1464.00	    17416.00	   643674.00	        1.00	    19129.00	        1.00
  6.29	     1291.00	    17594.00	   645941.00	        1.00	    19146.00	        1.00
  6.30	     1134.00	    17757.00	   648389.00	        1.00	    19165.00	        1.00
  6.31	      975.00	    17918.00	   651619.00	        1.00	    19184.00	        1.00
  6.32	      838.00	    18053.00	   654651.00	        1.00	    19198.00	        1.00
  6.33	      614.00	    18257.00	   660262.00	        1.00	    19207.00	        1.00
  6.34	      525.00	    18334.00	   663273.00	        1.00	    19211.00	        1.00
  6.35	      453.00	    18395.00	   665879.00	        1.00	    19214.00	        1.00
  6.36	      347.00	    18490.00	   671276.00	        1.00	    19231.00	        1.00
  6.37	      265.00	    18556.00	   675646.00	        1.00	    19238.00	        1.00
  6.38	      222.00	    18581.00	   679625.00	        1.00	    19241.00	        1.00
  6.39	      175.00	    18611.00	   683177.00	        1.00	    19243.00	        1.00
  6.40	      126.00	    18635.00	   688091.00	        1.00	    19244.00	        1.00
  6.41	       81.00	    18653.00	   693394.00	        1.00	    19245.00	        1.00
  6.42	       57.00	    18648.00	   698922.00	        1.00	    19245.00	        1.00
  6.43	       46.00	    18634.00	   703607.00	        1.00	    19245.00	        1.00
  6.44	       38.00	    18612.00	   709299.00	        1.00	    19245.00	        1.00
  6.45	       27.00	    18592.00	   715588.00	        1.00	    19247.00	        1.00
  6.46	       20.00	    18563.00	   722423.00	        1.00	    19247.00	        1.00
  6.47	       16.00	    18536.00	   728281.00	        1.00	    19247.00	        1.00
  6.48	       13.00	    18508.00	   734084.00	        1.00	    19247.00	        1.00
  6.49	       10.00	    18478.00	   740274.00	        1.00	    19247.00	        1.00
  6.50	        9.00	    18447.00	   746229.00	        1.00	    19247.00	        1.00
  6.51	        5.00	    18401.00	   755771.00	        1.00	    19247.00	        1.00
  6.52	        5.00	    18356.00	   764320.00	        1.00	    19247.00	        1.00
  6.53	        4.00	    18301.00	   775038.00	        1.00	    19247.00	        1.00
  6.54	        2.00	    18268.00	   781478.00	        1.00	    19247.00	        1.00
  6.55	        1.00	    18230.00	   788726.00	        1.00	    19247.00	        1.00
  6.56	        1.00	    18173.00	   799551.00	        1.00	    19247.00	        1.00
  6.57	        0.00	    18115.00	   810759.00	        0.00	    19247.00	        1.00
  6.58	        0.00	    18054.00	   822343.00	        0.00	    19247.00	        1.00
  6.59	        0.00	    17985.00	   835447.00	        0.00	    19247.00	        1.00
  6.60	        0.00	    17923.00	   847122.00	        0.00	    19247.00	        1.00
  6.61	        0.00	    17866.00	   857812.00	        0.00	    19247.00	        1.00
  6.62	        0.00	    17801.00	   870074.00	        0.00	    19247.00	        1.00
  6.63	        0.00	    17721.00	   885272.00	        0.00	    19247.00	        1.00
  6.64	        0.00	    17659.00	   896844.00	        0.00	    19247.00	        1.00
  6.65	        0.00	    17586.00	   910582.00	        0.00	    19247.00	        1.00
  6.66	        0.00	    17517.00	   923493.00	        0.00	    19247.00	        1.00
  6.67	        0.00	    17438.00	   938373.00	        0.00	    19247.00	        1.00
  6.68	        0.00	    17352.00	   954601.00	        0.00	    19247.00	        1.00
  6.69	        0.00	    17277.00	   968613.00	        0.00	    19247.00	        1.00
  6.70	        0.00	    17207.00	   981627.00	        0.00	    19247.00	        1.00
  6.71	        0.00	    17108.00	  1000362.00	        0.00	    19247.00	        1.00
  6.72	        0.00	    17021.00	  1016687.00	        0.00	    19247.00	        1.00
  6.73	        0.00	    16922.00	  1035354.00	        0.00	    19247.00	        1.00
  6.74	        0.00	    16840.00	  1050598.00	        0.00	    19247.00	        1.00
  6.75	        0.00	    16736.00	  1070166.00	        0.00	    19247.00	        1.00
  6.76	        0.00	    16616.00	  1092903.00	        0.00	    19247.00	        1.00
  6.77	        0.00	    16493.00	  1116156.00	        0.00	    19247.00	        1.00
  6.78	        0.00	    16378.00	  1137734.00	        0.00	    19247.00	        1.00
  6.79	        0.00	    16276.00	  1156705.00	        0.00	    19247.00	        1.00
  6.80	        0.00	    16165.00	  1177455.00	        0.00	    19247.00	        1.00
  6.81	        0.00	    16055.00	  1197977.00	        0.00	    19247.00	        1.00
  6.82	        0.00	    15933.00	  1220754.00	        0.00	    19247.00	        1.00
  6.83	        0.00	    15802.00	  1245279.00	        0.00	    19247.00	        1.00
  6.84	        0.00	    15669.00	  1270175.00	        0.00	    19247.00	        1.00
  6.85	        0.00	    15548.00	  1292636.00	        0.00	    19247.00	        1.00
  6.86	        0.00	    15405.00	  1319427.00	        0.00	    19247.00	        1.00
  6.87	        0.00	    15269.00	  1344695.00	        0.00	    19247.00	        1.00
  6.88	        0.00	    15131.00	  1370379.00	        0.00	    19247.00	        1.00
  6.89	        0.00	    14977.00	  1399191.00	        0.00	    19247.00	        1.00
  6.90	        0.00	    14850.00	  1422634.00	        0.00	    19247.00	        1.00
  6.91	        0.00	    14709.00	  1448778.00	        0.00	    19247.00	        1.00
  6.92	        0.00	    14590.00	  1470484.00	        0.00	    19247.00	        1.00
  6.93	        0.00	    14409.00	  1504521.00	        0.00	    19247.00	        1.00
  6.94	        0.00	    14248.00	  1534548.00	        0.00	    19247.00	        1.00
  6.95	        0.00	    14072.00	  1567553.00	        0.00	    19247.00	        1.00
  6.96	        0.00	    13888.00	  1602030.00	        0.00	    19247.00	        1.00
  6.97	        0.00	    13748.00	  1627683.00	        0.00	    19247.00	        1.00
  6.98	        0.00	    13580.00	  1658878.00	        0.00	    19247.00	        1.00
  6.99	        0.00	    13417.00	  1688991.00	        0.00	    19247.00	        1.00
  7.00	        0.00	    13258.00	  1718176.00	        0.00	    19247.00	        1.00
  7.01	        0.00	    13093.00	  1748587.00	        0.00	    19247.00	        1.00
  7.02	        0.00	    12890.00	  1786419.00	        0.00	    19247.00	        1.00
  7.03	        0.00	    12736.00	  1814441.00	        0.00	    19247.00	        1.00
  7.04	        0.00	    12536.00	  1851662.00	        0.00	    19247.00	        1.00
  7.05	        0.00	    12355.00	  1885080.00	        0.00	    19247.00	        1.00
  7.06	        0.00	    12185.00	  1916211.00	        0.00	    19247.00	        1.00
  7.07	        0.00	    12008.00	  1948761.00	        0.00	    19247.00	        1.00
  7.08	        0.00	    11822.00	  1983100.00	        0.00	    19247.00	        1.00
  7.09	        0.00	    11638.00	  2016792.00	        0.00	    19247.00	        1.00
  7.10	        0.00	    11426.00	  2056134.00	        0.00	    19247.00	        1.00
  7.11	        0.00	    11258.00	  2086621.00	        0.00	    19247.00	        1.00
  7.12	        0.00	    11059.00	  2123371.00	        0.00	    19247.00	        1.00
  7.13	        0.00	    10866.00	  2158747.00	        0.00	    19247.00	        1.00
  7.14	        0.00	    10677.00	  2193309.00	        0.00	    19247.00	        1.00
  7.15	        0.00	    10501.00	  2225266.00	        0.00	    19247.00	        1.00
  7.16	        0.00	    10301.00	  2261891.00	        0.00	    19247.00	        1.00
  7.17	        0.00	    10118.00	  2295145.00	        0.00	    19247.00	        1.00
  7.18	        0.00	     9914.00	  2332548.00	        0.00	    19247.00	        1.00
  7.19	        0.00	     9717.00	  2368566.00	        0.00	    19247.00	        1.00
  7.20	        0.00	     9539.00	  2400745.00	        0.00	    19247.00	        1.00
  7.21	        0.00	     9353.00	  2434395.00	        0.00	    19247.00	        1.00
  7.22	        0.00	     9171.00	  2467317.00	        0.00	    19247.00	        1.00
  7.23	        0.00	     8956.00	  2506707.00	        0.00	    19247.00	        1.00
  7.24	        0.00	     8781.00	  2538127.00	        0.00	    19247.00	        1.00
  7.25	        0.00	     8610.00	  2568833.00	        0.00	    19247.00	        1.00
  7.26	        0.00	     8439.00	  2599455.00	        0.00	    19247.00	        1.00
  7.27	        0.00	     8275.00	  2628690.00	        0.00	    19247.00	        1.00
  7.28	        0.00	     8104.00	  2659395.00	        0.00	    19247.00	        1.00
  7.29	        0.00	     7947.00	  2687201.00	        0.00	    19247.00	        1.00
  7.30	        0.00	     7775.00	  2717964.00	        0.00	    19247.00	        1.00
  7.31	        0.00	     7584.00	  2752597.00	        0.00	    19247.00	        1.00
  7.32	        0.00	     7400.00	  2785814.00	        0.00	    19247.00	        1.00
  7.33	        0.00	     7238.00	  2814638.00	        0.00	    19247.00	        1.00
  7.34	        0.00	     7046.00	  2849381.00	        0.00	    19247.00	        1.00
  7.35	        0.00	     6891.00	  2876808.00	        0.00	    19247.00	        1.00
  7.36	        0.00	     6721.00	  2907188.00	        0.00	    19247.00	        1.00
  7.37	        0.00	     6591.00	  2929568.00	        0.00	    19247.00	        1.00
  7.38	        0.00	     6420.00	  2960142.00	        0.00	    19247.00	        1.00
  7.39	        0.00	     6252.00	  2990137.00	        0.00	    19247.00	        1.00
  7.40	        0.00	     6063.00	  3024325.00	        0.00	    19247.00	        1.00
  7.41	        0.00	     5908.00	  3051593.00	        0.00	    19247.00	        1.00
  7.42	        0.00	     5762.00	  3077129.00	        0.00	    19247.00	        1.00
  7.43	        0.00	     5619.00	  3102174.00	        0.00	    19247.00	        1.00
  7.44	        0.00	     5483.00	  3125824.00	        0.00	    19247.00	        1.00
  7.45	        0.00	     5326.00	  3153572.00	        0.00	    19247.00	        1.00
  7.46	        0.00	     5183.00	  3178636.00	        0.00	    19247.00	        1.00
  7.47	        0.00	     5039.00	  3204003.00	        0.00	    19247.00	        1.00
  7.48	        0.00	     4897.00	  3229019.00	        0.00	    19247.00	        1.00
  7.49	        0.00	     4766.00	  3251701.00	        0.00	    19247.00	        1.00
  7.50	        0.00	     4638.00	  3273959.00	        0.00	    19247.00	        1.00
  7.51	        0.00	     4512.00	  3295699.00	        0.00	    19247.00	        1.00
  7.52	        0.00	     4385.00	  3317747.00	        0.00	    19247.00	        1.00
  7.53	        0.00	     4242.00	  3343083.00	        0.00	    19247.00	        1.00
  7.54	        0.00	     4112.00	  3365775.00	        0.00	    19247.00	        1.00
  7.55	        0.00	     4002.00	  3384487.00	        0.00	    19247.00	        1.00
  7.56	        0.00	     3867.00	  3408207.00	        0.00	    19247.00	        1.00
  7.57	        0.00	     3749.00	  3428533.00	        0.00	    19247.00	        1.00
  7.58	        0.00	     3632.00	  3448740.00	        0.00	    19247.00	        1.00
  7.59	        0.00	     3523.00	  3467344.00	        0.00	    19247.00	        1.00
  7.60	        0.00	     3426.00	  3483532.00	        0.00	    19247.00	        1.00
  7.61	        0.00	     3320.00	  3501698.00	        0.00	    19247.00	        1.00
  7.62	        0.00	     3226.00	  3517419.00	        0.00	    19247.00	        1.00
  7.63	        0.00	     3120.00	  3535557.00	        0.00	    19247.00	        1.00
  7.64	        0.00	     3022.00	  3552185.00	        0.00	    19247.00	        1.00
  7.65	        0.00	     2942.00	  3565244.00	        0.00	    19247.00	        1.00
  7.66	        0.00	     2844.00	  3581993.00	        0.00	    19247.00	        1.00
  7.67	        0.00	     2756.00	  3596637.00	        0.00	    19247.00	        1.00
  7.68	        0.00	     2668.00	  3611375.00	        0.00	    19247.00	        1.00
  7.69	        0.00	     2569.00	  3628393.00	        0.00	    19247.00	        1.00
  7.70	        0.00	     2499.00	  3639620.00	        0.00	    19247.00	        1.00
  7.71	        0.00	     2433.00	  3650076.00	        0.00	    19247.00	        1.00
  7.72	        0.00	     2365.00	  3660958.00	        0.00	    19247.00	        1.00
  7.73	        0.00	     2296.00	  3672094.00	        0.00	    19247.00	        1.00
  7.74	        0.00	     2220.00	  3684630.00	        0.00	    19247.00	        1.00
  7.75	        0.00	     2159.00	  3694247.00	        0.00	    19247.00	        1.00
  7.76	        0.00	     2086.00	  3706388.00	        0.00	    19247.00	        1.00
  7.77	        0.00	     2020.00	  3717065.00	        0.00	    19247.00	        1.00
  7.78	        0.00	     1947.00	  3729162.00	        0.00	    19247.00	        1.00
  7.79	        0.00	     1881.00	  3739925.00	        0.00	    19247.00	        1.00
  7.80	        0.00	     1821.00	  3749484.00	        0.00	    19247.00	        1.00
  7.81	        0.00	     1761.00	  3759073.00	        0.00	    19247.00	        1.00
  7.82	        0.00	     1702.00	  3768629.00	        0.00	    19247.00	        1.00
  7.83	        0.00	     1645.00	  3777663.00	        0.00	    19247.00	        1.00
  7.84	        0.00	     1584.00	  3787620.00	        0.00	    19247.00	        1.00
  7.85	        0.00	     1524.00	  3797364.00	        0.00	    19247.00	        1.00
  7.86	        0.00	     1470.00	  3805973.00	        0.00	    19247.00	        1.00
  7.87	        0.00	     1425.00	  3812865.00	        0.00	    19247.00	        1.00
  7.88	        0.00	     1386.00	  3818604.00	        0.00	    19247.00	        1.00
  7.89	        0.00	     1341.00	  3825490.00	        0.00	    19247.00	        1.00
  7.90	        0.00	     1298.00	  3832015.00	        0.00	    19247.00	        1.00
  7.91	        0.00	     1250.00	  3839677.00	        0.00	    19247.00	        1.00
  7.92	        0.00	     1204.00	  3846835.00	        0.00	    19247.00	        1.00
  7.93	        0.00	     1166.00	  3852506.00	        0.00	    19247.00	        1.00
  7.94	        0.00	     1128.00	  3858218.00	        0.00	    19247.00	        1.00
  7.95	        0.00	     1094.00	  3863210.00	        0.00	    19247.00	        1.00
  7.96	        0.00	     1055.00	  3869166.00	        0.00	    19247.00	        1.00
  7.97	        0.00	     1017.00	  3874969.00	        0.00	    19247.00	        1.00
  7.98	        0.00	      980.00	  3880633.00	        0.00	    19247.00	        1.00
  7.99	        0.00	      942.00	  3886545.00	        0.00	    19247.00	        1.00
  8.00	        0.00	      905.00	  3892205.00	        0.00	    19247.00	        1.00
  8.01	        0.00	      872.00	  3897144.00	        0.00	    19247.00	        1.00
  8.02	        0.00	      840.00	  3901913.00	        0.00	    19247.00	        1.00
  8.03	        0.00	      813.00	  3905635.00	        0.00	    19247.00	        1.00
  8.04	        0.00	      778.00	  3911003.00	        0.00	    19247.00	        1.00
  8.05	        0.00	      752.00	  3914626.00	        0.00	    19247.00	        1.00
  8.06	        0.00	      720.00	  3919524.00	        0.00	    19247.00	        1.00
  8.07	        0.00	      693.00	  3923405.00	        0.00	    19247.00	        1.00
  8.08	        0.00	      667.00	  3927203.00	        0.00	    19247.00	        1.00
  8.09	        0.00	      635.00	  3932159.00	        0.00	    19247.00	        1.00
  8.10	        0.00	      608.00	  3936205.00	        0.00	    19247.00	        1.00
  8.11	        0.00	      587.00	  3939091.00	        0.00	    19247.00	        1.00
  8.12	        0.00	      568.00	  3941520.00	        0.00	    19247.00	        1.00
  8.13	        0.00	      541.00	  3945564.00	        0.00	    19247.00	        1.00
  8.14	        0.00	      524.00	  3947696.00	        0.00	    19247.00	        1.00
  8.15	        0.00	      503.00	  3950660.00	        0.00	    19247.00	        1.00
  8.16	        0.00	      484.00	  3953264.00	        0.00	    19247.00	        1.00
  8.17	        0.00	      460.00	  3956813.00	        0.00	    19247.00	        1.00
  8.18	        0.00	      445.00	  3958609.00	        0.00	    19247.00	        1.00
  8.19	        0.00	      427.00	  3961086.00	        0.00	    19247.00	        1.00
  8.20	        0.00	      406.00	  3964174.00	        0.00	    19247.00	        1.00
  8.21	        0.00	      387.00	  3966848.00	        0.00	    19247.00	        1.00
  8.22	        0.00	      368.00	  3969572.00	        0.00	    19247.00	        1.00
  8.23	        0.00	      345.00	  3973123.00	        0.00	    19247.00	        1.00
  8.24	        0.00	      332.00	  3974764.00	        0.00	    19247.00	        1.00
  8.25	        0.00	      321.00	  3975971.00	        0.00	    19247.00	        1.00
  8.26	        0.00	      311.00	  3976912.00	        0.00	    19247.00	        1.00
  8.27	        0.00	      301.00	  3977853.00	        0.00	    19247.00	        1.00
  8.28	        0.00	      291.00	  3978847.00	        0.00	    19247.00	        1.00
  8.29	        0.00	      281.00	  3979892.00	        0.00	    19247.00	        1.00
  8.30	        0.00	      268.00	  3981527.00	        0.00	    19247.00	        1.00
  8.31	        0.00	      257.00	  3982851.00	        0.00	    19247.00	        1.00
  8.32	        0.00	      245.00	  3984384.00	        0.00	    19247.00	        1.00
  8.33	        0.00	      240.00	  3984488.00	        0.00	    19247.00	        1.00
  8.34	        0.00	      228.00	  3986064.00	        0.00	    19247.00	        1.00
  8.35	        0.00	      216.00	  3987616.00	        0.00	    19247.00	        1.00
  8.36	        0.00	      209.00	  3988232.00	        0.00	    19247.00	        1.00
  8.37	        0.00	      201.00	  3988982.00	        0.00	    19247.00	        1.00
  8.38	        0.00	      192.00	  3990048.00	        0.00	    19247.00	        1.00
  8.39	        0.00	      185.00	  3990681.00	        0.00	    19247.00	        1.00
  8.40	        0.00	      180.00	  3990905.00	        0.00	    19247.00	        1.00
  8.41	        0.00	      175.00	  3991166.00	        0.00	    19247.00	        1.00
  8.42	        0.00	      168.00	  3991845.00	        0.00	    19247.00	        1.00
  8.43	        0.00	      159.00	  3992922.00	        0.00	    19247.00	        1.00
  8.44	        0.00	      147.00	  3994607.00	        0.00	    19247.00	        1.00
  8.45	        0.00	      136.00	  3996115.00	        0.00	    19247.00	        1.00
  8.46	        0.00	      127.00	  3997227.00	        0.00	    19247.00	        1.00
  8.47	        0.00	      120.00	  3998026.00	        0.00	    19247.00	        1.00
  8.48	        0.00	      117.00	  3998012.00	        0.00	    19247.00	        1.00
  8.49	        0.00	      113.00	  3998206.00	        0.00	    19247.00	        1.00
  8.50	        0.00	      107.00	  3998863.00	        0.00	    19247.00	        1.00
  8.51	        0.00	      103.00	  3999055.00	        0.00	    19247.00	        1.00
  8.52	        0.00	       98.00	  3999481.00	        0.00	    19247.00	        1.00
  8.53	        0.00	       90.00	  4000505.00	        0.00	    19247.00	        1.00
  8.54	        0.00	       85.00	  4000938.00	        0.00	    19247.00	        1.00
  8.55	        0.00	       83.00	  4000788.00	        0.00	    19247.00	        1.00
  8.56	        0.00	       82.00	  4000424.00	        0.00	    19247.00	        1.00
  8.57	        0.00	       78.00	  4000704.00	        0.00	    19247.00	        1.00
  8.58	        0.00	       78.00	  4000177.00	        0.00	    19247.00	        1.00
  8.59	        0.00	       73.00	  4000648.00	        0.00	    19247.00	        1.00
  8.60	        0.00	       66.00	  4001562.00	        0.00	    19247.00	        1.00
  8.61	        0.00	       63.00	  4001665.00	        0.00	    19247.00	        1.00
  8.62	        0.00	       58.00	  4002205.00	        0.00	    19247.00	        1.00
  8.63	        0.00	       50.00	  4003370.00	        0.00	    19247.00	        1.00
  8.64	        0.00	       47.00	  4003547.00	        0.00	    19247.00	        1.00
  8.65	        0.00	       46.00	  4003331.00	        0.00	    19247.00	        1.00
  8.66	        0.00	       44.00	  4003288.00	        0.00	    19247.00	        1.00
  8.67	        0.00	       42.00	  4003326.00	        0.00	    19247.00	        1.00
  8.68	        0.00	       42.00	  4002894.00	        0.00	    19247.00	        1.00
  8.69	        0.00	       39.00	  4003040.00	        0.00	    19247.00	        1.00
  8.70	        0.00	       35.00	  4003437.00	        0.00	    19247.00	        1.00
  8.71	        0.00	       33.00	  4003442.00	        0.00	    19247.00	        1.00
  8.72	        0.00	       33.00	  4003058.00	        0.00	    19247.00	        1.00
  8.73	        0.00	       32.00	  4002874.00	        0.00	    19247.00	        1.00
  8.74	        0.00	       32.00	  4002495.00	        0.00	    19247.00	        1.00
  8.75	        0.00	       31.00	  4002287.00	        0.00	    19247.00	        1.00
  8.76	        0.00	       30.00	  4002107.00	        0.00	    19247.00	        1.00
  8.77	        0.00	       29.00	  4001925.00	        0.00	    19247.00	        1.00
  8.78	        0.00	       27.00	  4001993.00	        0.00	    19247.00	        1.00
  8.79	        0.00	       23.00	  4002448.00	        0.00	    19247.00	        1.00
  8.80	        0.00	       22.00	  4002318.00	        0.00	    19247.00	        1.00
  8.81	        0.00	       21.00	  4002211.00	        0.00	    19247.00	        1.00
  8.82	        0.00	       18.00	  4002461.00	        0.00	    19247.00	        1.00
  8.83	        0.00	       16.00	  4002552.00	        0.00	    19247.00	        1.00
  8.84	        0.00	       15.00	  4002412.00	        0.00	    19247.00	        1.00
  8.85	        0.00	       14.00	  4002311.00	        0.00	    19247.00	        1.00
  8.86	        0.00	       14.00	  4002000.00	        0.00	    19247.00	        1.00
  8.87	        0.00	       14.00	  4001734.00	        0.00	    19247.00	        1.00
  8.88	        0.00	       13.00	  4001662.00	        0.00	    19247.00	        1.00
  8.89	        0.00	       12.00	  4001570.00	        0.00	    19247.00	        1.00
  8.90	        0.00	       11.00	  4001505.00	        0.00	    19247.00	        1.00
  8.91	        0.00	       11.00	  4001230.00	        0.00	    19247.00	        1.00
  8.92	        0.00	       11.00	  4000979.00	        0.00	    19247.00	        1.00
  8.93	        0.00	       11.00	  4000688.00	        0.00	    19247.00	        1.00
  8.94	        0.00	       10.00	  4000622.00	        0.00	    19247.00	        1.00
  8.95	        0.00	       10.00	  4000357.00	        0.00	    19247.00	        1.00
  8.96	        0.00	        9.00	  4000296.00	        0.00	    19247.00	        1.00
  8.97	        0.00	        8.00	  4000256.00	        0.00	    19247.00	        1.00
  8.98	        0.00	        7.00	  4000216.00	        0.00	    19247.00	        1.00
  8.99	        0.00	        5.00	  4000395.00	        0.00	    19247.00	        1.00
  9.00	        0.00	        5.00	  4000166.00	        0.00	    19247.00	        1.00
  9.01	        0.00	        5.00	  3999928.00	        0.00	    19247.00	        1.00
  9.02	        0.00	        5.00	  3999690.00	        0.00	    19247.00	        1.00
  9.03	        0.00	        5.00	  3999466.00	        0.00	    19247.00	        1.00
  9.04	        0.00	        5.00	  3999248.00	        0.00	    19247.00	        1.00
  9.05	        0.00	        5.00	  3999011.00	        0.00	    19247.00	        1.00
  9.06	        0.00	        5.00	  3998791.00	        0.00	    19247.00	        1.00
  9.07	        0.00	        4.00	  3998782.00	        0.00	    19247.00	        1.00
  9.08	        0.00	        3.00	  3998765.00	        0.00	    19247.00	        1.00
  9.09	        0.00	        3.00	  3998575.00	        0.00	    19247.00	        1.00
  9.10	        0.00	        3.00	  3998347.00	        0.00	    19247.00	        1.00
  9.11	        0.00	        3.00	  3998135.00	        0.00	    19247.00	        1.00
  9.12	        0.00	        3.00	  3997950.00	        0.00	    19247.00	        1.00
  9.13	        0.00	        3.00	  3997757.00	        0.00	    19247.00	        1.00
  9.14	        0.00	        3.00	  3997561.00	        0.00	    19247.00	        1.00
  9.15	        0.00	        3.00	  3997379.00	        0.00	    19247.00	        1.00
  9.16	        0.00	        3.00	  3997177.00	        0.00	    19247.00	        1.00
  9.17	        0.00	        2.00	  3997177.00	        0.00	    19247.00	        1.00
  9.18	        0.00	        2.00	  3996993.00	        0.00	    19247.00	        1.00
  9.19	        0.00	        2.00	  3996792.00	        0.00	    19247.00	        1.00
  9.20	        0.00	        2.00	  3996610.00	        0.00	    19247.00	        1.00
  9.21	        0.00	        2.00	  3996419.00	        0.00	    19247.00	        1.00
  9.22	        0.00	        2.00	  3996231.00	        0.00	    19247.00	        1.00
  9.23	        0.00	        2.00	  3996059.00	        0.00	    19247.00	        1.00
  9.24	        0.00	        2.00	  3995875.00	        0.00	    19247.00	        1.00
  9.25	        0.00	        2.00	  3995685.00	        0.00	    19247.00	        1.00
  9.26	        0.00	        2.00	  3995487.00	        0.00	    19247.00	        1.00
  9.27	        0.00	        2.00	  3995322.00	        0.00	    19247.00	        1.00
  9.28	        0.00	        2.00	  3995135.00	        0.00	    19247.00	        1.00
  9.29	        0.00	        1.00	  3995164.00	        0.00	    19247.00	        1.00
  9.30	        0.00	        1.00	  3994985.00	        0.00	    19247.00	        1.00
  9.31	        0.00	        1.00	  3994821.00	        0.00	    19247.00	        1.00
  9.32	        0.00	        1.00	  3994643.00	        0.00	    19247.00	        1.00
  9.33	        0.00	        1.00	  3994493.00	        0.00	    19247.00	        1.00
  9.34	        0.00	        1.00	  3994319.00	        0.00	    19247.00	        1.00
  9.35	        0.00	        1.00	  3994135.00	        0.00	    19247.00	        1.00
  9.36	        0.00	        1.00	  3993991.00	        0.00	    19247.00	        1.00
  9.37	        0.00	        1.00	  3993834.00	        0.00	    19247.00	        1.00
  9.38	        0.00	        1.00	  3993680.00	        0.00	    19247.00	        1.00
  9.39	        0.00	        1.00	  3993484.00	        0.00	    19247.00	        1.00
  9.40	        0.00	        1.00	  3993313.00	        0.00	    19247.00	        1.00
  9.41	        0.00	        1.00	  3993137.00	        0.00	    19247.00	        1.00
  9.42	        0.00	        1.00	  3992987.00	        0.00	    19247.00	        1.00
  9.43	        0.00	        1.00	  3992840.00	        0.00	    19247.00	        1.00
  9.44	        0.00	        1.00	  3992669.00	        0.00	    19247.00	        1.00
  9.45	        0.00	        1.00	  3992513.00	        0.00	    19247.00	        1.00
  9.46	        0.00	        1.00	  3992337.00	        0.00	    19247.00	        1.00
  9.47	        0.00	        1.00	  3992197.00	        0.00	    19247.00	        1.00
  9.48	        0.00	        1.00	  3992030.00	        0.00	    19247.00	        1.00
  9.49	        0.00	        1.00	  3991850.00	        0.00	    19247.00	        1.00
  9.50	        0.00	        1.00	  3991686.00	        0.00	    19247.00	        1.00
  9.51	        0.00	        1.00	  3991543.00	        0.00	    19247.00	        1.00
  9.52	        0.00	        1.00	  3991372.00	        0.00	    19247.00	        1.00
  9.53	        0.00	        1.00	  3991219.00	        0.00	    19247.00	        1.00
  9.54	        0.00	        1.00	  3991051.00	        0.00	    19247.00	        1.00
  9.55	        0.00	        1.00	  3990886.00	        0.00	    19247.00	        1.00
  9.56	        0.00	        1.00	  3990708.00	        0.00	    19247.00	        1.00
  9.57	        0.00	        1.00	  3990551.00	        0.00	    19247.00	        1.00
  9.58	        0.00	        1.00	  3990392.00	        0.00	    19247.00	        1.00
  9.59	        0.00	        1.00	  3990257.00	        0.00	    19247.00	        1.00
  9.60	        0.00	        1.00	  3990084.00	        0.00	    19247.00	        1.00
  9.61	        0.00	        1.00	  3989908.00	        0.00	    19247.00	        1.00
  9.62	        0.00	        0.00	  3989976.00	        0.00	    19247.00	        0.00
