Datatype: PopulationSize
  0.00	      100.00	        0.00	1000000000.00	        1.00	        0.00	      100.00
  0.01	       91.00	       10.00	999003002.00	        1.00	        1.00	      100.00
  0.02	       82.00	       21.00	998005802.00	        1.00	        3.00	      100.00
  0.03	       77.00	       28.00	997006984.00	        1.00	        5.00	      100.00
  0.04	       67.00	       38.00	996009638.00	        1.00	        5.00	      100.00
  0.05	       55.00	       52.00	995013581.00	        1.00	        7.00	      100.00
  0.06	       50.00	       57.00	994019097.00	        1.00	        7.00	      100.00
  0.07	       44.00	       63.00	993024151.00	        1.00	        7.00	      100.00
  0.08	       39.00	       69.00	992029999.00	        1.00	        8.00	      100.00
  0.09	       36.00	       74.00	991037683.00	        1.00	       10.00	      100.00
  0.10	       35.00	       76.00	990046571.00	        1.00	       11.00	      100.00
  0.11	       34.00	       77.00	989058014.00	        1.00	       11.00	      100.00
  0.12	       33.00	       78.00	988067992.00	        1.00	       11.00	      100.00
  0.13	       28.00	       83.00	987080866.00	        1.00	       11.00	      100.00
  0.14	       20.00	       91.00	986095662.00	        1.00	       11.00	      100.00
  0.15	       20.00	       91.00	985109878.00	        1.00	       11.00	      100.00
  0.16	       16.00	       95.00	984124504.00	        1.00	       11.00	      100.00
  0.17	       14.00	       97.00	983141233.00	        1.00	       11.00	      100.00
  0.18	       13.00	       98.00	982157519.00	        1.00	       11.00	      100.00
  0.19	       13.00	       98.00	981176941.00	        1.00	       11.00	      100.00
  0.20	       12.00	       99.00	980195506.00	        1.00	       11.00	      100.00
  0.21	       11.00	      100.00	979217368.00	        1.00	       11.00	      100.00
  0.22	       11.00	      101.00	978239346.00	        1.00	       12.00	      100.00
  0.23	       10.00	      102.00	977262331.00	        1.00	       12.00	      100.00
  0.24	        9.00	      102.00	976285334.00	        1.00	       12.00	      100.00
  0.25	        8.00	      103.00	975308403.00	        1.00	       12.00	      100.00
  0.26	        8.00	      103.00	974332298.00	        1.00	       12.00	      100.00
  0.27	        6.00	      105.00	973358020.00	        1.00	       12.00	      100.00
  0.28	        4.00	      107.00	972384931.00	        1.00	       12.00	      100.00
  0.29	        4.00	      106.00	971411709.00	        1.00	       12.00	      100.00
  0.30	        3.00	      107.00	970439104.00	        1.00	       12.00	      100.00
  0.31	        3.00	      107.00	969468269.00	        1.00	       12.00	      100.00
  0.32	        3.00	      107.00	968499742.00	        1.00	       12.00	      100.00
  0.33	        3.00	      106.00	967531421.00	        1.00	       12.00	      100.00
  0.34	        3.00	      105.00	966564697.00	        1.00	       12.00	      100.00
  0.35	        3.00	      105.00	965597030.00	        1.00	       12.00	      100.00
  0.36	        3.00	      103.00	964631018.00	        1.00	       12.00	      100.00
  0.37	        3.00	      102.00	963668689.00	        1.00	       12.00	      100.00
  0.38	        3.00	      102.00	962704496.00	        1.00	       12.00	      100.00
  0.39	        2.00	      102.00	961741273.00	        1.00	       12.00	      100.00
  0.40	        2.00	      102.00	960778399.00	        1.00	       12.00	      100.00
  0.41	        2.00	      102.00	959819263.00	        1.00	       12.00	      100.00
  0.42	        1.00	      101.00	958858835.00	        1.00	       12.00	      100.00
  0.43	        1.00	      100.00	957900128.00	        1.00	       12.00	      100.00
  0.44	        0.00	       99.00	956943032.00	        0.00	       12.00	       99.00
  0.45	        0.00	       99.00	955986780.00	        0.00	       12.00	       99.00
  0.46	        0.00	       98.00	955031049.00	        0.00	       12.00	       98.00
  0.47	        0.00	       96.00	954075993.00	        0.00	       12.00	       96.00
  0.48	        0.00	       96.00	953122285.00	        0.00	       12.00	       96.00
  0.49	        0.00	       96.00	952168971.00	        0.00	       12.00	       96.00
  0.50	        0.00	       90.00	951217222.00	        0.00	       12.00	       90.00
  0.51	        0.00	       89.00	950267339.00	        0.00	       12.00	       89.00
  0.52	        0.00	       87.00	949317418.00	        0.00	       12.00	       87.00
  0.53	        0.00	       86.00	948369471.00	        0.00	       12.00	       86.00
  0.54	        0.00	       86.00	947420780.00	        0.00	       12.00	       86.00
  0.55	        0.00	       79.00	946475482.00	        0.00	       12.00	       79.00
  0.56	        0.00	       75.00	945528121.00	        0.00	       12.00	       75.00
  0.57	        0.00	       74.00	944581054.00	        0.00	       12.00	       74.00
  0.58	        0.00	       70.00	943636824.00	        0.00	       12.00	       70.00
  0.59	        0.00	       70.00	942692017.00	        0.00	       12.00	       70.00
  0.60	        0.00	       69.00	941747383.00	        0.00	       12.00	       69.00
  0.61	        0.00	       65.00	940806392.00	        0.00	       12.00	       65.00
  0.62	        0.00	       63.00	939864317.00	        0.00	       12.00	       63.00
  0.63	        0.00	       62.00	938924736.00	        0.00	       12.00	       62.00
  0.64	        0.00	       61.00	937987842.00	        0.00	       12.00	       61.00
  0.65	        0.00	       59.00	937049663.00	        0.00	       12.00	       59.00
  0.66	        0.00	       57.00	936112683.00	        0.00	       12.00	       57.00
  0.67	        0.00	       54.00	935178406.00	        0.00	       12.00	       54.00
  0.68	        0.00	       50.00	934247122.00	        0.00	       12.00	       50.00
  0.69	        0.00	       49.00	933313012.00	        0.00	       12.00	       49.00
  0.70	        0.00	       47.00	932379315.00	        0.00	       12.00	       47.00
  0.71	        0.00	       46.00	931446271.00	        0.00	       12.00	       46.00
  0.72	        0.00	       43.00	930515423.00	        0.00	       12.00	       43.00
  0.73	        0.00	       43.00	929585059.00	        0.00	       12.00	       43.00
  0.74	        0.00	       42.00	928656492.00	        0.00	       12.00	       42.00
  0.75	        0.00	       40.00	927729898.00	        0.00	       12.00	       40.00
  0.76	        0.00	       37.00	926803298.00	        0.00	       12.00	       37.00
  0.77	        0.00	       33.00	925878415.00	        0.00	       12.00	       33.00
  0.78	        0.00	       31.00	924954100.00	        0.00	       12.00	       31.00
  0.79	        0.00	       30.00	924031549.00	        0.00	       12.00	       30.00
  0.80	        0.00	       30.00	923107624.00	        0.00	       12.00	       30.00
  0.81	        0.00	       29.00	922185552.00	        0.00	       12.00	       29.00
  0.82	        0.00	       29.00	921263951.00	        0.00	       12.00	       29.00
  0.83	        0.00	       28.00	920342790.00	        0.00	       12.00	       28.00
  0.84	        0.00	       26.00	919423937.00	        0.00	       12.00	       26.00
  0.85	        0.00	       25.00	918504571.00	        0.00	       12.00	       25.00
  0.86	        0.00	       23.00	917588366.00	        0.00	       12.00	       23.00
  0.87	        0.00	       23.00	916670885.00	        0.00	       12.00	       23.00
  0.88	        0.00	       20.00	915755192.00	        0.00	       12.00	       20.00
  0.89	        0.00	       20.00	914840422.00	        0.00	       12.00	       20.00
  0.90	        0.00	       18.00	913928169.00	        0.00	       12.00	       18.00
  0.91	        0.00	       17.00	913013740.00	        0.00	       12.00	       17.00
  0.92	        0.00	       17.00	912102816.00	        0.00	       12.00	       17.00
  0.93	        0.00	       16.00	911191272.00	        0.00	       12.00	       16.00
  0.94	        0.00	       13.00	910280038.00	        0.00	       12.00	       13.00
  0.95	        0.00	       13.00	909368506.00	        0.00	       12.00	       13.00
  0.96	        0.00	       12.00	908460209.00	        0.00	       12.00	       12.00
  0.97	        0.00	       11.00	907552556.00	        0.00	       12.00	       11.00
  0.98	        0.00	       11.00	906645044.00	        0.00	       12.00	       11.00
  0.99	        0.00	       11.00	905737739.00	        0.00	       12.00	       11.00
  1.00	        0.00	        9.00	904833642.00	        0.00	       12.00	        9.00
  1.01	        0.00	        9.00	903928824.00	        0.00	       12.00	        9.00
  1.02	        0.00	        9.00	903026511.00	        0.00	       12.00	        9.00
  1.03	        0.00	        9.00	902123307.00	        0.00	       12.00	        9.00
  1.04	        0.00	        7.00	901221406.00	        0.00	       12.00	        7.00
  1.05	        0.00	        6.00	900321008.00	        0.00	       12.00	        6.00
  1.06	        0.00	        5.00	899422467.00	        0.00	       12.00	        5.00
  1.07	        0.00	        5.00	898523830.00	        0.00	       12.00	        5.00
  1.08	        0.00	        4.00	897625544.00	        0.00	       12.00	        4.00
  1.09	        0.00	        4.00	896728512.00	        0.00	       12.00	        4.00
  1.10	        0.00	        3.00	895832189.00	        0.00	       12.00	        3.00
  1.11	        0.00	        3.00	894936825.00	        0.00	       12.00	        3.00
  1.12	        0.00	        3.00	894044057.00	        0.00	       12.00	        3.00
  1.13	        0.00	        2.00	893149297.00	        0.00	       12.00	        2.00
  1.14	        0.00	        1.00	892256982.00	        0.00	       12.00	        1.00
  1.15	        0.00	        0.00	891364790.00	        0.00	       12.00	        0.00
