Datatype: PopulationSize
  0.00	   316228.00	        0.00	 31622777.00	        1.00	        0.00	   316228.00
  0.01	   320498.00	      988.00	 31590152.00	        1.00	     5258.00	   316228.00
  0.02	   324853.00	     1981.00	 31557477.00	        1.00	    10601.00	   316228.00
  0.03	   329472.00	     2858.00	 31524778.00	        1.00	    16092.00	   316228.00
  0.04	   333834.00	     3879.00	 31492457.00	        1.00	    21471.00	   316228.00
  0.05	   338238.00	     4924.00	 31460033.00	        1.00	    26911.00	   316228.00
  0.06	   343034.00	     5949.00	 31427685.00	        1.00	    32725.00	   316228.00
  0.07	   347733.00	     6935.00	 31395260.00	        1.00	    38403.00	   316228.00
  0.08	   352403.00	     7959.00	 31362732.00	        1.00	    44084.00	   316228.00
  0.09	   357281.00	     8952.00	 31330557.00	        1.00	    49938.00	   316228.00
  0.10	   362233.00	     9961.00	 31298203.00	        1.00	    55888.00	   316228.00
  0.11	   367232.00	    11057.00	 31265954.00	        1.00	    61964.00	   316228.00
  0.12	   372328.00	    12108.00	 31233688.00	        1.00	    68089.00	   316228.00
  0.13	   377558.00	    13143.00	 31201414.00	        1.00	    74337.00	   316228.00
  0.14	   382796.00	    14136.00	 31168829.00	        1.00	    80536.00	   316228.00
  0.15	   388257.00	    15150.00	 31136582.00	        1.00	    86996.00	   316228.00
  0.16	   393605.00	    16340.00	 31104360.00	        1.00	    93515.00	   316228.00
  0.17	   398915.00	    17403.00	 31072074.00	        1.00	    99861.00	   316228.00
  0.18	   404464.00	    18409.00	 31039657.00	        1.00	   106395.00	   316228.00
  0.19	   410100.00	    19489.00	 31007549.00	        1.00	   113090.00	   316228.00
  0.20	   416064.00	    20489.00	 30975860.00	        1.00	   120040.00	   316228.00
  0.21	   421925.00	    21617.00	 30943484.00	        1.00	   126999.00	   316228.00
  0.22	   427703.00	    22815.00	 30911350.00	        1.00	   133959.00	   316228.00
  0.23	   433672.00	    24035.00	 30879393.00	        1.00	   141132.00	   316228.00
  0.24	   439859.00	    25185.00	 30847922.00	        1.00	   148443.00	   316228.00
  0.25	   445941.00	    26352.00	 30815686.00	        1.00	   155680.00	   316228.00
  0.26	   452104.00	    27574.00	 30783812.00	        1.00	   163041.00	   316228.00
  0.27	   458448.00	    28754.00	 30751915.00	        1.00	   170542.00	   316228.00
  0.28	   464586.00	    30220.00	 30720248.00	        1.00	   178122.00	   316228.00
  0.29	   470737.00	    31824.00	 30689190.00	        1.00	   185864.00	   316228.00
  0.30	   476447.00	    33801.00	 30658591.00	        1.00	   193546.00	   316228.00
  0.31	   482017.00	    36186.00	 30628129.00	        1.00	   201498.00	   316228.00
  0.32	   487689.00	    38432.00	 30597673.00	        1.00	   209418.00	   316228.00
  0.33	   493235.00	    40902.00	 30567717.00	        1.00	   217438.00	   316228.00
  0.34	   498549.00	    43793.00	 30538045.00	        1.00	   225656.00	   316228.00
  0.35	   503483.00	    47260.00	 30509026.00	        1.00	   234089.00	   316228.00
  0.36	   508228.00	    51030.00	 30480524.00	        1.00	   242644.00	   316228.00
  0.37	   511770.00	    55773.00	 30452915.00	        1.00	   250983.00	   316228.00
  0.38	   515852.00	    60000.00	 30425137.00	        1.00	   259339.00	   316228.00
  0.39	   518685.00	    65677.00	 30398904.00	        1.00	   267938.00	   316228.00
  0.40	   520517.00	    72440.00	 30373824.00	        1.00	   276640.00	   316228.00
  0.41	   522285.00	    79257.00	 30349130.00	        1.00	   285340.00	   316228.00
  0.42	   522960.00	    87094.00	 30325333.00	        1.00	   293990.00	   316228.00
  0.43	   523751.00	    94896.00	 30302586.00	        1.00	   302742.00	   316228.00
  0.44	   524598.00	   102535.00	 30278939.00	        1.00	   311370.00	   316228.00
  0.45	   523574.00	   112107.00	 30257756.00	        1.00	   320114.00	   316228.00
  0.46	   522461.00	   121792.00	 30237023.00	        1.00	   328891.00	   316228.00
  0.47	   521040.00	   131864.00	 30217182.00	        1.00	   337763.00	   316228.00
  0.48	   516917.00	   144313.00	 30200885.00	        1.00	   346375.00	   316228.00
  0.49	   514206.00	   155489.00	 30183384.00	        1.00	   355105.00	   316228.00
  0.50	   508273.00	   169703.00	 30169688.00	        1.00	   363737.00	   316228.00
  0.51	   502315.00	   183671.00	 30156717.00	        1.00	   372104.00	   316228.00
  0.52	   497828.00	   196246.00	 30142128.00	        1.00	   380517.00	   316228.00
  0.53	   491490.00	   210353.00	 30130271.00	        1.00	   388668.00	   316228.00
  0.54	   485694.00	   223964.00	 30118156.00	        1.00	   396864.00	   316228.00
  0.55	   479068.00	   238315.00	 30107537.00	        1.00	   404990.00	   316228.00
  0.56	   470261.00	   254649.00	 30100709.00	        1.00	   413002.00	   316228.00
  0.57	   461785.00	   270450.00	 30093411.00	        1.00	   420799.00	   316228.00
  0.58	   452308.00	   287014.00	 30088536.00	        1.00	   428405.00	   316228.00
  0.59	   440653.00	   305641.00	 30088074.00	        1.00	   435987.00	   316228.00
  0.60	   429292.00	   323643.00	 30088286.00	        1.00	   443253.00	   316228.00
  0.61	   416642.00	   342753.00	 30090359.00	        1.00	   450385.00	   316228.00
  0.62	   404576.00	   361087.00	 30093361.00	        1.00	   457343.00	   316228.00
  0.63	   392616.00	   379064.00	 30097429.00	        1.00	   464069.00	   316228.00
  0.64	   378257.00	   398977.00	 30107201.00	        1.00	   470443.00	   316228.00
  0.65	   365132.00	   417571.00	 30116716.00	        1.00	   476733.00	   316228.00
  0.66	   351049.00	   436865.00	 30129882.00	        1.00	   482836.00	   316228.00
  0.67	   337262.00	   455599.00	 30144759.00	        1.00	   488706.00	   316228.00
  0.68	   322466.00	   475037.00	 30164074.00	        1.00	   494364.00	   316228.00
  0.69	   306274.00	   495521.00	 30189346.00	        1.00	   499783.00	   316228.00
  0.70	   291276.00	   514506.00	 30214639.00	        1.00	   504905.00	   316228.00
  0.71	   276156.00	   533300.00	 30243995.00	        1.00	   509799.00	   316228.00
  0.72	   261072.00	   551653.00	 30276751.00	        1.00	   514358.00	   316228.00
  0.73	   245624.00	   570259.00	 30315011.00	        1.00	   518911.00	   316228.00
  0.74	   230460.00	   588005.00	 30358519.00	        1.00	   522993.00	   316228.00
  0.75	   214865.00	   605880.00	 30408243.00	        1.00	   526896.00	   316228.00
  0.76	   199700.00	   622964.00	 30463192.00	        1.00	   530552.00	   316228.00
  0.77	   183258.00	   640726.00	 30531032.00	        0.99	   533865.00	   316228.00
  0.78	   168251.00	   656824.00	 30603985.00	        0.99	   537047.00	   316228.00
  0.79	   154130.00	   671588.00	 30679793.00	        0.99	   539848.00	   316228.00
  0.80	   140171.00	   685765.00	 30762563.00	        0.99	   542360.00	   316228.00
  0.81	   126461.00	   699289.00	 30858877.00	        0.99	   544739.00	   316228.00
  0.82	   113010.00	   712063.00	 30966796.00	        0.98	   546858.00	   316228.00
  0.83	    99241.00	   724596.00	 31092302.00	        0.97	   548786.00	   316228.00
  0.84	    86742.00	   735448.00	 31223855.00	        0.96	   550425.00	   316228.00
  0.85	    76007.00	   744110.00	 31365495.00	        0.94	   551837.00	   316228.00
  0.86	    65935.00	   751808.00	 31515434.00	        0.92	   553113.00	   316228.00
  0.87	    56319.00	   758505.00	 31682149.00	        0.90	   554190.00	   316228.00
  0.88	    47776.00	   763560.00	 31868864.00	        0.86	   555101.00	   316228.00
  0.89	    40229.00	   767376.00	 32063923.00	        0.83	   555934.00	   316228.00
  0.90	    33827.00	   769533.00	 32273257.00	        0.80	   556539.00	   316228.00
  0.91	    27863.00	   770708.00	 32507008.00	        0.76	   557097.00	   316228.00
  0.92	    22580.00	   770906.00	 32749460.00	        0.70	   557538.00	   316228.00
  0.93	    18163.00	   769834.00	 33007204.00	        0.64	   557889.00	   316228.00
  0.94	    14678.00	   767382.00	 33285010.00	        0.58	   558194.00	   316228.00
  0.95	    11533.00	   764171.00	 33579589.00	        0.52	   558420.00	   316228.00
  0.96	     9229.00	   759737.00	 33890872.00	        0.47	   558607.00	   316228.00
  0.97	     7201.00	   754670.00	 34218117.00	        0.42	   558767.00	   316228.00
  0.98	     5625.00	   748791.00	 34560566.00	        0.36	   558874.00	   316228.00
  0.99	     4335.00	   741967.00	 34935395.00	        0.30	   558969.00	   316228.00
  1.00	     3243.00	   734617.00	 35324637.00	        0.25	   559037.00	   316228.00
  1.01	     2527.00	   726735.00	 35720661.00	        0.21	   559098.00	   316228.00
  1.02	     1940.00	   718136.00	 36144554.00	        0.16	   559139.00	   316228.00
  1.03	     1446.00	   708805.00	 36600150.00	        0.13	   559173.00	   316228.00
  1.04	     1128.00	   699274.00	 37056012.00	        0.10	   559205.00	   316228.00
  1.05	      833.00	   689186.00	 37537928.00	        0.09	   559227.00	   316224.00
  1.06	      641.00	   678635.00	 38036778.00	        0.07	   559238.00	   316215.00
  1.07	      499.00	   667877.00	 38543169.00	        0.05	   559250.00	   316205.00
  1.08	      420.00	   656551.00	 39074776.00	        0.04	   559261.00	   316181.00
  1.09	      334.00	   644924.00	 39620143.00	        0.03	   559266.00	   316153.00
  1.10	      242.00	   632882.00	 40186144.00	        0.02	   559274.00	   316118.00
  1.11	      206.00	   620350.00	 40773241.00	        0.02	   559282.00	   316068.00
  1.12	      129.00	   607898.00	 41357734.00	        0.01	   559285.00	   316012.00
  1.13	       98.00	   594770.00	 41973153.00	        0.01	   559286.00	   315900.00
  1.14	       74.00	   581256.00	 42606841.00	        0.01	   559289.00	   315720.00
  1.15	       61.00	   567356.00	 43258629.00	        0.01	   559291.00	   315436.00
  1.16	       39.00	   553513.00	 43907626.00	        0.01	   559292.00	   315096.00
  1.17	       25.00	   539230.00	 44577750.00	        0.00	   559293.00	   314648.00
  1.18	       15.00	   524958.00	 45245848.00	        0.00	   559293.00	   314133.00
  1.19	       10.00	   510494.00	 45922810.00	        0.00	   559293.00	   313431.00
  1.20	        4.00	   495940.00	 46603424.00	        0.00	   559294.00	   312401.00
  1.21	        2.00	   481078.00	 47298732.00	        0.00	   559294.00	   311018.00
  1.22	        1.00	   466429.00	 47983058.00	        0.00	   559294.00	   309301.00
  1.23	        1.00	   451619.00	 48674748.00	        0.00	   559294.00	   307368.00
  1.24	        1.00	   436632.00	 49374094.00	        0.00	   559294.00	   305168.00
  1.25	        1.00	   421782.00	 50065891.00	        0.00	   559294.00	   302569.00
  1.26	        0.00	   407005.00	 50753597.00	        0.00	   559294.00	   299543.00
  1.27	        0.00	   392138.00	 51444965.00	        0.00	   559294.00	   296126.00
  1.28	        0.00	   377697.00	 52114197.00	        0.00	   559294.00	   292303.00
  1.29	        0.00	   363361.00	 52777606.00	        0.00	   559294.00	   287831.00
  1.30	        0.00	   348940.00	 53444797.00	        0.00	   559294.00	   282848.00
  1.31	        0.00	   334870.00	 54093185.00	        0.00	   559294.00	   277314.00
  1.32	        0.00	   320709.00	 54745929.00	        0.00	   559294.00	   270990.00
  1.33	        0.00	   306852.00	 55382798.00	        0.00	   559294.00	   264211.00
  1.34	        0.00	   293393.00	 55999168.00	        0.00	   559294.00	   257041.00
  1.35	        0.00	   280102.00	 56606486.00	        0.00	   559294.00	   249342.00
  1.36	        0.00	   267110.00	 57198669.00	        0.00	   559294.00	   241475.00
  1.37	        0.00	   254480.00	 57772044.00	        0.00	   559294.00	   233149.00
  1.38	        0.00	   242127.00	 58331172.00	        0.00	   559294.00	   224473.00
  1.39	        0.00	   230062.00	 58875479.00	        0.00	   559294.00	   215532.00
  1.40	        0.00	   218357.00	 59400852.00	        0.00	   559294.00	   206486.00
  1.41	        0.00	   206900.00	 59913641.00	        0.00	   559294.00	   197373.00
  1.42	        0.00	   196012.00	 60397499.00	        0.00	   559294.00	   188288.00
  1.43	        0.00	   185399.00	 60867442.00	        0.00	   559294.00	   179159.00
  1.44	        0.00	   175148.00	 61318882.00	        0.00	   559294.00	   170190.00
  1.45	        0.00	   165360.00	 61746704.00	        0.00	   559294.00	   161461.00
  1.46	        0.00	   155891.00	 62158219.00	        0.00	   559294.00	   152827.00
  1.47	        0.00	   146917.00	 62544847.00	        0.00	   559294.00	   144514.00
  1.48	        0.00	   138248.00	 62915575.00	        0.00	   559294.00	   136300.00
  1.49	        0.00	   129887.00	 63270061.00	        0.00	   559294.00	   128286.00
  1.50	        0.00	   121851.00	 63608984.00	        0.00	   559294.00	   120510.00
  1.51	        0.00	   114312.00	 63921831.00	        0.00	   559294.00	   113181.00
  1.52	        0.00	   106971.00	 64225050.00	        0.00	   559294.00	   106017.00
  1.53	        0.00	   100092.00	 64504731.00	        0.00	   559294.00	    99268.00
  1.54	        0.00	    93431.00	 64773183.00	        0.00	   559294.00	    92731.00
  1.55	        0.00	    87330.00	 65014009.00	        0.00	   559294.00	    86754.00
  1.56	        0.00	    81447.00	 65243362.00	        0.00	   559294.00	    80964.00
  1.57	        0.00	    75975.00	 65451656.00	        0.00	   559294.00	    75586.00
  1.58	        0.00	    70737.00	 65648104.00	        0.00	   559294.00	    70417.00
  1.59	        0.00	    65748.00	 65832379.00	        0.00	   559294.00	    65493.00
  1.60	        0.00	    61122.00	 65997965.00	        0.00	   559294.00	    60914.00
  1.61	        0.00	    56709.00	 66152990.00	        0.00	   559294.00	    56540.00
  1.62	        0.00	    52731.00	 66285959.00	        0.00	   559294.00	    52613.00
  1.63	        0.00	    48911.00	 66410794.00	        0.00	   559294.00	    48824.00
  1.64	        0.00	    45291.00	 66525730.00	        0.00	   559294.00	    45254.00
  1.65	        0.00	    41947.00	 66626874.00	        0.00	   559294.00	    41930.00
  1.66	        0.00	    38796.00	 66718445.00	        0.00	   559294.00	    38793.00
  1.67	        0.00	    35758.00	 66804036.00	        0.00	   559294.00	    35754.00
  1.68	        0.00	    32899.00	 66880813.00	        0.00	   559294.00	    32897.00
  1.69	        0.00	    30308.00	 66944394.00	        0.00	   559294.00	    30302.00
  1.70	        0.00	    27983.00	 66993981.00	        0.00	   559294.00	    27975.00
  1.71	        0.00	    25740.00	 67039536.00	        0.00	   559294.00	    25733.00
  1.72	        0.00	    23642.00	 67078279.00	        0.00	   559294.00	    23635.00
  1.73	        0.00	    21689.00	 67109252.00	        0.00	   559294.00	    21685.00
  1.74	        0.00	    19962.00	 67129518.00	        0.00	   559294.00	    19951.00
  1.75	        0.00	    18389.00	 67141849.00	        0.00	   559294.00	    18377.00
  1.76	        0.00	    16888.00	 67150173.00	        0.00	   559294.00	    16877.00
  1.77	        0.00	    15476.00	 67154186.00	        0.00	   559294.00	    15461.00
  1.78	        0.00	    14159.00	 67153401.00	        0.00	   559294.00	    14148.00
  1.79	        0.00	    12960.00	 67147307.00	        0.00	   559294.00	    12949.00
  1.80	        0.00	    11898.00	 67133677.00	        0.00	   559294.00	    11885.00
  1.81	        0.00	    10872.00	 67118589.00	        0.00	   559294.00	    10854.00
  1.82	        0.00	     9913.00	 67100068.00	        0.00	   559294.00	     9891.00
  1.83	        0.00	     9117.00	 67073713.00	        0.00	   559294.00	     9090.00
  1.84	        0.00	     8354.00	 67045394.00	        0.00	   559294.00	     8326.00
  1.85	        0.00	     7646.00	 67014472.00	        0.00	   559294.00	     7622.00
  1.86	        0.00	     6934.00	 66983612.00	        0.00	   559294.00	     6908.00
  1.87	        0.00	     6292.00	 66949684.00	        0.00	   559294.00	     6274.00
  1.88	        0.00	     5733.00	 66911165.00	        0.00	   559294.00	     5719.00
  1.89	        0.00	     5219.00	 66870504.00	        0.00	   559294.00	     5202.00
  1.90	        0.00	     4792.00	 66825824.00	        0.00	   559294.00	     4773.00
  1.91	        0.00	     4393.00	 66780345.00	        0.00	   559294.00	     4370.00
  1.92	        0.00	     4005.00	 66733363.00	        0.00	   559294.00	     3982.00
  1.93	        0.00	     3623.00	 66686091.00	        0.00	   559294.00	     3600.00
  1.94	        0.00	     3300.00	 66635732.00	        0.00	   559294.00	     3279.00
  1.95	        0.00	     3023.00	 66583592.00	        0.00	   559294.00	     2998.00
  1.96	        0.00	     2775.00	 66529325.00	        0.00	   559294.00	     2753.00
  1.97	        0.00	     2530.00	 66475396.00	        0.00	   559294.00	     2507.00
  1.98	        0.00	     2297.00	 66421579.00	        0.00	   559294.00	     2270.00
  1.99	        0.00	     2107.00	 66364638.00	        0.00	   559294.00	     2083.00
  2.00	        0.00	     1922.00	 66308234.00	        0.00	   559294.00	     1898.00
  2.01	        0.00	     1761.00	 66250502.00	        0.00	   559294.00	     1735.00
  2.02	        0.00	     1579.00	 66193562.00	        0.00	   559294.00	     1554.00
  2.03	        0.00	     1431.00	 66135450.00	        0.00	   559294.00	     1410.00
  2.04	        0.00	     1311.00	 66075685.00	        0.00	   559294.00	     1289.00
  2.05	        0.00	     1194.00	 66016176.00	        0.00	   559294.00	     1170.00
  2.06	        0.00	     1072.00	 65957205.00	        0.00	   559294.00	     1048.00
  2.07	        0.00	      982.00	 65896213.00	        0.00	   559294.00	      960.00
  2.08	        0.00	      910.00	 65833926.00	        0.00	   559294.00	      888.00
  2.09	        0.00	      845.00	 65771538.00	        0.00	   559294.00	      827.00
  2.10	        0.00	      779.00	 65709380.00	        0.00	   559294.00	      762.00
  2.11	        0.00	      727.00	 65646728.00	        0.00	   559294.00	      712.00
  2.12	        0.00	      652.00	 65584571.00	        0.00	   559294.00	      638.00
  2.13	        0.00	      582.00	 65522253.00	        0.00	   559294.00	      569.00
  2.14	        0.00	      531.00	 65459253.00	        0.00	   559294.00	      519.00
  2.15	        0.00	      494.00	 65395490.00	        0.00	   559294.00	      482.00
  2.16	        0.00	      442.00	 65333196.00	        0.00	   559294.00	      435.00
  2.17	        0.00	      413.00	 65269357.00	        0.00	   559294.00	      404.00
  2.18	        0.00	      371.00	 65206437.00	        0.00	   559294.00	      361.00
  2.19	        0.00	      351.00	 65142482.00	        0.00	   559294.00	      334.00
  2.20	        0.00	      317.00	 65079519.00	        0.00	   559294.00	      303.00
  2.21	        0.00	      297.00	 65015685.00	        0.00	   559294.00	      283.00
  2.22	        0.00	      270.00	 64951746.00	        0.00	   559294.00	      258.00
  2.23	        0.00	      241.00	 64888545.00	        0.00	   559294.00	      233.00
  2.24	        0.00	      212.00	 64825308.00	        0.00	   559294.00	      206.00
  2.25	        0.00	      184.00	 64761811.00	        0.00	   559294.00	      181.00
  2.26	        0.00	      158.00	 64698680.00	        0.00	   559294.00	      155.00
  2.27	        0.00	      139.00	 64634975.00	        0.00	   559294.00	      136.00
  2.28	        0.00	      127.00	 64570976.00	        0.00	   559294.00	      124.00
  2.29	        0.00	      112.00	 64507149.00	        0.00	   559294.00	      110.00
  2.30	        0.00	      102.00	 64443078.00	        0.00	   559294.00	      100.00
  2.31	        0.00	       95.00	 64378434.00	        0.00	   559294.00	       93.00
  2.32	        0.00	       86.00	 64314553.00	        0.00	   559294.00	       84.00
  2.33	        0.00	       77.00	 64251422.00	        0.00	   559294.00	       74.00
  2.34	        0.00	       70.00	 64187672.00	        0.00	   559294.00	       69.00
  2.35	        0.00	       64.00	 64124011.00	        0.00	   559294.00	       63.00
  2.36	        0.00	       60.00	 64059953.00	        0.00	   559294.00	       60.00
  2.37	        0.00	       51.00	 63996492.00	        0.00	   559294.00	       51.00
  2.38	        0.00	       42.00	 63932381.00	        0.00	   559294.00	       42.00
  2.39	        0.00	       42.00	 63868507.00	        0.00	   559294.00	       42.00
  2.40	        0.00	       37.00	 63805021.00	        0.00	   559294.00	       37.00
  2.41	        0.00	       32.00	 63741765.00	        0.00	   559294.00	       31.00
  2.42	        0.00	       28.00	 63678627.00	        0.00	   559294.00	       28.00
  2.43	        0.00	       27.00	 63615237.00	        0.00	   559294.00	       27.00
  2.44	        0.00	       24.00	 63551343.00	        0.00	   559294.00	       24.00
  2.45	        0.00	       21.00	 63488327.00	        0.00	   559294.00	       21.00
  2.46	        0.00	       19.00	 63424760.00	        0.00	   559294.00	       19.00
  2.47	        0.00	       18.00	 63361109.00	        0.00	   559294.00	       18.00
  2.48	        0.00	       16.00	 63297955.00	        0.00	   559294.00	       16.00
  2.49	        0.00	       15.00	 63234290.00	        0.00	   559294.00	       15.00
  2.50	        0.00	       13.00	 63170567.00	        0.00	   559294.00	       13.00
  2.51	        0.00	       11.00	 63107454.00	        0.00	   559294.00	       11.00
  2.52	        0.00	       10.00	 63044464.00	        0.00	   559294.00	       10.00
  2.53	        0.00	        8.00	 62981166.00	        0.00	   559294.00	        8.00
  2.54	        0.00	        8.00	 62918007.00	        0.00	   559294.00	        8.00
  2.55	        0.00	        7.00	 62855277.00	        0.00	   559294.00	        7.00
  2.56	        0.00	        7.00	 62792669.00	        0.00	   559294.00	        7.00
  2.57	        0.00	        7.00	 62729672.00	        0.00	   559294.00	        7.00
  2.58	        0.00	        7.00	 62666573.00	        0.00	   559294.00	        7.00
  2.59	        0.00	        6.00	 62604225.00	        0.00	   559294.00	        6.00
  2.60	        0.00	        5.00	 62541281.00	        0.00	   559294.00	        5.00
  2.61	        0.00	        4.00	 62478804.00	        0.00	   559294.00	        4.00
  2.62	        0.00	        4.00	 62416002.00	        0.00	   559294.00	        4.00
  2.63	        0.00	        4.00	 62354044.00	        0.00	   559294.00	        4.00
  2.64	        0.00	        4.00	 62291463.00	        0.00	   559294.00	        4.00
  2.65	        0.00	        4.00	 62229816.00	        0.00	   559294.00	        4.00
  2.66	        0.00	        3.00	 62167286.00	        0.00	   559294.00	        3.00
  2.67	        0.00	        3.00	 62104774.00	        0.00	   559294.00	        3.00
  2.68	        0.00	        2.00	 62042373.00	        0.00	   559294.00	        2.00
  2.69	        0.00	        2.00	 61980636.00	        0.00	   559294.00	        2.00
  2.70	        0.00	        2.00	 61918771.00	        0.00	   559294.00	        2.00
  2.71	        0.00	        2.00	 61856684.00	        0.00	   559294.00	        2.00
  2.72	        0.00	        2.00	 61794684.00	        0.00	   559294.00	        2.00
  2.73	        0.00	        1.00	 61733023.00	        0.00	   559294.00	        1.00
  2.74	        0.00	        1.00	 61671230.00	        0.00	   559294.00	        1.00
  2.75	        0.00	        1.00	 61609623.00	        0.00	   559294.00	        1.00
  2.76	        0.00	        1.00	 61547926.00	        0.00	   559294.00	        1.00
  2.77	        0.00	        1.00	 61486705.00	        0.00	   559294.00	        1.00
  2.78	        0.00	        1.00	 61425730.00	        0.00	   559294.00	        1.00
  2.79	        0.00	        1.00	 61364164.00	        0.00	   559294.00	        1.00
  2.80	        0.00	        1.00	 61302476.00	        0.00	   559294.00	        1.00
  2.81	        0.00	        1.00	 61241469.00	        0.00	   559294.00	        1.00
  2.82	        0.00	        1.00	 61179975.00	        0.00	   559294.00	        1.00
  2.83	        0.00	        1.00	 61118798.00	        0.00	   559294.00	        1.00
  2.84	        0.00	        1.00	 61058013.00	        0.00	   559294.00	        1.00
  2.85	        0.00	        1.00	 60997223.00	        0.00	   559294.00	        1.00
  2.86	        0.00	        1.00	 60936607.00	        0.00	   559294.00	        1.00
  2.87	        0.00	        1.00	 60875470.00	        0.00	   559294.00	        1.00
  2.88	        0.00	        1.00	 60814607.00	        0.00	   559294.00	        1.00
  2.89	        0.00	        1.00	 60754021.00	        0.00	   559294.00	        1.00
  2.90	        0.00	        1.00	 60693056.00	        0.00	   559294.00	        1.00
  2.91	        0.00	        1.00	 60632170.00	        0.00	   559294.00	        1.00
  2.92	        0.00	        1.00	 60571584.00	        0.00	   559294.00	        1.00
  2.93	        0.00	        1.00	 60511111.00	        0.00	   559294.00	        1.00
  2.94	        0.00	        1.00	 60450496.00	        0.00	   559294.00	        1.00
  2.95	        0.00	        1.00	 60390014.00	        0.00	   559294.00	        1.00
  2.96	        0.00	        1.00	 60329356.00	        0.00	   559294.00	        1.00
  2.97	        0.00	        1.00	 60269057.00	        0.00	   559294.00	        1.00
  2.98	        0.00	        1.00	 60208609.00	        0.00	   559294.00	        1.00
  2.99	        0.00	        0.00	 60148532.00	        0.00	   559294.00	        0.00
