Datatype: PopulationSize
  0.00	   316228.00	        0.00	 10000000.00	        1.00	        0.00	   316228.00
  0.01	   321323.00	      310.00	  9989625.00	        1.00	     5405.00	   316228.00
  0.02	   326352.00	      646.00	  9979245.00	        1.00	    10770.00	   316228.00
  0.03	   331447.00	      963.00	  9968911.00	        1.00	    16182.00	   316228.00
  0.04	   336704.00	     1321.00	  9958637.00	        1.00	    21797.00	   316228.00
  0.05	   342020.00	     1629.00	  9948495.00	        1.00	    27421.00	   316228.00
  0.06	   347533.00	     1949.00	  9938203.00	        1.00	    33254.00	   316228.00
  0.07	   352955.00	     2281.00	  9927736.00	        1.00	    39008.00	   316228.00
  0.08	   358483.00	     2620.00	  9917381.00	        1.00	    44875.00	   316228.00
  0.09	   364170.00	     2956.00	  9907170.00	        1.00	    50898.00	   316228.00
  0.10	   370065.00	     3264.00	  9896865.00	        1.00	    57101.00	   316228.00
  0.11	   375820.00	     3596.00	  9886525.00	        1.00	    63188.00	   316228.00
  0.12	   381756.00	     3930.00	  9876325.00	        1.00	    69458.00	   316228.00
  0.13	   387943.00	     4256.00	  9866094.00	        1.00	    75970.00	   316228.00
  0.14	   393970.00	     4606.00	  9855897.00	        1.00	    82347.00	   316228.00
  0.15	   400091.00	     4946.00	  9845776.00	        1.00	    88808.00	   316228.00
  0.16	   406273.00	     5317.00	  9835408.00	        1.00	    95361.00	   316228.00
  0.17	   412721.00	     5695.00	  9825227.00	        1.00	   102188.00	   316228.00
  0.18	   419302.00	     6048.00	  9814990.00	        1.00	   109123.00	   316228.00
  0.19	   426004.00	     6361.00	  9804893.00	        1.00	   116138.00	   316228.00
  0.20	   432712.00	     6726.00	  9794650.00	        1.00	   123211.00	   316228.00
  0.21	   439503.00	     7092.00	  9784742.00	        1.00	   130369.00	   316228.00
  0.22	   446358.00	     7472.00	  9774546.00	        1.00	   137604.00	   316228.00
  0.23	   453311.00	     7838.00	  9764455.00	        1.00	   144923.00	   316228.00
  0.24	   460606.00	     8222.00	  9754170.00	        1.00	   152603.00	   316228.00
  0.25	   468000.00	     8640.00	  9743995.00	        1.00	   160416.00	   316228.00
  0.26	   475104.00	     9193.00	  9734048.00	        1.00	   168077.00	   316228.00
  0.27	   482679.00	     9567.00	  9723993.00	        1.00	   176026.00	   316228.00
  0.28	   490310.00	    10018.00	  9714020.00	        1.00	   184110.00	   316228.00
  0.29	   498102.00	    10453.00	  9703972.00	        1.00	   192338.00	   316228.00
  0.30	   505806.00	    10994.00	  9694110.00	        1.00	   200587.00	   316228.00
  0.31	   513910.00	    11441.00	  9684384.00	        1.00	   209139.00	   316228.00
  0.32	   521786.00	    12196.00	  9674642.00	        1.00	   217777.00	   316228.00
  0.33	   529422.00	    13161.00	  9665336.00	        1.00	   226391.00	   316228.00
  0.34	   537437.00	    14051.00	  9655870.00	        1.00	   235307.00	   316228.00
  0.35	   544980.00	    15484.00	  9646932.00	        1.00	   244304.00	   316228.00
  0.36	   553074.00	    16568.00	  9637502.00	        1.00	   253497.00	   316228.00
  0.37	   561246.00	    17655.00	  9628221.00	        1.00	   262770.00	   316228.00
  0.38	   569154.00	    18968.00	  9619400.00	        1.00	   272010.00	   316228.00
  0.39	   577305.00	    20488.00	  9610650.00	        1.00	   281706.00	   316228.00
  0.40	   585245.00	    22066.00	  9601995.00	        1.00	   291251.00	   316228.00
  0.41	   592199.00	    24837.00	  9594555.00	        1.00	   301027.00	   316228.00
  0.42	   599516.00	    27277.00	  9586772.00	        1.00	   310828.00	   316228.00
  0.43	   606345.00	    30385.00	  9579669.00	        1.00	   320822.00	   316228.00
  0.44	   613709.00	    33096.00	  9572252.00	        1.00	   330948.00	   316228.00
  0.45	   620436.00	    36730.00	  9565655.00	        1.00	   341380.00	   316228.00
  0.46	   627239.00	    40147.00	  9559085.00	        1.00	   351668.00	   316228.00
  0.47	   633805.00	    44018.00	  9553019.00	        1.00	   362181.00	   316228.00
  0.48	   639258.00	    48970.00	  9547969.00	        1.00	   372684.00	   316228.00
  0.49	   646343.00	    52484.00	  9541565.00	        1.00	   383354.00	   316228.00
  0.50	   652479.00	    56998.00	  9536233.00	        1.00	   394097.00	   316228.00
  0.51	   658239.00	    61944.00	  9531345.00	        1.00	   404906.00	   316228.00
  0.52	   663759.00	    67303.00	  9527131.00	        1.00	   415900.00	   316228.00
  0.53	   668718.00	    73214.00	  9523293.00	        1.00	   426894.00	   316228.00
  0.54	   673782.00	    79178.00	  9519933.00	        1.00	   438050.00	   316228.00
  0.55	   678609.00	    85530.00	  9516719.00	        1.00	   449367.00	   316228.00
  0.56	   682651.00	    92831.00	  9514623.00	        1.00	   460867.00	   316228.00
  0.57	   687609.00	    99020.00	  9511442.00	        1.00	   472149.00	   316228.00
  0.58	   691279.00	   106617.00	  9509885.00	        1.00	   483583.00	   316228.00
  0.59	   695123.00	   114120.00	  9508242.00	        1.00	   495097.00	   316228.00
  0.60	   697846.00	   122650.00	  9508207.00	        1.00	   506546.00	   316228.00
  0.61	   699032.00	   132686.00	  9510024.00	        1.00	   518002.00	   316228.00
  0.62	   700526.00	   142628.00	  9511920.00	        1.00	   529672.00	   316228.00
  0.63	   701149.00	   153407.00	  9515001.00	        1.00	   541334.00	   316228.00
  0.64	   701621.00	   164317.00	  9518352.00	        1.00	   552980.00	   316228.00
  0.65	   703117.00	   174316.00	  9520693.00	        1.00	   564720.00	   316228.00
  0.66	   703367.00	   185559.00	  9524635.00	        1.00	   576493.00	   316228.00
  0.67	   702924.00	   197442.00	  9529399.00	        1.00	   588230.00	   316228.00
  0.68	   702154.00	   209624.00	  9535009.00	        1.00	   599953.00	   316228.00
  0.69	   699506.00	   223768.00	  9543522.00	        1.00	   611819.00	   316228.00
  0.70	   696931.00	   237492.00	  9551582.00	        1.00	   623328.00	   316228.00
  0.71	   694004.00	   251576.00	  9560698.00	        1.00	   634864.00	   316228.00
  0.72	   690505.00	   266294.00	  9571103.00	        1.00	   646490.00	   316228.00
  0.73	   686316.00	   281684.00	  9582563.00	        1.00	   658121.00	   316228.00
  0.74	   678217.00	   300636.00	  9599444.00	        1.00	   669514.00	   316228.00
  0.75	   673028.00	   316699.00	  9613054.00	        1.00	   680859.00	   316228.00
  0.76	   665094.00	   335235.00	  9630877.00	        1.00	   692018.00	   316228.00
  0.77	   654548.00	   356134.00	  9652579.00	        1.00	   703007.00	   316228.00
  0.78	   642729.00	   378098.00	  9677066.00	        1.00	   713840.00	   316228.00
  0.79	   628079.00	   402674.00	  9707051.00	        1.00	   724569.00	   316228.00
  0.80	   614741.00	   425792.00	  9735910.00	        1.00	   735126.00	   316228.00
  0.81	   597877.00	   452076.00	  9771393.00	        1.00	   745457.00	   316228.00
  0.82	   580996.00	   477930.00	  9807459.00	        1.00	   755360.00	   316228.00
  0.83	   561966.00	   505585.00	  9848889.00	        1.00	   765019.00	   316228.00
  0.84	   541843.00	   533767.00	  9893597.00	        1.00	   774178.00	   316228.00
  0.85	   520689.00	   562800.00	  9942640.00	        1.00	   783246.00	   316228.00
  0.86	   498159.00	   592569.00	  9996150.00	        1.00	   791766.00	   316228.00
  0.87	   473720.00	   623788.00	 10055929.00	        1.00	   799952.00	   316228.00
  0.88	   446662.00	   657235.00	 10125917.00	        1.00	   807950.00	   316228.00
  0.89	   419290.00	   690220.00	 10199016.00	        1.00	   815235.00	   316228.00
  0.90	   390397.00	   724177.00	 10282885.00	        1.00	   822188.00	   316228.00
  0.91	   363988.00	   755227.00	 10365437.00	        1.00	   828694.00	   316228.00
  0.92	   336732.00	   786453.00	 10457122.00	        1.00	   834715.00	   316228.00
  0.93	   309682.00	   816986.00	 10554290.00	        1.00	   840363.00	   316228.00
  0.94	   280444.00	   848887.00	 10667718.00	        1.00	   845514.00	   316228.00
  0.95	   250863.00	   880379.00	 10793671.00	        1.00	   850167.00	   316228.00
  0.96	   225066.00	   907736.00	 10918227.00	        1.00	   854445.00	   316228.00
  0.97	   198552.00	   934961.00	 11059590.00	        1.00	   858213.00	   316228.00
  0.98	   173507.00	   960078.00	 11209767.00	        1.00	   861520.00	   316228.00
  0.99	   149241.00	   983660.00	 11374970.00	        1.00	   864378.00	   316228.00
  1.00	   128325.00	  1003576.00	 11539406.00	        1.00	   866907.00	   316228.00
  1.01	   107526.00	  1022504.00	 11727941.00	        1.00	   869051.00	   316228.00
  1.02	    88855.00	  1038709.00	 11928080.00	        1.00	   870834.00	   316228.00
  1.03	    72338.00	  1052158.00	 12140398.00	        1.00	   872266.00	   316228.00
  1.04	    58554.00	  1062529.00	 12358072.00	        1.00	   873460.00	   316228.00
  1.05	    45842.00	  1071071.00	 12603478.00	        1.00	   874458.00	   316228.00
  1.06	    35599.00	  1076717.00	 12856855.00	        1.00	   875192.00	   316228.00
  1.07	    27100.00	  1080131.00	 13125523.00	        1.00	   875749.00	   316228.00
  1.08	    20170.00	  1081495.00	 13413142.00	        1.00	   876211.00	   316228.00
  1.09	    14687.00	  1081013.00	 13713721.00	        1.00	   876542.00	   316228.00
  1.10	    10248.00	  1078777.00	 14044011.00	        1.00	   876760.00	   316228.00
  1.11	     6872.00	  1075104.00	 14390270.00	        1.00	   876936.00	   316228.00
  1.12	     4557.00	  1069949.00	 14754172.00	        1.00	   877047.00	   316228.00
  1.13	     2894.00	  1063647.00	 15140620.00	        1.00	   877115.00	   316228.00
  1.14	     1846.00	  1056228.00	 15550936.00	        1.00	   877170.00	   316228.00
  1.15	     1119.00	  1047946.00	 15986584.00	        1.00	   877196.00	   316228.00
  1.16	      609.00	  1039189.00	 16434204.00	        1.00	   877214.00	   316228.00
  1.17	      325.00	  1029510.00	 16915308.00	        1.00	   877221.00	   316228.00
  1.18	      164.00	  1019190.00	 17421837.00	        1.00	   877226.00	   316228.00
  1.19	       73.00	  1008257.00	 17954738.00	        1.00	   877228.00	   316228.00
  1.20	       36.00	   996811.00	 18509980.00	        1.00	   877230.00	   316228.00
  1.21	       12.00	   984880.00	 19088516.00	        1.00	   877231.00	   316228.00
  1.22	        4.00	   972447.00	 19690505.00	        1.00	   877231.00	   316228.00
  1.23	        2.00	   958900.00	 20347358.00	        1.00	   877231.00	   316228.00
  1.24	        1.00	   945387.00	 21001754.00	        1.00	   877231.00	   316228.00
  1.25	        0.00	   931041.00	 21697123.00	        0.00	   877231.00	   316228.00
  1.26	        0.00	   916330.00	 22410094.00	        0.00	   877231.00	   316228.00
  1.27	        0.00	   900979.00	 23154367.00	        0.00	   877231.00	   316228.00
  1.28	        0.00	   884944.00	 23932079.00	        0.00	   877231.00	   316228.00
  1.29	        0.00	   868265.00	 24741117.00	        0.00	   877231.00	   316228.00
  1.30	        0.00	   851112.00	 25572857.00	        0.00	   877231.00	   316228.00
  1.31	        0.00	   833322.00	 26435574.00	        0.00	   877231.00	   316228.00
  1.32	        0.00	   815107.00	 27319005.00	        0.00	   877231.00	   316228.00
  1.33	        0.00	   796447.00	 28223600.00	        0.00	   877231.00	   316228.00
  1.34	        0.00	   777342.00	 29149463.00	        0.00	   877231.00	   316228.00
  1.35	        0.00	   757957.00	 30088259.00	        0.00	   877231.00	   316228.00
  1.36	        0.00	   738069.00	 31051284.00	        0.00	   877231.00	   316228.00
  1.37	        0.00	   717876.00	 32028409.00	        0.00	   877231.00	   316228.00
  1.38	        0.00	   697145.00	 33031204.00	        0.00	   877231.00	   316228.00
  1.39	        0.00	   676697.00	 34019322.00	        0.00	   877231.00	   316228.00
  1.40	        0.00	   655884.00	 35024339.00	        0.00	   877231.00	   316228.00
  1.41	        0.00	   634787.00	 36043003.00	        0.00	   877231.00	   316228.00
  1.42	        0.00	   613719.00	 37058718.00	        0.00	   877231.00	   316228.00
  1.43	        0.00	   592245.00	 38094109.00	        0.00	   877231.00	   316228.00
  1.44	        0.00	   571343.00	 39099595.00	        0.00	   877231.00	   316228.00
  1.45	        0.00	   549978.00	 40127312.00	        0.00	   877231.00	   316228.00
  1.46	        0.00	   528593.00	 41155169.00	        0.00	   877231.00	   316228.00
  1.47	        0.00	   507814.00	 42151813.00	        0.00	   877231.00	   316228.00
  1.48	        0.00	   486983.00	 43149987.00	        0.00	   877231.00	   316228.00
  1.49	        0.00	   466263.00	 44141382.00	        0.00	   877231.00	   316228.00
  1.50	        0.00	   445923.00	 45112887.00	        0.00	   877231.00	   316228.00
  1.51	        0.00	   425920.00	 46066297.00	        0.00	   877231.00	   316228.00
  1.52	        0.00	   406412.00	 46994222.00	        0.00	   877231.00	   316228.00
  1.53	        0.00	   387137.00	 47909503.00	        0.00	   877231.00	   316228.00
  1.54	        0.00	   368592.00	 48787636.00	        0.00	   877231.00	   316228.00
  1.55	        0.00	   350506.00	 49641586.00	        0.00	   877231.00	   316228.00
  1.56	        0.00	   332497.00	 50490713.00	        0.00	   877231.00	   316228.00
  1.57	        0.00	   315152.00	 51305925.00	        0.00	   877231.00	   315152.00
  1.58	        0.00	   298188.00	 52101553.00	        0.00	   877231.00	   298188.00
  1.59	        0.00	   281986.00	 52858210.00	        0.00	   877231.00	   281986.00
  1.60	        0.00	   266340.00	 53586489.00	        0.00	   877231.00	   266340.00
  1.61	        0.00	   251293.00	 54283822.00	        0.00	   877231.00	   251293.00
  1.62	        0.00	   236887.00	 54948562.00	        0.00	   877231.00	   236887.00
  1.63	        0.00	   222737.00	 55599426.00	        0.00	   877231.00	   222737.00
  1.64	        0.00	   209347.00	 56211713.00	        0.00	   877231.00	   209347.00
  1.65	        0.00	   196555.00	 56793965.00	        0.00	   877231.00	   196555.00
  1.66	        0.00	   184176.00	 57354898.00	        0.00	   877231.00	   184176.00
  1.67	        0.00	   172468.00	 57881773.00	        0.00	   877231.00	   172468.00
  1.68	        0.00	   161316.00	 58380591.00	        0.00	   877231.00	   161316.00
  1.69	        0.00	   150713.00	 58851606.00	        0.00	   877231.00	   150713.00
  1.70	        0.00	   140539.00	 59300408.00	        0.00	   877231.00	   140539.00
  1.71	        0.00	   131041.00	 59714795.00	        0.00	   877231.00	   131041.00
  1.72	        0.00	   122031.00	 60104485.00	        0.00	   877231.00	   122031.00
  1.73	        0.00	   113628.00	 60463667.00	        0.00	   877231.00	   113628.00
  1.74	        0.00	   105504.00	 60808524.00	        0.00	   877231.00	   105504.00
  1.75	        0.00	    97954.00	 61124191.00	        0.00	   877231.00	    97954.00
  1.76	        0.00	    90685.00	 61425615.00	        0.00	   877231.00	    90685.00
  1.77	        0.00	    84022.00	 61696620.00	        0.00	   877231.00	    84022.00
  1.78	        0.00	    77803.00	 61945598.00	        0.00	   877231.00	    77803.00
  1.79	        0.00	    71924.00	 62177126.00	        0.00	   877231.00	    71924.00
  1.80	        0.00	    66479.00	 62386679.00	        0.00	   877231.00	    66479.00
  1.81	        0.00	    61304.00	 62582639.00	        0.00	   877231.00	    61304.00
  1.82	        0.00	    56517.00	 62759185.00	        0.00	   877231.00	    56517.00
  1.83	        0.00	    52059.00	 62919157.00	        0.00	   877231.00	    52059.00
  1.84	        0.00	    47884.00	 63064193.00	        0.00	   877231.00	    47884.00
  1.85	        0.00	    43979.00	 63195928.00	        0.00	   877231.00	    43979.00
  1.86	        0.00	    40303.00	 63316555.00	        0.00	   877231.00	    40303.00
  1.87	        0.00	    36931.00	 63420775.00	        0.00	   877231.00	    36931.00
  1.88	        0.00	    33699.00	 63518866.00	        0.00	   877231.00	    33699.00
  1.89	        0.00	    30831.00	 63598518.00	        0.00	   877231.00	    30831.00
  1.90	        0.00	    28155.00	 63668528.00	        0.00	   877231.00	    28155.00
  1.91	        0.00	    25609.00	 63731905.00	        0.00	   877231.00	    25609.00
  1.92	        0.00	    23375.00	 63779161.00	        0.00	   877231.00	    23375.00
  1.93	        0.00	    21355.00	 63816319.00	        0.00	   877231.00	    21355.00
  1.94	        0.00	    19510.00	 63844398.00	        0.00	   877231.00	    19510.00
  1.95	        0.00	    17825.00	 63864682.00	        0.00	   877231.00	    17825.00
  1.96	        0.00	    16239.00	 63880131.00	        0.00	   877231.00	    16239.00
  1.97	        0.00	    14723.00	 63892311.00	        0.00	   877231.00	    14723.00
  1.98	        0.00	    13375.00	 63895624.00	        0.00	   877231.00	    13375.00
  1.99	        0.00	    12142.00	 63893470.00	        0.00	   877231.00	    12142.00
  2.00	        0.00	    10975.00	 63887976.00	        0.00	   877231.00	    10975.00
  2.01	        0.00	     9956.00	 63874816.00	        0.00	   877231.00	     9956.00
  2.02	        0.00	     9104.00	 63853069.00	        0.00	   877231.00	     9104.00
  2.03	        0.00	     8279.00	 63830554.00	        0.00	   877231.00	     8279.00
  2.04	        0.00	     7491.00	 63805537.00	        0.00	   877231.00	     7491.00
  2.05	        0.00	     6817.00	 63775246.00	        0.00	   877231.00	     6817.00
  2.06	        0.00	     6118.00	 63746272.00	        0.00	   877231.00	     6118.00
  2.07	        0.00	     5549.00	 63710649.00	        0.00	   877231.00	     5549.00
  2.08	        0.00	     5045.00	 63671622.00	        0.00	   877231.00	     5045.00
  2.09	        0.00	     4575.00	 63631529.00	        0.00	   877231.00	     4575.00
  2.10	        0.00	     4150.00	 63588667.00	        0.00	   877231.00	     4150.00
  2.11	        0.00	     3745.00	 63545003.00	        0.00	   877231.00	     3745.00
  2.12	        0.00	     3382.00	 63499635.00	        0.00	   877231.00	     3382.00
  2.13	        0.00	     3037.00	 63453266.00	        0.00	   877231.00	     3037.00
  2.14	        0.00	     2762.00	 63402888.00	        0.00	   877231.00	     2762.00
  2.15	        0.00	     2494.00	 63353127.00	        0.00	   877231.00	     2494.00
  2.16	        0.00	     2244.00	 63302091.00	        0.00	   877231.00	     2244.00
  2.17	        0.00	     2025.00	 63249503.00	        0.00	   877231.00	     2025.00
  2.18	        0.00	     1834.00	 63195860.00	        0.00	   877231.00	     1834.00
  2.19	        0.00	     1628.00	 63142888.00	        0.00	   877231.00	     1628.00
  2.20	        0.00	     1472.00	 63088025.00	        0.00	   877231.00	     1472.00
  2.21	        0.00	     1321.00	 63032566.00	        0.00	   877231.00	     1321.00
  2.22	        0.00	     1166.00	 62976994.00	        0.00	   877231.00	     1166.00
  2.23	        0.00	     1028.00	 62920469.00	        0.00	   877231.00	     1028.00
  2.24	        0.00	      938.00	 62862195.00	        0.00	   877231.00	      938.00
  2.25	        0.00	      833.00	 62804303.00	        0.00	   877231.00	      833.00
  2.26	        0.00	      746.00	 62745500.00	        0.00	   877231.00	      746.00
  2.27	        0.00	      672.00	 62686337.00	        0.00	   877231.00	      672.00
  2.28	        0.00	      598.00	 62627055.00	        0.00	   877231.00	      598.00
  2.29	        0.00	      535.00	 62567580.00	        0.00	   877231.00	      535.00
  2.30	        0.00	      489.00	 62507448.00	        0.00	   877231.00	      489.00
  2.31	        0.00	      434.00	 62447610.00	        0.00	   877231.00	      434.00
  2.32	        0.00	      388.00	 62387544.00	        0.00	   877231.00	      388.00
  2.33	        0.00	      351.00	 62326799.00	        0.00	   877231.00	      351.00
  2.34	        0.00	      317.00	 62266115.00	        0.00	   877231.00	      317.00
  2.35	        0.00	      273.00	 62206112.00	        0.00	   877231.00	      273.00
  2.36	        0.00	      235.00	 62145711.00	        0.00	   877231.00	      235.00
  2.37	        0.00	      214.00	 62084705.00	        0.00	   877231.00	      214.00
  2.38	        0.00	      190.00	 62023784.00	        0.00	   877231.00	      190.00
  2.39	        0.00	      167.00	 61963057.00	        0.00	   877231.00	      167.00
  2.40	        0.00	      146.00	 61902386.00	        0.00	   877231.00	      146.00
  2.41	        0.00	      129.00	 61841440.00	        0.00	   877231.00	      129.00
  2.42	        0.00	      112.00	 61780514.00	        0.00	   877231.00	      112.00
  2.43	        0.00	      100.00	 61719411.00	        0.00	   877231.00	      100.00
  2.44	        0.00	       89.00	 61657981.00	        0.00	   877231.00	       89.00
  2.45	        0.00	       79.00	 61597225.00	        0.00	   877231.00	       79.00
  2.46	        0.00	       70.00	 61536066.00	        0.00	   877231.00	       70.00
  2.47	        0.00	       63.00	 61474860.00	        0.00	   877231.00	       63.00
  2.48	        0.00	       55.00	 61413625.00	        0.00	   877231.00	       55.00
  2.49	        0.00	       47.00	 61352490.00	        0.00	   877231.00	       47.00
  2.50	        0.00	       38.00	 61291298.00	        0.00	   877231.00	       38.00
  2.51	        0.00	       38.00	 61229523.00	        0.00	   877231.00	       38.00
  2.52	        0.00	       34.00	 61168629.00	        0.00	   877231.00	       34.00
  2.53	        0.00	       29.00	 61107784.00	        0.00	   877231.00	       29.00
  2.54	        0.00	       24.00	 61046749.00	        0.00	   877231.00	       24.00
  2.55	        0.00	       21.00	 60986123.00	        0.00	   877231.00	       21.00
  2.56	        0.00	       20.00	 60925100.00	        0.00	   877231.00	       20.00
  2.57	        0.00	       18.00	 60864552.00	        0.00	   877231.00	       18.00
  2.58	        0.00	       16.00	 60803602.00	        0.00	   877231.00	       16.00
  2.59	        0.00	       10.00	 60743170.00	        0.00	   877231.00	       10.00
  2.60	        0.00	       10.00	 60682083.00	        0.00	   877231.00	       10.00
  2.61	        0.00	        9.00	 60621886.00	        0.00	   877231.00	        9.00
  2.62	        0.00	        9.00	 60561489.00	        0.00	   877231.00	        9.00
  2.63	        0.00	        8.00	 60500846.00	        0.00	   877231.00	        8.00
  2.64	        0.00	        8.00	 60440380.00	        0.00	   877231.00	        8.00
  2.65	        0.00	        8.00	 60380118.00	        0.00	   877231.00	        8.00
  2.66	        0.00	        6.00	 60319429.00	        0.00	   877231.00	        6.00
  2.67	        0.00	        5.00	 60259303.00	        0.00	   877231.00	        5.00
  2.68	        0.00	        5.00	 60199003.00	        0.00	   877231.00	        5.00
  2.69	        0.00	        5.00	 60138287.00	        0.00	   877231.00	        5.00
  2.70	        0.00	        5.00	 60078103.00	        0.00	   877231.00	        5.00
  2.71	        0.00	        5.00	 60018099.00	        0.00	   877231.00	        5.00
  2.72	        0.00	        5.00	 59958361.00	        0.00	   877231.00	        5.00
  2.73	        0.00	        3.00	 59898348.00	        0.00	   877231.00	        3.00
  2.74	        0.00	        3.00	 59838562.00	        0.00	   877231.00	        3.00
  2.75	        0.00	        3.00	 59778375.00	        0.00	   877231.00	        3.00
  2.76	        0.00	        3.00	 59718423.00	        0.00	   877231.00	        3.00
  2.77	        0.00	        3.00	 59659075.00	        0.00	   877231.00	        3.00
  2.78	        0.00	        3.00	 59599481.00	        0.00	   877231.00	        3.00
  2.79	        0.00	        3.00	 59540132.00	        0.00	   877231.00	        3.00
  2.80	        0.00	        3.00	 59480594.00	        0.00	   877231.00	        3.00
  2.81	        0.00	        3.00	 59421344.00	        0.00	   877231.00	        3.00
  2.82	        0.00	        3.00	 59362164.00	        0.00	   877231.00	        3.00
  2.83	        0.00	        3.00	 59302488.00	        0.00	   877231.00	        3.00
  2.84	        0.00	        3.00	 59242732.00	        0.00	   877231.00	        3.00
  2.85	        0.00	        3.00	 59183551.00	        0.00	   877231.00	        3.00
  2.86	        0.00	        3.00	 59124443.00	        0.00	   877231.00	        3.00
  2.87	        0.00	        3.00	 59065165.00	        0.00	   877231.00	        3.00
  2.88	        0.00	        3.00	 59006304.00	        0.00	   877231.00	        3.00
  2.89	        0.00	        2.00	 58947689.00	        0.00	   877231.00	        2.00
  2.90	        0.00	        2.00	 58888488.00	        0.00	   877231.00	        2.00
  2.91	        0.00	        2.00	 58829505.00	        0.00	   877231.00	        2.00
  2.92	        0.00	        2.00	 58770801.00	        0.00	   877231.00	        2.00
  2.93	        0.00	        2.00	 58711903.00	        0.00	   877231.00	        2.00
  2.94	        0.00	        2.00	 58653540.00	        0.00	   877231.00	        2.00
  2.95	        0.00	        1.00	 58594711.00	        0.00	   877231.00	        1.00
  2.96	        0.00	        1.00	 58536697.00	        0.00	   877231.00	        1.00
  2.97	        0.00	        1.00	 58478532.00	        0.00	   877231.00	        1.00
  2.98	        0.00	        1.00	 58420231.00	        0.00	   877231.00	        1.00
  2.99	        0.00	        1.00	 58361673.00	        0.00	   877231.00	        1.00
  3.00	        0.00	        1.00	 58302837.00	        0.00	   877231.00	        1.00
  3.01	        0.00	        1.00	 58244568.00	        0.00	   877231.00	        1.00
  3.02	        0.00	        0.00	 58186239.00	        0.00	   877231.00	        0.00
