Datatype: PopulationSize
  0.00	    31623.00	        0.00	1000000000.00	        1.00	        0.00	    31623.00
  0.01	    29114.00	     3041.00	998996542.00	        0.97	      532.00	    31623.00
  0.02	    26824.00	     5783.00	997995919.00	        0.94	      984.00	    31623.00
  0.03	    24834.00	     8204.00	996996350.00	        0.90	     1413.00	    31623.00
  0.04	    22921.00	    10537.00	995995223.00	        0.86	     1831.00	    31623.00
  0.05	    21116.00	    12699.00	994996224.00	        0.82	     2185.00	    31623.00
  0.06	    19563.00	    14585.00	993998999.00	        0.79	     2515.00	    31623.00
  0.07	    18149.00	    16293.00	993003064.00	        0.75	     2809.00	    31623.00
  0.08	    16895.00	    17860.00	992006906.00	        0.71	     3119.00	    31623.00
  0.09	    15707.00	    19331.00	991013058.00	        0.68	     3398.00	    31623.00
  0.10	    14599.00	    20681.00	990021553.00	        0.64	     3638.00	    31623.00
  0.11	    13612.00	    21916.00	989028651.00	        0.61	     3884.00	    31623.00
  0.12	    12650.00	    23099.00	988036871.00	        0.57	     4103.00	    31623.00
  0.13	    11736.00	    24199.00	987046189.00	        0.54	     4284.00	    31623.00
  0.14	    10909.00	    25184.00	986056542.00	        0.51	     4436.00	    31623.00
  0.15	    10208.00	    26057.00	985069746.00	        0.48	     4604.00	    31623.00
  0.16	     9496.00	    26904.00	984080141.00	        0.45	     4736.00	    31622.00
  0.17	     8931.00	    27641.00	983093086.00	        0.43	     4902.00	    31620.00
  0.18	     8378.00	    28321.00	982107231.00	        0.41	     5027.00	    31618.00
  0.19	     7906.00	    28945.00	981121219.00	        0.38	     5178.00	    31617.00
  0.20	     7428.00	    29554.00	980137571.00	        0.36	     5310.00	    31611.00
  0.21	     6972.00	    30109.00	979156055.00	        0.34	     5411.00	    31605.00
  0.22	     6574.00	    30628.00	978174190.00	        0.32	     5538.00	    31599.00
  0.23	     6196.00	    31092.00	977194007.00	        0.30	     5639.00	    31586.00
  0.24	     5825.00	    31551.00	976214746.00	        0.29	     5735.00	    31575.00
  0.25	     5511.00	    31970.00	975236935.00	        0.27	     5852.00	    31561.00
  0.26	     5168.00	    32386.00	974259607.00	        0.25	     5948.00	    31542.00
  0.27	     4847.00	    32749.00	973285226.00	        0.24	     6036.00	    31505.00
  0.28	     4571.00	    33066.00	972310940.00	        0.22	     6105.00	    31481.00
  0.29	     4329.00	    33350.00	971338195.00	        0.21	     6183.00	    31452.00
  0.30	     4071.00	    33616.00	970367958.00	        0.20	     6245.00	    31410.00
  0.31	     3844.00	    33839.00	969399368.00	        0.19	     6318.00	    31351.00
  0.32	     3621.00	    34051.00	968431892.00	        0.18	     6389.00	    31289.00
  0.33	     3435.00	    34206.00	967465057.00	        0.17	     6455.00	    31210.00
  0.34	     3240.00	    34328.00	966501528.00	        0.16	     6505.00	    31119.00
  0.35	     3081.00	    34373.00	965541628.00	        0.15	     6556.00	    31002.00
  0.36	     2894.00	    34452.00	964580804.00	        0.14	     6603.00	    30886.00
  0.37	     2709.00	    34499.00	963622214.00	        0.13	     6645.00	    30766.00
  0.38	     2559.00	    34508.00	962665720.00	        0.12	     6699.00	    30622.00
  0.39	     2423.00	    34473.00	961711219.00	        0.12	     6747.00	    30463.00
  0.40	     2261.00	    34407.00	960758136.00	        0.11	     6774.00	    30270.00
  0.41	     2147.00	    34294.00	959808004.00	        0.10	     6818.00	    30075.00
  0.42	     2018.00	    34163.00	958860888.00	        0.10	     6848.00	    29858.00
  0.43	     1914.00	    34003.00	957914195.00	        0.09	     6884.00	    29638.00
  0.44	     1804.00	    33816.00	956970839.00	        0.08	     6918.00	    29411.00
  0.45	     1675.00	    33596.00	956031745.00	        0.08	     6940.00	    29138.00
  0.46	     1541.00	    33333.00	955094630.00	        0.07	     6959.00	    28840.00
  0.47	     1428.00	    33051.00	954158656.00	        0.07	     6990.00	    28555.00
  0.48	     1337.00	    32695.00	953225518.00	        0.06	     7013.00	    28229.00
  0.49	     1251.00	    32342.00	952292875.00	        0.06	     7040.00	    27893.00
  0.50	     1167.00	    31921.00	951365973.00	        0.05	     7056.00	    27519.00
  0.51	     1072.00	    31527.00	950438855.00	        0.05	     7074.00	    27159.00
  0.52	      989.00	    31089.00	949513470.00	        0.04	     7087.00	    26777.00
  0.53	      904.00	    30564.00	948592230.00	        0.04	     7101.00	    26333.00
  0.54	      819.00	    30051.00	947671690.00	        0.04	     7109.00	    25881.00
  0.55	      744.00	    29554.00	946750686.00	        0.03	     7116.00	    25440.00
  0.56	      694.00	    28993.00	945832100.00	        0.03	     7129.00	    24979.00
  0.57	      633.00	    28429.00	944916836.00	        0.03	     7141.00	    24497.00
  0.58	      590.00	    27876.00	944001720.00	        0.03	     7147.00	    24056.00
  0.59	      540.00	    27246.00	943089632.00	        0.02	     7158.00	    23527.00
  0.60	      507.00	    26657.00	942176475.00	        0.02	     7167.00	    23058.00
  0.61	      456.00	    26027.00	941266475.00	        0.02	     7174.00	    22534.00
  0.62	      425.00	    25369.00	940358716.00	        0.02	     7185.00	    22000.00
  0.63	      373.00	    24755.00	939450514.00	        0.02	     7190.00	    21471.00
  0.64	      340.00	    24118.00	938543356.00	        0.01	     7195.00	    20936.00
  0.65	      315.00	    23519.00	937635960.00	        0.01	     7200.00	    20441.00
  0.66	      284.00	    22822.00	936733145.00	        0.01	     7205.00	    19861.00
  0.67	      255.00	    22140.00	935831900.00	        0.01	     7208.00	    19294.00
  0.68	      229.00	    21494.00	934930935.00	        0.01	     7211.00	    18737.00
  0.69	      223.00	    20795.00	934030267.00	        0.01	     7215.00	    18159.00
  0.70	      204.00	    20085.00	933131861.00	        0.01	     7217.00	    17559.00
  0.71	      189.00	    19396.00	932232194.00	        0.01	     7218.00	    16993.00
  0.72	      177.00	    18706.00	931334733.00	        0.01	     7218.00	    16407.00
  0.73	      165.00	    18045.00	930436098.00	        0.01	     7219.00	    15835.00
  0.74	      143.00	    17427.00	929537608.00	        0.01	     7219.00	    15289.00
  0.75	      136.00	    16765.00	928639837.00	        0.01	     7222.00	    14732.00
  0.76	      129.00	    16151.00	927741649.00	        0.00	     7223.00	    14202.00
  0.77	      118.00	    15581.00	926843288.00	        0.00	     7227.00	    13719.00
  0.78	      115.00	    14990.00	925945149.00	        0.00	     7228.00	    13204.00
  0.79	      112.00	    14390.00	925048212.00	        0.00	     7230.00	    12680.00
  0.80	      111.00	    13824.00	924150464.00	        0.00	     7232.00	    12186.00
  0.81	      103.00	    13275.00	923253657.00	        0.00	     7232.00	    11729.00
  0.82	       93.00	    12725.00	922357179.00	        0.00	     7233.00	    11258.00
  0.83	       86.00	    12184.00	921461326.00	        0.00	     7234.00	    10780.00
  0.84	       86.00	    11691.00	920563059.00	        0.00	     7236.00	    10362.00
  0.85	       84.00	    11199.00	919666809.00	        0.00	     7239.00	     9926.00
  0.86	       76.00	    10719.00	918772415.00	        0.00	     7241.00	     9504.00
  0.87	       73.00	    10225.00	917878146.00	        0.00	     7241.00	     9074.00
  0.88	       73.00	     9765.00	916984235.00	        0.00	     7243.00	     8683.00
  0.89	       72.00	     9311.00	916090485.00	        0.00	     7245.00	     8288.00
  0.90	       69.00	     8865.00	915195720.00	        0.00	     7245.00	     7897.00
  0.91	       46.00	     8481.00	914301376.00	        0.00	     7246.00	     7551.00
  0.92	       45.00	     8099.00	913407562.00	        0.00	     7247.00	     7207.00
  0.93	       45.00	     7721.00	912512249.00	        0.00	     7247.00	     6885.00
  0.94	       39.00	     7370.00	911616567.00	        0.00	     7247.00	     6571.00
  0.95	       35.00	     7018.00	910723023.00	        0.00	     7247.00	     6261.00
  0.96	       34.00	     6686.00	909828958.00	        0.00	     7247.00	     5965.00
  0.97	       31.00	     6362.00	908935786.00	        0.00	     7247.00	     5683.00
  0.98	       22.00	     6046.00	908042065.00	        0.00	     7247.00	     5391.00
  0.99	       22.00	     5752.00	907148199.00	        0.00	     7248.00	     5129.00
  1.00	       22.00	     5468.00	906254626.00	        0.00	     7248.00	     4874.00
  1.01	       21.00	     5194.00	905364110.00	        0.00	     7248.00	     4623.00
  1.02	       17.00	     4943.00	904471035.00	        0.00	     7248.00	     4396.00
  1.03	       11.00	     4707.00	903579153.00	        0.00	     7248.00	     4190.00
  1.04	        8.00	     4458.00	902691425.00	        0.00	     7248.00	     3961.00
  1.05	        7.00	     4216.00	901801039.00	        0.00	     7248.00	     3747.00
  1.06	        7.00	     3989.00	900911246.00	        0.00	     7248.00	     3539.00
  1.07	        7.00	     3754.00	900021888.00	        0.00	     7248.00	     3328.00
  1.08	        5.00	     3549.00	899132082.00	        0.00	     7248.00	     3147.00
  1.09	        5.00	     3352.00	898243583.00	        0.00	     7248.00	     2970.00
  1.10	        6.00	     3142.00	897355656.00	        0.00	     7249.00	     2788.00
  1.11	        3.00	     2968.00	896466324.00	        0.00	     7249.00	     2637.00
  1.12	        3.00	     2794.00	895577709.00	        0.00	     7249.00	     2488.00
  1.13	        4.00	     2620.00	894689899.00	        0.00	     7250.00	     2340.00
  1.14	        4.00	     2484.00	893801998.00	        0.00	     7250.00	     2219.00
  1.15	        4.00	     2345.00	892916100.00	        0.00	     7250.00	     2097.00
  1.16	        4.00	     2210.00	892029002.00	        0.00	     7250.00	     1976.00
  1.17	        4.00	     2098.00	891140877.00	        0.00	     7250.00	     1875.00
  1.18	        4.00	     1962.00	890258801.00	        0.00	     7250.00	     1753.00
  1.19	        4.00	     1843.00	889375721.00	        0.00	     7250.00	     1649.00
  1.20	        4.00	     1724.00	888493736.00	        0.00	     7250.00	     1536.00
  1.21	        4.00	     1622.00	887610913.00	        0.00	     7250.00	     1449.00
  1.22	        4.00	     1515.00	886729765.00	        0.00	     7250.00	     1356.00
  1.23	        4.00	     1429.00	885848164.00	        0.00	     7250.00	     1278.00
  1.24	        4.00	     1357.00	884966587.00	        0.00	     7250.00	     1210.00
  1.25	        4.00	     1266.00	884086396.00	        0.00	     7250.00	     1124.00
  1.26	        4.00	     1190.00	883205863.00	        0.00	     7250.00	     1057.00
  1.27	        4.00	     1119.00	882326158.00	        0.00	     7250.00	      992.00
  1.28	        4.00	     1046.00	881447514.00	        0.00	     7250.00	      926.00
  1.29	        4.00	      978.00	880570313.00	        0.00	     7250.00	      863.00
  1.30	        4.00	      929.00	879692933.00	        0.00	     7250.00	      819.00
  1.31	        4.00	      871.00	878816460.00	        0.00	     7250.00	      767.00
  1.32	        4.00	      818.00	877939459.00	        0.00	     7250.00	      720.00
  1.33	        4.00	      772.00	877066087.00	        0.00	     7250.00	      679.00
  1.34	        1.00	      731.00	876190607.00	        0.00	     7251.00	      645.00
  1.35	        1.00	      688.00	875317393.00	        0.00	     7251.00	      608.00
  1.36	        0.00	      635.00	874444919.00	        0.00	     7251.00	      560.00
  1.37	        0.00	      585.00	873574075.00	        0.00	     7251.00	      515.00
  1.38	        0.00	      542.00	872703541.00	        0.00	     7251.00	      476.00
  1.39	        0.00	      509.00	871831658.00	        0.00	     7251.00	      444.00
  1.40	        0.00	      470.00	870961475.00	        0.00	     7251.00	      409.00
  1.41	        0.00	      438.00	870092887.00	        0.00	     7251.00	      378.00
  1.42	        0.00	      402.00	869225296.00	        0.00	     7251.00	      347.00
  1.43	        0.00	      381.00	868358388.00	        0.00	     7251.00	      328.00
  1.44	        0.00	      357.00	867490886.00	        0.00	     7251.00	      306.00
  1.45	        0.00	      330.00	866625995.00	        0.00	     7251.00	      284.00
  1.46	        0.00	      306.00	865760970.00	        0.00	     7251.00	      262.00
  1.47	        0.00	      282.00	864896394.00	        0.00	     7251.00	      244.00
  1.48	        0.00	      256.00	864033172.00	        0.00	     7251.00	      224.00
  1.49	        0.00	      235.00	863170903.00	        0.00	     7251.00	      205.00
  1.50	        0.00	      214.00	862310237.00	        0.00	     7251.00	      186.00
  1.51	        0.00	      192.00	861447972.00	        0.00	     7251.00	      171.00
  1.52	        0.00	      181.00	860587728.00	        0.00	     7251.00	      162.00
  1.53	        0.00	      162.00	859727875.00	        0.00	     7251.00	      146.00
  1.54	        0.00	      155.00	858868238.00	        0.00	     7251.00	      139.00
  1.55	        0.00	      147.00	858008346.00	        0.00	     7251.00	      131.00
  1.56	        0.00	      137.00	857151852.00	        0.00	     7251.00	      122.00
  1.57	        0.00	      126.00	856294749.00	        0.00	     7251.00	      111.00
  1.58	        0.00	      116.00	855438975.00	        0.00	     7251.00	      101.00
  1.59	        0.00	      107.00	854584250.00	        0.00	     7251.00	       94.00
  1.60	        0.00	      101.00	853731990.00	        0.00	     7251.00	       91.00
  1.61	        0.00	       94.00	852878880.00	        0.00	     7251.00	       84.00
  1.62	        0.00	       87.00	852025946.00	        0.00	     7251.00	       77.00
  1.63	        0.00	       84.00	851173772.00	        0.00	     7251.00	       75.00
  1.64	        0.00	       82.00	850324145.00	        0.00	     7251.00	       73.00
  1.65	        0.00	       77.00	849474774.00	        0.00	     7251.00	       68.00
  1.66	        0.00	       74.00	848626418.00	        0.00	     7251.00	       65.00
  1.67	        0.00	       70.00	847777592.00	        0.00	     7251.00	       61.00
  1.68	        0.00	       65.00	846932479.00	        0.00	     7251.00	       57.00
  1.69	        0.00	       64.00	846085288.00	        0.00	     7251.00	       56.00
  1.70	        0.00	       58.00	845241561.00	        0.00	     7251.00	       51.00
  1.71	        0.00	       50.00	844397766.00	        0.00	     7251.00	       45.00
  1.72	        0.00	       46.00	843552720.00	        0.00	     7251.00	       41.00
  1.73	        0.00	       43.00	842709555.00	        0.00	     7251.00	       38.00
  1.74	        0.00	       37.00	841868411.00	        0.00	     7251.00	       32.00
  1.75	        0.00	       32.00	841027174.00	        0.00	     7251.00	       27.00
  1.76	        0.00	       31.00	840188626.00	        0.00	     7251.00	       26.00
  1.77	        0.00	       30.00	839347727.00	        0.00	     7251.00	       25.00
  1.78	        0.00	       29.00	838506744.00	        0.00	     7251.00	       24.00
  1.79	        0.00	       27.00	837668763.00	        0.00	     7251.00	       22.00
  1.80	        0.00	       26.00	836830645.00	        0.00	     7251.00	       21.00
  1.81	        0.00	       26.00	835994026.00	        0.00	     7251.00	       21.00
  1.82	        0.00	       26.00	835159983.00	        0.00	     7251.00	       21.00
  1.83	        0.00	       25.00	834323800.00	        0.00	     7251.00	       20.00
  1.84	        0.00	       22.00	833491329.00	        0.00	     7251.00	       18.00
  1.85	        0.00	       21.00	832659081.00	        0.00	     7251.00	       18.00
  1.86	        0.00	       18.00	831826767.00	        0.00	     7251.00	       15.00
  1.87	        0.00	       17.00	830993855.00	        0.00	     7251.00	       14.00
  1.88	        0.00	       16.00	830163268.00	        0.00	     7251.00	       13.00
  1.89	        0.00	       15.00	829333741.00	        0.00	     7251.00	       12.00
  1.90	        0.00	       15.00	828505305.00	        0.00	     7251.00	       12.00
  1.91	        0.00	       14.00	827676767.00	        0.00	     7251.00	       11.00
  1.92	        0.00	       13.00	826851438.00	        0.00	     7251.00	       11.00
  1.93	        0.00	       13.00	826025026.00	        0.00	     7251.00	       11.00
  1.94	        0.00	       13.00	825198464.00	        0.00	     7251.00	       11.00
  1.95	        0.00	       12.00	824373198.00	        0.00	     7251.00	       10.00
  1.96	        0.00	       11.00	823548239.00	        0.00	     7251.00	        9.00
  1.97	        0.00	       11.00	822724227.00	        0.00	     7251.00	        9.00
  1.98	        0.00	       10.00	821903379.00	        0.00	     7251.00	        8.00
  1.99	        0.00	        9.00	821082255.00	        0.00	     7251.00	        7.00
  2.00	        0.00	        8.00	820261665.00	        0.00	     7251.00	        6.00
  2.01	        0.00	        8.00	819441573.00	        0.00	     7251.00	        6.00
  2.02	        0.00	        8.00	818621589.00	        0.00	     7251.00	        6.00
  2.03	        0.00	        7.00	817802444.00	        0.00	     7251.00	        5.00
  2.04	        0.00	        5.00	816986465.00	        0.00	     7251.00	        4.00
  2.05	        0.00	        5.00	816170491.00	        0.00	     7251.00	        4.00
  2.06	        0.00	        5.00	815354357.00	        0.00	     7251.00	        4.00
  2.07	        0.00	        5.00	814537909.00	        0.00	     7251.00	        4.00
  2.08	        0.00	        4.00	813724297.00	        0.00	     7251.00	        3.00
  2.09	        0.00	        4.00	812910239.00	        0.00	     7251.00	        3.00
  2.10	        0.00	        4.00	812099301.00	        0.00	     7251.00	        3.00
  2.11	        0.00	        4.00	811286533.00	        0.00	     7251.00	        3.00
  2.12	        0.00	        3.00	810474692.00	        0.00	     7251.00	        2.00
  2.13	        0.00	        3.00	809662964.00	        0.00	     7251.00	        2.00
  2.14	        0.00	        2.00	808852382.00	        0.00	     7251.00	        1.00
  2.15	        0.00	        1.00	808044657.00	        0.00	     7251.00	        1.00
  2.16	        0.00	        1.00	807237368.00	        0.00	     7251.00	        1.00
  2.17	        0.00	        1.00	806430201.00	        0.00	     7251.00	        1.00
  2.18	        0.00	        1.00	805624962.00	        0.00	     7251.00	        1.00
  2.19	        0.00	        1.00	804819854.00	        0.00	     7251.00	        1.00
  2.20	        0.00	        1.00	804014834.00	        0.00	     7251.00	        1.00
  2.21	        0.00	        1.00	803210620.00	        0.00	     7251.00	        1.00
  2.22	        0.00	        0.00	802407870.00	        0.00	     7251.00	        0.00
