Datatype: PopulationSize
  0.00	        1.00	        0.00	        0.00	        1.00	        0.00	        1.00
  0.01	        1.00	        0.00	        0.00	        1.00	        0.00	        1.00
  0.02	        1.00	        0.00	        0.00	        1.00	        0.00	        1.00
  0.03	        1.00	        0.00	        0.00	        1.00	        0.00	        1.00
  0.04	        1.00	        0.00	        0.00	        1.00	        0.00	        1.00
  0.05	        1.00	        0.00	        0.00	        1.00	        0.00	        1.00
  0.06	        1.00	        0.00	        0.00	        1.00	        0.00	        1.00
  0.07	        1.00	        0.00	        0.00	        1.00	        0.00	        1.00
  0.08	        1.00	        0.00	        0.00	        1.00	        0.00	        1.00
  0.09	        1.00	        0.00	        0.00	        1.00	        0.00	        1.00
  0.10	        1.00	        0.00	        0.00	        1.00	        0.00	        1.00
  0.11	        1.00	        0.00	        0.00	        1.00	        0.00	        1.00
  0.12	        1.00	        0.00	        0.00	        1.00	        0.00	        1.00
  0.13	        1.00	        0.00	        0.00	        1.00	        0.00	        1.00
  0.14	        1.00	        0.00	        0.00	        1.00	        0.00	        1.00
  0.15	        1.00	        0.00	        0.00	        1.00	        0.00	        1.00
  0.16	        1.00	        0.00	        0.00	        1.00	        0.00	        1.00
  0.17	        1.00	        0.00	        0.00	        1.00	        0.00	        1.00
  0.18	        1.00	        0.00	        0.00	        1.00	        0.00	        1.00
  0.19	        1.00	        0.00	        0.00	        1.00	        0.00	        1.00
  0.20	        1.00	        0.00	        0.00	        1.00	        0.00	        1.00
  0.21	        1.00	        0.00	        0.00	        1.00	        0.00	        1.00
  0.22	        1.00	        0.00	        0.00	        1.00	        0.00	        1.00
  0.23	        1.00	        0.00	        0.00	        1.00	        0.00	        1.00
  0.24	        1.00	        0.00	        0.00	        1.00	        0.00	        1.00
  0.25	        1.00	        0.00	        0.00	        1.00	        0.00	        1.00
  0.26	        1.00	        0.00	        0.00	        1.00	        0.00	        1.00
  0.27	        1.00	        0.00	        0.00	        1.00	        0.00	        1.00
  0.28	        1.00	        0.00	        0.00	        1.00	        0.00	        1.00
  0.29	        1.00	        0.00	        0.00	        1.00	        0.00	        1.00
  0.30	        1.00	        0.00	        0.00	        1.00	        0.00	        1.00
  0.31	        1.00	        0.00	        0.00	        1.00	        0.00	        1.00
  0.32	        1.00	        0.00	        0.00	        1.00	        0.00	        1.00
  0.33	        1.00	        0.00	        0.00	        1.00	        0.00	        1.00
  0.34	        1.00	        0.00	        0.00	        1.00	        0.00	        1.00
  0.35	        1.00	        0.00	        0.00	        1.00	        0.00	        1.00
  0.36	        1.00	        0.00	        0.00	        1.00	        0.00	        1.00
  0.37	        1.00	        0.00	        0.00	        1.00	        0.00	        1.00
  0.38	        1.00	        0.00	        0.00	        1.00	        0.00	        1.00
  0.39	        1.00	        0.00	        0.00	        1.00	        0.00	        1.00
  0.40	        1.00	        0.00	        0.00	        1.00	        0.00	        1.00
  0.41	        1.00	        0.00	        0.00	        1.00	        0.00	        1.00
  0.42	        1.00	        0.00	        0.00	        1.00	        0.00	        1.00
  0.43	        1.00	        0.00	        0.00	        1.00	        0.00	        1.00
  0.44	        1.00	        0.00	        0.00	        1.00	        0.00	        1.00
  0.45	        1.00	        0.00	        0.00	        1.00	        0.00	        1.00
  0.46	        1.00	        0.00	        0.00	        1.00	        0.00	        1.00
  0.47	        1.00	        0.00	        0.00	        1.00	        0.00	        1.00
  0.48	        1.00	        0.00	        0.00	        1.00	        0.00	        1.00
  0.49	        1.00	        0.00	        0.00	        1.00	        0.00	        1.00
  0.50	        1.00	        0.00	        0.00	        1.00	        0.00	        1.00
  0.51	        1.00	        0.00	        0.00	        1.00	        0.00	        1.00
  0.52	        1.00	        0.00	        0.00	        1.00	        0.00	        1.00
  0.53	        1.00	        0.00	        0.00	        1.00	        0.00	        1.00
  0.54	        1.00	        0.00	        0.00	        1.00	        0.00	        1.00
  0.55	        1.00	        0.00	        0.00	        1.00	        0.00	        1.00
  0.56	        1.00	        0.00	        0.00	        1.00	        0.00	        1.00
  0.57	        1.00	        0.00	        0.00	        1.00	        0.00	        1.00
  0.58	        1.00	        0.00	        0.00	        1.00	        0.00	        1.00
  0.59	        1.00	        0.00	        0.00	        1.00	        0.00	        1.00
  0.60	        1.00	        0.00	        0.00	        1.00	        0.00	        1.00
  0.61	        1.00	        0.00	        0.00	        1.00	        0.00	        1.00
  0.62	        1.00	        0.00	        0.00	        1.00	        0.00	        1.00
  0.63	        1.00	        0.00	        0.00	        1.00	        0.00	        1.00
  0.64	        1.00	        0.00	        0.00	        1.00	        0.00	        1.00
  0.65	        1.00	        0.00	        0.00	        1.00	        0.00	        1.00
  0.66	        1.00	        0.00	        0.00	        1.00	        0.00	        1.00
  0.67	        1.00	        0.00	        0.00	        1.00	        0.00	        1.00
  0.68	        1.00	        0.00	        0.00	        1.00	        0.00	        1.00
  0.69	        1.00	        0.00	        0.00	        1.00	        0.00	        1.00
  0.70	        1.00	        0.00	        0.00	        1.00	        0.00	        1.00
  0.71	        1.00	        0.00	        0.00	        1.00	        0.00	        1.00
  0.72	        1.00	        0.00	        0.00	        1.00	        0.00	        1.00
  0.73	        1.00	        0.00	        0.00	        1.00	        0.00	        1.00
  0.74	        1.00	        0.00	        0.00	        1.00	        0.00	        1.00
  0.75	        1.00	        0.00	        0.00	        1.00	        0.00	        1.00
  0.76	        1.00	        0.00	        0.00	        1.00	        0.00	        1.00
  0.77	        1.00	        0.00	        0.00	        1.00	        0.00	        1.00
  0.78	        1.00	        0.00	        0.00	        1.00	        0.00	        1.00
  0.79	        1.00	        0.00	        0.00	        1.00	        0.00	        1.00
  0.80	        1.00	        0.00	        0.00	        1.00	        0.00	        1.00
  0.81	        1.00	        0.00	        0.00	        1.00	        0.00	        1.00
  0.82	        1.00	        0.00	        0.00	        1.00	        0.00	        1.00
  0.83	        1.00	        0.00	        0.00	        1.00	        0.00	        1.00
  0.84	        1.00	        0.00	        0.00	        1.00	        0.00	        1.00
  0.85	        1.00	        0.00	        0.00	        1.00	        0.00	        1.00
  0.86	        1.00	        0.00	        0.00	        1.00	        0.00	        1.00
  0.87	        1.00	        0.00	        0.00	        1.00	        0.00	        1.00
  0.88	        1.00	        0.00	        0.00	        1.00	        0.00	        1.00
  0.89	        1.00	        0.00	        0.00	        1.00	        0.00	        1.00
  0.90	        1.00	        0.00	        0.00	        1.00	        0.00	        1.00
  0.91	        1.00	        0.00	        0.00	        1.00	        0.00	        1.00
  0.92	        1.00	        0.00	        0.00	        1.00	        0.00	        1.00
  0.93	        1.00	        0.00	        0.00	        1.00	        0.00	        1.00
  0.94	        1.00	        0.00	        0.00	        1.00	        0.00	        1.00
  0.95	        1.00	        0.00	        0.00	        1.00	        0.00	        1.00
  0.96	        1.00	        0.00	        0.00	        1.00	        0.00	        1.00
  0.97	        1.00	        0.00	        0.00	        1.00	        0.00	        1.00
  0.98	        1.00	        0.00	        0.00	        1.00	        0.00	        1.00
  0.99	        1.00	        0.00	        0.00	        1.00	        0.00	        1.00
  1.00	        1.00	        0.00	        0.00	        1.00	        0.00	        1.00
  1.01	        1.00	        0.00	        0.00	        1.00	        0.00	        1.00
  1.02	        1.00	        0.00	        0.00	        1.00	        0.00	        1.00
  1.03	        1.00	        0.00	        0.00	        1.00	        0.00	        1.00
  1.04	        1.00	        0.00	        0.00	        1.00	        0.00	        1.00
  1.05	        1.00	        0.00	        0.00	        1.00	        0.00	        1.00
  1.06	        1.00	        0.00	        0.00	        1.00	        0.00	        1.00
  1.07	        1.00	        0.00	        0.00	        1.00	        0.00	        1.00
  1.08	        1.00	        0.00	        0.00	        1.00	        0.00	        1.00
  1.09	        1.00	        0.00	        0.00	        1.00	        0.00	        1.00
  1.10	        1.00	        0.00	        0.00	        1.00	        0.00	        1.00
  1.11	        1.00	        0.00	        0.00	        1.00	        0.00	        1.00
  1.12	        1.00	        0.00	        0.00	        1.00	        0.00	        1.00
  1.13	        1.00	        0.00	        0.00	        1.00	        0.00	        1.00
  1.14	        1.00	        0.00	        0.00	        1.00	        0.00	        1.00
  1.15	        1.00	        0.00	        0.00	        1.00	        0.00	        1.00
  1.16	        1.00	        0.00	        0.00	        1.00	        0.00	        1.00
  1.17	        1.00	        0.00	        0.00	        1.00	        0.00	        1.00
  1.18	        1.00	        0.00	        0.00	        1.00	        0.00	        1.00
  1.19	        1.00	        0.00	        0.00	        1.00	        0.00	        1.00
  1.20	        1.00	        0.00	        0.00	        1.00	        0.00	        1.00
  1.21	        1.00	        0.00	        0.00	        1.00	        0.00	        1.00
  1.22	        1.00	        0.00	        0.00	        1.00	        0.00	        1.00
  1.23	        1.00	        0.00	        0.00	        1.00	        0.00	        1.00
  1.24	        1.00	        0.00	        0.00	        1.00	        0.00	        1.00
  1.25	        1.00	        0.00	        0.00	        1.00	        0.00	        1.00
  1.26	        1.00	        0.00	        0.00	        1.00	        0.00	        1.00
  1.27	        1.00	        0.00	        0.00	        1.00	        0.00	        1.00
  1.28	        1.00	        0.00	        0.00	        1.00	        0.00	        1.00
  1.29	        1.00	        0.00	        0.00	        1.00	        0.00	        1.00
  1.30	        1.00	        0.00	        0.00	        1.00	        0.00	        1.00
  1.31	        1.00	        0.00	        0.00	        1.00	        0.00	        1.00
  1.32	        1.00	        0.00	        0.00	        1.00	        0.00	        1.00
  1.33	        1.00	        0.00	        0.00	        1.00	        0.00	        1.00
  1.34	        1.00	        0.00	        0.00	        1.00	        0.00	        1.00
  1.35	        1.00	        0.00	        0.00	        1.00	        0.00	        1.00
  1.36	        1.00	        0.00	        0.00	        1.00	        0.00	        1.00
  1.37	        1.00	        0.00	        0.00	        1.00	        0.00	        1.00
  1.38	        1.00	        0.00	        0.00	        1.00	        0.00	        1.00
  1.39	        1.00	        0.00	        0.00	        1.00	        0.00	        1.00
  1.40	        1.00	        0.00	        0.00	        1.00	        0.00	        1.00
  1.41	        1.00	        0.00	        0.00	        1.00	        0.00	        1.00
  1.42	        1.00	        0.00	        0.00	        1.00	        0.00	        1.00
  1.43	        1.00	        0.00	        0.00	        1.00	        0.00	        1.00
  1.44	        1.00	        0.00	        0.00	        1.00	        0.00	        1.00
  1.45	        1.00	        0.00	        0.00	        1.00	        0.00	        1.00
  1.46	        1.00	        0.00	        0.00	        1.00	        0.00	        1.00
  1.47	        1.00	        0.00	        0.00	        1.00	        0.00	        1.00
  1.48	        1.00	        0.00	        0.00	        1.00	        0.00	        1.00
  1.49	        2.00	        0.00	        0.00	        1.00	        1.00	        1.00
  1.50	        2.00	        0.00	        0.00	        1.00	        1.00	        1.00
  1.51	        2.00	        0.00	        0.00	        1.00	        1.00	        1.00
  1.52	        2.00	        0.00	        0.00	        1.00	        1.00	        1.00
  1.53	        2.00	        0.00	        0.00	        1.00	        1.00	        1.00
  1.54	        2.00	        0.00	        0.00	        1.00	        1.00	        1.00
  1.55	        2.00	        0.00	        0.00	        1.00	        1.00	        1.00
  1.56	        2.00	        0.00	        0.00	        1.00	        1.00	        1.00
  1.57	        2.00	        0.00	        0.00	        1.00	        1.00	        1.00
  1.58	        2.00	        0.00	        0.00	        1.00	        1.00	        1.00
  1.59	        2.00	        0.00	        0.00	        1.00	        1.00	        1.00
  1.60	        2.00	        0.00	        0.00	        1.00	        1.00	        1.00
  1.61	        3.00	        0.00	        0.00	        1.00	        2.00	        1.00
  1.62	        3.00	        0.00	        0.00	        1.00	        2.00	        1.00
  1.63	        3.00	        0.00	        0.00	        1.00	        2.00	        1.00
  1.64	        4.00	        0.00	        0.00	        1.00	        3.00	        1.00
  1.65	        4.00	        0.00	        0.00	        1.00	        3.00	        1.00
  1.66	        5.00	        0.00	        0.00	        1.00	        4.00	        1.00
  1.67	        5.00	        0.00	        0.00	        1.00	        4.00	        1.00
  1.68	        5.00	        0.00	        0.00	        1.00	        4.00	        1.00
  1.69	        6.00	        0.00	        0.00	        1.00	        5.00	        1.00
  1.70	        6.00	        0.00	        0.00	        1.00	        5.00	        1.00
  1.71	        6.00	        0.00	        0.00	        1.00	        5.00	        1.00
  1.72	        6.00	        0.00	        0.00	        1.00	        5.00	        1.00
  1.73	        6.00	        0.00	        0.00	        1.00	        5.00	        1.00
  1.74	        6.00	        0.00	        0.00	        1.00	        5.00	        1.00
  1.75	        6.00	        0.00	        0.00	        1.00	        5.00	        1.00
  1.76	        6.00	        0.00	        0.00	        1.00	        5.00	        1.00
  1.77	        6.00	        0.00	        0.00	        1.00	        5.00	        1.00
  1.78	        6.00	        0.00	        0.00	        1.00	        5.00	        1.00
  1.79	        6.00	        0.00	        0.00	        1.00	        5.00	        1.00
  1.80	        6.00	        0.00	        0.00	        1.00	        5.00	        1.00
  1.81	        6.00	        0.00	        0.00	        1.00	        5.00	        1.00
  1.82	        6.00	        0.00	        0.00	        1.00	        5.00	        1.00
  1.83	        6.00	        0.00	        0.00	        1.00	        5.00	        1.00
  1.84	        7.00	        0.00	        0.00	        1.00	        6.00	        1.00
  1.85	        7.00	        0.00	        0.00	        1.00	        6.00	        1.00
  1.86	        7.00	        0.00	        0.00	        1.00	        6.00	        1.00
  1.87	        7.00	        0.00	        0.00	        1.00	        6.00	        1.00
  1.88	        7.00	        0.00	        0.00	        1.00	        6.00	        1.00
  1.89	        7.00	        0.00	        0.00	        1.00	        6.00	        1.00
  1.90	        8.00	        0.00	        0.00	        1.00	        7.00	        1.00
  1.91	        8.00	        0.00	        0.00	        1.00	        7.00	        1.00
  1.92	        8.00	        0.00	        0.00	        1.00	        7.00	        1.00
  1.93	        9.00	        0.00	        0.00	        1.00	        8.00	        1.00
  1.94	        9.00	        0.00	        0.00	        1.00	        8.00	        1.00
  1.95	        9.00	        0.00	        0.00	        1.00	        8.00	        1.00
  1.96	        9.00	        0.00	        0.00	        1.00	        8.00	        1.00
  1.97	       10.00	        0.00	        0.00	        1.00	        9.00	        1.00
  1.98	       10.00	        0.00	        0.00	        1.00	        9.00	        1.00
  1.99	       10.00	        0.00	        0.00	        1.00	        9.00	        1.00
  2.00	       10.00	        0.00	   600000.00	        1.00	        9.00	        1.00
  2.01	       10.00	        0.00	   599981.00	        1.00	        9.00	        1.00
  2.02	       11.00	        0.00	   599967.00	        1.00	       10.00	        1.00
  2.03	       11.00	        0.00	   599952.00	        1.00	       10.00	        1.00
  2.04	       11.00	        0.00	   599928.00	        1.00	       10.00	        1.00
  2.05	       11.00	        0.00	   599910.00	        1.00	       10.00	        1.00
  2.06	       11.00	        0.00	   599898.00	        1.00	       10.00	        1.00
  2.07	       11.00	        0.00	   599879.00	        1.00	       10.00	        1.00
  2.08	       11.00	        0.00	   599863.00	        1.00	       10.00	        1.00
  2.09	       11.00	        0.00	   599852.00	        1.00	       10.00	        1.00
  2.10	       11.00	        0.00	   599833.00	        1.00	       10.00	        1.00
  2.11	       11.00	        0.00	   599821.00	        1.00	       10.00	        1.00
  2.12	       11.00	        0.00	   599807.00	        1.00	       10.00	        1.00
  2.13	       11.00	        0.00	   599788.00	        1.00	       10.00	        1.00
  2.14	       11.00	        0.00	   599766.00	        1.00	       10.00	        1.00
  2.15	       11.00	        0.00	   599750.00	        1.00	       10.00	        1.00
  2.16	       12.00	        0.00	   599738.00	        1.00	       11.00	        1.00
  2.17	       13.00	        0.00	   599722.00	        1.00	       12.00	        1.00
  2.18	       13.00	        0.00	   599703.00	        1.00	       12.00	        1.00
  2.19	       14.00	        0.00	   599680.00	        1.00	       13.00	        1.00
  2.20	       15.00	        0.00	   599664.00	        1.00	       14.00	        1.00
  2.21	       15.00	        0.00	   599647.00	        1.00	       14.00	        1.00
  2.22	       15.00	        0.00	   599627.00	        1.00	       14.00	        1.00
  2.23	       15.00	        0.00	   599615.00	        1.00	       14.00	        1.00
  2.24	       15.00	        0.00	   599599.00	        1.00	       14.00	        1.00
  2.25	       16.00	        0.00	   599579.00	        1.00	       15.00	        1.00
  2.26	       16.00	        0.00	   599557.00	        1.00	       15.00	        1.00
  2.27	       16.00	        0.00	   599546.00	        1.00	       15.00	        1.00
  2.28	       16.00	        0.00	   599532.00	        1.00	       15.00	        1.00
  2.29	       16.00	        0.00	   599519.00	        1.00	       15.00	        1.00
  2.30	       16.00	        0.00	   599504.00	        1.00	       15.00	        1.00
  2.31	       16.00	        0.00	   599483.00	        1.00	       15.00	        1.00
  2.32	       16.00	        0.00	   599458.00	        1.00	       15.00	        1.00
  2.33	       16.00	        0.00	   599440.00	        1.00	       15.00	        1.00
  2.34	       16.00	        0.00	   599420.00	        1.00	       15.00	        1.00
  2.35	       16.00	        0.00	   599399.00	        1.00	       15.00	        1.00
  2.36	       16.00	        0.00	   599384.00	        1.00	       15.00	        1.00
  2.37	       17.00	        0.00	   599371.00	        1.00	       16.00	        1.00
  2.38	       18.00	        0.00	   599351.00	        1.00	       17.00	        1.00
  2.39	       18.00	        0.00	   599331.00	        1.00	       17.00	        1.00
  2.40	       18.00	        0.00	   599316.00	        1.00	       17.00	        1.00
  2.41	       18.00	        0.00	   599306.00	        1.00	       17.00	        1.00
  2.42	       19.00	        0.00	   599279.00	        1.00	       18.00	        1.00
  2.43	       19.00	        0.00	   599254.00	        1.00	       18.00	        1.00
  2.44	       19.00	        0.00	   599237.00	        1.00	       18.00	        1.00
  2.45	       19.00	        0.00	   599220.00	        1.00	       18.00	        1.00
  2.46	       20.00	        0.00	   599203.00	        1.00	       19.00	        1.00
  2.47	       20.00	        0.00	   599189.00	        1.00	       19.00	        1.00
  2.48	       20.00	        0.00	   599167.00	        1.00	       19.00	        1.00
  2.49	       21.00	        0.00	   599147.00	        1.00	       20.00	        1.00
  2.50	       21.00	        0.00	   599126.00	        1.00	       20.00	        1.00
  2.51	       20.00	        1.00	   599114.00	        1.00	       20.00	        1.00
  2.52	       20.00	        1.00	   599099.00	        1.00	       20.00	        1.00
  2.53	       20.00	        1.00	   599084.00	        1.00	       20.00	        1.00
  2.54	       20.00	        1.00	   599066.00	        1.00	       20.00	        1.00
  2.55	       20.00	        1.00	   599039.00	        1.00	       20.00	        1.00
  2.56	       20.00	        1.00	   599018.00	        1.00	       20.00	        1.00
  2.57	       20.00	        1.00	   599001.00	        1.00	       20.00	        1.00
  2.58	       20.00	        1.00	   598993.00	        1.00	       20.00	        1.00
  2.59	       21.00	        1.00	   598979.00	        1.00	       21.00	        1.00
  2.60	       22.00	        1.00	   598963.00	        1.00	       22.00	        1.00
  2.61	       23.00	        1.00	   598947.00	        1.00	       23.00	        1.00
  2.62	       24.00	        1.00	   598924.00	        1.00	       24.00	        1.00
  2.63	       24.00	        1.00	   598907.00	        1.00	       24.00	        1.00
  2.64	       24.00	        1.00	   598891.00	        1.00	       24.00	        1.00
  2.65	       24.00	        1.00	   598874.00	        1.00	       24.00	        1.00
  2.66	       24.00	        1.00	   598859.00	        1.00	       24.00	        1.00
  2.67	       25.00	        1.00	   598843.00	        1.00	       25.00	        1.00
  2.68	       26.00	        1.00	   598831.00	        1.00	       26.00	        1.00
  2.69	       27.00	        1.00	   598802.00	        1.00	       27.00	        1.00
  2.70	       27.00	        1.00	   598789.00	        1.00	       27.00	        1.00
  2.71	       27.00	        1.00	   598767.00	        1.00	       27.00	        1.00
  2.72	       28.00	        1.00	   598748.00	        1.00	       28.00	        1.00
  2.73	       28.00	        1.00	   598729.00	        1.00	       28.00	        1.00
  2.74	       28.00	        1.00	   598717.00	        1.00	       28.00	        1.00
  2.75	       28.00	        1.00	   598703.00	        1.00	       28.00	        1.00
  2.76	       30.00	        1.00	   598689.00	        1.00	       30.00	        1.00
  2.77	       30.00	        1.00	   598673.00	        1.00	       30.00	        1.00
  2.78	       30.00	        1.00	   598655.00	        1.00	       30.00	        1.00
  2.79	       30.00	        1.00	   598642.00	        1.00	       30.00	        1.00
  2.80	       32.00	        1.00	   598622.00	        1.00	       32.00	        1.00
  2.81	       32.00	        1.00	   598608.00	        1.00	       32.00	        1.00
  2.82	       32.00	        1.00	   598588.00	        1.00	       32.00	        1.00
  2.83	       32.00	        1.00	   598574.00	        1.00	       32.00	        1.00
  2.84	       32.00	        1.00	   598555.00	        1.00	       32.00	        1.00
  2.85	       32.00	        1.00	   598536.00	        1.00	       32.00	        1.00
  2.86	       32.00	        1.00	   598511.00	        1.00	       32.00	        1.00
  2.87	       32.00	        1.00	   598496.00	        1.00	       32.00	        1.00
  2.88	       32.00	        1.00	   598471.00	        1.00	       32.00	        1.00
  2.89	       33.00	        1.00	   598453.00	        1.00	       33.00	        1.00
  2.90	       34.00	        1.00	   598436.00	        1.00	       34.00	        1.00
  2.91	       34.00	        1.00	   598420.00	        1.00	       34.00	        1.00
  2.92	       35.00	        1.00	   598400.00	        1.00	       35.00	        1.00
  2.93	       36.00	        1.00	   598384.00	        1.00	       36.00	        1.00
  2.94	       36.00	        1.00	   598365.00	        1.00	       36.00	        1.00
  2.95	       37.00	        1.00	   598346.00	        1.00	       37.00	        1.00
  2.96	       37.00	        1.00	   598320.00	        1.00	       37.00	        1.00
  2.97	       38.00	        1.00	   598300.00	        1.00	       38.00	        1.00
  2.98	       38.00	        1.00	   598287.00	        1.00	       38.00	        1.00
  2.99	       39.00	        1.00	   598261.00	        1.00	       39.00	        1.00
  3.00	       39.00	        1.00	   598247.00	        1.00	       39.00	        1.00
  3.01	       39.00	        1.00	   598228.00	        1.00	       39.00	        1.00
  3.02	       39.00	        1.00	   598213.00	        1.00	       39.00	        1.00
  3.03	       42.00	        1.00	   598194.00	        1.00	       42.00	        1.00
  3.04	       40.00	        3.00	   598171.00	        1.00	       42.00	        1.00
  3.05	       40.00	        3.00	   598158.00	        1.00	       42.00	        1.00
  3.06	       41.00	        3.00	   598141.00	        1.00	       43.00	        1.00
  3.07	       41.00	        3.00	   598126.00	        1.00	       43.00	        1.00
  3.08	       44.00	        3.00	   598114.00	        1.00	       46.00	        1.00
  3.09	       46.00	        3.00	   598091.00	        1.00	       48.00	        1.00
  3.10	       46.00	        3.00	   598066.00	        1.00	       48.00	        1.00
  3.11	       47.00	        3.00	   598045.00	        1.00	       49.00	        1.00
  3.12	       47.00	        3.00	   598026.00	        1.00	       49.00	        1.00
  3.13	       47.00	        3.00	   598009.00	        1.00	       49.00	        1.00
  3.14	       47.00	        3.00	   597991.00	        1.00	       49.00	        1.00
  3.15	       48.00	        3.00	   597972.00	        1.00	       50.00	        1.00
  3.16	       50.00	        3.00	   597953.00	        1.00	       52.00	        1.00
  3.17	       50.00	        3.00	   597938.00	        1.00	       52.00	        1.00
  3.18	       50.00	        3.00	   597923.00	        1.00	       52.00	        1.00
  3.19	       51.00	        3.00	   597899.00	        1.00	       53.00	        1.00
  3.20	       51.00	        3.00	   597876.00	        1.00	       53.00	        1.00
  3.21	       51.00	        3.00	   597859.00	        1.00	       53.00	        1.00
  3.22	       51.00	        3.00	   597846.00	        1.00	       53.00	        1.00
  3.23	       53.00	        3.00	   597830.00	        1.00	       55.00	        1.00
  3.24	       55.00	        3.00	   597812.00	        1.00	       57.00	        1.00
  3.25	       56.00	        3.00	   597792.00	        1.00	       58.00	        1.00
  3.26	       58.00	        3.00	   597770.00	        1.00	       60.00	        1.00
  3.27	       61.00	        3.00	   597751.00	        1.00	       63.00	        1.00
  3.28	       62.00	        3.00	   597733.00	        1.00	       64.00	        1.00
  3.29	       63.00	        3.00	   597715.00	        1.00	       65.00	        1.00
  3.30	       64.00	        3.00	   597694.00	        1.00	       66.00	        1.00
  3.31	       65.00	        3.00	   597676.00	        1.00	       67.00	        1.00
  3.32	       68.00	        3.00	   597655.00	        1.00	       70.00	        1.00
  3.33	       69.00	        3.00	   597636.00	        1.00	       71.00	        1.00
  3.34	       71.00	        3.00	   597616.00	        1.00	       73.00	        1.00
  3.35	       71.00	        3.00	   597594.00	        1.00	       73.00	        1.00
  3.36	       72.00	        3.00	   597575.00	        1.00	       74.00	        1.00
  3.37	       72.00	        3.00	   597551.00	        1.00	       74.00	        1.00
  3.38	       73.00	        3.00	   597532.00	        1.00	       75.00	        1.00
  3.39	       74.00	        3.00	   597510.00	        1.00	       76.00	        1.00
  3.40	       74.00	        4.00	   597486.00	        1.00	       77.00	        1.00
  3.41	       74.00	        4.00	   597458.00	        1.00	       77.00	        1.00
  3.42	       78.00	        4.00	   597441.00	        1.00	       81.00	        1.00
  3.43	       78.00	        4.00	   597426.00	        1.00	       81.00	        1.00
  3.44	       78.00	        4.00	   597406.00	        1.00	       81.00	        1.00
  3.45	       80.00	        5.00	   597386.00	        1.00	       84.00	        1.00
  3.46	       81.00	        5.00	   597368.00	        1.00	       85.00	        1.00
  3.47	       83.00	        5.00	   597350.00	        1.00	       87.00	        1.00
  3.48	       83.00	        5.00	   597333.00	        1.00	       87.00	        1.00
  3.49	       85.00	        5.00	   597313.00	        1.00	       89.00	        1.00
  3.50	       86.00	        5.00	   597295.00	        1.00	       90.00	        1.00
  3.51	       87.00	        5.00	   597277.00	        1.00	       91.00	        1.00
  3.52	       88.00	        5.00	   597259.00	        1.00	       92.00	        1.00
  3.53	       89.00	        5.00	   597244.00	        1.00	       93.00	        1.00
  3.54	       89.00	        6.00	   597226.00	        1.00	       94.00	        1.00
  3.55	       89.00	        6.00	   597213.00	        1.00	       94.00	        1.00
  3.56	       90.00	        6.00	   597192.00	        1.00	       95.00	        1.00
  3.57	       89.00	        8.00	   597172.00	        1.00	       96.00	        1.00
  3.58	       90.00	        8.00	   597157.00	        1.00	       97.00	        1.00
  3.59	       92.00	        8.00	   597141.00	        1.00	       99.00	        1.00
  3.60	       92.00	        8.00	   597119.00	        1.00	       99.00	        1.00
  3.61	       93.00	        8.00	   597110.00	        1.00	      100.00	        1.00
  3.62	       95.00	        8.00	   597088.00	        1.00	      102.00	        1.00
  3.63	       95.00	        9.00	   597072.00	        1.00	      103.00	        1.00
  3.64	       97.00	        9.00	   597051.00	        1.00	      105.00	        1.00
  3.65	      100.00	        9.00	   597035.00	        1.00	      108.00	        1.00
  3.66	      101.00	        9.00	   597016.00	        1.00	      109.00	        1.00
  3.67	      104.00	        9.00	   597001.00	        1.00	      112.00	        1.00
  3.68	      106.00	        9.00	   596982.00	        1.00	      114.00	        1.00
  3.69	      110.00	        9.00	   596966.00	        1.00	      118.00	        1.00
  3.70	      112.00	        9.00	   596950.00	        1.00	      120.00	        1.00
  3.71	      112.00	        9.00	   596926.00	        1.00	      120.00	        1.00
  3.72	      114.00	        9.00	   596908.00	        1.00	      122.00	        1.00
  3.73	      115.00	        9.00	   596887.00	        1.00	      123.00	        1.00
  3.74	      116.00	        9.00	   596878.00	        1.00	      124.00	        1.00
  3.75	      116.00	       11.00	   596858.00	        1.00	      126.00	        1.00
  3.76	      117.00	       11.00	   596846.00	        1.00	      127.00	        1.00
  3.77	        1.00	      130.00	   597035.00	        1.00	      131.00	        1.00
  3.78	        1.00	      130.00	   597016.00	        1.00	      131.00	        1.00
  3.79	        1.00	      130.00	   597000.00	        1.00	      131.00	        1.00
  3.80	        1.00	      130.00	   596982.00	        1.00	      131.00	        1.00
  3.81	        1.00	      130.00	   596970.00	        1.00	      131.00	        1.00
  3.82	        1.00	      130.00	   596958.00	        1.00	      131.00	        1.00
  3.83	        1.00	      130.00	   596945.00	        1.00	      131.00	        1.00
  3.84	        1.00	      130.00	   596929.00	        1.00	      131.00	        1.00
  3.85	        1.00	      130.00	   596908.00	        1.00	      131.00	        1.00
  3.86	        1.00	      130.00	   596894.00	        1.00	      131.00	        1.00
  3.87	        1.00	      130.00	   596878.00	        1.00	      131.00	        1.00
  3.88	        1.00	      130.00	   596857.00	        1.00	      131.00	        1.00
  3.89	        1.00	      130.00	   596837.00	        1.00	      131.00	        1.00
  3.90	        1.00	      130.00	   596818.00	        1.00	      131.00	        1.00
  3.91	        1.00	      130.00	   596798.00	        1.00	      131.00	        1.00
  3.92	        1.00	      130.00	   596780.00	        1.00	      131.00	        1.00
  3.93	        1.00	      130.00	   596765.00	        1.00	      131.00	        1.00
  3.94	        1.00	      130.00	   596749.00	        1.00	      131.00	        1.00
  3.95	        1.00	      130.00	   596737.00	        1.00	      131.00	        1.00
  3.96	        1.00	      130.00	   596721.00	        1.00	      131.00	        1.00
  3.97	        1.00	      130.00	   596703.00	        1.00	      131.00	        1.00
  3.98	        1.00	      129.00	   596874.00	        1.00	      131.00	        1.00
  3.99	        1.00	      129.00	   596861.00	        1.00	      131.00	        1.00
  4.00	        1.00	      129.00	   596848.00	        1.00	      131.00	        1.00
  4.01	        1.00	      129.00	   596837.00	        1.00	      131.00	        1.00
  4.02	        1.00	      129.00	   596825.00	        1.00	      131.00	        1.00
  4.03	        1.00	      129.00	   596807.00	        1.00	      131.00	        1.00
  4.04	        1.00	      129.00	   596788.00	        1.00	      131.00	        1.00
  4.05	        1.00	      129.00	   596772.00	        1.00	      131.00	        1.00
  4.06	        1.00	      129.00	   596761.00	        1.00	      131.00	        1.00
  4.07	        0.00	      129.00	   596938.00	        0.00	      131.00	        1.00
  4.08	        0.00	      128.00	   597124.00	        0.00	      131.00	        1.00
  4.09	        0.00	      128.00	   597104.00	        0.00	      131.00	        1.00
  4.10	        0.00	      128.00	   597083.00	        0.00	      131.00	        1.00
  4.11	        0.00	      127.00	   597267.00	        0.00	      131.00	        1.00
  4.12	        0.00	      127.00	   597249.00	        0.00	      131.00	        1.00
  4.13	        0.00	      127.00	   597231.00	        0.00	      131.00	        1.00
  4.14	        0.00	      127.00	   597214.00	        0.00	      131.00	        1.00
  4.15	        0.00	      127.00	   597199.00	        0.00	      131.00	        1.00
  4.16	        0.00	      127.00	   597187.00	        0.00	      131.00	        1.00
  4.17	        0.00	      127.00	   597173.00	        0.00	      131.00	        1.00
  4.18	        0.00	      127.00	   597156.00	        0.00	      131.00	        1.00
  4.19	        0.00	      127.00	   597142.00	        0.00	      131.00	        1.00
  4.20	        0.00	      127.00	   597127.00	        0.00	      131.00	        1.00
  4.21	        0.00	      127.00	   597109.00	        0.00	      131.00	        1.00
  4.22	        0.00	      126.00	   597289.00	        0.00	      131.00	        1.00
  4.23	        0.00	      126.00	   597271.00	        0.00	      131.00	        1.00
  4.24	        0.00	      126.00	   597251.00	        0.00	      131.00	        1.00
  4.25	        0.00	      126.00	   597234.00	        0.00	      131.00	        1.00
  4.26	        0.00	      126.00	   597223.00	        0.00	      131.00	        1.00
  4.27	        0.00	      126.00	   597194.00	        0.00	      131.00	        1.00
  4.28	        0.00	      126.00	   597173.00	        0.00	      131.00	        1.00
  4.29	        0.00	      126.00	   597152.00	        0.00	      131.00	        1.00
  4.30	        0.00	      125.00	   597331.00	        0.00	      131.00	        1.00
  4.31	        0.00	      124.00	   597509.00	        0.00	      131.00	        1.00
  4.32	        0.00	      124.00	   597493.00	        0.00	      131.00	        1.00
  4.33	        0.00	      123.00	   597675.00	        0.00	      131.00	        1.00
  4.34	        0.00	      123.00	   597653.00	        0.00	      131.00	        1.00
  4.35	        0.00	      123.00	   597637.00	        0.00	      131.00	        1.00
  4.36	        0.00	      122.00	   597805.00	        0.00	      131.00	        1.00
  4.37	        0.00	      121.00	   597992.00	        0.00	      131.00	        1.00
  4.38	        0.00	      120.00	   598177.00	        0.00	      131.00	        1.00
  4.39	        0.00	      120.00	   598162.00	        0.00	      131.00	        1.00
  4.40	        0.00	      120.00	   598138.00	        0.00	      131.00	        1.00
  4.41	        0.00	      120.00	   598122.00	        0.00	      131.00	        1.00
  4.42	        0.00	      119.00	   598308.00	        0.00	      131.00	        1.00
  4.43	        0.00	      118.00	   598494.00	        0.00	      131.00	        1.00
  4.44	        0.00	      117.00	   598677.00	        0.00	      131.00	        1.00
  4.45	        0.00	      117.00	   598658.00	        0.00	      131.00	        1.00
  4.46	        0.00	      117.00	   598644.00	        0.00	      131.00	        1.00
  4.47	        0.00	      117.00	   598622.00	        0.00	      131.00	        1.00
  4.48	        0.00	      117.00	   598596.00	        0.00	      131.00	        1.00
  4.49	        0.00	      116.00	   598768.00	        0.00	      131.00	        1.00
  4.50	        0.00	      116.00	   598751.00	        0.00	      131.00	        1.00
  4.51	        0.00	      114.00	   599138.00	        0.00	      131.00	        1.00
  4.52	        0.00	      113.00	   599320.00	        0.00	      131.00	        1.00
  4.53	        0.00	      113.00	   599298.00	        0.00	      131.00	        1.00
  4.54	        0.00	      111.00	   599672.00	        0.00	      131.00	        1.00
  4.55	        0.00	      110.00	   599850.00	        0.00	      131.00	        1.00
  4.56	        0.00	      108.00	   600233.00	        0.00	      131.00	        1.00
  4.57	        0.00	      108.00	   600216.00	        0.00	      131.00	        1.00
  4.58	        0.00	      107.00	   600394.00	        0.00	      131.00	        1.00
  4.59	        0.00	      106.00	   600573.00	        0.00	      131.00	        1.00
  4.60	        0.00	      105.00	   600751.00	        0.00	      131.00	        1.00
  4.61	        0.00	      104.00	   600935.00	        0.00	      131.00	        1.00
  4.62	        0.00	      103.00	   601120.00	        0.00	      131.00	        1.00
  4.63	        0.00	      103.00	   601105.00	        0.00	      131.00	        1.00
  4.64	        0.00	       99.00	   601884.00	        0.00	      131.00	        1.00
  4.65	        0.00	       98.00	   602055.00	        0.00	      131.00	        1.00
  4.66	        0.00	       96.00	   602437.00	        0.00	      131.00	        1.00
  4.67	        0.00	       93.00	   603013.00	        0.00	      131.00	        1.00
  4.68	        0.00	       93.00	   602989.00	        0.00	      131.00	        1.00
  4.69	        0.00	       90.00	   603567.00	        0.00	      131.00	        1.00
  4.70	        0.00	       89.00	   603747.00	        0.00	      131.00	        1.00
  4.71	        0.00	       88.00	   603921.00	        0.00	      131.00	        1.00
  4.72	        0.00	       87.00	   604107.00	        0.00	      131.00	        1.00
  4.73	        0.00	       86.00	   604289.00	        0.00	      131.00	        1.00
  4.74	        0.00	       84.00	   604671.00	        0.00	      131.00	        1.00
  4.75	        0.00	       83.00	   604846.00	        0.00	      131.00	        1.00
  4.76	        0.00	       76.00	   606218.00	        0.00	      131.00	        1.00
  4.77	        0.00	       74.00	   606610.00	        0.00	      131.00	        1.00
  4.78	        0.00	       74.00	   606589.00	        0.00	      131.00	        1.00
  4.79	        0.00	       71.00	   607168.00	        0.00	      131.00	        1.00
  4.80	        0.00	       70.00	   607348.00	        0.00	      131.00	        1.00
  4.81	        0.00	       67.00	   607928.00	        0.00	      131.00	        1.00
  4.82	        0.00	       65.00	   608311.00	        0.00	      131.00	        1.00
  4.83	        0.00	       63.00	   608692.00	        0.00	      131.00	        1.00
  4.84	        0.00	       61.00	   609072.00	        0.00	      131.00	        1.00
  4.85	        0.00	       59.00	   609451.00	        0.00	      131.00	        1.00
  4.86	        0.00	       59.00	   609432.00	        0.00	      131.00	        1.00
  4.87	        0.00	       59.00	   609411.00	        0.00	      131.00	        1.00
  4.88	        0.00	       59.00	   609383.00	        0.00	      131.00	        1.00
  4.89	        0.00	       59.00	   609357.00	        0.00	      131.00	        1.00
  4.90	        0.00	       58.00	   609547.00	        0.00	      131.00	        1.00
  4.91	        0.00	       54.00	   610328.00	        0.00	      131.00	        1.00
  4.92	        0.00	       52.00	   610713.00	        0.00	      131.00	        1.00
  4.93	        0.00	       52.00	   610699.00	        0.00	      131.00	        1.00
  4.94	        0.00	       51.00	   610883.00	        0.00	      131.00	        1.00
  4.95	        0.00	       49.00	   611271.00	        0.00	      131.00	        1.00
  4.96	        0.00	       49.00	   611255.00	        0.00	      131.00	        1.00
  4.97	        0.00	       48.00	   611432.00	        0.00	      131.00	        1.00
  4.98	        0.00	       48.00	   611406.00	        0.00	      131.00	        1.00
  4.99	        0.00	       47.00	   611588.00	        0.00	      131.00	        1.00
  5.00	        0.00	       45.00	   611970.00	        0.00	      131.00	        1.00
  5.01	        0.00	       42.00	   612553.00	        0.00	      131.00	        1.00
  5.02	        0.00	       42.00	   612530.00	        0.00	      131.00	        1.00
  5.03	        0.00	       42.00	   612515.00	        0.00	      131.00	        1.00
  5.04	        0.00	       41.00	   612694.00	        0.00	      131.00	        1.00
  5.05	        0.00	       39.00	   613073.00	        0.00	      131.00	        1.00
  5.06	        0.00	       39.00	   613052.00	        0.00	      131.00	        1.00
  5.07	        0.00	       39.00	   613036.00	        0.00	      131.00	        1.00
  5.08	        0.00	       39.00	   613021.00	        0.00	      131.00	        1.00
  5.09	        0.00	       39.00	   613001.00	        0.00	      131.00	        1.00
  5.10	        0.00	       39.00	   612981.00	        0.00	      131.00	        1.00
  5.11	        0.00	       38.00	   613166.00	        0.00	      131.00	        1.00
  5.12	        0.00	       37.00	   613347.00	        0.00	      131.00	        1.00
  5.13	        0.00	       34.00	   613918.00	        0.00	      131.00	        1.00
  5.14	        0.00	       34.00	   613894.00	        0.00	      131.00	        1.00
  5.15	        0.00	       34.00	   613876.00	        0.00	      131.00	        1.00
  5.16	        0.00	       32.00	   614261.00	        0.00	      131.00	        1.00
  5.17	        0.00	       31.00	   614442.00	        0.00	      131.00	        1.00
  5.18	        0.00	       29.00	   614817.00	        0.00	      131.00	        1.00
  5.19	        0.00	       29.00	   614801.00	        0.00	      131.00	        1.00
  5.20	        0.00	       27.00	   615182.00	        0.00	      131.00	        1.00
  5.21	        0.00	       26.00	   615363.00	        0.00	      131.00	        1.00
  5.22	        0.00	       24.00	   615740.00	        0.00	      131.00	        1.00
  5.23	        0.00	       24.00	   615716.00	        0.00	      131.00	        1.00
  5.24	        0.00	       22.00	   616099.00	        0.00	      131.00	        1.00
  5.25	        0.00	       22.00	   616087.00	        0.00	      131.00	        1.00
  5.26	        0.00	       21.00	   616273.00	        0.00	      131.00	        1.00
  5.27	        0.00	       20.00	   616451.00	        0.00	      131.00	        1.00
  5.28	        0.00	       20.00	   616437.00	        0.00	      131.00	        1.00
  5.29	        0.00	       20.00	   616413.00	        0.00	      131.00	        1.00
  5.30	        0.00	       19.00	   616595.00	        0.00	      131.00	        1.00
  5.31	        0.00	       19.00	   616585.00	        0.00	      131.00	        1.00
  5.32	        0.00	       19.00	   616566.00	        0.00	      131.00	        1.00
  5.33	        0.00	       19.00	   616548.00	        0.00	      131.00	        1.00
  5.34	        0.00	       19.00	   616529.00	        0.00	      131.00	        1.00
  5.35	        0.00	       19.00	   616512.00	        0.00	      131.00	        1.00
  5.36	        0.00	       19.00	   616497.00	        0.00	      131.00	        1.00
  5.37	        0.00	       18.00	   616688.00	        0.00	      131.00	        1.00
  5.38	        0.00	       16.00	   617061.00	        0.00	      131.00	        1.00
  5.39	        0.00	       15.00	   617239.00	        0.00	      131.00	        1.00
  5.40	        0.00	       13.00	   617625.00	        0.00	      131.00	        1.00
  5.41	        0.00	       13.00	   617610.00	        0.00	      131.00	        1.00
  5.42	        0.00	       13.00	   617593.00	        0.00	      131.00	        1.00
  5.43	        0.00	       13.00	   617577.00	        0.00	      131.00	        1.00
  5.44	        0.00	       13.00	   617548.00	        0.00	      131.00	        1.00
  5.45	        0.00	       13.00	   617535.00	        0.00	      131.00	        1.00
  5.46	        0.00	       12.00	   617711.00	        0.00	      131.00	        1.00
  5.47	        0.00	       12.00	   617689.00	        0.00	      131.00	        1.00
  5.48	        0.00	       12.00	   617670.00	        0.00	      131.00	        1.00
  5.49	        0.00	       11.00	   617849.00	        0.00	      131.00	        1.00
  5.50	        0.00	       10.00	   618028.00	        0.00	      131.00	        1.00
  5.51	        0.00	        9.00	   618213.00	        0.00	      131.00	        1.00
  5.52	        0.00	        9.00	   618202.00	        0.00	      131.00	        1.00
  5.53	        0.00	        9.00	   618176.00	        0.00	      131.00	        1.00
  5.54	        0.00	        9.00	   618150.00	        0.00	      131.00	        1.00
  5.55	        0.00	        9.00	   618135.00	        0.00	      131.00	        1.00
  5.56	        0.00	        9.00	   618117.00	        0.00	      131.00	        1.00
  5.57	        0.00	        9.00	   618097.00	        0.00	      131.00	        1.00
  5.58	        0.00	        9.00	   618081.00	        0.00	      131.00	        1.00
  5.59	        0.00	        7.00	   618454.00	        0.00	      131.00	        1.00
  5.60	        0.00	        7.00	   618436.00	        0.00	      131.00	        1.00
  5.61	        0.00	        7.00	   618417.00	        0.00	      131.00	        1.00
  5.62	        0.00	        7.00	   618399.00	        0.00	      131.00	        1.00
  5.63	        0.00	        6.00	   618577.00	        0.00	      131.00	        1.00
  5.64	        0.00	        6.00	   618556.00	        0.00	      131.00	        1.00
  5.65	        0.00	        6.00	   618549.00	        0.00	      131.00	        1.00
  5.66	        0.00	        5.00	   618733.00	        0.00	      131.00	        1.00
  5.67	        0.00	        4.00	   618910.00	        0.00	      131.00	        1.00
  5.68	        0.00	        4.00	   618893.00	        0.00	      131.00	        1.00
  5.69	        0.00	        4.00	   618867.00	        0.00	      131.00	        1.00
  5.70	        0.00	        3.00	   619051.00	        0.00	      131.00	        1.00
  5.71	        0.00	        3.00	   619023.00	        0.00	      131.00	        1.00
  5.72	        0.00	        3.00	   619002.00	        0.00	      131.00	        1.00
  5.73	        0.00	        3.00	   618977.00	        0.00	      131.00	        1.00
  5.74	        0.00	        2.00	   619157.00	        0.00	      131.00	        1.00
  5.75	        0.00	        2.00	   619136.00	        0.00	      131.00	        1.00
  5.76	        0.00	        2.00	   619113.00	        0.00	      131.00	        1.00
  5.77	        0.00	        1.00	   619293.00	        0.00	      131.00	        1.00
  5.78	        0.00	        1.00	   619274.00	        0.00	      131.00	        1.00
  5.79	        0.00	        1.00	   619255.00	        0.00	      131.00	        1.00
  5.80	        0.00	        1.00	   619240.00	        0.00	      131.00	        1.00
  5.81	        0.00	        1.00	   619218.00	        0.00	      131.00	        1.00
  5.82	        0.00	        1.00	   619195.00	        0.00	      131.00	        1.00
  5.83	        0.00	        1.00	   619170.00	        0.00	      131.00	        1.00
  5.84	        0.00	        1.00	   619152.00	        0.00	      131.00	        1.00
  5.85	        0.00	        1.00	   619130.00	        0.00	      131.00	        1.00
  5.86	        0.00	        1.00	   619108.00	        0.00	      131.00	        1.00
  5.87	        0.00	        1.00	   619096.00	        0.00	      131.00	        1.00
  5.88	        0.00	        1.00	   619080.00	        0.00	      131.00	        1.00
  5.89	        0.00	        1.00	   619059.00	        0.00	      131.00	        1.00
  5.90	        0.00	        1.00	   619037.00	        0.00	      131.00	        1.00
  5.91	        0.00	        1.00	   619025.00	        0.00	      131.00	        1.00
  5.92	        0.00	        1.00	   619003.00	        0.00	      131.00	        1.00
  5.93	        0.00	        1.00	   618984.00	        0.00	      131.00	        1.00
  5.94	        0.00	        1.00	   618959.00	        0.00	      131.00	        1.00
  5.95	        0.00	        1.00	   618937.00	        0.00	      131.00	        1.00
  5.96	        0.00	        1.00	   618917.00	        0.00	      131.00	        1.00
  5.97	        0.00	        1.00	   618892.00	        0.00	      131.00	        1.00
  5.98	        0.00	        1.00	   618871.00	        0.00	      131.00	        1.00
  5.99	        0.00	        1.00	   618852.00	        0.00	      131.00	        1.00
  6.00	        0.00	        1.00	   618836.00	        0.00	      131.00	        1.00
  6.01	        0.00	        1.00	   618817.00	        0.00	      131.00	        1.00
  6.02	        0.00	        1.00	   618796.00	        0.00	      131.00	        1.00
  6.03	        0.00	        1.00	   618779.00	        0.00	      131.00	        1.00
  6.04	        0.00	        1.00	   618755.00	        0.00	      131.00	        1.00
  6.05	        0.00	        1.00	   618728.00	        0.00	      131.00	        1.00
  6.06	        0.00	        1.00	   618708.00	        0.00	      131.00	        1.00
  6.07	        0.00	        1.00	   618696.00	        0.00	      131.00	        1.00
  6.08	        0.00	        1.00	   618678.00	        0.00	      131.00	        1.00
  6.09	        0.00	        1.00	   618669.00	        0.00	      131.00	        1.00
  6.10	        0.00	        1.00	   618657.00	        0.00	      131.00	        1.00
  6.11	        0.00	        1.00	   618639.00	        0.00	      131.00	        1.00
  6.12	        0.00	        1.00	   618617.00	        0.00	      131.00	        1.00
  6.13	        0.00	        1.00	   618594.00	        0.00	      131.00	        1.00
  6.14	        0.00	        1.00	   618576.00	        0.00	      131.00	        1.00
  6.15	        0.00	        1.00	   618560.00	        0.00	      131.00	        1.00
  6.16	        0.00	        1.00	   618536.00	        0.00	      131.00	        1.00
  6.17	        0.00	        1.00	   618506.00	        0.00	      131.00	        1.00
  6.18	        0.00	        1.00	   618479.00	        0.00	      131.00	        1.00
  6.19	        0.00	        1.00	   618462.00	        0.00	      131.00	        1.00
  6.20	        0.00	        1.00	   618448.00	        0.00	      131.00	        1.00
  6.21	        0.00	        1.00	   618430.00	        0.00	      131.00	        1.00
  6.22	        0.00	        1.00	   618416.00	        0.00	      131.00	        1.00
  6.23	        0.00	        1.00	   618396.00	        0.00	      131.00	        1.00
  6.24	        0.00	        1.00	   618384.00	        0.00	      131.00	        1.00
  6.25	        0.00	        1.00	   618358.00	        0.00	      131.00	        1.00
  6.26	        0.00	        1.00	   618345.00	        0.00	      131.00	        1.00
  6.27	        0.00	        1.00	   618328.00	        0.00	      131.00	        1.00
  6.28	        0.00	        1.00	   618314.00	        0.00	      131.00	        1.00
  6.29	        0.00	        1.00	   618296.00	        0.00	      131.00	        1.00
  6.30	        0.00	        1.00	   618281.00	        0.00	      131.00	        1.00
  6.31	        0.00	        1.00	   618262.00	        0.00	      131.00	        1.00
  6.32	        0.00	        1.00	   618230.00	        0.00	      131.00	        1.00
  6.33	        0.00	        1.00	   618213.00	        0.00	      131.00	        1.00
  6.34	        0.00	        1.00	   618185.00	        0.00	      131.00	        1.00
  6.35	        0.00	        1.00	   618163.00	        0.00	      131.00	        1.00
  6.36	        0.00	        1.00	   618148.00	        0.00	      131.00	        1.00
  6.37	        0.00	        1.00	   618126.00	        0.00	      131.00	        1.00
  6.38	        0.00	        1.00	   618112.00	        0.00	      131.00	        1.00
  6.39	        0.00	        1.00	   618092.00	        0.00	      131.00	        1.00
  6.40	        0.00	        1.00	   618063.00	        0.00	      131.00	        1.00
  6.41	        0.00	        1.00	   618040.00	        0.00	      131.00	        1.00
  6.42	        0.00	        1.00	   618013.00	        0.00	      131.00	        1.00
  6.43	        0.00	        1.00	   617995.00	        0.00	      131.00	        1.00
  6.44	        0.00	        1.00	   617967.00	        0.00	      131.00	        1.00
  6.45	        0.00	        1.00	   617955.00	        0.00	      131.00	        1.00
  6.46	        0.00	        1.00	   617941.00	        0.00	      131.00	        1.00
  6.47	        0.00	        1.00	   617930.00	        0.00	      131.00	        1.00
  6.48	        0.00	        1.00	   617907.00	        0.00	      131.00	        1.00
  6.49	        0.00	        1.00	   617885.00	        0.00	      131.00	        1.00
  6.50	        0.00	        1.00	   617870.00	        0.00	      131.00	        1.00
  6.51	        0.00	        1.00	   617848.00	        0.00	      131.00	        1.00
  6.52	        0.00	        1.00	   617823.00	        0.00	      131.00	        1.00
  6.53	        0.00	        1.00	   617803.00	        0.00	      131.00	        1.00
  6.54	        0.00	        1.00	   617787.00	        0.00	      131.00	        1.00
  6.55	        0.00	        1.00	   617771.00	        0.00	      131.00	        1.00
  6.56	        0.00	        1.00	   617752.00	        0.00	      131.00	        1.00
  6.57	        0.00	        1.00	   617742.00	        0.00	      131.00	        1.00
  6.58	        0.00	        1.00	   617719.00	        0.00	      131.00	        1.00
  6.59	        0.00	        1.00	   617696.00	        0.00	      131.00	        1.00
  6.60	        0.00	        1.00	   617676.00	        0.00	      131.00	        1.00
  6.61	        0.00	        1.00	   617665.00	        0.00	      131.00	        1.00
  6.62	        0.00	        0.00	   617850.00	        0.00	      131.00	        0.00
