Datatype: PopulationSize
  0.00	        1.00	        0.00	        0.00	        1.00	        0.00	        1.00
  0.01	        1.00	        0.00	        0.00	        1.00	        0.00	        1.00
  0.02	        1.00	        0.00	        0.00	        1.00	        0.00	        1.00
  0.03	        1.00	        0.00	        0.00	        1.00	        0.00	        1.00
  0.04	        1.00	        0.00	        0.00	        1.00	        0.00	        1.00
  0.05	        1.00	        0.00	        0.00	        1.00	        0.00	        1.00
  0.06	        1.00	        0.00	        0.00	        1.00	        0.00	        1.00
  0.07	        1.00	        0.00	        0.00	        1.00	        0.00	        1.00
  0.08	        1.00	        0.00	        0.00	        1.00	        0.00	        1.00
  0.09	        1.00	        0.00	        0.00	        1.00	        0.00	        1.00
  0.10	        1.00	        0.00	        0.00	        1.00	        0.00	        1.00
  0.11	        1.00	        0.00	        0.00	        1.00	        0.00	        1.00
  0.12	        1.00	        0.00	        0.00	        1.00	        0.00	        1.00
  0.13	        1.00	        0.00	        0.00	        1.00	        0.00	        1.00
  0.14	        1.00	        0.00	        0.00	        1.00	        0.00	        1.00
  0.15	        1.00	        0.00	        0.00	        1.00	        0.00	        1.00
  0.16	        1.00	        0.00	        0.00	        1.00	        0.00	        1.00
  0.17	        1.00	        0.00	        0.00	        1.00	        0.00	        1.00
  0.18	        1.00	        0.00	        0.00	        1.00	        0.00	        1.00
  0.19	        1.00	        0.00	        0.00	        1.00	        0.00	        1.00
  0.20	        1.00	        0.00	        0.00	        1.00	        0.00	        1.00
  0.21	        1.00	        0.00	        0.00	        1.00	        0.00	        1.00
  0.22	        1.00	        0.00	        0.00	        1.00	        0.00	        1.00
  0.23	        1.00	        0.00	        0.00	        1.00	        0.00	        1.00
  0.24	        1.00	        0.00	        0.00	        1.00	        0.00	        1.00
  0.25	        1.00	        0.00	        0.00	        1.00	        0.00	        1.00
  0.26	        1.00	        0.00	        0.00	        1.00	        0.00	        1.00
  0.27	        1.00	        0.00	        0.00	        1.00	        0.00	        1.00
  0.28	        1.00	        0.00	        0.00	        1.00	        0.00	        1.00
  0.29	        1.00	        0.00	        0.00	        1.00	        0.00	        1.00
  0.30	        1.00	        0.00	        0.00	        1.00	        0.00	        1.00
  0.31	        1.00	        0.00	        0.00	        1.00	        0.00	        1.00
  0.32	        1.00	        0.00	        0.00	        1.00	        0.00	        1.00
  0.33	        1.00	        0.00	        0.00	        1.00	        0.00	        1.00
  0.34	        1.00	        0.00	        0.00	        1.00	        0.00	        1.00
  0.35	        1.00	        0.00	        0.00	        1.00	        0.00	        1.00
  0.36	        1.00	        0.00	        0.00	        1.00	        0.00	        1.00
  0.37	        1.00	        0.00	        0.00	        1.00	        0.00	        1.00
  0.38	        1.00	        0.00	        0.00	        1.00	        0.00	        1.00
  0.39	        1.00	        0.00	        0.00	        1.00	        0.00	        1.00
  0.40	        1.00	        0.00	        0.00	        1.00	        0.00	        1.00
  0.41	        1.00	        0.00	        0.00	        1.00	        0.00	        1.00
  0.42	        1.00	        0.00	        0.00	        1.00	        0.00	        1.00
  0.43	        1.00	        0.00	        0.00	        1.00	        0.00	        1.00
  0.44	        1.00	        0.00	        0.00	        1.00	        0.00	        1.00
  0.45	        1.00	        0.00	        0.00	        1.00	        0.00	        1.00
  0.46	        1.00	        0.00	        0.00	        1.00	        0.00	        1.00
  0.47	        1.00	        0.00	        0.00	        1.00	        0.00	        1.00
  0.48	        1.00	        0.00	        0.00	        1.00	        0.00	        1.00
  0.49	        1.00	        0.00	        0.00	        1.00	        0.00	        1.00
  0.50	        1.00	        0.00	        0.00	        1.00	        0.00	        1.00
  0.51	        1.00	        0.00	        0.00	        1.00	        0.00	        1.00
  0.52	        1.00	        0.00	        0.00	        1.00	        0.00	        1.00
  0.53	        1.00	        0.00	        0.00	        1.00	        0.00	        1.00
  0.54	        1.00	        0.00	        0.00	        1.00	        0.00	        1.00
  0.55	        1.00	        0.00	        0.00	        1.00	        0.00	        1.00
  0.56	        1.00	        0.00	        0.00	        1.00	        0.00	        1.00
  0.57	        1.00	        0.00	        0.00	        1.00	        0.00	        1.00
  0.58	        1.00	        0.00	        0.00	        1.00	        0.00	        1.00
  0.59	        1.00	        0.00	        0.00	        1.00	        0.00	        1.00
  0.60	        1.00	        0.00	        0.00	        1.00	        0.00	        1.00
  0.61	        1.00	        0.00	        0.00	        1.00	        0.00	        1.00
  0.62	        1.00	        0.00	        0.00	        1.00	        0.00	        1.00
  0.63	        1.00	        0.00	        0.00	        1.00	        0.00	        1.00
  0.64	        1.00	        0.00	        0.00	        1.00	        0.00	        1.00
  0.65	        1.00	        0.00	        0.00	        1.00	        0.00	        1.00
  0.66	        1.00	        0.00	        0.00	        1.00	        0.00	        1.00
  0.67	        1.00	        0.00	        0.00	        1.00	        0.00	        1.00
  0.68	        1.00	        0.00	        0.00	        1.00	        0.00	        1.00
  0.69	        1.00	        0.00	        0.00	        1.00	        0.00	        1.00
  0.70	        1.00	        0.00	        0.00	        1.00	        0.00	        1.00
  0.71	        1.00	        0.00	        0.00	        1.00	        0.00	        1.00
  0.72	        1.00	        0.00	        0.00	        1.00	        0.00	        1.00
  0.73	        1.00	        0.00	        0.00	        1.00	        0.00	        1.00
  0.74	        1.00	        0.00	        0.00	        1.00	        0.00	        1.00
  0.75	        1.00	        0.00	        0.00	        1.00	        0.00	        1.00
  0.76	        1.00	        0.00	        0.00	        1.00	        0.00	        1.00
  0.77	        1.00	        0.00	        0.00	        1.00	        0.00	        1.00
  0.78	        1.00	        0.00	        0.00	        1.00	        0.00	        1.00
  0.79	        1.00	        0.00	        0.00	        1.00	        0.00	        1.00
  0.80	        1.00	        0.00	        0.00	        1.00	        0.00	        1.00
  0.81	        1.00	        0.00	        0.00	        1.00	        0.00	        1.00
  0.82	        1.00	        0.00	        0.00	        1.00	        0.00	        1.00
  0.83	        1.00	        0.00	        0.00	        1.00	        0.00	        1.00
  0.84	        1.00	        0.00	        0.00	        1.00	        0.00	        1.00
  0.85	        1.00	        0.00	        0.00	        1.00	        0.00	        1.00
  0.86	        1.00	        0.00	        0.00	        1.00	        0.00	        1.00
  0.87	        1.00	        0.00	        0.00	        1.00	        0.00	        1.00
  0.88	        1.00	        0.00	        0.00	        1.00	        0.00	        1.00
  0.89	        1.00	        0.00	        0.00	        1.00	        0.00	        1.00
  0.90	        1.00	        0.00	        0.00	        1.00	        0.00	        1.00
  0.91	        1.00	        0.00	        0.00	        1.00	        0.00	        1.00
  0.92	        1.00	        0.00	        0.00	        1.00	        0.00	        1.00
  0.93	        1.00	        0.00	        0.00	        1.00	        0.00	        1.00
  0.94	        1.00	        0.00	        0.00	        1.00	        0.00	        1.00
  0.95	        1.00	        0.00	        0.00	        1.00	        0.00	        1.00
  0.96	        1.00	        0.00	        0.00	        1.00	        0.00	        1.00
  0.97	        1.00	        0.00	        0.00	        1.00	        0.00	        1.00
  0.98	        1.00	        0.00	        0.00	        1.00	        0.00	        1.00
  0.99	        1.00	        0.00	        0.00	        1.00	        0.00	        1.00
  1.00	        1.00	        0.00	        0.00	        1.00	        0.00	        1.00
  1.01	        1.00	        0.00	        0.00	        1.00	        0.00	        1.00
  1.02	        1.00	        0.00	        0.00	        1.00	        0.00	        1.00
  1.03	        1.00	        0.00	        0.00	        1.00	        0.00	        1.00
  1.04	        1.00	        0.00	        0.00	        1.00	        0.00	        1.00
  1.05	        1.00	        0.00	        0.00	        1.00	        0.00	        1.00
  1.06	        1.00	        0.00	        0.00	        1.00	        0.00	        1.00
  1.07	        1.00	        0.00	        0.00	        1.00	        0.00	        1.00
  1.08	        1.00	        0.00	        0.00	        1.00	        0.00	        1.00
  1.09	        1.00	        0.00	        0.00	        1.00	        0.00	        1.00
  1.10	        1.00	        0.00	        0.00	        1.00	        0.00	        1.00
  1.11	        1.00	        0.00	        0.00	        1.00	        0.00	        1.00
  1.12	        1.00	        0.00	        0.00	        1.00	        0.00	        1.00
  1.13	        1.00	        0.00	        0.00	        1.00	        0.00	        1.00
  1.14	        1.00	        0.00	        0.00	        1.00	        0.00	        1.00
  1.15	        1.00	        0.00	        0.00	        1.00	        0.00	        1.00
  1.16	        1.00	        0.00	        0.00	        1.00	        0.00	        1.00
  1.17	        1.00	        0.00	        0.00	        1.00	        0.00	        1.00
  1.18	        1.00	        0.00	        0.00	        1.00	        0.00	        1.00
  1.19	        1.00	        0.00	        0.00	        1.00	        0.00	        1.00
  1.20	        1.00	        0.00	        0.00	        1.00	        0.00	        1.00
  1.21	        1.00	        0.00	        0.00	        1.00	        0.00	        1.00
  1.22	        1.00	        0.00	        0.00	        1.00	        0.00	        1.00
  1.23	        1.00	        0.00	        0.00	        1.00	        0.00	        1.00
  1.24	        1.00	        0.00	        0.00	        1.00	        0.00	        1.00
  1.25	        1.00	        0.00	        0.00	        1.00	        0.00	        1.00
  1.26	        1.00	        0.00	        0.00	        1.00	        0.00	        1.00
  1.27	        1.00	        0.00	        0.00	        1.00	        0.00	        1.00
  1.28	        1.00	        0.00	        0.00	        1.00	        0.00	        1.00
  1.29	        1.00	        0.00	        0.00	        1.00	        0.00	        1.00
  1.30	        1.00	        0.00	        0.00	        1.00	        0.00	        1.00
  1.31	        1.00	        0.00	        0.00	        1.00	        0.00	        1.00
  1.32	        1.00	        0.00	        0.00	        1.00	        0.00	        1.00
  1.33	        1.00	        0.00	        0.00	        1.00	        0.00	        1.00
  1.34	        1.00	        0.00	        0.00	        1.00	        0.00	        1.00
  1.35	        1.00	        0.00	        0.00	        1.00	        0.00	        1.00
  1.36	        1.00	        0.00	        0.00	        1.00	        0.00	        1.00
  1.37	        1.00	        0.00	        0.00	        1.00	        0.00	        1.00
  1.38	        1.00	        0.00	        0.00	        1.00	        0.00	        1.00
  1.39	        1.00	        0.00	        0.00	        1.00	        0.00	        1.00
  1.40	        1.00	        0.00	        0.00	        1.00	        0.00	        1.00
  1.41	        1.00	        0.00	        0.00	        1.00	        0.00	        1.00
  1.42	        1.00	        0.00	        0.00	        1.00	        0.00	        1.00
  1.43	        1.00	        0.00	        0.00	        1.00	        0.00	        1.00
  1.44	        1.00	        0.00	        0.00	        1.00	        0.00	        1.00
  1.45	        1.00	        0.00	        0.00	        1.00	        0.00	        1.00
  1.46	        1.00	        0.00	        0.00	        1.00	        0.00	        1.00
  1.47	        1.00	        0.00	        0.00	        1.00	        0.00	        1.00
  1.48	        1.00	        0.00	        0.00	        1.00	        0.00	        1.00
  1.49	        1.00	        0.00	        0.00	        1.00	        0.00	        1.00
  1.50	        1.00	        0.00	        0.00	        1.00	        0.00	        1.00
  1.51	        1.00	        0.00	        0.00	        1.00	        0.00	        1.00
  1.52	        1.00	        0.00	        0.00	        1.00	        0.00	        1.00
  1.53	        1.00	        0.00	        0.00	        1.00	        0.00	        1.00
  1.54	        1.00	        0.00	        0.00	        1.00	        0.00	        1.00
  1.55	        1.00	        0.00	        0.00	        1.00	        0.00	        1.00
  1.56	        1.00	        0.00	        0.00	        1.00	        0.00	        1.00
  1.57	        1.00	        0.00	        0.00	        1.00	        0.00	        1.00
  1.58	        1.00	        0.00	        0.00	        1.00	        0.00	        1.00
  1.59	        1.00	        0.00	        0.00	        1.00	        0.00	        1.00
  1.60	        1.00	        0.00	        0.00	        1.00	        0.00	        1.00
  1.61	        1.00	        0.00	        0.00	        1.00	        0.00	        1.00
  1.62	        1.00	        0.00	        0.00	        1.00	        0.00	        1.00
  1.63	        1.00	        0.00	        0.00	        1.00	        0.00	        1.00
  1.64	        1.00	        0.00	        0.00	        1.00	        0.00	        1.00
  1.65	        1.00	        0.00	        0.00	        1.00	        0.00	        1.00
  1.66	        1.00	        0.00	        0.00	        1.00	        0.00	        1.00
  1.67	        1.00	        0.00	        0.00	        1.00	        0.00	        1.00
  1.68	        1.00	        0.00	        0.00	        1.00	        0.00	        1.00
  1.69	        1.00	        0.00	        0.00	        1.00	        0.00	        1.00
  1.70	        1.00	        0.00	        0.00	        1.00	        0.00	        1.00
  1.71	        1.00	        0.00	        0.00	        1.00	        0.00	        1.00
  1.72	        1.00	        0.00	        0.00	        1.00	        0.00	        1.00
  1.73	        1.00	        0.00	        0.00	        1.00	        0.00	        1.00
  1.74	        1.00	        0.00	        0.00	        1.00	        0.00	        1.00
  1.75	        1.00	        0.00	        0.00	        1.00	        0.00	        1.00
  1.76	        1.00	        0.00	        0.00	        1.00	        0.00	        1.00
  1.77	        1.00	        0.00	        0.00	        1.00	        0.00	        1.00
  1.78	        1.00	        0.00	        0.00	        1.00	        0.00	        1.00
  1.79	        1.00	        0.00	        0.00	        1.00	        0.00	        1.00
  1.80	        1.00	        0.00	        0.00	        1.00	        0.00	        1.00
  1.81	        1.00	        0.00	        0.00	        1.00	        0.00	        1.00
  1.82	        1.00	        0.00	        0.00	        1.00	        0.00	        1.00
  1.83	        1.00	        0.00	        0.00	        1.00	        0.00	        1.00
  1.84	        1.00	        0.00	        0.00	        1.00	        0.00	        1.00
  1.85	        1.00	        0.00	        0.00	        1.00	        0.00	        1.00
  1.86	        1.00	        0.00	        0.00	        1.00	        0.00	        1.00
  1.87	        1.00	        0.00	        0.00	        1.00	        0.00	        1.00
  1.88	        1.00	        0.00	        0.00	        1.00	        0.00	        1.00
  1.89	        1.00	        0.00	        0.00	        1.00	        0.00	        1.00
  1.90	        1.00	        0.00	        0.00	        1.00	        0.00	        1.00
  1.91	        1.00	        0.00	        0.00	        1.00	        0.00	        1.00
  1.92	        1.00	        0.00	        0.00	        1.00	        0.00	        1.00
  1.93	        1.00	        0.00	        0.00	        1.00	        0.00	        1.00
  1.94	        1.00	        0.00	        0.00	        1.00	        0.00	        1.00
  1.95	        1.00	        0.00	        0.00	        1.00	        0.00	        1.00
  1.96	        1.00	        0.00	        0.00	        1.00	        0.00	        1.00
  1.97	        1.00	        0.00	        0.00	        1.00	        0.00	        1.00
  1.98	        1.00	        0.00	        0.00	        1.00	        0.00	        1.00
  1.99	        1.00	        0.00	        0.00	        1.00	        0.00	        1.00
  2.00	        1.00	        0.00	        0.00	        1.00	        0.00	        1.00
  2.01	        1.00	        0.00	        0.00	        1.00	        0.00	        1.00
  2.02	        1.00	        0.00	        0.00	        1.00	        0.00	        1.00
  2.03	        1.00	        0.00	        0.00	        1.00	        0.00	        1.00
  2.04	        1.00	        0.00	        0.00	        1.00	        0.00	        1.00
  2.05	        1.00	        0.00	        0.00	        1.00	        0.00	        1.00
  2.06	        1.00	        0.00	        0.00	        1.00	        0.00	        1.00
  2.07	        1.00	        0.00	        0.00	        1.00	        0.00	        1.00
  2.08	        1.00	        0.00	        0.00	        1.00	        0.00	        1.00
  2.09	        1.00	        0.00	        0.00	        1.00	        0.00	        1.00
  2.10	        1.00	        0.00	        0.00	        1.00	        0.00	        1.00
  2.11	        1.00	        0.00	        0.00	        1.00	        0.00	        1.00
  2.12	        1.00	        0.00	        0.00	        1.00	        0.00	        1.00
  2.13	        1.00	        0.00	        0.00	        1.00	        0.00	        1.00
  2.14	        1.00	        0.00	        0.00	        1.00	        0.00	        1.00
  2.15	        1.00	        0.00	        0.00	        1.00	        0.00	        1.00
  2.16	        1.00	        0.00	        0.00	        1.00	        0.00	        1.00
  2.17	        1.00	        0.00	        0.00	        1.00	        0.00	        1.00
  2.18	        1.00	        0.00	        0.00	        1.00	        0.00	        1.00
  2.19	        1.00	        0.00	        0.00	        1.00	        0.00	        1.00
  2.20	        1.00	        0.00	        0.00	        1.00	        0.00	        1.00
  2.21	        1.00	        0.00	        0.00	        1.00	        0.00	        1.00
  2.22	        1.00	        0.00	        0.00	        1.00	        0.00	        1.00
  2.23	        1.00	        0.00	        0.00	        1.00	        0.00	        1.00
  2.24	        1.00	        0.00	        0.00	        1.00	        0.00	        1.00
  2.25	        1.00	        0.00	        0.00	        1.00	        0.00	        1.00
  2.26	        1.00	        0.00	        0.00	        1.00	        0.00	        1.00
  2.27	        1.00	        0.00	        0.00	        1.00	        0.00	        1.00
  2.28	        1.00	        0.00	        0.00	        1.00	        0.00	        1.00
  2.29	        1.00	        0.00	        0.00	        1.00	        0.00	        1.00
  2.30	        1.00	        0.00	        0.00	        1.00	        0.00	        1.00
  2.31	        1.00	        0.00	        0.00	        1.00	        0.00	        1.00
  2.32	        1.00	        0.00	        0.00	        1.00	        0.00	        1.00
  2.33	        1.00	        0.00	        0.00	        1.00	        0.00	        1.00
  2.34	        1.00	        0.00	        0.00	        1.00	        0.00	        1.00
  2.35	        1.00	        0.00	        0.00	        1.00	        0.00	        1.00
  2.36	        1.00	        0.00	        0.00	        1.00	        0.00	        1.00
  2.37	        1.00	        0.00	        0.00	        1.00	        0.00	        1.00
  2.38	        1.00	        0.00	        0.00	        1.00	        0.00	        1.00
  2.39	        1.00	        0.00	        0.00	        1.00	        0.00	        1.00
  2.40	        1.00	        0.00	        0.00	        1.00	        0.00	        1.00
  2.41	        1.00	        0.00	        0.00	        1.00	        0.00	        1.00
  2.42	        1.00	        0.00	        0.00	        1.00	        0.00	        1.00
  2.43	        1.00	        0.00	        0.00	        1.00	        0.00	        1.00
  2.44	        1.00	        0.00	        0.00	        1.00	        0.00	        1.00
  2.45	        1.00	        0.00	        0.00	        1.00	        0.00	        1.00
  2.46	        1.00	        0.00	        0.00	        1.00	        0.00	        1.00
  2.47	        1.00	        0.00	        0.00	        1.00	        0.00	        1.00
  2.48	        1.00	        0.00	        0.00	        1.00	        0.00	        1.00
  2.49	        1.00	        0.00	        0.00	        1.00	        0.00	        1.00
  2.50	        1.00	        0.00	        0.00	        1.00	        0.00	        1.00
  2.51	        1.00	        0.00	        0.00	        1.00	        0.00	        1.00
  2.52	        1.00	        0.00	        0.00	        1.00	        0.00	        1.00
  2.53	        1.00	        0.00	        0.00	        1.00	        0.00	        1.00
  2.54	        1.00	        0.00	        0.00	        1.00	        0.00	        1.00
  2.55	        1.00	        0.00	        0.00	        1.00	        0.00	        1.00
  2.56	        1.00	        0.00	        0.00	        1.00	        0.00	        1.00
  2.57	        1.00	        0.00	        0.00	        1.00	        0.00	        1.00
  2.58	        1.00	        0.00	        0.00	        1.00	        0.00	        1.00
  2.59	        1.00	        0.00	        0.00	        1.00	        0.00	        1.00
  2.60	        1.00	        0.00	        0.00	        1.00	        0.00	        1.00
  2.61	        1.00	        0.00	        0.00	        1.00	        0.00	        1.00
  2.62	        1.00	        0.00	        0.00	        1.00	        0.00	        1.00
  2.63	        1.00	        0.00	        0.00	        1.00	        0.00	        1.00
  2.64	        1.00	        0.00	        0.00	        1.00	        0.00	        1.00
  2.65	        1.00	        0.00	        0.00	        1.00	        0.00	        1.00
  2.66	        1.00	        0.00	        0.00	        1.00	        0.00	        1.00
  2.67	        1.00	        0.00	        0.00	        1.00	        0.00	        1.00
  2.68	        1.00	        0.00	        0.00	        1.00	        0.00	        1.00
  2.69	        1.00	        0.00	        0.00	        1.00	        0.00	        1.00
  2.70	        1.00	        0.00	        0.00	        1.00	        0.00	        1.00
  2.71	        1.00	        0.00	        0.00	        1.00	        0.00	        1.00
  2.72	        1.00	        0.00	        0.00	        1.00	        0.00	        1.00
  2.73	        1.00	        0.00	        0.00	        1.00	        0.00	        1.00
  2.74	        1.00	        0.00	        0.00	        1.00	        0.00	        1.00
  2.75	        1.00	        0.00	        0.00	        1.00	        0.00	        1.00
  2.76	        1.00	        0.00	        0.00	        1.00	        0.00	        1.00
  2.77	        1.00	        0.00	        0.00	        1.00	        0.00	        1.00
  2.78	        1.00	        0.00	        0.00	        1.00	        0.00	        1.00
  2.79	        1.00	        0.00	        0.00	        1.00	        0.00	        1.00
  2.80	        1.00	        0.00	        0.00	        1.00	        0.00	        1.00
  2.81	        1.00	        0.00	        0.00	        1.00	        0.00	        1.00
  2.82	        1.00	        0.00	        0.00	        1.00	        0.00	        1.00
  2.83	        1.00	        0.00	        0.00	        1.00	        0.00	        1.00
  2.84	        2.00	        0.00	        0.00	        1.00	        1.00	        1.00
  2.85	        2.00	        0.00	        0.00	        1.00	        1.00	        1.00
  2.86	        2.00	        0.00	        0.00	        1.00	        1.00	        1.00
  2.87	        2.00	        0.00	        0.00	        1.00	        1.00	        1.00
  2.88	        2.00	        0.00	        0.00	        1.00	        1.00	        1.00
  2.89	        2.00	        0.00	        0.00	        1.00	        1.00	        1.00
  2.90	        2.00	        0.00	        0.00	        1.00	        1.00	        1.00
  2.91	        2.00	        0.00	        0.00	        1.00	        1.00	        1.00
  2.92	        2.00	        0.00	        0.00	        1.00	        1.00	        1.00
  2.93	        2.00	        0.00	        0.00	        1.00	        1.00	        1.00
  2.94	        2.00	        0.00	        0.00	        1.00	        1.00	        1.00
  2.95	        2.00	        0.00	        0.00	        1.00	        1.00	        1.00
  2.96	        2.00	        0.00	        0.00	        1.00	        1.00	        1.00
  2.97	        2.00	        0.00	        0.00	        1.00	        1.00	        1.00
  2.98	        2.00	        0.00	        0.00	        1.00	        1.00	        1.00
  2.99	        2.00	        0.00	        0.00	        1.00	        1.00	        1.00
  3.00	        2.00	        0.00	        0.00	        1.00	        1.00	        1.00
  3.01	        2.00	        0.00	        0.00	        1.00	        1.00	        1.00
  3.02	        2.00	        0.00	        0.00	        1.00	        1.00	        1.00
  3.03	        2.00	        0.00	        0.00	        1.00	        1.00	        1.00
  3.04	        2.00	        0.00	        0.00	        1.00	        1.00	        1.00
  3.05	        2.00	        0.00	        0.00	        1.00	        1.00	        1.00
  3.06	        2.00	        0.00	        0.00	        1.00	        1.00	        1.00
  3.07	        2.00	        0.00	        0.00	        1.00	        1.00	        1.00
  3.08	        2.00	        0.00	        0.00	        1.00	        1.00	        1.00
  3.09	        2.00	        0.00	        0.00	        1.00	        1.00	        1.00
  3.10	        2.00	        0.00	        0.00	        1.00	        1.00	        1.00
  3.11	        2.00	        0.00	        0.00	        1.00	        1.00	        1.00
  3.12	        2.00	        0.00	        0.00	        1.00	        1.00	        1.00
  3.13	        2.00	        0.00	        0.00	        1.00	        1.00	        1.00
  3.14	        2.00	        0.00	        0.00	        1.00	        1.00	        1.00
  3.15	        2.00	        0.00	        0.00	        1.00	        1.00	        1.00
  3.16	        2.00	        0.00	        0.00	        1.00	        1.00	        1.00
  3.17	        2.00	        0.00	        0.00	        1.00	        1.00	        1.00
  3.18	        2.00	        0.00	        0.00	        1.00	        1.00	        1.00
  3.19	        2.00	        0.00	        0.00	        1.00	        1.00	        1.00
  3.20	        2.00	        0.00	        0.00	        1.00	        1.00	        1.00
  3.21	        2.00	        0.00	        0.00	        1.00	        1.00	        1.00
  3.22	        2.00	        0.00	        0.00	        1.00	        1.00	        1.00
  3.23	        2.00	        0.00	        0.00	        1.00	        1.00	        1.00
  3.24	        2.00	        0.00	        0.00	        1.00	        1.00	        1.00
  3.25	        2.00	        0.00	        0.00	        1.00	        1.00	        1.00
  3.26	        2.00	        0.00	        0.00	        1.00	        1.00	        1.00
  3.27	        2.00	        0.00	        0.00	        1.00	        1.00	        1.00
  3.28	        2.00	        0.00	        0.00	        1.00	        1.00	        1.00
  3.29	        2.00	        0.00	        0.00	        1.00	        1.00	        1.00
  3.30	        2.00	        0.00	        0.00	        1.00	        1.00	        1.00
  3.31	        2.00	        0.00	        0.00	        1.00	        1.00	        1.00
  3.32	        2.00	        0.00	        0.00	        1.00	        1.00	        1.00
  3.33	        2.00	        0.00	        0.00	        1.00	        1.00	        1.00
  3.34	        2.00	        0.00	        0.00	        1.00	        1.00	        1.00
  3.35	        2.00	        0.00	        0.00	        1.00	        1.00	        1.00
  3.36	        2.00	        0.00	        0.00	        1.00	        1.00	        1.00
  3.37	        2.00	        0.00	        0.00	        1.00	        1.00	        1.00
  3.38	        2.00	        0.00	        0.00	        1.00	        1.00	        1.00
  3.39	        2.00	        0.00	        0.00	        1.00	        1.00	        1.00
  3.40	        2.00	        0.00	        0.00	        1.00	        1.00	        1.00
  3.41	        2.00	        0.00	        0.00	        1.00	        1.00	        1.00
  3.42	        2.00	        0.00	        0.00	        1.00	        1.00	        1.00
  3.43	        2.00	        0.00	        0.00	        1.00	        1.00	        1.00
  3.44	        2.00	        0.00	        0.00	        1.00	        1.00	        1.00
  3.45	        2.00	        0.00	        0.00	        1.00	        1.00	        1.00
  3.46	        2.00	        0.00	        0.00	        1.00	        1.00	        1.00
  3.47	        2.00	        0.00	        0.00	        1.00	        1.00	        1.00
  3.48	        2.00	        0.00	        0.00	        1.00	        1.00	        1.00
  3.49	        2.00	        0.00	        0.00	        1.00	        1.00	        1.00
  3.50	        2.00	        0.00	        0.00	        1.00	        1.00	        1.00
  3.51	        2.00	        0.00	        0.00	        1.00	        1.00	        1.00
  3.52	        2.00	        0.00	        0.00	        1.00	        1.00	        1.00
  3.53	        2.00	        0.00	        0.00	        1.00	        1.00	        1.00
  3.54	        2.00	        0.00	        0.00	        1.00	        1.00	        1.00
  3.55	        2.00	        0.00	        0.00	        1.00	        1.00	        1.00
  3.56	        2.00	        0.00	        0.00	        1.00	        1.00	        1.00
  3.57	        2.00	        0.00	        0.00	        1.00	        1.00	        1.00
  3.58	        2.00	        0.00	        0.00	        1.00	        1.00	        1.00
  3.59	        2.00	        0.00	        0.00	        1.00	        1.00	        1.00
  3.60	        2.00	        0.00	        0.00	        1.00	        1.00	        1.00
  3.61	        2.00	        0.00	        0.00	        1.00	        1.00	        1.00
  3.62	        2.00	        0.00	        0.00	        1.00	        1.00	        1.00
  3.63	        2.00	        0.00	        0.00	        1.00	        1.00	        1.00
  3.64	        2.00	        0.00	        0.00	        1.00	        1.00	        1.00
  3.65	        2.00	        0.00	        0.00	        1.00	        1.00	        1.00
  3.66	        2.00	        0.00	        0.00	        1.00	        1.00	        1.00
  3.67	        2.00	        0.00	        0.00	        1.00	        1.00	        1.00
  3.68	        2.00	        0.00	        0.00	        1.00	        1.00	        1.00
  3.69	        2.00	        0.00	        0.00	        1.00	        1.00	        1.00
  3.70	        2.00	        0.00	        0.00	        1.00	        1.00	        1.00
  3.71	        2.00	        0.00	        0.00	        1.00	        1.00	        1.00
  3.72	        2.00	        0.00	        0.00	        1.00	        1.00	        1.00
  3.73	        2.00	        0.00	        0.00	        1.00	        1.00	        1.00
  3.74	        2.00	        0.00	        0.00	        1.00	        1.00	        1.00
  3.75	        2.00	        0.00	        0.00	        1.00	        1.00	        1.00
  3.76	        2.00	        0.00	        0.00	        1.00	        1.00	        1.00
  3.77	        3.00	        0.00	        0.00	        1.00	        2.00	        1.00
  3.78	        3.00	        0.00	        0.00	        1.00	        2.00	        1.00
  3.79	        4.00	        0.00	        0.00	        1.00	        3.00	        1.00
  3.80	        4.00	        0.00	        0.00	        1.00	        3.00	        1.00
  3.81	        4.00	        0.00	        0.00	        1.00	        3.00	        1.00
  3.82	        4.00	        0.00	        0.00	        1.00	        3.00	        1.00
  3.83	        4.00	        0.00	        0.00	        1.00	        3.00	        1.00
  3.84	        4.00	        0.00	        0.00	        1.00	        3.00	        1.00
  3.85	        4.00	        0.00	        0.00	        1.00	        3.00	        1.00
  3.86	        4.00	        0.00	        0.00	        1.00	        3.00	        1.00
  3.87	        4.00	        0.00	        0.00	        1.00	        3.00	        1.00
  3.88	        4.00	        0.00	        0.00	        1.00	        3.00	        1.00
  3.89	        4.00	        0.00	        0.00	        1.00	        3.00	        1.00
  3.90	        4.00	        0.00	        0.00	        1.00	        3.00	        1.00
  3.91	        4.00	        0.00	        0.00	        1.00	        3.00	        1.00
  3.92	        4.00	        0.00	        0.00	        1.00	        3.00	        1.00
  3.93	        5.00	        0.00	        0.00	        1.00	        4.00	        1.00
  3.94	        5.00	        0.00	        0.00	        1.00	        4.00	        1.00
  3.95	        5.00	        0.00	        0.00	        1.00	        4.00	        1.00
  3.96	        5.00	        0.00	        0.00	        1.00	        4.00	        1.00
  3.97	        6.00	        0.00	        0.00	        1.00	        5.00	        1.00
  3.98	        6.00	        0.00	        0.00	        1.00	        5.00	        1.00
  3.99	        6.00	        0.00	        0.00	        1.00	        5.00	        1.00
  4.00	        6.00	        0.00	   599999.00	        1.00	        5.00	        1.00
  4.01	        6.00	        0.00	   599988.00	        1.00	        5.00	        1.00
  4.02	        6.00	        0.00	   599970.00	        1.00	        5.00	        1.00
  4.03	        6.00	        0.00	   599950.00	        1.00	        5.00	        1.00
  4.04	        6.00	        0.00	   599934.00	        1.00	        5.00	        1.00
  4.05	        7.00	        0.00	   599912.00	        1.00	        6.00	        1.00
  4.06	        8.00	        0.00	   599895.00	        1.00	        7.00	        1.00
  4.07	        8.00	        0.00	   599883.00	        1.00	        7.00	        1.00
  4.08	        8.00	        0.00	   599857.00	        1.00	        7.00	        1.00
  4.09	        8.00	        0.00	   599842.00	        1.00	        7.00	        1.00
  4.10	        8.00	        0.00	   599823.00	        1.00	        7.00	        1.00
  4.11	        8.00	        0.00	   599804.00	        1.00	        7.00	        1.00
  4.12	        9.00	        0.00	   599783.00	        1.00	        8.00	        1.00
  4.13	        9.00	        0.00	   599762.00	        1.00	        8.00	        1.00
  4.14	        9.00	        0.00	   599748.00	        1.00	        8.00	        1.00
  4.15	        9.00	        0.00	   599734.00	        1.00	        8.00	        1.00
  4.16	        9.00	        0.00	   599709.00	        1.00	        8.00	        1.00
  4.17	        9.00	        0.00	   599688.00	        1.00	        8.00	        1.00
  4.18	        9.00	        0.00	   599669.00	        1.00	        8.00	        1.00
  4.19	        9.00	        0.00	   599649.00	        1.00	        8.00	        1.00
  4.20	        9.00	        0.00	   599626.00	        1.00	        8.00	        1.00
  4.21	        9.00	        0.00	   599608.00	        1.00	        8.00	        1.00
  4.22	        9.00	        0.00	   599594.00	        1.00	        8.00	        1.00
  4.23	        9.00	        0.00	   599577.00	        1.00	        8.00	        1.00
  4.24	        9.00	        0.00	   599560.00	        1.00	        8.00	        1.00
  4.25	        9.00	        0.00	   599540.00	        1.00	        8.00	        1.00
  4.26	        9.00	        0.00	   599524.00	        1.00	        8.00	        1.00
  4.27	        9.00	        0.00	   599509.00	        1.00	        8.00	        1.00
  4.28	        9.00	        0.00	   599491.00	        1.00	        8.00	        1.00
  4.29	       10.00	        0.00	   599477.00	        1.00	        9.00	        1.00
  4.30	       10.00	        0.00	   599462.00	        1.00	        9.00	        1.00
  4.31	       10.00	        0.00	   599441.00	        1.00	        9.00	        1.00
  4.32	       10.00	        0.00	   599432.00	        1.00	        9.00	        1.00
  4.33	       10.00	        0.00	   599419.00	        1.00	        9.00	        1.00
  4.34	       10.00	        0.00	   599405.00	        1.00	        9.00	        1.00
  4.35	       10.00	        0.00	   599395.00	        1.00	        9.00	        1.00
  4.36	       10.00	        0.00	   599379.00	        1.00	        9.00	        1.00
  4.37	       11.00	        0.00	   599370.00	        1.00	       10.00	        1.00
  4.38	       12.00	        0.00	   599353.00	        1.00	       11.00	        1.00
  4.39	       13.00	        0.00	   599340.00	        1.00	       12.00	        1.00
  4.40	       14.00	        0.00	   599325.00	        1.00	       13.00	        1.00
  4.41	       14.00	        0.00	   599305.00	        1.00	       13.00	        1.00
  4.42	       14.00	        0.00	   599284.00	        1.00	       13.00	        1.00
  4.43	       14.00	        0.00	   599260.00	        1.00	       13.00	        1.00
  4.44	       14.00	        0.00	   599247.00	        1.00	       13.00	        1.00
  4.45	       14.00	        0.00	   599230.00	        1.00	       13.00	        1.00
  4.46	       15.00	        0.00	   599207.00	        1.00	       14.00	        1.00
  4.47	       15.00	        0.00	   599197.00	        1.00	       14.00	        1.00
  4.48	       15.00	        0.00	   599174.00	        1.00	       14.00	        1.00
  4.49	       15.00	        0.00	   599157.00	        1.00	       14.00	        1.00
  4.50	       15.00	        0.00	   599140.00	        1.00	       14.00	        1.00
  4.51	       16.00	        0.00	   599117.00	        1.00	       15.00	        1.00
  4.52	       16.00	        0.00	   599089.00	        1.00	       15.00	        1.00
  4.53	       16.00	        0.00	   599072.00	        1.00	       15.00	        1.00
  4.54	       16.00	        0.00	   599055.00	        1.00	       15.00	        1.00
  4.55	       16.00	        0.00	   599043.00	        1.00	       15.00	        1.00
  4.56	       16.00	        0.00	   599025.00	        1.00	       15.00	        1.00
  4.57	       16.00	        0.00	   599003.00	        1.00	       15.00	        1.00
  4.58	       16.00	        0.00	   598991.00	        1.00	       15.00	        1.00
  4.59	       17.00	        0.00	   598970.00	        1.00	       16.00	        1.00
  4.60	       17.00	        0.00	   598952.00	        1.00	       16.00	        1.00
  4.61	       17.00	        0.00	   598934.00	        1.00	       16.00	        1.00
  4.62	       17.00	        0.00	   598917.00	        1.00	       16.00	        1.00
  4.63	       17.00	        0.00	   598905.00	        1.00	       16.00	        1.00
  4.64	       19.00	        0.00	   598890.00	        1.00	       18.00	        1.00
  4.65	       19.00	        0.00	   598874.00	        1.00	       18.00	        1.00
  4.66	       19.00	        0.00	   598853.00	        1.00	       18.00	        1.00
  4.67	       19.00	        0.00	   598834.00	        1.00	       18.00	        1.00
  4.68	       19.00	        0.00	   598821.00	        1.00	       18.00	        1.00
  4.69	       20.00	        0.00	   598799.00	        1.00	       19.00	        1.00
  4.70	       20.00	        0.00	   598779.00	        1.00	       19.00	        1.00
  4.71	       20.00	        0.00	   598763.00	        1.00	       19.00	        1.00
  4.72	       20.00	        0.00	   598742.00	        1.00	       19.00	        1.00
  4.73	       20.00	        0.00	   598725.00	        1.00	       19.00	        1.00
  4.74	       20.00	        0.00	   598715.00	        1.00	       19.00	        1.00
  4.75	       20.00	        0.00	   598699.00	        1.00	       19.00	        1.00
  4.76	       20.00	        0.00	   598683.00	        1.00	       19.00	        1.00
  4.77	       21.00	        0.00	   598662.00	        1.00	       20.00	        1.00
  4.78	       21.00	        0.00	   598649.00	        1.00	       20.00	        1.00
  4.79	       22.00	        0.00	   598631.00	        1.00	       21.00	        1.00
  4.80	       22.00	        0.00	   598617.00	        1.00	       21.00	        1.00
  4.81	       22.00	        0.00	   598590.00	        1.00	       21.00	        1.00
  4.82	       23.00	        0.00	   598574.00	        1.00	       22.00	        1.00
  4.83	       24.00	        0.00	   598555.00	        1.00	       23.00	        1.00
  4.84	       26.00	        0.00	   598528.00	        1.00	       25.00	        1.00
  4.85	       28.00	        0.00	   598514.00	        1.00	       27.00	        1.00
  4.86	       29.00	        0.00	   598493.00	        1.00	       28.00	        1.00
  4.87	       29.00	        0.00	   598473.00	        1.00	       28.00	        1.00
  4.88	       30.00	        0.00	   598444.00	        1.00	       29.00	        1.00
  4.89	       30.00	        0.00	   598415.00	        1.00	       29.00	        1.00
  4.90	       31.00	        0.00	   598398.00	        1.00	       30.00	        1.00
  4.91	       31.00	        0.00	   598377.00	        1.00	       30.00	        1.00
  4.92	       32.00	        0.00	   598364.00	        1.00	       31.00	        1.00
  4.93	       32.00	        0.00	   598342.00	        1.00	       31.00	        1.00
  4.94	       32.00	        0.00	   598319.00	        1.00	       31.00	        1.00
  4.95	       32.00	        0.00	   598300.00	        1.00	       31.00	        1.00
  4.96	       32.00	        0.00	   598285.00	        1.00	       31.00	        1.00
  4.97	       33.00	        0.00	   598269.00	        1.00	       32.00	        1.00
  4.98	       35.00	        0.00	   598257.00	        1.00	       34.00	        1.00
  4.99	       35.00	        0.00	   598235.00	        1.00	       34.00	        1.00
  5.00	       36.00	        0.00	   598224.00	        1.00	       35.00	        1.00
  5.01	       38.00	        0.00	   598213.00	        1.00	       37.00	        1.00
  5.02	       38.00	        0.00	   598197.00	        1.00	       37.00	        1.00
  5.03	       40.00	        0.00	   598184.00	        1.00	       39.00	        1.00
  5.04	       40.00	        0.00	   598166.00	        1.00	       39.00	        1.00
  5.05	       42.00	        0.00	   598155.00	        1.00	       41.00	        1.00
  5.06	       43.00	        0.00	   598137.00	        1.00	       42.00	        1.00
  5.07	       43.00	        0.00	   598117.00	        1.00	       42.00	        1.00
  5.08	       44.00	        0.00	   598101.00	        1.00	       43.00	        1.00
  5.09	       44.00	        0.00	   598078.00	        1.00	       43.00	        1.00
  5.10	       45.00	        0.00	   598066.00	        1.00	       44.00	        1.00
  5.11	       45.00	        0.00	   598050.00	        1.00	       44.00	        1.00
  5.12	       46.00	        0.00	   598033.00	        1.00	       45.00	        1.00
  5.13	       47.00	        0.00	   598011.00	        1.00	       46.00	        1.00
  5.14	       49.00	        0.00	   597988.00	        1.00	       48.00	        1.00
  5.15	       49.00	        0.00	   597976.00	        1.00	       48.00	        1.00
  5.16	       49.00	        0.00	   597958.00	        1.00	       48.00	        1.00
  5.17	       50.00	        0.00	   597942.00	        1.00	       49.00	        1.00
  5.18	       50.00	        0.00	   597924.00	        1.00	       49.00	        1.00
  5.19	       51.00	        0.00	   597910.00	        1.00	       50.00	        1.00
  5.20	       53.00	        0.00	   597893.00	        1.00	       52.00	        1.00
  5.21	       57.00	        0.00	   597874.00	        1.00	       56.00	        1.00
  5.22	       58.00	        0.00	   597857.00	        1.00	       57.00	        1.00
  5.23	       58.00	        0.00	   597837.00	        1.00	       57.00	        1.00
  5.24	       60.00	        0.00	   597822.00	        1.00	       59.00	        1.00
  5.25	       61.00	        0.00	   597794.00	        1.00	       60.00	        1.00
  5.26	       63.00	        0.00	   597774.00	        1.00	       62.00	        1.00
  5.27	       66.00	        0.00	   597748.00	        1.00	       65.00	        1.00
  5.28	       69.00	        0.00	   597732.00	        1.00	       68.00	        1.00
  5.29	       69.00	        0.00	   597717.00	        1.00	       68.00	        1.00
  5.30	       69.00	        0.00	   597703.00	        1.00	       68.00	        1.00
  5.31	       69.00	        1.00	   597686.00	        1.00	       69.00	        1.00
  5.32	       70.00	        1.00	   597664.00	        1.00	       70.00	        1.00
  5.33	       73.00	        1.00	   597644.00	        1.00	       73.00	        1.00
  5.34	       74.00	        1.00	   597634.00	        1.00	       74.00	        1.00
  5.35	       77.00	        1.00	   597612.00	        1.00	       77.00	        1.00
  5.36	       78.00	        1.00	   597592.00	        1.00	       78.00	        1.00
  5.37	       79.00	        1.00	   597580.00	        1.00	       79.00	        1.00
  5.38	       79.00	        1.00	   597565.00	        1.00	       79.00	        1.00
  5.39	       78.00	        2.00	   597550.00	        1.00	       79.00	        1.00
  5.40	       78.00	        2.00	   597534.00	        1.00	       79.00	        1.00
  5.41	       82.00	        2.00	   597512.00	        1.00	       83.00	        1.00
  5.42	       84.00	        2.00	   597497.00	        1.00	       85.00	        1.00
  5.43	       85.00	        2.00	   597478.00	        1.00	       86.00	        1.00
  5.44	       87.00	        2.00	   597459.00	        1.00	       88.00	        1.00
  5.45	       88.00	        2.00	   597442.00	        1.00	       89.00	        1.00
  5.46	       91.00	        2.00	   597425.00	        1.00	       92.00	        1.00
  5.47	       93.00	        2.00	   597400.00	        1.00	       94.00	        1.00
  5.48	       94.00	        2.00	   597377.00	        1.00	       95.00	        1.00
  5.49	       98.00	        2.00	   597354.00	        1.00	       99.00	        1.00
  5.50	      102.00	        2.00	   597329.00	        1.00	      103.00	        1.00
  5.51	      105.00	        2.00	   597314.00	        1.00	      106.00	        1.00
  5.52	      107.00	        2.00	   597301.00	        1.00	      108.00	        1.00
  5.53	      110.00	        2.00	   597275.00	        1.00	      111.00	        1.00
  5.54	      113.00	        2.00	   597252.00	        1.00	      114.00	        1.00
  5.55	      114.00	        2.00	   597240.00	        1.00	      115.00	        1.00
  5.56	      115.00	        2.00	   597219.00	        1.00	      116.00	        1.00
  5.57	      117.00	        2.00	   597205.00	        1.00	      118.00	        1.00
  5.58	      118.00	        2.00	   597183.00	        1.00	      119.00	        1.00
  5.59	      118.00	        2.00	   597160.00	        1.00	      119.00	        1.00
  5.60	      120.00	        2.00	   597141.00	        1.00	      121.00	        1.00
  5.61	      122.00	        2.00	   597130.00	        1.00	      123.00	        1.00
  5.62	      123.00	        2.00	   597119.00	        1.00	      124.00	        1.00
  5.63	      125.00	        2.00	   597097.00	        1.00	      126.00	        1.00
  5.64	      126.00	        2.00	   597074.00	        1.00	      127.00	        1.00
  5.65	      128.00	        2.00	   597061.00	        1.00	      129.00	        1.00
  5.66	      132.00	        2.00	   597044.00	        1.00	      133.00	        1.00
  5.67	      135.00	        2.00	   597032.00	        1.00	      136.00	        1.00
  5.68	      137.00	        2.00	   597008.00	        1.00	      138.00	        1.00
  5.69	      140.00	        2.00	   596989.00	        1.00	      141.00	        1.00
  5.70	      140.00	        2.00	   596974.00	        1.00	      141.00	        1.00
  5.71	      142.00	        3.00	   596956.00	        1.00	      144.00	        1.00
  5.72	      143.00	        3.00	   596937.00	        1.00	      145.00	        1.00
  5.73	      145.00	        3.00	   596917.00	        1.00	      147.00	        1.00
  5.74	      146.00	        3.00	   596900.00	        1.00	      148.00	        1.00
  5.75	      148.00	        3.00	   596882.00	        1.00	      150.00	        1.00
  5.76	      149.00	        3.00	   596868.00	        1.00	      151.00	        1.00
  5.77	      151.00	        4.00	   596850.00	        1.00	      154.00	        1.00
  5.78	      154.00	        4.00	   596829.00	        1.00	      157.00	        1.00
  5.79	      154.00	        5.00	   596812.00	        1.00	      158.00	        1.00
  5.80	      157.00	        5.00	   596797.00	        1.00	      161.00	        1.00
  5.81	      162.00	        5.00	   596779.00	        1.00	      166.00	        1.00
  5.82	      166.00	        5.00	   596760.00	        1.00	      170.00	        1.00
  5.83	      169.00	        5.00	   596741.00	        1.00	      173.00	        1.00
  5.84	      170.00	        5.00	   596720.00	        1.00	      174.00	        1.00
  5.85	      176.00	        6.00	   596697.00	        1.00	      181.00	        1.00
  5.86	      177.00	        6.00	   596679.00	        1.00	      182.00	        1.00
  5.87	      180.00	        6.00	   596663.00	        1.00	      185.00	        1.00
  5.88	      183.00	        6.00	   596648.00	        1.00	      188.00	        1.00
  5.89	      185.00	        6.00	   596634.00	        1.00	      190.00	        1.00
  5.90	      187.00	        6.00	   596615.00	        1.00	      192.00	        1.00
  5.91	      189.00	        7.00	   596592.00	        1.00	      195.00	        1.00
  5.92	      192.00	        7.00	   596575.00	        1.00	      198.00	        1.00
  5.93	      195.00	        7.00	   596557.00	        1.00	      201.00	        1.00
  5.94	      196.00	        7.00	   596541.00	        1.00	      202.00	        1.00
  5.95	      198.00	        7.00	   596521.00	        1.00	      204.00	        1.00
  5.96	      202.00	        7.00	   596505.00	        1.00	      208.00	        1.00
  5.97	      206.00	        7.00	   596491.00	        1.00	      212.00	        1.00
  5.98	      212.00	        7.00	   596464.00	        1.00	      218.00	        1.00
  5.99	      214.00	        7.00	   596453.00	        1.00	      220.00	        1.00
  6.00	      220.00	        7.00	   596428.00	        1.00	      226.00	        1.00
  6.01	      221.00	        7.00	   596409.00	        1.00	      227.00	        1.00
  6.02	      224.00	        7.00	   596386.00	        1.00	      230.00	        1.00
  6.03	      231.00	        7.00	   596360.00	        1.00	      237.00	        1.00
  6.04	      102.00	      138.00	   596549.00	        1.00	      240.00	        1.00
  6.05	      103.00	      138.00	   596527.00	        1.00	      241.00	        1.00
  6.06	      103.00	      139.00	   596504.00	        1.00	      242.00	        1.00
  6.07	      104.00	      139.00	   596482.00	        1.00	      243.00	        1.00
  6.08	      104.00	      139.00	   596468.00	        1.00	      243.00	        1.00
  6.09	      107.00	      139.00	   596451.00	        1.00	      246.00	        1.00
  6.10	      110.00	      139.00	   596433.00	        1.00	      249.00	        1.00
  6.11	      115.00	      139.00	   596412.00	        1.00	      254.00	        1.00
  6.12	      116.00	      139.00	   596384.00	        1.00	      255.00	        1.00
  6.13	      118.00	      139.00	   596375.00	        1.00	      257.00	        1.00
  6.14	      121.00	      139.00	   596360.00	        1.00	      260.00	        1.00
  6.15	      124.00	      139.00	   596344.00	        1.00	      263.00	        1.00
  6.16	      127.00	      139.00	   596325.00	        1.00	      266.00	        1.00
  6.17	      128.00	      140.00	   596301.00	        1.00	      268.00	        1.00
  6.18	      131.00	      140.00	   596286.00	        1.00	      271.00	        1.00
  6.19	      132.00	      140.00	   596275.00	        1.00	      272.00	        1.00
  6.20	      133.00	      140.00	   596258.00	        1.00	      273.00	        1.00
  6.21	      133.00	      140.00	   596234.00	        1.00	      273.00	        1.00
  6.22	      136.00	      140.00	   596219.00	        1.00	      276.00	        1.00
  6.23	      138.00	      140.00	   596201.00	        1.00	      278.00	        1.00
  6.24	      142.00	      140.00	   596180.00	        1.00	      282.00	        1.00
  6.25	      143.00	      140.00	   596165.00	        1.00	      283.00	        1.00
  6.26	      143.00	      140.00	   596152.00	        1.00	      283.00	        1.00
  6.27	      146.00	      140.00	   596131.00	        1.00	      286.00	        1.00
  6.28	      146.00	      140.00	   596108.00	        1.00	      286.00	        1.00
  6.29	      146.00	      140.00	   596088.00	        1.00	      286.00	        1.00
  6.30	      148.00	      140.00	   596072.00	        1.00	      288.00	        1.00
  6.31	      148.00	      140.00	   596058.00	        1.00	      288.00	        1.00
  6.32	      148.00	      141.00	   596043.00	        1.00	      289.00	        1.00
  6.33	      149.00	      141.00	   596021.00	        1.00	      290.00	        1.00
  6.34	      151.00	      141.00	   596007.00	        1.00	      292.00	        1.00
  6.35	      151.00	      142.00	   595994.00	        1.00	      293.00	        1.00
  6.36	      153.00	      142.00	   595979.00	        1.00	      295.00	        1.00
  6.37	      157.00	      142.00	   595960.00	        1.00	      299.00	        1.00
  6.38	      161.00	      142.00	   595946.00	        1.00	      303.00	        1.00
  6.39	      163.00	      142.00	   595932.00	        1.00	      305.00	        1.00
  6.40	      165.00	      142.00	   595916.00	        1.00	      307.00	        1.00
  6.41	      167.00	      142.00	   595894.00	        1.00	      309.00	        1.00
  6.42	       96.00	      217.00	   596081.00	        1.00	      314.00	        1.00
  6.43	       96.00	      217.00	   596064.00	        1.00	      314.00	        1.00
  6.44	       97.00	      217.00	   596051.00	        1.00	      315.00	        1.00
  6.45	       99.00	      217.00	   596025.00	        1.00	      317.00	        1.00
  6.46	      100.00	      218.00	   596010.00	        1.00	      319.00	        1.00
  6.47	       54.00	      263.00	   596189.00	        1.00	      319.00	        1.00
  6.48	       55.00	      263.00	   596170.00	        1.00	      320.00	        1.00
  6.49	       57.00	      263.00	   596153.00	        1.00	      322.00	        1.00
  6.50	       57.00	      263.00	   596131.00	        1.00	      322.00	        1.00
  6.51	       57.00	      264.00	   596113.00	        1.00	      323.00	        1.00
  6.52	       57.00	      264.00	   596097.00	        1.00	      323.00	        1.00
  6.53	       34.00	      287.00	   596270.00	        1.00	      324.00	        1.00
  6.54	       34.00	      287.00	   596254.00	        1.00	      324.00	        1.00
  6.55	       18.00	      302.00	   596439.00	        1.00	      324.00	        1.00
  6.56	       18.00	      302.00	   596416.00	        1.00	      324.00	        1.00
  6.57	       18.00	      302.00	   596399.00	        1.00	      324.00	        1.00
  6.58	        6.00	      313.00	   596576.00	        1.00	      324.00	        1.00
  6.59	        2.00	      316.00	   596762.00	        1.00	      324.00	        1.00
  6.60	        2.00	      316.00	   596745.00	        1.00	      324.00	        1.00
  6.61	        0.00	      317.00	   596922.00	        0.00	      324.00	        1.00
  6.62	        0.00	      317.00	   596903.00	        0.00	      324.00	        1.00
  6.63	        0.00	      317.00	   596881.00	        0.00	      324.00	        1.00
  6.64	        0.00	      315.00	   597264.00	        0.00	      324.00	        1.00
  6.65	        0.00	      313.00	   597643.00	        0.00	      324.00	        1.00
  6.66	        0.00	      313.00	   597627.00	        0.00	      324.00	        1.00
  6.67	        0.00	      313.00	   597607.00	        0.00	      324.00	        1.00
  6.68	        0.00	      313.00	   597584.00	        0.00	      324.00	        1.00
  6.69	        0.00	      313.00	   597558.00	        0.00	      324.00	        1.00
  6.70	        0.00	      312.00	   597742.00	        0.00	      324.00	        1.00
  6.71	        0.00	      312.00	   597725.00	        0.00	      324.00	        1.00
  6.72	        0.00	      312.00	   597710.00	        0.00	      324.00	        1.00
  6.73	        0.00	      311.00	   597893.00	        0.00	      324.00	        1.00
  6.74	        0.00	      311.00	   597868.00	        0.00	      324.00	        1.00
  6.75	        0.00	      311.00	   597844.00	        0.00	      324.00	        1.00
  6.76	        0.00	      309.00	   598228.00	        0.00	      324.00	        1.00
  6.77	        0.00	      308.00	   598408.00	        0.00	      324.00	        1.00
  6.78	        0.00	      307.00	   598586.00	        0.00	      324.00	        1.00
  6.79	        0.00	      307.00	   598568.00	        0.00	      324.00	        1.00
  6.80	        0.00	      306.00	   598750.00	        0.00	      324.00	        1.00
  6.81	        0.00	      304.00	   599131.00	        0.00	      324.00	        1.00
  6.82	        0.00	      302.00	   599513.00	        0.00	      324.00	        1.00
  6.83	        0.00	      298.00	   600289.00	        0.00	      324.00	        1.00
  6.84	        0.00	      297.00	   600476.00	        0.00	      324.00	        1.00
  6.85	        0.00	      297.00	   600456.00	        0.00	      324.00	        1.00
  6.86	        0.00	      297.00	   600440.00	        0.00	      324.00	        1.00
  6.87	        0.00	      296.00	   600624.00	        0.00	      324.00	        1.00
  6.88	        0.00	      295.00	   600811.00	        0.00	      324.00	        1.00
  6.89	        0.00	      293.00	   601189.00	        0.00	      324.00	        1.00
  6.90	        0.00	      290.00	   601774.00	        0.00	      324.00	        1.00
  6.91	        0.00	      287.00	   602363.00	        0.00	      324.00	        1.00
  6.92	        0.00	      283.00	   603138.00	        0.00	      324.00	        1.00
  6.93	        0.00	      282.00	   603319.00	        0.00	      324.00	        1.00
  6.94	        0.00	      282.00	   603298.00	        0.00	      324.00	        1.00
  6.95	        0.00	      280.00	   603682.00	        0.00	      324.00	        1.00
  6.96	        0.00	      279.00	   603857.00	        0.00	      324.00	        1.00
  6.97	        0.00	      279.00	   603825.00	        0.00	      324.00	        1.00
  6.98	        0.00	      276.00	   604406.00	        0.00	      324.00	        1.00
  6.99	        0.00	      274.00	   604787.00	        0.00	      324.00	        1.00
  7.00	        0.00	      273.00	   604969.00	        0.00	      324.00	        1.00
  7.01	        0.00	      270.00	   605545.00	        0.00	      324.00	        1.00
  7.02	        0.00	      266.00	   606331.00	        0.00	      324.00	        1.00
  7.03	        0.00	      262.00	   607110.00	        0.00	      324.00	        1.00
  7.04	        0.00	      258.00	   607885.00	        0.00	      324.00	        1.00
  7.05	        0.00	      256.00	   608265.00	        0.00	      324.00	        1.00
  7.06	        0.00	      255.00	   608432.00	        0.00	      324.00	        1.00
  7.07	        0.00	      254.00	   608610.00	        0.00	      324.00	        1.00
  7.08	        0.00	      251.00	   609180.00	        0.00	      324.00	        1.00
  7.09	        0.00	      246.00	   610160.00	        0.00	      324.00	        1.00
  7.10	        0.00	      245.00	   610320.00	        0.00	      324.00	        1.00
  7.11	        0.00	      242.00	   610876.00	        0.00	      324.00	        1.00
  7.12	        0.00	      239.00	   611453.00	        0.00	      324.00	        1.00
  7.13	        0.00	      238.00	   611629.00	        0.00	      324.00	        1.00
  7.14	        0.00	      235.00	   612215.00	        0.00	      324.00	        1.00
  7.15	        0.00	      233.00	   612587.00	        0.00	      324.00	        1.00
  7.16	        0.00	      233.00	   612560.00	        0.00	      324.00	        1.00
  7.17	        0.00	      231.00	   612933.00	        0.00	      324.00	        1.00
  7.18	        0.00	      229.00	   613314.00	        0.00	      324.00	        1.00
  7.19	        0.00	      228.00	   613496.00	        0.00	      324.00	        1.00
  7.20	        0.00	      226.00	   613870.00	        0.00	      324.00	        1.00
  7.21	        0.00	      223.00	   614446.00	        0.00	      324.00	        1.00
  7.22	        0.00	      218.00	   615410.00	        0.00	      324.00	        1.00
  7.23	        0.00	      214.00	   616182.00	        0.00	      324.00	        1.00
  7.24	        0.00	      211.00	   616747.00	        0.00	      324.00	        1.00
  7.25	        0.00	      209.00	   617116.00	        0.00	      324.00	        1.00
  7.26	        0.00	      209.00	   617087.00	        0.00	      324.00	        1.00
  7.27	        0.00	      206.00	   617653.00	        0.00	      324.00	        1.00
  7.28	        0.00	      200.00	   618829.00	        0.00	      324.00	        1.00
  7.29	        0.00	      198.00	   619199.00	        0.00	      324.00	        1.00
  7.30	        0.00	      195.00	   619777.00	        0.00	      324.00	        1.00
  7.31	        0.00	      192.00	   620355.00	        0.00	      324.00	        1.00
  7.32	        0.00	      190.00	   620729.00	        0.00	      324.00	        1.00
  7.33	        0.00	      188.00	   621099.00	        0.00	      324.00	        1.00
  7.34	        0.00	      187.00	   621267.00	        0.00	      324.00	        1.00
  7.35	        0.00	      183.00	   622040.00	        0.00	      324.00	        1.00
  7.36	        0.00	      180.00	   622614.00	        0.00	      324.00	        1.00
  7.37	        0.00	      176.00	   623390.00	        0.00	      324.00	        1.00
  7.38	        0.00	      170.00	   624543.00	        0.00	      324.00	        1.00
  7.39	        0.00	      167.00	   625115.00	        0.00	      324.00	        1.00
  7.40	        0.00	      167.00	   625086.00	        0.00	      324.00	        1.00
  7.41	        0.00	      162.00	   626066.00	        0.00	      324.00	        1.00
  7.42	        0.00	      159.00	   626641.00	        0.00	      324.00	        1.00
  7.43	        0.00	      158.00	   626822.00	        0.00	      324.00	        1.00
  7.44	        0.00	      158.00	   626795.00	        0.00	      324.00	        1.00
  7.45	        0.00	      154.00	   627558.00	        0.00	      324.00	        1.00
  7.46	        0.00	      152.00	   627934.00	        0.00	      324.00	        1.00
  7.47	        0.00	      152.00	   627901.00	        0.00	      324.00	        1.00
  7.48	        0.00	      150.00	   628280.00	        0.00	      324.00	        1.00
  7.49	        0.00	      143.00	   629645.00	        0.00	      324.00	        1.00
  7.50	        0.00	      139.00	   630412.00	        0.00	      324.00	        1.00
  7.51	        0.00	      136.00	   630991.00	        0.00	      324.00	        1.00
  7.52	        0.00	      134.00	   631364.00	        0.00	      324.00	        1.00
  7.53	        0.00	      133.00	   631541.00	        0.00	      324.00	        1.00
  7.54	        0.00	      131.00	   631913.00	        0.00	      324.00	        1.00
  7.55	        0.00	      127.00	   632686.00	        0.00	      324.00	        1.00
  7.56	        0.00	      124.00	   633249.00	        0.00	      324.00	        1.00
  7.57	        0.00	      120.00	   634021.00	        0.00	      324.00	        1.00
  7.58	        0.00	      116.00	   634785.00	        0.00	      324.00	        1.00
  7.59	        0.00	      114.00	   635150.00	        0.00	      324.00	        1.00
  7.60	        0.00	      111.00	   635727.00	        0.00	      324.00	        1.00
  7.61	        0.00	      108.00	   636305.00	        0.00	      324.00	        1.00
  7.62	        0.00	      106.00	   636679.00	        0.00	      324.00	        1.00
  7.63	        0.00	      103.00	   637257.00	        0.00	      324.00	        1.00
  7.64	        0.00	       99.00	   638033.00	        0.00	      324.00	        1.00
  7.65	        0.00	       97.00	   638407.00	        0.00	      324.00	        1.00
  7.66	        0.00	       96.00	   638572.00	        0.00	      324.00	        1.00
  7.67	        0.00	       95.00	   638733.00	        0.00	      324.00	        1.00
  7.68	        0.00	       93.00	   639102.00	        0.00	      324.00	        1.00
  7.69	        0.00	       92.00	   639274.00	        0.00	      324.00	        1.00
  7.70	        0.00	       92.00	   639238.00	        0.00	      324.00	        1.00
  7.71	        0.00	       91.00	   639403.00	        0.00	      324.00	        1.00
  7.72	        0.00	       90.00	   639581.00	        0.00	      324.00	        1.00
  7.73	        0.00	       88.00	   639954.00	        0.00	      324.00	        1.00
  7.74	        0.00	       84.00	   640719.00	        0.00	      324.00	        1.00
  7.75	        0.00	       83.00	   640894.00	        0.00	      324.00	        1.00
  7.76	        0.00	       82.00	   641061.00	        0.00	      324.00	        1.00
  7.77	        0.00	       81.00	   641239.00	        0.00	      324.00	        1.00
  7.78	        0.00	       79.00	   641622.00	        0.00	      324.00	        1.00
  7.79	        0.00	       78.00	   641783.00	        0.00	      324.00	        1.00
  7.80	        0.00	       75.00	   642362.00	        0.00	      324.00	        1.00
  7.81	        0.00	       73.00	   642747.00	        0.00	      324.00	        1.00
  7.82	        0.00	       67.00	   643920.00	        0.00	      324.00	        1.00
  7.83	        0.00	       65.00	   644299.00	        0.00	      324.00	        1.00
  7.84	        0.00	       64.00	   644473.00	        0.00	      324.00	        1.00
  7.85	        0.00	       61.00	   645052.00	        0.00	      324.00	        1.00
  7.86	        0.00	       60.00	   645230.00	        0.00	      324.00	        1.00
  7.87	        0.00	       60.00	   645203.00	        0.00	      324.00	        1.00
  7.88	        0.00	       59.00	   645377.00	        0.00	      324.00	        1.00
  7.89	        0.00	       59.00	   645343.00	        0.00	      324.00	        1.00
  7.90	        0.00	       59.00	   645314.00	        0.00	      324.00	        1.00
  7.91	        0.00	       56.00	   645884.00	        0.00	      324.00	        1.00
  7.92	        0.00	       53.00	   646460.00	        0.00	      324.00	        1.00
  7.93	        0.00	       53.00	   646437.00	        0.00	      324.00	        1.00
  7.94	        0.00	       52.00	   646615.00	        0.00	      324.00	        1.00
  7.95	        0.00	       51.00	   646780.00	        0.00	      324.00	        1.00
  7.96	        0.00	       50.00	   646949.00	        0.00	      324.00	        1.00
  7.97	        0.00	       48.00	   647323.00	        0.00	      324.00	        1.00
  7.98	        0.00	       47.00	   647499.00	        0.00	      324.00	        1.00
  7.99	        0.00	       47.00	   647474.00	        0.00	      324.00	        1.00
  8.00	        0.00	       46.00	   647644.00	        0.00	      324.00	        1.00
  8.01	        0.00	       46.00	   647620.00	        0.00	      324.00	        1.00
  8.02	        0.00	       45.00	   647794.00	        0.00	      324.00	        1.00
  8.03	        0.00	       44.00	   647966.00	        0.00	      324.00	        1.00
  8.04	        0.00	       41.00	   648539.00	        0.00	      324.00	        1.00
  8.05	        0.00	       38.00	   649097.00	        0.00	      324.00	        1.00
  8.06	        0.00	       36.00	   649477.00	        0.00	      324.00	        1.00
  8.07	        0.00	       35.00	   649647.00	        0.00	      324.00	        1.00
  8.08	        0.00	       35.00	   649621.00	        0.00	      324.00	        1.00
  8.09	        0.00	       33.00	   649996.00	        0.00	      324.00	        1.00
  8.10	        0.00	       33.00	   649971.00	        0.00	      324.00	        1.00
  8.11	        0.00	       30.00	   650538.00	        0.00	      324.00	        1.00
  8.12	        0.00	       29.00	   650711.00	        0.00	      324.00	        1.00
  8.13	        0.00	       29.00	   650689.00	        0.00	      324.00	        1.00
  8.14	        0.00	       29.00	   650668.00	        0.00	      324.00	        1.00
  8.15	        0.00	       28.00	   650841.00	        0.00	      324.00	        1.00
  8.16	        0.00	       28.00	   650823.00	        0.00	      324.00	        1.00
  8.17	        0.00	       28.00	   650800.00	        0.00	      324.00	        1.00
  8.18	        0.00	       28.00	   650784.00	        0.00	      324.00	        1.00
  8.19	        0.00	       27.00	   650966.00	        0.00	      324.00	        1.00
  8.20	        0.00	       26.00	   651142.00	        0.00	      324.00	        1.00
  8.21	        0.00	       25.00	   651314.00	        0.00	      324.00	        1.00
  8.22	        0.00	       25.00	   651286.00	        0.00	      324.00	        1.00
  8.23	        0.00	       24.00	   651462.00	        0.00	      324.00	        1.00
  8.24	        0.00	       23.00	   651635.00	        0.00	      324.00	        1.00
  8.25	        0.00	       23.00	   651615.00	        0.00	      324.00	        1.00
  8.26	        0.00	       22.00	   651797.00	        0.00	      324.00	        1.00
  8.27	        0.00	       22.00	   651773.00	        0.00	      324.00	        1.00
  8.28	        0.00	       20.00	   652155.00	        0.00	      324.00	        1.00
  8.29	        0.00	       20.00	   652127.00	        0.00	      324.00	        1.00
  8.30	        0.00	       19.00	   652310.00	        0.00	      324.00	        1.00
  8.31	        0.00	       19.00	   652287.00	        0.00	      324.00	        1.00
  8.32	        0.00	       19.00	   652264.00	        0.00	      324.00	        1.00
  8.33	        0.00	       19.00	   652245.00	        0.00	      324.00	        1.00
  8.34	        0.00	       19.00	   652217.00	        0.00	      324.00	        1.00
  8.35	        0.00	       18.00	   652398.00	        0.00	      324.00	        1.00
  8.36	        0.00	       18.00	   652375.00	        0.00	      324.00	        1.00
  8.37	        0.00	       17.00	   652557.00	        0.00	      324.00	        1.00
  8.38	        0.00	       17.00	   652539.00	        0.00	      324.00	        1.00
  8.39	        0.00	       17.00	   652519.00	        0.00	      324.00	        1.00
  8.40	        0.00	       16.00	   652699.00	        0.00	      324.00	        1.00
  8.41	        0.00	       14.00	   653074.00	        0.00	      324.00	        1.00
  8.42	        0.00	       13.00	   653255.00	        0.00	      324.00	        1.00
  8.43	        0.00	       12.00	   653431.00	        0.00	      324.00	        1.00
  8.44	        0.00	       10.00	   653813.00	        0.00	      324.00	        1.00
  8.45	        0.00	       10.00	   653784.00	        0.00	      324.00	        1.00
  8.46	        0.00	       10.00	   653757.00	        0.00	      324.00	        1.00
  8.47	        0.00	       10.00	   653736.00	        0.00	      324.00	        1.00
  8.48	        0.00	       10.00	   653719.00	        0.00	      324.00	        1.00
  8.49	        0.00	       10.00	   653699.00	        0.00	      324.00	        1.00
  8.50	        0.00	        9.00	   653880.00	        0.00	      324.00	        1.00
  8.51	        0.00	        8.00	   654057.00	        0.00	      324.00	        1.00
  8.52	        0.00	        7.00	   654239.00	        0.00	      324.00	        1.00
  8.53	        0.00	        7.00	   654224.00	        0.00	      324.00	        1.00
  8.54	        0.00	        7.00	   654200.00	        0.00	      324.00	        1.00
  8.55	        0.00	        6.00	   654375.00	        0.00	      324.00	        1.00
  8.56	        0.00	        5.00	   654557.00	        0.00	      324.00	        1.00
  8.57	        0.00	        5.00	   654531.00	        0.00	      324.00	        1.00
  8.58	        0.00	        4.00	   654706.00	        0.00	      324.00	        1.00
  8.59	        0.00	        4.00	   654688.00	        0.00	      324.00	        1.00
  8.60	        0.00	        4.00	   654666.00	        0.00	      324.00	        1.00
  8.61	        0.00	        4.00	   654648.00	        0.00	      324.00	        1.00
  8.62	        0.00	        4.00	   654632.00	        0.00	      324.00	        1.00
  8.63	        0.00	        4.00	   654613.00	        0.00	      324.00	        1.00
  8.64	        0.00	        4.00	   654589.00	        0.00	      324.00	        1.00
  8.65	        0.00	        4.00	   654569.00	        0.00	      324.00	        1.00
  8.66	        0.00	        2.00	   654948.00	        0.00	      324.00	        1.00
  8.67	        0.00	        2.00	   654931.00	        0.00	      324.00	        1.00
  8.68	        0.00	        2.00	   654906.00	        0.00	      324.00	        1.00
  8.69	        0.00	        2.00	   654882.00	        0.00	      324.00	        1.00
  8.70	        0.00	        1.00	   655058.00	        0.00	      324.00	        1.00
  8.71	        0.00	        1.00	   655039.00	        0.00	      324.00	        1.00
  8.72	        0.00	        1.00	   655017.00	        0.00	      324.00	        1.00
  8.73	        0.00	        1.00	   654998.00	        0.00	      324.00	        1.00
  8.74	        0.00	        0.00	   655178.00	        0.00	      324.00	        0.00
