Datatype: PopulationSize
  0.00	        1.00	        0.00	   600000.00	        1.00	        0.00	        1.00
  0.01	        1.00	        0.00	   599973.00	        1.00	        0.00	        1.00
  0.02	        1.00	        0.00	   599963.00	        1.00	        0.00	        1.00
  0.03	        1.00	        0.00	   599941.00	        1.00	        0.00	        1.00
  0.04	        1.00	        0.00	   599931.00	        1.00	        0.00	        1.00
  0.05	        1.00	        0.00	   599907.00	        1.00	        0.00	        1.00
  0.06	        1.00	        0.00	   599892.00	        1.00	        0.00	        1.00
  0.07	        1.00	        0.00	   599873.00	        1.00	        0.00	        1.00
  0.08	        1.00	        0.00	   599853.00	        1.00	        0.00	        1.00
  0.09	        1.00	        0.00	   599835.00	        1.00	        0.00	        1.00
  0.10	        1.00	        0.00	   599809.00	        1.00	        0.00	        1.00
  0.11	        1.00	        0.00	   599797.00	        1.00	        0.00	        1.00
  0.12	        1.00	        0.00	   599779.00	        1.00	        0.00	        1.00
  0.13	        1.00	        0.00	   599764.00	        1.00	        0.00	        1.00
  0.14	        1.00	        0.00	   599746.00	        1.00	        0.00	        1.00
  0.15	        1.00	        0.00	   599723.00	        1.00	        0.00	        1.00
  0.16	        1.00	        0.00	   599706.00	        1.00	        0.00	        1.00
  0.17	        1.00	        0.00	   599688.00	        1.00	        0.00	        1.00
  0.18	        1.00	        0.00	   599662.00	        1.00	        0.00	        1.00
  0.19	        1.00	        0.00	   599649.00	        1.00	        0.00	        1.00
  0.20	        1.00	        0.00	   599632.00	        1.00	        0.00	        1.00
  0.21	        1.00	        0.00	   599610.00	        1.00	        0.00	        1.00
  0.22	        1.00	        0.00	   599595.00	        1.00	        0.00	        1.00
  0.23	        1.00	        0.00	   599579.00	        1.00	        0.00	        1.00
  0.24	        1.00	        0.00	   599561.00	        1.00	        0.00	        1.00
  0.25	        1.00	        0.00	   599546.00	        1.00	        0.00	        1.00
  0.26	        1.00	        0.00	   599532.00	        1.00	        0.00	        1.00
  0.27	        1.00	        0.00	   599517.00	        1.00	        0.00	        1.00
  0.28	        1.00	        0.00	   599499.00	        1.00	        0.00	        1.00
  0.29	        1.00	        0.00	   599475.00	        1.00	        0.00	        1.00
  0.30	        1.00	        0.00	   599453.00	        1.00	        0.00	        1.00
  0.31	        1.00	        0.00	   599436.00	        1.00	        0.00	        1.00
  0.32	        1.00	        0.00	   599411.00	        1.00	        0.00	        1.00
  0.33	        1.00	        0.00	   599394.00	        1.00	        0.00	        1.00
  0.34	        1.00	        0.00	   599376.00	        1.00	        0.00	        1.00
  0.35	        1.00	        0.00	   599354.00	        1.00	        0.00	        1.00
  0.36	        1.00	        0.00	   599333.00	        1.00	        0.00	        1.00
  0.37	        1.00	        0.00	   599317.00	        1.00	        0.00	        1.00
  0.38	        1.00	        0.00	   599298.00	        1.00	        0.00	        1.00
  0.39	        1.00	        0.00	   599281.00	        1.00	        0.00	        1.00
  0.40	        1.00	        0.00	   599263.00	        1.00	        0.00	        1.00
  0.41	        1.00	        0.00	   599245.00	        1.00	        0.00	        1.00
  0.42	        1.00	        0.00	   599232.00	        1.00	        0.00	        1.00
  0.43	        1.00	        0.00	   599210.00	        1.00	        0.00	        1.00
  0.44	        1.00	        0.00	   599192.00	        1.00	        0.00	        1.00
  0.45	        2.00	        0.00	   599169.00	        1.00	        1.00	        1.00
  0.46	        2.00	        0.00	   599157.00	        1.00	        1.00	        1.00
  0.47	        2.00	        0.00	   599134.00	        1.00	        1.00	        1.00
  0.48	        2.00	        0.00	   599121.00	        1.00	        1.00	        1.00
  0.49	        2.00	        0.00	   599101.00	        1.00	        1.00	        1.00
  0.50	        2.00	        0.00	   599087.00	        1.00	        1.00	        1.00
  0.51	        2.00	        0.00	   599072.00	        1.00	        1.00	        1.00
  0.52	        2.00	        0.00	   599054.00	        1.00	        1.00	        1.00
  0.53	        3.00	        0.00	   599042.00	        1.00	        2.00	        1.00
  0.54	        3.00	        0.00	   599028.00	        1.00	        2.00	        1.00
  0.55	        3.00	        0.00	   599006.00	        1.00	        2.00	        1.00
  0.56	        3.00	        0.00	   598983.00	        1.00	        2.00	        1.00
  0.57	        3.00	        0.00	   598964.00	        1.00	        2.00	        1.00
  0.58	        3.00	        0.00	   598948.00	        1.00	        2.00	        1.00
  0.59	        3.00	        0.00	   598923.00	        1.00	        2.00	        1.00
  0.60	        3.00	        0.00	   598916.00	        1.00	        2.00	        1.00
  0.61	        3.00	        0.00	   598901.00	        1.00	        2.00	        1.00
  0.62	        3.00	        0.00	   598881.00	        1.00	        2.00	        1.00
  0.63	        3.00	        0.00	   598864.00	        1.00	        2.00	        1.00
  0.64	        3.00	        0.00	   598842.00	        1.00	        2.00	        1.00
  0.65	        3.00	        0.00	   598815.00	        1.00	        2.00	        1.00
  0.66	        3.00	        0.00	   598803.00	        1.00	        2.00	        1.00
  0.67	        3.00	        0.00	   598787.00	        1.00	        2.00	        1.00
  0.68	        3.00	        0.00	   598774.00	        1.00	        2.00	        1.00
  0.69	        4.00	        0.00	   598757.00	        1.00	        3.00	        1.00
  0.70	        4.00	        0.00	   598732.00	        1.00	        3.00	        1.00
  0.71	        4.00	        0.00	   598711.00	        1.00	        3.00	        1.00
  0.72	        4.00	        0.00	   598697.00	        1.00	        3.00	        1.00
  0.73	        4.00	        0.00	   598670.00	        1.00	        3.00	        1.00
  0.74	        4.00	        0.00	   598656.00	        1.00	        3.00	        1.00
  0.75	        4.00	        0.00	   598637.00	        1.00	        3.00	        1.00
  0.76	        4.00	        0.00	   598616.00	        1.00	        3.00	        1.00
  0.77	        4.00	        0.00	   598601.00	        1.00	        3.00	        1.00
  0.78	        4.00	        0.00	   598580.00	        1.00	        3.00	        1.00
  0.79	        4.00	        0.00	   598564.00	        1.00	        3.00	        1.00
  0.80	        4.00	        0.00	   598537.00	        1.00	        3.00	        1.00
  0.81	        4.00	        0.00	   598521.00	        1.00	        3.00	        1.00
  0.82	        4.00	        0.00	   598503.00	        1.00	        3.00	        1.00
  0.83	        4.00	        0.00	   598487.00	        1.00	        3.00	        1.00
  0.84	        4.00	        0.00	   598470.00	        1.00	        3.00	        1.00
  0.85	        5.00	        0.00	   598442.00	        1.00	        4.00	        1.00
  0.86	        5.00	        0.00	   598428.00	        1.00	        4.00	        1.00
  0.87	        5.00	        0.00	   598411.00	        1.00	        4.00	        1.00
  0.88	        5.00	        0.00	   598395.00	        1.00	        4.00	        1.00
  0.89	        5.00	        0.00	   598383.00	        1.00	        4.00	        1.00
  0.90	        5.00	        0.00	   598366.00	        1.00	        4.00	        1.00
  0.91	        5.00	        0.00	   598350.00	        1.00	        4.00	        1.00
  0.92	        5.00	        0.00	   598337.00	        1.00	        4.00	        1.00
  0.93	        6.00	        0.00	   598316.00	        1.00	        5.00	        1.00
  0.94	        6.00	        0.00	   598298.00	        1.00	        5.00	        1.00
  0.95	        6.00	        0.00	   598283.00	        1.00	        5.00	        1.00
  0.96	        6.00	        0.00	   598265.00	        1.00	        5.00	        1.00
  0.97	        7.00	        0.00	   598245.00	        1.00	        6.00	        1.00
  0.98	        7.00	        0.00	   598224.00	        1.00	        6.00	        1.00
  0.99	        7.00	        0.00	   598202.00	        1.00	        6.00	        1.00
  1.00	        7.00	        0.00	   598185.00	        1.00	        6.00	        1.00
  1.01	        7.00	        0.00	   598168.00	        1.00	        6.00	        1.00
  1.02	        7.00	        0.00	   598149.00	        1.00	        6.00	        1.00
  1.03	        7.00	        0.00	   598131.00	        1.00	        6.00	        1.00
  1.04	        7.00	        0.00	   598115.00	        1.00	        6.00	        1.00
  1.05	        7.00	        0.00	   598099.00	        1.00	        6.00	        1.00
  1.06	        7.00	        0.00	   598079.00	        1.00	        6.00	        1.00
  1.07	        7.00	        0.00	   598054.00	        1.00	        6.00	        1.00
  1.08	        7.00	        0.00	   598041.00	        1.00	        6.00	        1.00
  1.09	        7.00	        0.00	   598021.00	        1.00	        6.00	        1.00
  1.10	        7.00	        0.00	   598007.00	        1.00	        6.00	        1.00
  1.11	        6.00	        1.00	   597986.00	        1.00	        6.00	        1.00
  1.12	        6.00	        1.00	   597970.00	        1.00	        6.00	        1.00
  1.13	        6.00	        1.00	   597954.00	        1.00	        6.00	        1.00
  1.14	        6.00	        1.00	   597940.00	        1.00	        6.00	        1.00
  1.15	        6.00	        1.00	   597916.00	        1.00	        6.00	        1.00
  1.16	        6.00	        1.00	   597905.00	        1.00	        6.00	        1.00
  1.17	        6.00	        1.00	   597891.00	        1.00	        6.00	        1.00
  1.18	        6.00	        1.00	   597868.00	        1.00	        6.00	        1.00
  1.19	        6.00	        1.00	   597849.00	        1.00	        6.00	        1.00
  1.20	        6.00	        1.00	   597834.00	        1.00	        6.00	        1.00
  1.21	        6.00	        1.00	   597812.00	        1.00	        6.00	        1.00
  1.22	        6.00	        1.00	   597798.00	        1.00	        6.00	        1.00
  1.23	        7.00	        1.00	   597785.00	        1.00	        7.00	        1.00
  1.24	        8.00	        1.00	   597769.00	        1.00	        8.00	        1.00
  1.25	        8.00	        1.00	   597751.00	        1.00	        8.00	        1.00
  1.26	        8.00	        1.00	   597720.00	        1.00	        8.00	        1.00
  1.27	        8.00	        1.00	   597705.00	        1.00	        8.00	        1.00
  1.28	        8.00	        1.00	   597689.00	        1.00	        8.00	        1.00
  1.29	        9.00	        1.00	   597669.00	        1.00	        9.00	        1.00
  1.30	        9.00	        1.00	   597649.00	        1.00	        9.00	        1.00
  1.31	        9.00	        1.00	   597634.00	        1.00	        9.00	        1.00
  1.32	        9.00	        1.00	   597614.00	        1.00	        9.00	        1.00
  1.33	        9.00	        1.00	   597605.00	        1.00	        9.00	        1.00
  1.34	        9.00	        1.00	   597589.00	        1.00	        9.00	        1.00
  1.35	        9.00	        1.00	   597571.00	        1.00	        9.00	        1.00
  1.36	        9.00	        1.00	   597548.00	        1.00	        9.00	        1.00
  1.37	        9.00	        1.00	   597525.00	        1.00	        9.00	        1.00
  1.38	        9.00	        1.00	   597503.00	        1.00	        9.00	        1.00
  1.39	        9.00	        1.00	   597489.00	        1.00	        9.00	        1.00
  1.40	        9.00	        1.00	   597468.00	        1.00	        9.00	        1.00
  1.41	        9.00	        1.00	   597455.00	        1.00	        9.00	        1.00
  1.42	        9.00	        1.00	   597440.00	        1.00	        9.00	        1.00
  1.43	        9.00	        1.00	   597420.00	        1.00	        9.00	        1.00
  1.44	       10.00	        1.00	   597412.00	        1.00	       10.00	        1.00
  1.45	       10.00	        1.00	   597401.00	        1.00	       10.00	        1.00
  1.46	       10.00	        1.00	   597373.00	        1.00	       10.00	        1.00
  1.47	       10.00	        1.00	   597350.00	        1.00	       10.00	        1.00
  1.48	       11.00	        1.00	   597339.00	        1.00	       11.00	        1.00
  1.49	       11.00	        1.00	   597322.00	        1.00	       11.00	        1.00
  1.50	       11.00	        1.00	   597307.00	        1.00	       11.00	        1.00
  1.51	       12.00	        1.00	   597292.00	        1.00	       12.00	        1.00
  1.52	       12.00	        1.00	   597272.00	        1.00	       12.00	        1.00
  1.53	       12.00	        1.00	   597257.00	        1.00	       12.00	        1.00
  1.54	       13.00	        1.00	   597227.00	        1.00	       13.00	        1.00
  1.55	       13.00	        1.00	   597211.00	        1.00	       13.00	        1.00
  1.56	       14.00	        1.00	   597200.00	        1.00	       14.00	        1.00
  1.57	       14.00	        1.00	   597181.00	        1.00	       14.00	        1.00
  1.58	       14.00	        1.00	   597166.00	        1.00	       14.00	        1.00
  1.59	       14.00	        1.00	   597152.00	        1.00	       14.00	        1.00
  1.60	       14.00	        1.00	   597139.00	        1.00	       14.00	        1.00
  1.61	       15.00	        1.00	   597127.00	        1.00	       15.00	        1.00
  1.62	       15.00	        1.00	   597111.00	        1.00	       15.00	        1.00
  1.63	       16.00	        1.00	   597092.00	        1.00	       16.00	        1.00
  1.64	       16.00	        1.00	   597071.00	        1.00	       16.00	        1.00
  1.65	       16.00	        1.00	   597060.00	        1.00	       16.00	        1.00
  1.66	       16.00	        1.00	   597042.00	        1.00	       16.00	        1.00
  1.67	       17.00	        1.00	   597029.00	        1.00	       17.00	        1.00
  1.68	       18.00	        1.00	   597012.00	        1.00	       18.00	        1.00
  1.69	       19.00	        1.00	   596992.00	        1.00	       19.00	        1.00
  1.70	       19.00	        1.00	   596978.00	        1.00	       19.00	        1.00
  1.71	       19.00	        1.00	   596956.00	        1.00	       19.00	        1.00
  1.72	       19.00	        1.00	   596941.00	        1.00	       19.00	        1.00
  1.73	       20.00	        1.00	   596929.00	        1.00	       20.00	        1.00
  1.74	       20.00	        1.00	   596918.00	        1.00	       20.00	        1.00
  1.75	       20.00	        1.00	   596892.00	        1.00	       20.00	        1.00
  1.76	       22.00	        1.00	   596875.00	        1.00	       22.00	        1.00
  1.77	       23.00	        1.00	   596864.00	        1.00	       23.00	        1.00
  1.78	       23.00	        1.00	   596840.00	        1.00	       23.00	        1.00
  1.79	       23.00	        1.00	   596830.00	        1.00	       23.00	        1.00
  1.80	       24.00	        1.00	   596817.00	        1.00	       24.00	        1.00
  1.81	       24.00	        1.00	   596802.00	        1.00	       24.00	        1.00
  1.82	       24.00	        1.00	   596785.00	        1.00	       24.00	        1.00
  1.83	       24.00	        1.00	   596771.00	        1.00	       24.00	        1.00
  1.84	       25.00	        1.00	   596752.00	        1.00	       25.00	        1.00
  1.85	       27.00	        1.00	   596730.00	        1.00	       27.00	        1.00
  1.86	       29.00	        1.00	   596715.00	        1.00	       29.00	        1.00
  1.87	       30.00	        1.00	   596702.00	        1.00	       30.00	        1.00
  1.88	       30.00	        1.00	   596685.00	        1.00	       30.00	        1.00
  1.89	       30.00	        1.00	   596662.00	        1.00	       30.00	        1.00
  1.90	       31.00	        1.00	   596641.00	        1.00	       31.00	        1.00
  1.91	       31.00	        1.00	   596621.00	        1.00	       31.00	        1.00
  1.92	       31.00	        1.00	   596603.00	        1.00	       31.00	        1.00
  1.93	       31.00	        1.00	   596588.00	        1.00	       31.00	        1.00
  1.94	       33.00	        1.00	   596570.00	        1.00	       33.00	        1.00
  1.95	       34.00	        1.00	   596554.00	        1.00	       34.00	        1.00
  1.96	       34.00	        1.00	   596539.00	        1.00	       34.00	        1.00
  1.97	       36.00	        1.00	   596525.00	        1.00	       36.00	        1.00
  1.98	       36.00	        1.00	   596504.00	        1.00	       36.00	        1.00
  1.99	       36.00	        1.00	   596482.00	        1.00	       36.00	        1.00
  2.00	       36.00	        1.00	   596462.00	        1.00	       36.00	        1.00
  2.01	       37.00	        1.00	   596438.00	        1.00	       37.00	        1.00
  2.02	       38.00	        1.00	   596421.00	        1.00	       38.00	        1.00
  2.03	       40.00	        1.00	   596410.00	        1.00	       40.00	        1.00
  2.04	       40.00	        1.00	   596393.00	        1.00	       40.00	        1.00
  2.05	       40.00	        1.00	   596378.00	        1.00	       40.00	        1.00
  2.06	       40.00	        1.00	   596366.00	        1.00	       40.00	        1.00
  2.07	       40.00	        1.00	   596350.00	        1.00	       40.00	        1.00
  2.08	       40.00	        1.00	   596331.00	        1.00	       40.00	        1.00
  2.09	       41.00	        1.00	   596310.00	        1.00	       41.00	        1.00
  2.10	       43.00	        1.00	   596299.00	        1.00	       43.00	        1.00
  2.11	       44.00	        1.00	   596279.00	        1.00	       44.00	        1.00
  2.12	       44.00	        1.00	   596255.00	        1.00	       44.00	        1.00
  2.13	       44.00	        1.00	   596241.00	        1.00	       44.00	        1.00
  2.14	       44.00	        1.00	   596218.00	        1.00	       44.00	        1.00
  2.15	       45.00	        1.00	   596187.00	        1.00	       45.00	        1.00
  2.16	       45.00	        1.00	   596168.00	        1.00	       45.00	        1.00
  2.17	       46.00	        1.00	   596149.00	        1.00	       46.00	        1.00
  2.18	       46.00	        1.00	   596130.00	        1.00	       46.00	        1.00
  2.19	       46.00	        1.00	   596105.00	        1.00	       46.00	        1.00
  2.20	       46.00	        1.00	   596090.00	        1.00	       46.00	        1.00
  2.21	       46.00	        1.00	   596074.00	        1.00	       46.00	        1.00
  2.22	       47.00	        1.00	   596059.00	        1.00	       47.00	        1.00
  2.23	       47.00	        1.00	   596038.00	        1.00	       47.00	        1.00
  2.24	       47.00	        1.00	   596025.00	        1.00	       47.00	        1.00
  2.25	       48.00	        1.00	   596007.00	        1.00	       48.00	        1.00
  2.26	       49.00	        1.00	   595990.00	        1.00	       49.00	        1.00
  2.27	       49.00	        3.00	   595972.00	        1.00	       51.00	        1.00
  2.28	       49.00	        3.00	   595954.00	        1.00	       51.00	        1.00
  2.29	        0.00	       51.00	   596139.00	        0.00	       51.00	        1.00
  2.30	        0.00	       51.00	   596122.00	        0.00	       51.00	        1.00
  2.31	        0.00	       51.00	   596106.00	        0.00	       51.00	        1.00
  2.32	        0.00	       51.00	   596078.00	        0.00	       51.00	        1.00
  2.33	        0.00	       51.00	   596067.00	        0.00	       51.00	        1.00
  2.34	        0.00	       51.00	   596048.00	        0.00	       51.00	        1.00
  2.35	        0.00	       51.00	   596029.00	        0.00	       51.00	        1.00
  2.36	        0.00	       51.00	   596014.00	        0.00	       51.00	        1.00
  2.37	        0.00	       51.00	   595993.00	        0.00	       51.00	        1.00
  2.38	        0.00	       51.00	   595972.00	        0.00	       51.00	        1.00
  2.39	        0.00	       51.00	   595955.00	        0.00	       51.00	        1.00
  2.40	        0.00	       51.00	   595943.00	        0.00	       51.00	        1.00
  2.41	        0.00	       51.00	   595927.00	        0.00	       51.00	        1.00
  2.42	        0.00	       51.00	   595911.00	        0.00	       51.00	        1.00
  2.43	        0.00	       51.00	   595887.00	        0.00	       51.00	        1.00
  2.44	        0.00	       51.00	   595867.00	        0.00	       51.00	        1.00
  2.45	        0.00	       51.00	   595848.00	        0.00	       51.00	        1.00
  2.46	        0.00	       51.00	   595827.00	        0.00	       51.00	        1.00
  2.47	        0.00	       51.00	   595811.00	        0.00	       51.00	        1.00
  2.48	        0.00	       51.00	   595787.00	        0.00	       51.00	        1.00
  2.49	        0.00	       51.00	   595773.00	        0.00	       51.00	        1.00
  2.50	        0.00	       51.00	   595759.00	        0.00	       51.00	        1.00
  2.51	        0.00	       51.00	   595734.00	        0.00	       51.00	        1.00
  2.52	        0.00	       51.00	   595719.00	        0.00	       51.00	        1.00
  2.53	        0.00	       51.00	   595695.00	        0.00	       51.00	        1.00
  2.54	        0.00	       51.00	   595676.00	        0.00	       51.00	        1.00
  2.55	        0.00	       51.00	   595658.00	        0.00	       51.00	        1.00
  2.56	        0.00	       51.00	   595638.00	        0.00	       51.00	        1.00
  2.57	        0.00	       51.00	   595619.00	        0.00	       51.00	        1.00
  2.58	        0.00	       51.00	   595600.00	        0.00	       51.00	        1.00
  2.59	        0.00	       51.00	   595574.00	        0.00	       51.00	        1.00
  2.60	        0.00	       51.00	   595557.00	        0.00	       51.00	        1.00
  2.61	        0.00	       51.00	   595542.00	        0.00	       51.00	        1.00
  2.62	        0.00	       51.00	   595528.00	        0.00	       51.00	        1.00
  2.63	        0.00	       51.00	   595509.00	        0.00	       51.00	        1.00
  2.64	        0.00	       51.00	   595496.00	        0.00	       51.00	        1.00
  2.65	        0.00	       51.00	   595468.00	        0.00	       51.00	        1.00
  2.66	        0.00	       51.00	   595459.00	        0.00	       51.00	        1.00
  2.67	        0.00	       51.00	   595434.00	        0.00	       51.00	        1.00
  2.68	        0.00	       51.00	   595416.00	        0.00	       51.00	        1.00
  2.69	        0.00	       50.00	   595600.00	        0.00	       51.00	        1.00
  2.70	        0.00	       50.00	   595578.00	        0.00	       51.00	        1.00
  2.71	        0.00	       50.00	   595552.00	        0.00	       51.00	        1.00
  2.72	        0.00	       50.00	   595534.00	        0.00	       51.00	        1.00
  2.73	        0.00	       50.00	   595522.00	        0.00	       51.00	        1.00
  2.74	        0.00	       50.00	   595506.00	        0.00	       51.00	        1.00
  2.75	        0.00	       50.00	   595491.00	        0.00	       51.00	        1.00
  2.76	        0.00	       50.00	   595474.00	        0.00	       51.00	        1.00
  2.77	        0.00	       50.00	   595457.00	        0.00	       51.00	        1.00
  2.78	        0.00	       50.00	   595441.00	        0.00	       51.00	        1.00
  2.79	        0.00	       50.00	   595415.00	        0.00	       51.00	        1.00
  2.80	        0.00	       50.00	   595407.00	        0.00	       51.00	        1.00
  2.81	        0.00	       50.00	   595387.00	        0.00	       51.00	        1.00
  2.82	        0.00	       50.00	   595373.00	        0.00	       51.00	        1.00
  2.83	        0.00	       48.00	   595760.00	        0.00	       51.00	        1.00
  2.84	        0.00	       48.00	   595743.00	        0.00	       51.00	        1.00
  2.85	        0.00	       48.00	   595729.00	        0.00	       51.00	        1.00
  2.86	        0.00	       48.00	   595706.00	        0.00	       51.00	        1.00
  2.87	        0.00	       48.00	   595687.00	        0.00	       51.00	        1.00
  2.88	        0.00	       48.00	   595675.00	        0.00	       51.00	        1.00
  2.89	        0.00	       48.00	   595660.00	        0.00	       51.00	        1.00
  2.90	        0.00	       48.00	   595641.00	        0.00	       51.00	        1.00
  2.91	        0.00	       48.00	   595622.00	        0.00	       51.00	        1.00
  2.92	        0.00	       48.00	   595604.00	        0.00	       51.00	        1.00
  2.93	        0.00	       48.00	   595583.00	        0.00	       51.00	        1.00
  2.94	        0.00	       48.00	   595570.00	        0.00	       51.00	        1.00
  2.95	        0.00	       48.00	   595549.00	        0.00	       51.00	        1.00
  2.96	        0.00	       48.00	   595527.00	        0.00	       51.00	        1.00
  2.97	        0.00	       48.00	   595511.00	        0.00	       51.00	        1.00
  2.98	        0.00	       48.00	   595498.00	        0.00	       51.00	        1.00
  2.99	        0.00	       48.00	   595478.00	        0.00	       51.00	        1.00
  3.00	        0.00	       48.00	   595465.00	        0.00	       51.00	        1.00
  3.01	        0.00	       48.00	   595447.00	        0.00	       51.00	        1.00
  3.02	        0.00	       48.00	   595433.00	        0.00	       51.00	        1.00
  3.03	        0.00	       48.00	   595413.00	        0.00	       51.00	        1.00
  3.04	        0.00	       48.00	   595400.00	        0.00	       51.00	        1.00
  3.05	        0.00	       47.00	   595573.00	        0.00	       51.00	        1.00
  3.06	        0.00	       47.00	   595554.00	        0.00	       51.00	        1.00
  3.07	        0.00	       47.00	   595536.00	        0.00	       51.00	        1.00
  3.08	        0.00	       47.00	   595521.00	        0.00	       51.00	        1.00
  3.09	        0.00	       47.00	   595500.00	        0.00	       51.00	        1.00
  3.10	        0.00	       47.00	   595477.00	        0.00	       51.00	        1.00
  3.11	        0.00	       46.00	   595656.00	        0.00	       51.00	        1.00
  3.12	        0.00	       46.00	   595634.00	        0.00	       51.00	        1.00
  3.13	        0.00	       46.00	   595615.00	        0.00	       51.00	        1.00
  3.14	        0.00	       44.00	   596003.00	        0.00	       51.00	        1.00
  3.15	        0.00	       43.00	   596178.00	        0.00	       51.00	        1.00
  3.16	        0.00	       41.00	   596558.00	        0.00	       51.00	        1.00
  3.17	        0.00	       40.00	   596747.00	        0.00	       51.00	        1.00
  3.18	        0.00	       40.00	   596733.00	        0.00	       51.00	        1.00
  3.19	        0.00	       40.00	   596716.00	        0.00	       51.00	        1.00
  3.20	        0.00	       39.00	   596896.00	        0.00	       51.00	        1.00
  3.21	        0.00	       39.00	   596876.00	        0.00	       51.00	        1.00
  3.22	        0.00	       38.00	   597059.00	        0.00	       51.00	        1.00
  3.23	        0.00	       37.00	   597243.00	        0.00	       51.00	        1.00
  3.24	        0.00	       37.00	   597220.00	        0.00	       51.00	        1.00
  3.25	        0.00	       37.00	   597202.00	        0.00	       51.00	        1.00
  3.26	        0.00	       37.00	   597180.00	        0.00	       51.00	        1.00
  3.27	        0.00	       36.00	   597364.00	        0.00	       51.00	        1.00
  3.28	        0.00	       35.00	   597547.00	        0.00	       51.00	        1.00
  3.29	        0.00	       33.00	   597925.00	        0.00	       51.00	        1.00
  3.30	        0.00	       32.00	   598106.00	        0.00	       51.00	        1.00
  3.31	        0.00	       32.00	   598083.00	        0.00	       51.00	        1.00
  3.32	        0.00	       32.00	   598065.00	        0.00	       51.00	        1.00
  3.33	        0.00	       32.00	   598047.00	        0.00	       51.00	        1.00
  3.34	        0.00	       32.00	   598022.00	        0.00	       51.00	        1.00
  3.35	        0.00	       32.00	   598007.00	        0.00	       51.00	        1.00
  3.36	        0.00	       31.00	   598199.00	        0.00	       51.00	        1.00
  3.37	        0.00	       30.00	   598386.00	        0.00	       51.00	        1.00
  3.38	        0.00	       29.00	   598576.00	        0.00	       51.00	        1.00
  3.39	        0.00	       29.00	   598551.00	        0.00	       51.00	        1.00
  3.40	        0.00	       28.00	   598729.00	        0.00	       51.00	        1.00
  3.41	        0.00	       28.00	   598711.00	        0.00	       51.00	        1.00
  3.42	        0.00	       28.00	   598693.00	        0.00	       51.00	        1.00
  3.43	        0.00	       27.00	   598872.00	        0.00	       51.00	        1.00
  3.44	        0.00	       26.00	   599056.00	        0.00	       51.00	        1.00
  3.45	        0.00	       26.00	   599038.00	        0.00	       51.00	        1.00
  3.46	        0.00	       24.00	   599417.00	        0.00	       51.00	        1.00
  3.47	        0.00	       24.00	   599393.00	        0.00	       51.00	        1.00
  3.48	        0.00	       23.00	   599572.00	        0.00	       51.00	        1.00
  3.49	        0.00	       22.00	   599760.00	        0.00	       51.00	        1.00
  3.50	        0.00	       22.00	   599743.00	        0.00	       51.00	        1.00
  3.51	        0.00	       21.00	   599921.00	        0.00	       51.00	        1.00
  3.52	        0.00	       20.00	   600094.00	        0.00	       51.00	        1.00
  3.53	        0.00	       18.00	   600472.00	        0.00	       51.00	        1.00
  3.54	        0.00	       18.00	   600459.00	        0.00	       51.00	        1.00
  3.55	        0.00	       18.00	   600433.00	        0.00	       51.00	        1.00
  3.56	        0.00	       18.00	   600412.00	        0.00	       51.00	        1.00
  3.57	        0.00	       18.00	   600391.00	        0.00	       51.00	        1.00
  3.58	        0.00	       17.00	   600569.00	        0.00	       51.00	        1.00
  3.59	        0.00	       16.00	   600751.00	        0.00	       51.00	        1.00
  3.60	        0.00	       15.00	   600933.00	        0.00	       51.00	        1.00
  3.61	        0.00	       15.00	   600923.00	        0.00	       51.00	        1.00
  3.62	        0.00	       14.00	   601103.00	        0.00	       51.00	        1.00
  3.63	        0.00	       14.00	   601084.00	        0.00	       51.00	        1.00
  3.64	        0.00	       14.00	   601069.00	        0.00	       51.00	        1.00
  3.65	        0.00	       14.00	   601046.00	        0.00	       51.00	        1.00
  3.66	        0.00	       14.00	   601026.00	        0.00	       51.00	        1.00
  3.67	        0.00	       14.00	   601014.00	        0.00	       51.00	        1.00
  3.68	        0.00	       14.00	   600999.00	        0.00	       51.00	        1.00
  3.69	        0.00	       14.00	   600985.00	        0.00	       51.00	        1.00
  3.70	        0.00	       12.00	   601367.00	        0.00	       51.00	        1.00
  3.71	        0.00	       11.00	   601553.00	        0.00	       51.00	        1.00
  3.72	        0.00	       11.00	   601536.00	        0.00	       51.00	        1.00
  3.73	        0.00	       11.00	   601517.00	        0.00	       51.00	        1.00
  3.74	        0.00	       11.00	   601495.00	        0.00	       51.00	        1.00
  3.75	        0.00	       11.00	   601486.00	        0.00	       51.00	        1.00
  3.76	        0.00	       11.00	   601469.00	        0.00	       51.00	        1.00
  3.77	        0.00	       11.00	   601452.00	        0.00	       51.00	        1.00
  3.78	        0.00	       11.00	   601428.00	        0.00	       51.00	        1.00
  3.79	        0.00	       10.00	   601605.00	        0.00	       51.00	        1.00
  3.80	        0.00	       10.00	   601586.00	        0.00	       51.00	        1.00
  3.81	        0.00	       10.00	   601570.00	        0.00	       51.00	        1.00
  3.82	        0.00	       10.00	   601554.00	        0.00	       51.00	        1.00
  3.83	        0.00	       10.00	   601535.00	        0.00	       51.00	        1.00
  3.84	        0.00	       10.00	   601514.00	        0.00	       51.00	        1.00
  3.85	        0.00	       10.00	   601497.00	        0.00	       51.00	        1.00
  3.86	        0.00	        9.00	   601679.00	        0.00	       51.00	        1.00
  3.87	        0.00	        8.00	   601858.00	        0.00	       51.00	        1.00
  3.88	        0.00	        8.00	   601846.00	        0.00	       51.00	        1.00
  3.89	        0.00	        8.00	   601828.00	        0.00	       51.00	        1.00
  3.90	        0.00	        8.00	   601812.00	        0.00	       51.00	        1.00
  3.91	        0.00	        8.00	   601795.00	        0.00	       51.00	        1.00
  3.92	        0.00	        8.00	   601778.00	        0.00	       51.00	        1.00
  3.93	        0.00	        8.00	   601754.00	        0.00	       51.00	        1.00
  3.94	        0.00	        8.00	   601732.00	        0.00	       51.00	        1.00
  3.95	        0.00	        8.00	   601709.00	        0.00	       51.00	        1.00
  3.96	        0.00	        8.00	   601678.00	        0.00	       51.00	        1.00
  3.97	        0.00	        8.00	   601666.00	        0.00	       51.00	        1.00
  3.98	        0.00	        7.00	   601848.00	        0.00	       51.00	        1.00
  3.99	        0.00	        7.00	   601826.00	        0.00	       51.00	        1.00
  4.00	        0.00	        7.00	   601809.00	        0.00	       51.00	        1.00
  4.01	        0.00	        7.00	   601793.00	        0.00	       51.00	        1.00
  4.02	        0.00	        6.00	   601970.00	        0.00	       51.00	        1.00
  4.03	        0.00	        5.00	   602159.00	        0.00	       51.00	        1.00
  4.04	        0.00	        5.00	   602138.00	        0.00	       51.00	        1.00
  4.05	        0.00	        5.00	   602128.00	        0.00	       51.00	        1.00
  4.06	        0.00	        5.00	   602112.00	        0.00	       51.00	        1.00
  4.07	        0.00	        5.00	   602088.00	        0.00	       51.00	        1.00
  4.08	        0.00	        4.00	   602272.00	        0.00	       51.00	        1.00
  4.09	        0.00	        4.00	   602246.00	        0.00	       51.00	        1.00
  4.10	        0.00	        4.00	   602209.00	        0.00	       51.00	        1.00
  4.11	        0.00	        4.00	   602195.00	        0.00	       51.00	        1.00
  4.12	        0.00	        4.00	   602182.00	        0.00	       51.00	        1.00
  4.13	        0.00	        4.00	   602163.00	        0.00	       51.00	        1.00
  4.14	        0.00	        4.00	   602151.00	        0.00	       51.00	        1.00
  4.15	        0.00	        3.00	   602330.00	        0.00	       51.00	        1.00
  4.16	        0.00	        3.00	   602311.00	        0.00	       51.00	        1.00
  4.17	        0.00	        3.00	   602294.00	        0.00	       51.00	        1.00
  4.18	        0.00	        3.00	   602279.00	        0.00	       51.00	        1.00
  4.19	        0.00	        3.00	   602255.00	        0.00	       51.00	        1.00
  4.20	        0.00	        3.00	   602236.00	        0.00	       51.00	        1.00
  4.21	        0.00	        3.00	   602217.00	        0.00	       51.00	        1.00
  4.22	        0.00	        3.00	   602202.00	        0.00	       51.00	        1.00
  4.23	        0.00	        3.00	   602181.00	        0.00	       51.00	        1.00
  4.24	        0.00	        3.00	   602165.00	        0.00	       51.00	        1.00
  4.25	        0.00	        3.00	   602154.00	        0.00	       51.00	        1.00
  4.26	        0.00	        2.00	   602337.00	        0.00	       51.00	        1.00
  4.27	        0.00	        2.00	   602324.00	        0.00	       51.00	        1.00
  4.28	        0.00	        1.00	   602504.00	        0.00	       51.00	        1.00
  4.29	        0.00	        1.00	   602489.00	        0.00	       51.00	        1.00
  4.30	        0.00	        1.00	   602472.00	        0.00	       51.00	        1.00
  4.31	        0.00	        1.00	   602455.00	        0.00	       51.00	        1.00
  4.32	        0.00	        1.00	   602437.00	        0.00	       51.00	        1.00
  4.33	        0.00	        1.00	   602421.00	        0.00	       51.00	        1.00
  4.34	        0.00	        1.00	   602398.00	        0.00	       51.00	        1.00
  4.35	        0.00	        1.00	   602382.00	        0.00	       51.00	        1.00
  4.36	        0.00	        1.00	   602359.00	        0.00	       51.00	        1.00
  4.37	        0.00	        1.00	   602344.00	        0.00	       51.00	        1.00
  4.38	        0.00	        1.00	   602327.00	        0.00	       51.00	        1.00
  4.39	        0.00	        1.00	   602305.00	        0.00	       51.00	        1.00
  4.40	        0.00	        1.00	   602280.00	        0.00	       51.00	        1.00
  4.41	        0.00	        1.00	   602257.00	        0.00	       51.00	        1.00
  4.42	        0.00	        1.00	   602236.00	        0.00	       51.00	        1.00
  4.43	        0.00	        1.00	   602223.00	        0.00	       51.00	        1.00
  4.44	        0.00	        1.00	   602207.00	        0.00	       51.00	        1.00
  4.45	        0.00	        1.00	   602192.00	        0.00	       51.00	        1.00
  4.46	        0.00	        1.00	   602174.00	        0.00	       51.00	        1.00
  4.47	        0.00	        1.00	   602149.00	        0.00	       51.00	        1.00
  4.48	        0.00	        1.00	   602137.00	        0.00	       51.00	        1.00
  4.49	        0.00	        1.00	   602129.00	        0.00	       51.00	        1.00
  4.50	        0.00	        1.00	   602122.00	        0.00	       51.00	        1.00
  4.51	        0.00	        1.00	   602103.00	        0.00	       51.00	        1.00
  4.52	        0.00	        1.00	   602081.00	        0.00	       51.00	        1.00
  4.53	        0.00	        1.00	   602069.00	        0.00	       51.00	        1.00
  4.54	        0.00	        1.00	   602057.00	        0.00	       51.00	        1.00
  4.55	        0.00	        1.00	   602038.00	        0.00	       51.00	        1.00
  4.56	        0.00	        1.00	   602020.00	        0.00	       51.00	        1.00
  4.57	        0.00	        1.00	   602003.00	        0.00	       51.00	        1.00
  4.58	        0.00	        1.00	   601981.00	        0.00	       51.00	        1.00
  4.59	        0.00	        1.00	   601962.00	        0.00	       51.00	        1.00
  4.60	        0.00	        1.00	   601944.00	        0.00	       51.00	        1.00
  4.61	        0.00	        0.00	   602129.00	        0.00	       51.00	        0.00
