Datatype: PopulationSize
  0.00	  3162278.00	        0.00	1000000000.00	        1.00	        0.00	  3162278.00
  0.01	  2911827.00	   301140.00	998685152.00	        1.00	    50636.00	  3162278.00
  0.02	  2683634.00	   576187.00	997368449.00	        1.00	    97420.00	  3162278.00
  0.03	  2475963.00	   827066.00	996051148.00	        1.00	   140527.00	  3162278.00
  0.04	  2287409.00	  1055626.00	994737616.00	        1.00	   180423.00	  3162278.00
  0.05	  2114920.00	  1265498.00	993423094.00	        1.00	   217691.00	  3162278.00
  0.06	  1956923.00	  1457742.00	992108077.00	        1.00	   251808.00	  3162278.00
  0.07	  1812211.00	  1634360.00	990796811.00	        1.00	   283576.00	  3162278.00
  0.08	  1679590.00	  1796533.00	989483395.00	        1.00	   312991.00	  3162278.00
  0.09	  1558042.00	  1945446.00	988172453.00	        1.00	   340198.00	  3162278.00
  0.10	  1445630.00	  2083285.00	986862178.00	        1.00	   365464.00	  3162278.00
  0.11	  1342015.00	  2210103.00	985552143.00	        1.00	   388511.00	  3162277.00
  0.12	  1246564.00	  2327407.00	984244701.00	        1.00	   410205.00	  3162275.00
  0.13	  1158682.00	  2435662.00	982938577.00	        1.00	   430398.00	  3162275.00
  0.14	  1077155.00	  2536074.00	981634736.00	        1.00	   449105.00	  3162275.00
  0.15	  1001673.00	  2628924.00	980333727.00	        1.00	   466344.00	  3162274.00
  0.16	   931984.00	  2714777.00	979034079.00	        1.00	   482394.00	  3162271.00
  0.17	   867045.00	  2795170.00	977736967.00	        1.00	   497753.00	  3162266.00
  0.18	   806493.00	  2869589.00	976447458.00	        0.99	   511624.00	  3162253.00
  0.19	   750180.00	  2938959.00	975162495.00	        0.99	   524783.00	  3162247.00
  0.20	   697457.00	  3003442.00	973884340.00	        0.99	   536712.00	  3162233.00
  0.21	   647826.00	  3063823.00	972618715.00	        0.98	   547899.00	  3162209.00
  0.22	   601247.00	  3120356.00	971368274.00	        0.97	   558476.00	  3162179.00
  0.23	   556689.00	  3173594.00	970133678.00	        0.96	   568127.00	  3162130.00
  0.24	   514276.00	  3223583.00	968923009.00	        0.95	   577124.00	  3162082.00
  0.25	   473698.00	  3270503.00	967735944.00	        0.93	   585304.00	  3162015.00
  0.26	   434975.00	  3314295.00	966579191.00	        0.91	   592796.00	  3161946.00
  0.27	   397686.00	  3355327.00	965465337.00	        0.88	   599700.00	  3161828.00
  0.28	   361868.00	  3393568.00	964389488.00	        0.85	   606101.00	  3161679.00
  0.29	   327394.00	  3428858.00	963364925.00	        0.82	   611922.00	  3161485.00
  0.30	   294425.00	  3460929.00	962397224.00	        0.78	   617101.00	  3161227.00
  0.31	   262368.00	  3490314.00	961494686.00	        0.73	   621798.00	  3160886.00
  0.32	   232121.00	  3515982.00	960664793.00	        0.68	   625995.00	  3160464.00
  0.33	   203103.00	  3538314.00	959912450.00	        0.63	   629644.00	  3159917.00
  0.34	   176200.00	  3556556.00	959240067.00	        0.58	   632842.00	  3159202.00
  0.35	   150795.00	  3570715.00	958666899.00	        0.52	   635515.00	  3158289.00
  0.36	   127479.00	  3580543.00	958196673.00	        0.46	   637885.00	  3157058.00
  0.37	   106563.00	  3585632.00	957824242.00	        0.40	   639864.00	  3155428.00
  0.38	    87608.00	  3585776.00	957580217.00	        0.35	   641416.00	  3153316.00
  0.39	    71438.00	  3581220.00	957423263.00	        0.29	   642793.00	  3150676.00
  0.40	    57223.00	  3571575.00	957410380.00	        0.24	   643847.00	  3147272.00
  0.41	    45267.00	  3557055.00	957517578.00	        0.20	   644714.00	  3143051.00
  0.42	    35158.00	  3537877.00	957756457.00	        0.16	   645368.00	  3137500.00
  0.43	    26812.00	  3514165.00	958132598.00	        0.13	   645897.00	  3130594.00
  0.44	    20248.00	  3486089.00	958629317.00	        0.10	   646289.00	  3122117.00
  0.45	    14899.00	  3453849.00	959269216.00	        0.07	   646605.00	  3111878.00
  0.46	    10684.00	  3417932.00	960031461.00	        0.06	   646815.00	  3099463.00
  0.47	     7526.00	  3378131.00	960934205.00	        0.04	   646959.00	  3084526.00
  0.48	     5209.00	  3335020.00	961958090.00	        0.03	   647057.00	  3067123.00
  0.49	     3522.00	  3288347.00	963133113.00	        0.02	   647142.00	  3046405.00
  0.50	     2322.00	  3238999.00	964415197.00	        0.01	   647192.00	  3022524.00
  0.51	     1527.00	  3186803.00	965820276.00	        0.01	   647226.00	  2995163.00
  0.52	     1000.00	  3132289.00	967327616.00	        0.01	   647252.00	  2963987.00
  0.53	      661.00	  3074990.00	968965851.00	        0.00	   647264.00	  2928832.00
  0.54	      426.00	  3015689.00	970703342.00	        0.00	   647276.00	  2890086.00
  0.55	      244.00	  2954493.00	972533620.00	        0.00	   647282.00	  2847585.00
  0.56	      139.00	  2891703.00	974440449.00	        0.00	   647287.00	  2801496.00
  0.57	       78.00	  2826969.00	976446688.00	        0.00	   647288.00	  2751779.00
  0.58	       48.00	  2761156.00	978509726.00	        0.00	   647292.00	  2698968.00
  0.59	       26.00	  2693851.00	980649779.00	        0.00	   647292.00	  2643077.00
  0.60	       12.00	  2625555.00	982843816.00	        0.00	   647292.00	  2584405.00
  0.61	        8.00	  2555886.00	985107823.00	        0.00	   647292.00	  2522789.00
  0.62	        3.00	  2485836.00	987391845.00	        0.00	   647292.00	  2459430.00
  0.63	        2.00	  2414261.00	989758627.00	        0.00	   647292.00	  2393429.00
  0.64	        1.00	  2343393.00	992093532.00	        0.00	   647292.00	  2327043.00
  0.65	        1.00	  2272056.00	994455220.00	        0.00	   647292.00	  2259278.00
  0.66	        1.00	  2200237.00	996844881.00	        0.00	   647292.00	  2190319.00
  0.67	        1.00	  2128135.00	999253263.00	        0.00	   647292.00	  2120490.00
  0.68	        0.00	  2056811.00	1001627412.00	        0.00	   647292.00	  2050937.00
  0.69	        0.00	  1985412.00	1004009600.00	        0.00	   647292.00	  1980888.00
  0.70	        0.00	  1914578.00	1006364852.00	        0.00	   647292.00	  1911090.00
  0.71	        0.00	  1844274.00	1008699687.00	        0.00	   647292.00	  1841538.00
  0.72	        0.00	  1774661.00	1011002773.00	        0.00	   647292.00	  1772519.00
  0.73	        0.00	  1705803.00	1013274337.00	        0.00	   647292.00	  1704070.00
  0.74	        0.00	  1638811.00	1015457424.00	        0.00	   647292.00	  1637394.00
  0.75	        0.00	  1572500.00	1017610029.00	        0.00	   647292.00	  1571315.00
  0.76	        0.00	  1507497.00	1019701123.00	        0.00	   647292.00	  1506447.00
  0.77	        0.00	  1443630.00	1021738232.00	        0.00	   647292.00	  1442678.00
  0.78	        0.00	  1381157.00	1023709376.00	        0.00	   647292.00	  1380322.00
  0.79	        0.00	  1319780.00	1025628868.00	        0.00	   647292.00	  1319039.00
  0.80	        0.00	  1259595.00	1027494553.00	        0.00	   647292.00	  1258889.00
  0.81	        0.00	  1201391.00	1029265494.00	        0.00	   647292.00	  1200715.00
  0.82	        0.00	  1144755.00	1030962831.00	        0.00	   647292.00	  1144088.00
  0.83	        0.00	  1090031.00	1032568912.00	        0.00	   647292.00	  1089328.00
  0.84	        0.00	  1036561.00	1034116377.00	        0.00	   647292.00	  1035843.00
  0.85	        0.00	   984710.00	1035582108.00	        0.00	   647292.00	   984007.00
  0.86	        0.00	   935135.00	1036939097.00	        0.00	   647292.00	   934442.00
  0.87	        0.00	   886938.00	1038229066.00	        0.00	   647292.00	   886276.00
  0.88	        0.00	   840635.00	1039430584.00	        0.00	   647292.00	   839980.00
  0.89	        0.00	   795490.00	1040575143.00	        0.00	   647292.00	   794825.00
  0.90	        0.00	   752361.00	1041622761.00	        0.00	   647292.00	   751691.00
  0.91	        0.00	   711083.00	1042582329.00	        0.00	   647292.00	   710409.00
  0.92	        0.00	   671334.00	1043466642.00	        0.00	   647292.00	   670687.00
  0.93	        0.00	   633191.00	1044275154.00	        0.00	   647292.00	   632499.00
  0.94	        0.00	   596878.00	1044993169.00	        0.00	   647292.00	   596207.00
  0.95	        0.00	   562082.00	1045638853.00	        0.00	   647292.00	   561403.00
  0.96	        0.00	   528642.00	1046217270.00	        0.00	   647292.00	   527948.00
  0.97	        0.00	   496916.00	1046715391.00	        0.00	   647292.00	   496224.00
  0.98	        0.00	   466845.00	1047133767.00	        0.00	   647292.00	   466172.00
  0.99	        0.00	   438401.00	1047472852.00	        0.00	   647292.00	   437732.00
  1.00	        0.00	   411079.00	1047757282.00	        0.00	   647292.00	   410414.00
  1.01	        0.00	   385237.00	1047967620.00	        0.00	   647292.00	   384564.00
  1.02	        0.00	   360680.00	1048115474.00	        0.00	   647292.00	   360041.00
  1.03	        0.00	   337645.00	1048189212.00	        0.00	   647292.00	   337025.00
  1.04	        0.00	   315565.00	1048218579.00	        0.00	   647292.00	   314951.00
  1.05	        0.00	   294871.00	1048179817.00	        0.00	   647292.00	   294292.00
  1.06	        0.00	   275190.00	1048093802.00	        0.00	   647292.00	   274596.00
  1.07	        0.00	   256534.00	1047955638.00	        0.00	   647292.00	   255981.00
  1.08	        0.00	   238940.00	1047768326.00	        0.00	   647292.00	   238377.00
  1.09	        0.00	   222460.00	1047527570.00	        0.00	   647292.00	   221894.00
  1.10	        0.00	   207129.00	1047230897.00	        0.00	   647292.00	   206585.00
  1.11	        0.00	   192659.00	1046892582.00	        0.00	   647292.00	   192119.00
  1.12	        0.00	   178939.00	1046517762.00	        0.00	   647292.00	   178408.00
  1.13	        0.00	   166046.00	1046100826.00	        0.00	   647292.00	   165534.00
  1.14	        0.00	   154006.00	1045644451.00	        0.00	   647292.00	   153500.00
  1.15	        0.00	   142676.00	1045154771.00	        0.00	   647292.00	   142188.00
  1.16	        0.00	   132103.00	1044628907.00	        0.00	   647292.00	   131630.00
  1.17	        0.00	   122278.00	1044065173.00	        0.00	   647292.00	   121849.00
  1.18	        0.00	   113151.00	1043468571.00	        0.00	   647292.00	   112741.00
  1.19	        0.00	   104550.00	1042849044.00	        0.00	   647292.00	   104150.00
  1.20	        0.00	    96617.00	1042196437.00	        0.00	   647292.00	    96222.00
  1.21	        0.00	    89315.00	1041514207.00	        0.00	   647292.00	    88948.00
  1.22	        0.00	    82578.00	1040802991.00	        0.00	   647292.00	    82220.00
  1.23	        0.00	    76146.00	1040079586.00	        0.00	   647292.00	    75799.00
  1.24	        0.00	    69968.00	1039343155.00	        0.00	   647292.00	    69636.00
  1.25	        0.00	    64346.00	1038578546.00	        0.00	   647292.00	    64041.00
  1.26	        0.00	    59145.00	1037797231.00	        0.00	   647292.00	    58847.00
  1.27	        0.00	    54407.00	1036991435.00	        0.00	   647292.00	    54124.00
  1.28	        0.00	    49923.00	1036175279.00	        0.00	   647292.00	    49655.00
  1.29	        0.00	    45799.00	1035343416.00	        0.00	   647292.00	    45555.00
  1.30	        0.00	    42096.00	1034490077.00	        0.00	   647292.00	    41875.00
  1.31	        0.00	    38606.00	1033627554.00	        0.00	   647292.00	    38394.00
  1.32	        0.00	    35321.00	1032753993.00	        0.00	   647292.00	    35140.00
  1.33	        0.00	    32358.00	1031867327.00	        0.00	   647292.00	    32185.00
  1.34	        0.00	    29669.00	1030965568.00	        0.00	   647292.00	    29526.00
  1.35	        0.00	    27195.00	1030055131.00	        0.00	   647292.00	    27056.00
  1.36	        0.00	    24874.00	1029138612.00	        0.00	   647292.00	    24740.00
  1.37	        0.00	    22731.00	1028214952.00	        0.00	   647292.00	    22609.00
  1.38	        0.00	    20767.00	1027283598.00	        0.00	   647292.00	    20653.00
  1.39	        0.00	    18966.00	1026344216.00	        0.00	   647292.00	    18859.00
  1.40	        0.00	    17305.00	1025401007.00	        0.00	   647292.00	    17203.00
  1.41	        0.00	    15784.00	1024451340.00	        0.00	   647292.00	    15684.00
  1.42	        0.00	    14356.00	1023497600.00	        0.00	   647292.00	    14263.00
  1.43	        0.00	    13114.00	1022535438.00	        0.00	   647292.00	    13026.00
  1.44	        0.00	    11955.00	1021569498.00	        0.00	   647292.00	    11871.00
  1.45	        0.00	    10882.00	1020602455.00	        0.00	   647292.00	    10801.00
  1.46	        0.00	     9886.00	1019632288.00	        0.00	   647292.00	     9816.00
  1.47	        0.00	     8995.00	1018655605.00	        0.00	   647292.00	     8934.00
  1.48	        0.00	     8177.00	1017677878.00	        0.00	   647292.00	     8118.00
  1.49	        0.00	     7391.00	1016701124.00	        0.00	   647292.00	     7338.00
  1.50	        0.00	     6709.00	1015718845.00	        0.00	   647292.00	     6667.00
  1.51	        0.00	     6084.00	1014734658.00	        0.00	   647292.00	     6049.00
  1.52	        0.00	     5534.00	1013746457.00	        0.00	   647292.00	     5502.00
  1.53	        0.00	     5008.00	1012758220.00	        0.00	   647292.00	     4979.00
  1.54	        0.00	     4566.00	1011767574.00	        0.00	   647292.00	     4537.00
  1.55	        0.00	     4120.00	1010777282.00	        0.00	   647292.00	     4101.00
  1.56	        0.00	     3737.00	1009786747.00	        0.00	   647292.00	     3717.00
  1.57	        0.00	     3403.00	1008795541.00	        0.00	   647292.00	     3386.00
  1.58	        0.00	     3067.00	1007804637.00	        0.00	   647292.00	     3051.00
  1.59	        0.00	     2766.00	1006813401.00	        0.00	   647292.00	     2753.00
  1.60	        0.00	     2515.00	1005818980.00	        0.00	   647292.00	     2501.00
  1.61	        0.00	     2277.00	1004825085.00	        0.00	   647292.00	     2265.00
  1.62	        0.00	     2056.00	1003832646.00	        0.00	   647292.00	     2046.00
  1.63	        0.00	     1865.00	1002839130.00	        0.00	   647292.00	     1855.00
  1.64	        0.00	     1702.00	1001845195.00	        0.00	   647292.00	     1693.00
  1.65	        0.00	     1535.00	1000851905.00	        0.00	   647292.00	     1527.00
  1.66	        0.00	     1405.00	999858191.00	        0.00	   647292.00	     1397.00
  1.67	        0.00	     1261.00	998865710.00	        0.00	   647292.00	     1253.00
  1.68	        0.00	     1129.00	997873459.00	        0.00	   647292.00	     1121.00
  1.69	        0.00	     1023.00	996881072.00	        0.00	   647292.00	     1016.00
  1.70	        0.00	      920.00	995890272.00	        0.00	   647292.00	      914.00
  1.71	        0.00	      820.00	994899607.00	        0.00	   647292.00	      815.00
  1.72	        0.00	      730.00	993910311.00	        0.00	   647292.00	      726.00
  1.73	        0.00	      660.00	992920441.00	        0.00	   647292.00	      657.00
  1.74	        0.00	      590.00	991932322.00	        0.00	   647292.00	      587.00
  1.75	        0.00	      549.00	990943996.00	        0.00	   647292.00	      545.00
  1.76	        0.00	      503.00	989954307.00	        0.00	   647292.00	      501.00
  1.77	        0.00	      456.00	988968625.00	        0.00	   647292.00	      455.00
  1.78	        0.00	      405.00	987982250.00	        0.00	   647292.00	      404.00
  1.79	        0.00	      362.00	986996279.00	        0.00	   647292.00	      361.00
  1.80	        0.00	      330.00	986012063.00	        0.00	   647292.00	      328.00
  1.81	        0.00	      302.00	985028614.00	        0.00	   647292.00	      300.00
  1.82	        0.00	      272.00	984045210.00	        0.00	   647292.00	      271.00
  1.83	        0.00	      231.00	983063176.00	        0.00	   647292.00	      230.00
  1.84	        0.00	      212.00	982081549.00	        0.00	   647292.00	      211.00
  1.85	        0.00	      187.00	981101646.00	        0.00	   647292.00	      186.00
  1.86	        0.00	      167.00	980123462.00	        0.00	   647292.00	      165.00
  1.87	        0.00	      150.00	979145182.00	        0.00	   647292.00	      148.00
  1.88	        0.00	      136.00	978167115.00	        0.00	   647292.00	      134.00
  1.89	        0.00	      118.00	977192272.00	        0.00	   647292.00	      116.00
  1.90	        0.00	       98.00	976217485.00	        0.00	   647292.00	       96.00
  1.91	        0.00	       90.00	975240405.00	        0.00	   647292.00	       88.00
  1.92	        0.00	       87.00	974265194.00	        0.00	   647292.00	       85.00
  1.93	        0.00	       80.00	973291911.00	        0.00	   647292.00	       78.00
  1.94	        0.00	       67.00	972320894.00	        0.00	   647292.00	       65.00
  1.95	        0.00	       63.00	971348355.00	        0.00	   647292.00	       61.00
  1.96	        0.00	       58.00	970377930.00	        0.00	   647292.00	       57.00
  1.97	        0.00	       54.00	969407254.00	        0.00	   647292.00	       53.00
  1.98	        0.00	       49.00	968438398.00	        0.00	   647292.00	       49.00
  1.99	        0.00	       47.00	967469999.00	        0.00	   647292.00	       47.00
  2.00	        0.00	       44.00	966502401.00	        0.00	   647292.00	       44.00
  2.01	        0.00	       38.00	965536359.00	        0.00	   647292.00	       38.00
  2.02	        0.00	       33.00	964571103.00	        0.00	   647292.00	       33.00
  2.03	        0.00	       31.00	963607190.00	        0.00	   647292.00	       31.00
  2.04	        0.00	       30.00	962643106.00	        0.00	   647292.00	       30.00
  2.05	        0.00	       22.00	961682371.00	        0.00	   647292.00	       22.00
  2.06	        0.00	       21.00	960720224.00	        0.00	   647292.00	       21.00
  2.07	        0.00	       15.00	959761907.00	        0.00	   647292.00	       15.00
  2.08	        0.00	       15.00	958804218.00	        0.00	   647292.00	       15.00
  2.09	        0.00	       11.00	957845692.00	        0.00	   647292.00	       11.00
  2.10	        0.00	        9.00	956888361.00	        0.00	   647292.00	        9.00
  2.11	        0.00	        8.00	955929896.00	        0.00	   647292.00	        8.00
  2.12	        0.00	        5.00	954974298.00	        0.00	   647292.00	        5.00
  2.13	        0.00	        5.00	954021218.00	        0.00	   647292.00	        5.00
  2.14	        0.00	        5.00	953067270.00	        0.00	   647292.00	        5.00
  2.15	        0.00	        5.00	952114262.00	        0.00	   647292.00	        5.00
  2.16	        0.00	        4.00	951163528.00	        0.00	   647292.00	        4.00
  2.17	        0.00	        3.00	950212725.00	        0.00	   647292.00	        3.00
  2.18	        0.00	        3.00	949263864.00	        0.00	   647292.00	        3.00
  2.19	        0.00	        2.00	948314943.00	        0.00	   647292.00	        2.00
  2.20	        0.00	        2.00	947367412.00	        0.00	   647292.00	        2.00
  2.21	        0.00	        1.00	946420977.00	        0.00	   647292.00	        1.00
  2.22	        0.00	        1.00	945473208.00	        0.00	   647292.00	        1.00
  2.23	        0.00	        1.00	944527763.00	        0.00	   647292.00	        1.00
  2.24	        0.00	        0.00	943583621.00	        0.00	   647292.00	        0.00
