Datatype: PopulationSize
  0.00	        1.00	        0.00	        0.00	        1.00	        0.00	        1.00
  0.01	        1.00	        0.00	        0.00	        1.00	        0.00	        1.00
  0.02	        1.00	        0.00	        0.00	        1.00	        0.00	        1.00
  0.03	        1.00	        0.00	        0.00	        1.00	        0.00	        1.00
  0.04	        1.00	        0.00	        0.00	        1.00	        0.00	        1.00
  0.05	        1.00	        0.00	        0.00	        1.00	        0.00	        1.00
  0.06	        1.00	        0.00	        0.00	        1.00	        0.00	        1.00
  0.07	        1.00	        0.00	        0.00	        1.00	        0.00	        1.00
  0.08	        1.00	        0.00	        0.00	        1.00	        0.00	        1.00
  0.09	        1.00	        0.00	        0.00	        1.00	        0.00	        1.00
  0.10	        1.00	        0.00	        0.00	        1.00	        0.00	        1.00
  0.11	        1.00	        0.00	        0.00	        1.00	        0.00	        1.00
  0.12	        1.00	        0.00	        0.00	        1.00	        0.00	        1.00
  0.13	        1.00	        0.00	        0.00	        1.00	        0.00	        1.00
  0.14	        1.00	        0.00	        0.00	        1.00	        0.00	        1.00
  0.15	        1.00	        0.00	        0.00	        1.00	        0.00	        1.00
  0.16	        1.00	        0.00	        0.00	        1.00	        0.00	        1.00
  0.17	        1.00	        0.00	        0.00	        1.00	        0.00	        1.00
  0.18	        1.00	        0.00	        0.00	        1.00	        0.00	        1.00
  0.19	        1.00	        0.00	        0.00	        1.00	        0.00	        1.00
  0.20	        1.00	        0.00	        0.00	        1.00	        0.00	        1.00
  0.21	        1.00	        0.00	        0.00	        1.00	        0.00	        1.00
  0.22	        1.00	        0.00	        0.00	        1.00	        0.00	        1.00
  0.23	        1.00	        0.00	        0.00	        1.00	        0.00	        1.00
  0.24	        1.00	        0.00	        0.00	        1.00	        0.00	        1.00
  0.25	        1.00	        0.00	        0.00	        1.00	        0.00	        1.00
  0.26	        1.00	        0.00	        0.00	        1.00	        0.00	        1.00
  0.27	        1.00	        0.00	        0.00	        1.00	        0.00	        1.00
  0.28	        1.00	        0.00	        0.00	        1.00	        0.00	        1.00
  0.29	        1.00	        0.00	        0.00	        1.00	        0.00	        1.00
  0.30	        1.00	        0.00	        0.00	        1.00	        0.00	        1.00
  0.31	        1.00	        0.00	        0.00	        1.00	        0.00	        1.00
  0.32	        1.00	        0.00	        0.00	        1.00	        0.00	        1.00
  0.33	        1.00	        0.00	        0.00	        1.00	        0.00	        1.00
  0.34	        1.00	        0.00	        0.00	        1.00	        0.00	        1.00
  0.35	        1.00	        0.00	        0.00	        1.00	        0.00	        1.00
  0.36	        1.00	        0.00	        0.00	        1.00	        0.00	        1.00
  0.37	        2.00	        0.00	        0.00	        1.00	        1.00	        1.00
  0.38	        2.00	        0.00	        0.00	        1.00	        1.00	        1.00
  0.39	        2.00	        0.00	        0.00	        1.00	        1.00	        1.00
  0.40	        2.00	        0.00	        0.00	        1.00	        1.00	        1.00
  0.41	        2.00	        0.00	        0.00	        1.00	        1.00	        1.00
  0.42	        2.00	        0.00	        0.00	        1.00	        1.00	        1.00
  0.43	        2.00	        0.00	        0.00	        1.00	        1.00	        1.00
  0.44	        2.00	        0.00	        0.00	        1.00	        1.00	        1.00
  0.45	        2.00	        0.00	        0.00	        1.00	        1.00	        1.00
  0.46	        2.00	        0.00	        0.00	        1.00	        1.00	        1.00
  0.47	        2.00	        0.00	        0.00	        1.00	        1.00	        1.00
  0.48	        2.00	        0.00	        0.00	        1.00	        1.00	        1.00
  0.49	        2.00	        0.00	        0.00	        1.00	        1.00	        1.00
  0.50	        2.00	        0.00	        0.00	        1.00	        1.00	        1.00
  0.51	        2.00	        0.00	        0.00	        1.00	        1.00	        1.00
  0.52	        2.00	        0.00	        0.00	        1.00	        1.00	        1.00
  0.53	        2.00	        0.00	        0.00	        1.00	        1.00	        1.00
  0.54	        2.00	        0.00	        0.00	        1.00	        1.00	        1.00
  0.55	        2.00	        0.00	        0.00	        1.00	        1.00	        1.00
  0.56	        2.00	        0.00	        0.00	        1.00	        1.00	        1.00
  0.57	        2.00	        0.00	        0.00	        1.00	        1.00	        1.00
  0.58	        2.00	        0.00	        0.00	        1.00	        1.00	        1.00
  0.59	        2.00	        0.00	        0.00	        1.00	        1.00	        1.00
  0.60	        2.00	        0.00	        0.00	        1.00	        1.00	        1.00
  0.61	        2.00	        0.00	        0.00	        1.00	        1.00	        1.00
  0.62	        2.00	        0.00	        0.00	        1.00	        1.00	        1.00
  0.63	        2.00	        0.00	        0.00	        1.00	        1.00	        1.00
  0.64	        2.00	        0.00	        0.00	        1.00	        1.00	        1.00
  0.65	        2.00	        0.00	        0.00	        1.00	        1.00	        1.00
  0.66	        2.00	        0.00	        0.00	        1.00	        1.00	        1.00
  0.67	        2.00	        0.00	        0.00	        1.00	        1.00	        1.00
  0.68	        2.00	        0.00	        0.00	        1.00	        1.00	        1.00
  0.69	        2.00	        0.00	        0.00	        1.00	        1.00	        1.00
  0.70	        2.00	        0.00	        0.00	        1.00	        1.00	        1.00
  0.71	        2.00	        0.00	        0.00	        1.00	        1.00	        1.00
  0.72	        2.00	        0.00	        0.00	        1.00	        1.00	        1.00
  0.73	        2.00	        0.00	        0.00	        1.00	        1.00	        1.00
  0.74	        2.00	        0.00	        0.00	        1.00	        1.00	        1.00
  0.75	        2.00	        0.00	        0.00	        1.00	        1.00	        1.00
  0.76	        2.00	        0.00	        0.00	        1.00	        1.00	        1.00
  0.77	        2.00	        0.00	        0.00	        1.00	        1.00	        1.00
  0.78	        2.00	        0.00	        0.00	        1.00	        1.00	        1.00
  0.79	        2.00	        0.00	        0.00	        1.00	        1.00	        1.00
  0.80	        2.00	        0.00	        0.00	        1.00	        1.00	        1.00
  0.81	        2.00	        0.00	        0.00	        1.00	        1.00	        1.00
  0.82	        2.00	        0.00	        0.00	        1.00	        1.00	        1.00
  0.83	        2.00	        0.00	        0.00	        1.00	        1.00	        1.00
  0.84	        2.00	        0.00	        0.00	        1.00	        1.00	        1.00
  0.85	        2.00	        0.00	        0.00	        1.00	        1.00	        1.00
  0.86	        2.00	        0.00	        0.00	        1.00	        1.00	        1.00
  0.87	        2.00	        0.00	        0.00	        1.00	        1.00	        1.00
  0.88	        2.00	        0.00	        0.00	        1.00	        1.00	        1.00
  0.89	        2.00	        0.00	        0.00	        1.00	        1.00	        1.00
  0.90	        2.00	        0.00	        0.00	        1.00	        1.00	        1.00
  0.91	        2.00	        0.00	        0.00	        1.00	        1.00	        1.00
  0.92	        2.00	        0.00	        0.00	        1.00	        1.00	        1.00
  0.93	        2.00	        0.00	        0.00	        1.00	        1.00	        1.00
  0.94	        2.00	        0.00	        0.00	        1.00	        1.00	        1.00
  0.95	        2.00	        0.00	        0.00	        1.00	        1.00	        1.00
  0.96	        2.00	        0.00	        0.00	        1.00	        1.00	        1.00
  0.97	        2.00	        0.00	        0.00	        1.00	        1.00	        1.00
  0.98	        2.00	        0.00	        0.00	        1.00	        1.00	        1.00
  0.99	        2.00	        0.00	        0.00	        1.00	        1.00	        1.00
  1.00	        2.00	        0.00	        0.00	        1.00	        1.00	        1.00
  1.01	        3.00	        0.00	        0.00	        1.00	        2.00	        1.00
  1.02	        3.00	        0.00	        0.00	        1.00	        2.00	        1.00
  1.03	        3.00	        0.00	        0.00	        1.00	        2.00	        1.00
  1.04	        3.00	        0.00	        0.00	        1.00	        2.00	        1.00
  1.05	        3.00	        0.00	        0.00	        1.00	        2.00	        1.00
  1.06	        3.00	        0.00	        0.00	        1.00	        2.00	        1.00
  1.07	        3.00	        0.00	        0.00	        1.00	        2.00	        1.00
  1.08	        3.00	        0.00	        0.00	        1.00	        2.00	        1.00
  1.09	        3.00	        0.00	        0.00	        1.00	        2.00	        1.00
  1.10	        3.00	        0.00	        0.00	        1.00	        2.00	        1.00
  1.11	        3.00	        0.00	        0.00	        1.00	        2.00	        1.00
  1.12	        3.00	        0.00	        0.00	        1.00	        2.00	        1.00
  1.13	        3.00	        0.00	        0.00	        1.00	        2.00	        1.00
  1.14	        3.00	        0.00	        0.00	        1.00	        2.00	        1.00
  1.15	        3.00	        0.00	        0.00	        1.00	        2.00	        1.00
  1.16	        3.00	        0.00	        0.00	        1.00	        2.00	        1.00
  1.17	        3.00	        0.00	        0.00	        1.00	        2.00	        1.00
  1.18	        3.00	        0.00	        0.00	        1.00	        2.00	        1.00
  1.19	        3.00	        0.00	        0.00	        1.00	        2.00	        1.00
  1.20	        3.00	        0.00	        0.00	        1.00	        2.00	        1.00
  1.21	        3.00	        0.00	        0.00	        1.00	        2.00	        1.00
  1.22	        3.00	        0.00	        0.00	        1.00	        2.00	        1.00
  1.23	        3.00	        0.00	        0.00	        1.00	        2.00	        1.00
  1.24	        3.00	        0.00	        0.00	        1.00	        2.00	        1.00
  1.25	        3.00	        0.00	        0.00	        1.00	        2.00	        1.00
  1.26	        3.00	        0.00	        0.00	        1.00	        2.00	        1.00
  1.27	        3.00	        0.00	        0.00	        1.00	        2.00	        1.00
  1.28	        3.00	        0.00	        0.00	        1.00	        2.00	        1.00
  1.29	        3.00	        0.00	        0.00	        1.00	        2.00	        1.00
  1.30	        3.00	        0.00	        0.00	        1.00	        2.00	        1.00
  1.31	        3.00	        0.00	        0.00	        1.00	        2.00	        1.00
  1.32	        3.00	        0.00	        0.00	        1.00	        2.00	        1.00
  1.33	        3.00	        0.00	        0.00	        1.00	        2.00	        1.00
  1.34	        3.00	        0.00	        0.00	        1.00	        2.00	        1.00
  1.35	        3.00	        0.00	        0.00	        1.00	        2.00	        1.00
  1.36	        3.00	        0.00	        0.00	        1.00	        2.00	        1.00
  1.37	        3.00	        0.00	        0.00	        1.00	        2.00	        1.00
  1.38	        3.00	        0.00	        0.00	        1.00	        2.00	        1.00
  1.39	        3.00	        0.00	        0.00	        1.00	        2.00	        1.00
  1.40	        3.00	        0.00	        0.00	        1.00	        2.00	        1.00
  1.41	        3.00	        0.00	        0.00	        1.00	        2.00	        1.00
  1.42	        3.00	        0.00	        0.00	        1.00	        2.00	        1.00
  1.43	        3.00	        0.00	        0.00	        1.00	        2.00	        1.00
  1.44	        3.00	        0.00	        0.00	        1.00	        2.00	        1.00
  1.45	        3.00	        0.00	        0.00	        1.00	        2.00	        1.00
  1.46	        3.00	        0.00	        0.00	        1.00	        2.00	        1.00
  1.47	        3.00	        0.00	        0.00	        1.00	        2.00	        1.00
  1.48	        3.00	        0.00	        0.00	        1.00	        2.00	        1.00
  1.49	        3.00	        0.00	        0.00	        1.00	        2.00	        1.00
  1.50	        3.00	        0.00	        0.00	        1.00	        2.00	        1.00
  1.51	        3.00	        0.00	        0.00	        1.00	        2.00	        1.00
  1.52	        3.00	        0.00	        0.00	        1.00	        2.00	        1.00
  1.53	        3.00	        0.00	        0.00	        1.00	        2.00	        1.00
  1.54	        3.00	        0.00	        0.00	        1.00	        2.00	        1.00
  1.55	        3.00	        0.00	        0.00	        1.00	        2.00	        1.00
  1.56	        3.00	        0.00	        0.00	        1.00	        2.00	        1.00
  1.57	        3.00	        0.00	        0.00	        1.00	        2.00	        1.00
  1.58	        3.00	        0.00	        0.00	        1.00	        2.00	        1.00
  1.59	        3.00	        0.00	        0.00	        1.00	        2.00	        1.00
  1.60	        3.00	        0.00	        0.00	        1.00	        2.00	        1.00
  1.61	        3.00	        0.00	        0.00	        1.00	        2.00	        1.00
  1.62	        3.00	        0.00	        0.00	        1.00	        2.00	        1.00
  1.63	        3.00	        0.00	        0.00	        1.00	        2.00	        1.00
  1.64	        3.00	        0.00	        0.00	        1.00	        2.00	        1.00
  1.65	        3.00	        0.00	        0.00	        1.00	        2.00	        1.00
  1.66	        3.00	        0.00	        0.00	        1.00	        2.00	        1.00
  1.67	        3.00	        0.00	        0.00	        1.00	        2.00	        1.00
  1.68	        3.00	        0.00	        0.00	        1.00	        2.00	        1.00
  1.69	        3.00	        0.00	        0.00	        1.00	        2.00	        1.00
  1.70	        3.00	        0.00	        0.00	        1.00	        2.00	        1.00
  1.71	        3.00	        0.00	        0.00	        1.00	        2.00	        1.00
  1.72	        3.00	        0.00	        0.00	        1.00	        2.00	        1.00
  1.73	        3.00	        0.00	        0.00	        1.00	        2.00	        1.00
  1.74	        3.00	        0.00	        0.00	        1.00	        2.00	        1.00
  1.75	        4.00	        0.00	        0.00	        1.00	        3.00	        1.00
  1.76	        4.00	        0.00	        0.00	        1.00	        3.00	        1.00
  1.77	        4.00	        0.00	        0.00	        1.00	        3.00	        1.00
  1.78	        4.00	        0.00	        0.00	        1.00	        3.00	        1.00
  1.79	        4.00	        0.00	        0.00	        1.00	        3.00	        1.00
  1.80	        4.00	        0.00	        0.00	        1.00	        3.00	        1.00
  1.81	        4.00	        0.00	        0.00	        1.00	        3.00	        1.00
  1.82	        4.00	        0.00	        0.00	        1.00	        3.00	        1.00
  1.83	        5.00	        0.00	        0.00	        1.00	        4.00	        1.00
  1.84	        5.00	        0.00	        0.00	        1.00	        4.00	        1.00
  1.85	        5.00	        0.00	        0.00	        1.00	        4.00	        1.00
  1.86	        5.00	        0.00	        0.00	        1.00	        4.00	        1.00
  1.87	        5.00	        0.00	        0.00	        1.00	        4.00	        1.00
  1.88	        6.00	        0.00	        0.00	        1.00	        5.00	        1.00
  1.89	        6.00	        0.00	        0.00	        1.00	        5.00	        1.00
  1.90	        6.00	        0.00	        0.00	        1.00	        5.00	        1.00
  1.91	        6.00	        0.00	        0.00	        1.00	        5.00	        1.00
  1.92	        6.00	        0.00	        0.00	        1.00	        5.00	        1.00
  1.93	        6.00	        0.00	        0.00	        1.00	        5.00	        1.00
  1.94	        6.00	        0.00	        0.00	        1.00	        5.00	        1.00
  1.95	        6.00	        0.00	        0.00	        1.00	        5.00	        1.00
  1.96	        6.00	        0.00	        0.00	        1.00	        5.00	        1.00
  1.97	        6.00	        0.00	        0.00	        1.00	        5.00	        1.00
  1.98	        6.00	        0.00	        0.00	        1.00	        5.00	        1.00
  1.99	        6.00	        0.00	        0.00	        1.00	        5.00	        1.00
  2.00	        6.00	        0.00	        0.00	        1.00	        5.00	        1.00
  2.01	        6.00	        0.00	        0.00	        1.00	        5.00	        1.00
  2.02	        7.00	        0.00	        0.00	        1.00	        6.00	        1.00
  2.03	        7.00	        0.00	        0.00	        1.00	        6.00	        1.00
  2.04	        7.00	        0.00	        0.00	        1.00	        6.00	        1.00
  2.05	        7.00	        0.00	        0.00	        1.00	        6.00	        1.00
  2.06	        7.00	        0.00	        0.00	        1.00	        6.00	        1.00
  2.07	        7.00	        0.00	        0.00	        1.00	        6.00	        1.00
  2.08	        7.00	        0.00	        0.00	        1.00	        6.00	        1.00
  2.09	        7.00	        0.00	        0.00	        1.00	        6.00	        1.00
  2.10	        7.00	        0.00	        0.00	        1.00	        6.00	        1.00
  2.11	        7.00	        0.00	        0.00	        1.00	        6.00	        1.00
  2.12	        7.00	        0.00	        0.00	        1.00	        6.00	        1.00
  2.13	        7.00	        0.00	        0.00	        1.00	        6.00	        1.00
  2.14	        7.00	        0.00	        0.00	        1.00	        6.00	        1.00
  2.15	        7.00	        0.00	        0.00	        1.00	        6.00	        1.00
  2.16	        7.00	        0.00	        0.00	        1.00	        6.00	        1.00
  2.17	        7.00	        0.00	        0.00	        1.00	        6.00	        1.00
  2.18	        7.00	        0.00	        0.00	        1.00	        6.00	        1.00
  2.19	        7.00	        0.00	        0.00	        1.00	        6.00	        1.00
  2.20	        7.00	        0.00	        0.00	        1.00	        6.00	        1.00
  2.21	        8.00	        0.00	        0.00	        1.00	        7.00	        1.00
  2.22	       10.00	        0.00	        0.00	        1.00	        9.00	        1.00
  2.23	       10.00	        0.00	        0.00	        1.00	        9.00	        1.00
  2.24	       10.00	        0.00	        0.00	        1.00	        9.00	        1.00
  2.25	       10.00	        0.00	        0.00	        1.00	        9.00	        1.00
  2.26	       10.00	        0.00	        0.00	        1.00	        9.00	        1.00
  2.27	       10.00	        0.00	        0.00	        1.00	        9.00	        1.00
  2.28	       10.00	        0.00	        0.00	        1.00	        9.00	        1.00
  2.29	       12.00	        0.00	        0.00	        1.00	       11.00	        1.00
  2.30	       12.00	        0.00	        0.00	        1.00	       11.00	        1.00
  2.31	       12.00	        0.00	        0.00	        1.00	       11.00	        1.00
  2.32	       13.00	        0.00	        0.00	        1.00	       12.00	        1.00
  2.33	       14.00	        0.00	        0.00	        1.00	       13.00	        1.00
  2.34	       14.00	        0.00	        0.00	        1.00	       13.00	        1.00
  2.35	       14.00	        0.00	        0.00	        1.00	       13.00	        1.00
  2.36	       15.00	        0.00	        0.00	        1.00	       14.00	        1.00
  2.37	       16.00	        0.00	        0.00	        1.00	       15.00	        1.00
  2.38	       16.00	        0.00	        0.00	        1.00	       15.00	        1.00
  2.39	       16.00	        0.00	        0.00	        1.00	       15.00	        1.00
  2.40	       16.00	        0.00	        0.00	        1.00	       15.00	        1.00
  2.41	       16.00	        0.00	        0.00	        1.00	       15.00	        1.00
  2.42	       17.00	        0.00	        0.00	        1.00	       16.00	        1.00
  2.43	       18.00	        0.00	        0.00	        1.00	       17.00	        1.00
  2.44	       19.00	        0.00	        0.00	        1.00	       18.00	        1.00
  2.45	       19.00	        0.00	        0.00	        1.00	       18.00	        1.00
  2.46	       19.00	        0.00	        0.00	        1.00	       18.00	        1.00
  2.47	       19.00	        0.00	        0.00	        1.00	       18.00	        1.00
  2.48	       19.00	        0.00	        0.00	        1.00	       18.00	        1.00
  2.49	       20.00	        0.00	        0.00	        1.00	       19.00	        1.00
  2.50	       20.00	        0.00	        0.00	        1.00	       19.00	        1.00
  2.51	       20.00	        0.00	        0.00	        1.00	       19.00	        1.00
  2.52	       20.00	        0.00	        0.00	        1.00	       19.00	        1.00
  2.53	       20.00	        0.00	        0.00	        1.00	       19.00	        1.00
  2.54	       20.00	        0.00	        0.00	        1.00	       19.00	        1.00
  2.55	       20.00	        0.00	        0.00	        1.00	       19.00	        1.00
  2.56	       22.00	        0.00	        0.00	        1.00	       21.00	        1.00
  2.57	       23.00	        0.00	        0.00	        1.00	       22.00	        1.00
  2.58	       24.00	        0.00	        0.00	        1.00	       23.00	        1.00
  2.59	       24.00	        0.00	        0.00	        1.00	       23.00	        1.00
  2.60	       25.00	        0.00	        0.00	        1.00	       24.00	        1.00
  2.61	       26.00	        0.00	        0.00	        1.00	       25.00	        1.00
  2.62	       27.00	        0.00	        0.00	        1.00	       26.00	        1.00
  2.63	       27.00	        0.00	        0.00	        1.00	       26.00	        1.00
  2.64	       27.00	        0.00	        0.00	        1.00	       26.00	        1.00
  2.65	       27.00	        0.00	        0.00	        1.00	       26.00	        1.00
  2.66	       27.00	        0.00	        0.00	        1.00	       26.00	        1.00
  2.67	       27.00	        0.00	        0.00	        1.00	       26.00	        1.00
  2.68	       27.00	        0.00	        0.00	        1.00	       26.00	        1.00
  2.69	       27.00	        0.00	        0.00	        1.00	       26.00	        1.00
  2.70	       28.00	        0.00	        0.00	        1.00	       27.00	        1.00
  2.71	       28.00	        0.00	        0.00	        1.00	       27.00	        1.00
  2.72	       28.00	        0.00	        0.00	        1.00	       27.00	        1.00
  2.73	       28.00	        0.00	        0.00	        1.00	       27.00	        1.00
  2.74	       29.00	        0.00	        0.00	        1.00	       28.00	        1.00
  2.75	       29.00	        0.00	        0.00	        1.00	       28.00	        1.00
  2.76	       29.00	        0.00	        0.00	        1.00	       28.00	        1.00
  2.77	       30.00	        0.00	        0.00	        1.00	       29.00	        1.00
  2.78	       31.00	        0.00	        0.00	        1.00	       30.00	        1.00
  2.79	       32.00	        0.00	        0.00	        1.00	       31.00	        1.00
  2.80	       33.00	        0.00	        0.00	        1.00	       32.00	        1.00
  2.81	       33.00	        0.00	        0.00	        1.00	       32.00	        1.00
  2.82	       33.00	        0.00	        0.00	        1.00	       32.00	        1.00
  2.83	       33.00	        0.00	        0.00	        1.00	       32.00	        1.00
  2.84	       34.00	        0.00	        0.00	        1.00	       33.00	        1.00
  2.85	       35.00	        0.00	        0.00	        1.00	       34.00	        1.00
  2.86	       35.00	        0.00	        0.00	        1.00	       34.00	        1.00
  2.87	       35.00	        0.00	        0.00	        1.00	       34.00	        1.00
  2.88	       35.00	        0.00	        0.00	        1.00	       34.00	        1.00
  2.89	       35.00	        0.00	        0.00	        1.00	       34.00	        1.00
  2.90	       36.00	        0.00	        0.00	        1.00	       35.00	        1.00
  2.91	       36.00	        0.00	        0.00	        1.00	       35.00	        1.00
  2.92	       36.00	        0.00	        0.00	        1.00	       35.00	        1.00
  2.93	       37.00	        0.00	        0.00	        1.00	       36.00	        1.00
  2.94	       39.00	        0.00	        0.00	        1.00	       38.00	        1.00
  2.95	       39.00	        0.00	        0.00	        1.00	       38.00	        1.00
  2.96	       39.00	        0.00	        0.00	        1.00	       38.00	        1.00
  2.97	       39.00	        0.00	        0.00	        1.00	       38.00	        1.00
  2.98	       41.00	        0.00	        0.00	        1.00	       40.00	        1.00
  2.99	       42.00	        0.00	        0.00	        1.00	       41.00	        1.00
  3.00	       42.00	        0.00	   600000.00	        1.00	       41.00	        1.00
  3.01	       42.00	        0.00	   599984.00	        1.00	       41.00	        1.00
  3.02	       42.00	        0.00	   599969.00	        1.00	       41.00	        1.00
  3.03	       42.00	        0.00	   599944.00	        1.00	       41.00	        1.00
  3.04	       42.00	        0.00	   599926.00	        1.00	       41.00	        1.00
  3.05	       42.00	        0.00	   599911.00	        1.00	       41.00	        1.00
  3.06	       42.00	        0.00	   599886.00	        1.00	       41.00	        1.00
  3.07	       44.00	        0.00	   599854.00	        1.00	       43.00	        1.00
  3.08	       45.00	        0.00	   599837.00	        1.00	       44.00	        1.00
  3.09	       45.00	        0.00	   599817.00	        1.00	       44.00	        1.00
  3.10	       46.00	        0.00	   599798.00	        1.00	       45.00	        1.00
  3.11	       47.00	        0.00	   599782.00	        1.00	       46.00	        1.00
  3.12	       47.00	        0.00	   599756.00	        1.00	       46.00	        1.00
  3.13	       47.00	        0.00	   599737.00	        1.00	       46.00	        1.00
  3.14	       47.00	        0.00	   599724.00	        1.00	       46.00	        1.00
  3.15	       47.00	        0.00	   599701.00	        1.00	       46.00	        1.00
  3.16	       48.00	        0.00	   599688.00	        1.00	       47.00	        1.00
  3.17	       48.00	        0.00	   599671.00	        1.00	       47.00	        1.00
  3.18	       48.00	        0.00	   599661.00	        1.00	       47.00	        1.00
  3.19	       49.00	        0.00	   599638.00	        1.00	       48.00	        1.00
  3.20	       49.00	        0.00	   599615.00	        1.00	       48.00	        1.00
  3.21	       49.00	        0.00	   599598.00	        1.00	       48.00	        1.00
  3.22	       50.00	        0.00	   599579.00	        1.00	       49.00	        1.00
  3.23	       50.00	        0.00	   599565.00	        1.00	       49.00	        1.00
  3.24	       51.00	        0.00	   599550.00	        1.00	       50.00	        1.00
  3.25	       51.00	        0.00	   599532.00	        1.00	       50.00	        1.00
  3.26	       51.00	        0.00	   599515.00	        1.00	       50.00	        1.00
  3.27	       52.00	        0.00	   599495.00	        1.00	       51.00	        1.00
  3.28	       52.00	        0.00	   599476.00	        1.00	       51.00	        1.00
  3.29	       52.00	        0.00	   599462.00	        1.00	       51.00	        1.00
  3.30	       54.00	        0.00	   599443.00	        1.00	       53.00	        1.00
  3.31	       54.00	        0.00	   599424.00	        1.00	       53.00	        1.00
  3.32	       55.00	        0.00	   599398.00	        1.00	       54.00	        1.00
  3.33	       55.00	        0.00	   599381.00	        1.00	       54.00	        1.00
  3.34	       55.00	        0.00	   599365.00	        1.00	       54.00	        1.00
  3.35	       56.00	        0.00	   599348.00	        1.00	       55.00	        1.00
  3.36	       58.00	        0.00	   599329.00	        1.00	       57.00	        1.00
  3.37	       59.00	        0.00	   599304.00	        1.00	       58.00	        1.00
  3.38	       60.00	        0.00	   599287.00	        1.00	       59.00	        1.00
  3.39	       61.00	        0.00	   599271.00	        1.00	       60.00	        1.00
  3.40	       62.00	        0.00	   599259.00	        1.00	       61.00	        1.00
  3.41	       63.00	        0.00	   599246.00	        1.00	       62.00	        1.00
  3.42	       65.00	        0.00	   599224.00	        1.00	       64.00	        1.00
  3.43	       67.00	        0.00	   599208.00	        1.00	       66.00	        1.00
  3.44	       67.00	        0.00	   599190.00	        1.00	       66.00	        1.00
  3.45	       70.00	        0.00	   599173.00	        1.00	       69.00	        1.00
  3.46	       71.00	        0.00	   599161.00	        1.00	       70.00	        1.00
  3.47	       72.00	        0.00	   599136.00	        1.00	       71.00	        1.00
  3.48	       73.00	        0.00	   599116.00	        1.00	       72.00	        1.00
  3.49	       73.00	        0.00	   599100.00	        1.00	       72.00	        1.00
  3.50	       76.00	        0.00	   599082.00	        1.00	       75.00	        1.00
  3.51	       78.00	        0.00	   599065.00	        1.00	       77.00	        1.00
  3.52	       79.00	        0.00	   599047.00	        1.00	       78.00	        1.00
  3.53	       81.00	        0.00	   599033.00	        1.00	       80.00	        1.00
  3.54	       84.00	        0.00	   599015.00	        1.00	       83.00	        1.00
  3.55	       87.00	        0.00	   598994.00	        1.00	       86.00	        1.00
  3.56	       89.00	        0.00	   598970.00	        1.00	       88.00	        1.00
  3.57	       91.00	        0.00	   598951.00	        1.00	       90.00	        1.00
  3.58	       92.00	        0.00	   598933.00	        1.00	       91.00	        1.00
  3.59	       95.00	        0.00	   598916.00	        1.00	       94.00	        1.00
  3.60	       96.00	        0.00	   598899.00	        1.00	       95.00	        1.00
  3.61	      101.00	        0.00	   598883.00	        1.00	      100.00	        1.00
  3.62	      103.00	        0.00	   598870.00	        1.00	      102.00	        1.00
  3.63	      104.00	        0.00	   598856.00	        1.00	      103.00	        1.00
  3.64	      106.00	        0.00	   598838.00	        1.00	      105.00	        1.00
  3.65	      107.00	        0.00	   598818.00	        1.00	      106.00	        1.00
  3.66	      108.00	        0.00	   598813.00	        1.00	      107.00	        1.00
  3.67	      108.00	        0.00	   598800.00	        1.00	      107.00	        1.00
  3.68	      112.00	        0.00	   598786.00	        1.00	      111.00	        1.00
  3.69	      113.00	        0.00	   598775.00	        1.00	      112.00	        1.00
  3.70	      116.00	        0.00	   598762.00	        1.00	      115.00	        1.00
  3.71	      116.00	        0.00	   598740.00	        1.00	      115.00	        1.00
  3.72	      117.00	        0.00	   598723.00	        1.00	      116.00	        1.00
  3.73	      118.00	        0.00	   598702.00	        1.00	      117.00	        1.00
  3.74	      120.00	        0.00	   598686.00	        1.00	      119.00	        1.00
  3.75	      122.00	        0.00	   598667.00	        1.00	      121.00	        1.00
  3.76	      125.00	        0.00	   598650.00	        1.00	      124.00	        1.00
  3.77	      127.00	        0.00	   598625.00	        1.00	      126.00	        1.00
  3.78	      129.00	        0.00	   598610.00	        1.00	      128.00	        1.00
  3.79	      132.00	        0.00	   598589.00	        1.00	      131.00	        1.00
  3.80	      134.00	        0.00	   598569.00	        1.00	      133.00	        1.00
  3.81	      137.00	        0.00	   598555.00	        1.00	      136.00	        1.00
  3.82	      137.00	        0.00	   598538.00	        1.00	      136.00	        1.00
  3.83	      140.00	        0.00	   598521.00	        1.00	      139.00	        1.00
  3.84	      143.00	        0.00	   598502.00	        1.00	      142.00	        1.00
  3.85	      144.00	        0.00	   598482.00	        1.00	      143.00	        1.00
  3.86	      144.00	        0.00	   598471.00	        1.00	      143.00	        1.00
  3.87	      147.00	        0.00	   598453.00	        1.00	      146.00	        1.00
  3.88	      151.00	        0.00	   598435.00	        1.00	      150.00	        1.00
  3.89	      154.00	        0.00	   598415.00	        1.00	      153.00	        1.00
  3.90	      159.00	        0.00	   598396.00	        1.00	      158.00	        1.00
  3.91	      161.00	        0.00	   598377.00	        1.00	      160.00	        1.00
  3.92	      163.00	        0.00	   598360.00	        1.00	      162.00	        1.00
  3.93	      164.00	        0.00	   598336.00	        1.00	      163.00	        1.00
  3.94	      168.00	        0.00	   598319.00	        1.00	      167.00	        1.00
  3.95	      167.00	        1.00	   598301.00	        1.00	      167.00	        1.00
  3.96	      171.00	        1.00	   598282.00	        1.00	      171.00	        1.00
  3.97	      174.00	        1.00	   598275.00	        1.00	      174.00	        1.00
  3.98	      177.00	        1.00	   598249.00	        1.00	      177.00	        1.00
  3.99	      178.00	        1.00	   598227.00	        1.00	      178.00	        1.00
  4.00	      181.00	        1.00	   598209.00	        1.00	      181.00	        1.00
  4.01	      183.00	        1.00	   598190.00	        1.00	      183.00	        1.00
  4.02	      184.00	        1.00	   598169.00	        1.00	      184.00	        1.00
  4.03	      188.00	        1.00	   598149.00	        1.00	      188.00	        1.00
  4.04	      193.00	        1.00	   598137.00	        1.00	      193.00	        1.00
  4.05	      194.00	        1.00	   598111.00	        1.00	      194.00	        1.00
  4.06	      199.00	        1.00	   598092.00	        1.00	      199.00	        1.00
  4.07	      200.00	        1.00	   598072.00	        1.00	      200.00	        1.00
  4.08	      200.00	        1.00	   598039.00	        1.00	      200.00	        1.00
  4.09	      200.00	        1.00	   598018.00	        1.00	      200.00	        1.00
  4.10	      201.00	        1.00	   597992.00	        1.00	      201.00	        1.00
  4.11	      202.00	        1.00	   597978.00	        1.00	      202.00	        1.00
  4.12	      207.00	        1.00	   597963.00	        1.00	      207.00	        1.00
  4.13	      211.00	        1.00	   597951.00	        1.00	      211.00	        1.00
  4.14	      215.00	        1.00	   597936.00	        1.00	      215.00	        1.00
  4.15	      218.00	        1.00	   597922.00	        1.00	      218.00	        1.00
  4.16	      225.00	        1.00	   597900.00	        1.00	      225.00	        1.00
  4.17	      229.00	        1.00	   597880.00	        1.00	      229.00	        1.00
  4.18	      231.00	        1.00	   597861.00	        1.00	      231.00	        1.00
  4.19	      233.00	        1.00	   597847.00	        1.00	      233.00	        1.00
  4.20	      236.00	        1.00	   597828.00	        1.00	      236.00	        1.00
  4.21	      240.00	        1.00	   597812.00	        1.00	      240.00	        1.00
  4.22	      245.00	        1.00	   597791.00	        1.00	      245.00	        1.00
  4.23	      250.00	        1.00	   597764.00	        1.00	      250.00	        1.00
  4.24	      251.00	        1.00	   597745.00	        1.00	      251.00	        1.00
  4.25	      255.00	        1.00	   597724.00	        1.00	      255.00	        1.00
  4.26	      260.00	        1.00	   597697.00	        1.00	      260.00	        1.00
  4.27	      266.00	        1.00	   597675.00	        1.00	      266.00	        1.00
  4.28	      271.00	        1.00	   597649.00	        1.00	      271.00	        1.00
  4.29	      273.00	        1.00	   597633.00	        1.00	      273.00	        1.00
  4.30	      281.00	        1.00	   597619.00	        1.00	      281.00	        1.00
  4.31	      288.00	        1.00	   597603.00	        1.00	      288.00	        1.00
  4.32	      295.00	        1.00	   597591.00	        1.00	      295.00	        1.00
  4.33	      301.00	        2.00	   597571.00	        1.00	      302.00	        1.00
  4.34	      303.00	        2.00	   597547.00	        1.00	      304.00	        1.00
  4.35	      307.00	        2.00	   597533.00	        1.00	      308.00	        1.00
  4.36	      309.00	        2.00	   597514.00	        1.00	      310.00	        1.00
  4.37	      313.00	        2.00	   597499.00	        1.00	      314.00	        1.00
  4.38	      317.00	        2.00	   597478.00	        1.00	      318.00	        1.00
  4.39	      320.00	        2.00	   597460.00	        1.00	      321.00	        1.00
  4.40	      327.00	        2.00	   597447.00	        1.00	      328.00	        1.00
  4.41	      334.00	        2.00	   597430.00	        1.00	      335.00	        1.00
  4.42	      339.00	        2.00	   597417.00	        1.00	      340.00	        1.00
  4.43	      342.00	        2.00	   597402.00	        1.00	      343.00	        1.00
  4.44	      345.00	        2.00	   597376.00	        1.00	      346.00	        1.00
  4.45	      358.00	        2.00	   597357.00	        1.00	      359.00	        1.00
  4.46	      365.00	        2.00	   597334.00	        1.00	      366.00	        1.00
  4.47	      370.00	        2.00	   597318.00	        1.00	      371.00	        1.00
  4.48	      375.00	        2.00	   597307.00	        1.00	      376.00	        1.00
  4.49	      382.00	        2.00	   597291.00	        1.00	      383.00	        1.00
  4.50	      387.00	        2.00	   597271.00	        1.00	      388.00	        1.00
  4.51	      394.00	        2.00	   597260.00	        1.00	      395.00	        1.00
  4.52	      398.00	        2.00	   597246.00	        1.00	      399.00	        1.00
  4.53	      403.00	        2.00	   597222.00	        1.00	      404.00	        1.00
  4.54	      411.00	        2.00	   597203.00	        1.00	      412.00	        1.00
  4.55	      416.00	        2.00	   597186.00	        1.00	      417.00	        1.00
  4.56	      418.00	        2.00	   597168.00	        1.00	      419.00	        1.00
  4.57	      423.00	        2.00	   597142.00	        1.00	      424.00	        1.00
  4.58	      430.00	        2.00	   597123.00	        1.00	      431.00	        1.00
  4.59	      435.00	        2.00	   597107.00	        1.00	      436.00	        1.00
  4.60	      442.00	        2.00	   597092.00	        1.00	      443.00	        1.00
  4.61	      447.00	        2.00	   597073.00	        1.00	      448.00	        1.00
  4.62	      452.00	        2.00	   597055.00	        1.00	      453.00	        1.00
  4.63	      459.00	        2.00	   597036.00	        1.00	      460.00	        1.00
  4.64	      466.00	        2.00	   597019.00	        1.00	      467.00	        1.00
  4.65	      471.00	        2.00	   597003.00	        1.00	      472.00	        1.00
  4.66	      480.00	        2.00	   596992.00	        1.00	      481.00	        1.00
  4.67	      485.00	        2.00	   596971.00	        1.00	      486.00	        1.00
  4.68	      490.00	        2.00	   596953.00	        1.00	      491.00	        1.00
  4.69	      498.00	        2.00	   596930.00	        1.00	      499.00	        1.00
  4.70	      506.00	        2.00	   596913.00	        1.00	      507.00	        1.00
  4.71	      519.00	        2.00	   596891.00	        1.00	      520.00	        1.00
  4.72	      525.00	        2.00	   596873.00	        1.00	      526.00	        1.00
  4.73	      533.00	        2.00	   596849.00	        1.00	      534.00	        1.00
  4.74	      538.00	        2.00	   596835.00	        1.00	      539.00	        1.00
  4.75	      545.00	        2.00	   596816.00	        1.00	      546.00	        1.00
  4.76	      557.00	        2.00	   596800.00	        1.00	      558.00	        1.00
  4.77	      567.00	        2.00	   596782.00	        1.00	      568.00	        1.00
  4.78	      575.00	        2.00	   596773.00	        1.00	      576.00	        1.00
  4.79	      585.00	        2.00	   596756.00	        1.00	      586.00	        1.00
  4.80	      590.00	        2.00	   596742.00	        1.00	      591.00	        1.00
  4.81	      603.00	        2.00	   596726.00	        1.00	      604.00	        1.00
  4.82	      617.00	        2.00	   596709.00	        1.00	      618.00	        1.00
  4.83	      634.00	        2.00	   596688.00	        1.00	      635.00	        1.00
  4.84	      647.00	        2.00	   596671.00	        1.00	      648.00	        1.00
  4.85	      662.00	        2.00	   596648.00	        1.00	      663.00	        1.00
  4.86	      673.00	        2.00	   596626.00	        1.00	      674.00	        1.00
  4.87	      688.00	        2.00	   596614.00	        1.00	      689.00	        1.00
  4.88	      696.00	        2.00	   596607.00	        1.00	      697.00	        1.00
  4.89	      528.00	      176.00	   596797.00	        1.00	      704.00	        1.00
  4.90	      536.00	      176.00	   596781.00	        1.00	      712.00	        1.00
  4.91	      546.00	      176.00	   596756.00	        1.00	      722.00	        1.00
  4.92	      550.00	      176.00	   596737.00	        1.00	      726.00	        1.00
  4.93	      559.00	      176.00	   596724.00	        1.00	      735.00	        1.00
  4.94	      571.00	      176.00	   596708.00	        1.00	      747.00	        1.00
  4.95	      582.00	      176.00	   596692.00	        1.00	      758.00	        1.00
  4.96	      588.00	      176.00	   596673.00	        1.00	      764.00	        1.00
  4.97	      597.00	      177.00	   596659.00	        1.00	      774.00	        1.00
  4.98	      598.00	      179.00	   596642.00	        1.00	      777.00	        1.00
  4.99	      606.00	      179.00	   596631.00	        1.00	      785.00	        1.00
  5.00	      612.00	      179.00	   596606.00	        1.00	      791.00	        1.00
  5.01	      625.00	      179.00	   596589.00	        1.00	      804.00	        1.00
  5.02	      636.00	      179.00	   596579.00	        1.00	      815.00	        1.00
  5.03	      647.00	      179.00	   596562.00	        1.00	      826.00	        1.00
  5.04	      656.00	      179.00	   596551.00	        1.00	      835.00	        1.00
  5.05	      662.00	      179.00	   596540.00	        1.00	      841.00	        1.00
  5.06	      674.00	      180.00	   596525.00	        1.00	      854.00	        1.00
  5.07	      684.00	      180.00	   596504.00	        1.00	      864.00	        1.00
  5.08	      692.00	      180.00	   596488.00	        1.00	      872.00	        1.00
  5.09	      702.00	      180.00	   596471.00	        1.00	      882.00	        1.00
  5.10	      709.00	      181.00	   596446.00	        1.00	      890.00	        1.00
  5.11	      724.00	      181.00	   596427.00	        1.00	      905.00	        1.00
  5.12	      733.00	      181.00	   596404.00	        1.00	      914.00	        1.00
  5.13	      747.00	      181.00	   596388.00	        1.00	      928.00	        1.00
  5.14	      757.00	      181.00	   596372.00	        1.00	      938.00	        1.00
  5.15	      773.00	      181.00	   596353.00	        1.00	      954.00	        1.00
  5.16	      792.00	      181.00	   596331.00	        1.00	      973.00	        1.00
  5.17	      803.00	      181.00	   596313.00	        1.00	      984.00	        1.00
  5.18	      819.00	      181.00	   596292.00	        1.00	     1000.00	        1.00
  5.19	      827.00	      181.00	   596269.00	        1.00	     1008.00	        1.00
  5.20	      842.00	      182.00	   596252.00	        1.00	     1024.00	        1.00
  5.21	      854.00	      182.00	   596230.00	        1.00	     1036.00	        1.00
  5.22	      869.00	      182.00	   596213.00	        1.00	     1051.00	        1.00
  5.23	      887.00	      182.00	   596192.00	        1.00	     1069.00	        1.00
  5.24	      902.00	      182.00	   596173.00	        1.00	     1084.00	        1.00
  5.25	      916.00	      182.00	   596152.00	        1.00	     1098.00	        1.00
  5.26	      936.00	      182.00	   596141.00	        1.00	     1118.00	        1.00
  5.27	      950.00	      182.00	   596125.00	        1.00	     1132.00	        1.00
  5.28	      965.00	      182.00	   596106.00	        1.00	     1147.00	        1.00
  5.29	      978.00	      182.00	   596094.00	        1.00	     1160.00	        1.00
  5.30	      997.00	      182.00	   596077.00	        1.00	     1179.00	        1.00
  5.31	      874.00	      326.00	   596258.00	        1.00	     1201.00	        1.00
  5.32	      884.00	      326.00	   596238.00	        1.00	     1211.00	        1.00
  5.33	      896.00	      326.00	   596223.00	        1.00	     1223.00	        1.00
  5.34	      909.00	      327.00	   596197.00	        1.00	     1237.00	        1.00
  5.35	      930.00	      327.00	   596183.00	        1.00	     1258.00	        1.00
  5.36	      816.00	      457.00	   596365.00	        1.00	     1275.00	        1.00
  5.37	      830.00	      457.00	   596353.00	        1.00	     1289.00	        1.00
  5.38	      846.00	      457.00	   596334.00	        1.00	     1305.00	        1.00
  5.39	      860.00	      457.00	   596319.00	        1.00	     1319.00	        1.00
  5.40	      872.00	      457.00	   596306.00	        1.00	     1331.00	        1.00
  5.41	      886.00	      457.00	   596286.00	        1.00	     1345.00	        1.00
  5.42	      901.00	      458.00	   596262.00	        1.00	     1361.00	        1.00
  5.43	      916.00	      458.00	   596242.00	        1.00	     1376.00	        1.00
  5.44	      926.00	      458.00	   596226.00	        1.00	     1386.00	        1.00
  5.45	      941.00	      458.00	   596202.00	        1.00	     1401.00	        1.00
  5.46	      953.00	      458.00	   596183.00	        1.00	     1413.00	        1.00
  5.47	      965.00	      459.00	   596158.00	        1.00	     1426.00	        1.00
  5.48	      981.00	      459.00	   596140.00	        1.00	     1442.00	        1.00
  5.49	     1001.00	      459.00	   596121.00	        1.00	     1462.00	        1.00
  5.50	     1018.00	      459.00	   596098.00	        1.00	     1479.00	        1.00
  5.51	     1033.00	      459.00	   596080.00	        1.00	     1494.00	        1.00
  5.52	     1050.00	      459.00	   596055.00	        1.00	     1511.00	        1.00
  5.53	      817.00	      704.00	   596438.00	        1.00	     1525.00	        1.00
  5.54	      720.00	      812.00	   596619.00	        1.00	     1537.00	        1.00
  5.55	      732.00	      812.00	   596607.00	        1.00	     1549.00	        1.00
  5.56	      664.00	      897.00	   596800.00	        1.00	     1567.00	        1.00
  5.57	      586.00	      983.00	   596982.00	        1.00	     1576.00	        1.00
  5.58	      529.00	     1050.00	   597159.00	        1.00	     1587.00	        1.00
  5.59	      473.00	     1113.00	   597338.00	        1.00	     1595.00	        1.00
  5.60	      375.00	     1215.00	   597721.00	        1.00	     1601.00	        1.00
  5.61	      381.00	     1216.00	   597699.00	        1.00	     1608.00	        1.00
  5.62	      307.00	     1294.00	   598083.00	        1.00	     1614.00	        1.00
  5.63	      262.00	     1340.00	   598252.00	        1.00	     1616.00	        1.00
  5.64	      238.00	     1366.00	   598433.00	        1.00	     1619.00	        1.00
  5.65	      213.00	     1392.00	   598622.00	        1.00	     1621.00	        1.00
  5.66	      216.00	     1392.00	   598605.00	        1.00	     1624.00	        1.00
  5.67	      178.00	     1434.00	   598980.00	        1.00	     1630.00	        1.00
  5.68	      179.00	     1435.00	   598961.00	        1.00	     1632.00	        1.00
  5.69	      179.00	     1437.00	   598937.00	        1.00	     1634.00	        1.00
  5.70	      146.00	     1470.00	   599319.00	        1.00	     1636.00	        1.00
  5.71	      130.00	     1488.00	   599495.00	        1.00	     1639.00	        1.00
  5.72	      130.00	     1488.00	   599479.00	        1.00	     1639.00	        1.00
  5.73	       57.00	     1556.00	   600660.00	        1.00	     1640.00	        1.00
  5.74	       49.00	     1564.00	   600828.00	        1.00	     1641.00	        1.00
  5.75	       46.00	     1567.00	   600997.00	        1.00	     1642.00	        1.00
  5.76	       39.00	     1573.00	   601173.00	        1.00	     1642.00	        1.00
  5.77	       39.00	     1573.00	   601146.00	        1.00	     1642.00	        1.00
  5.78	       31.00	     1579.00	   601521.00	        1.00	     1642.00	        1.00
  5.79	       31.00	     1579.00	   601503.00	        1.00	     1642.00	        1.00
  5.80	       29.00	     1580.00	   601679.00	        1.00	     1642.00	        1.00
  5.81	       11.00	     1592.00	   602851.00	        1.00	     1642.00	        1.00
  5.82	        7.00	     1595.00	   603020.00	        1.00	     1642.00	        1.00
  5.83	        6.00	     1594.00	   603399.00	        1.00	     1642.00	        1.00
  5.84	        6.00	     1593.00	   603571.00	        1.00	     1642.00	        1.00
  5.85	        5.00	     1593.00	   603745.00	        1.00	     1642.00	        1.00
  5.86	        5.00	     1592.00	   604124.00	        1.00	     1643.00	        1.00
  5.87	        2.00	     1591.00	   604894.00	        1.00	     1643.00	        1.00
  5.88	        2.00	     1588.00	   605468.00	        1.00	     1643.00	        1.00
  5.89	        0.00	     1586.00	   606235.00	        0.00	     1643.00	        1.00
  5.90	        0.00	     1581.00	   607196.00	        0.00	     1643.00	        1.00
  5.91	        0.00	     1579.00	   607572.00	        0.00	     1643.00	        1.00
  5.92	        0.00	     1576.00	   608139.00	        0.00	     1643.00	        1.00
  5.93	        0.00	     1572.00	   608904.00	        0.00	     1643.00	        1.00
  5.94	        0.00	     1570.00	   609269.00	        0.00	     1643.00	        1.00
  5.95	        0.00	     1566.00	   610032.00	        0.00	     1643.00	        1.00
  5.96	        0.00	     1561.00	   610997.00	        0.00	     1643.00	        1.00
  5.97	        0.00	     1558.00	   611559.00	        0.00	     1643.00	        1.00
  5.98	        0.00	     1552.00	   612713.00	        0.00	     1643.00	        1.00
  5.99	        0.00	     1550.00	   613067.00	        0.00	     1643.00	        1.00
  6.00	        0.00	     1545.00	   614026.00	        0.00	     1643.00	        1.00
  6.01	        0.00	     1543.00	   614387.00	        0.00	     1643.00	        1.00
  6.02	        0.00	     1538.00	   615359.00	        0.00	     1643.00	        1.00
  6.03	        0.00	     1532.00	   616515.00	        0.00	     1643.00	        1.00
  6.04	        0.00	     1526.00	   617664.00	        0.00	     1643.00	        1.00
  6.05	        0.00	     1522.00	   618419.00	        0.00	     1643.00	        1.00
  6.06	        0.00	     1517.00	   619370.00	        0.00	     1643.00	        1.00
  6.07	        0.00	     1510.00	   620740.00	        0.00	     1643.00	        1.00
  6.08	        0.00	     1504.00	   621894.00	        0.00	     1643.00	        1.00
  6.09	        0.00	     1499.00	   622840.00	        0.00	     1643.00	        1.00
  6.10	        0.00	     1495.00	   623601.00	        0.00	     1643.00	        1.00
  6.11	        0.00	     1491.00	   624359.00	        0.00	     1643.00	        1.00
  6.12	        0.00	     1479.00	   626705.00	        0.00	     1643.00	        1.00
  6.13	        0.00	     1472.00	   628049.00	        0.00	     1643.00	        1.00
  6.14	        0.00	     1468.00	   628789.00	        0.00	     1643.00	        1.00
  6.15	        0.00	     1463.00	   629737.00	        0.00	     1643.00	        1.00
  6.16	        0.00	     1453.00	   631678.00	        0.00	     1643.00	        1.00
  6.17	        0.00	     1444.00	   633424.00	        0.00	     1643.00	        1.00
  6.18	        0.00	     1432.00	   635755.00	        0.00	     1643.00	        1.00
  6.19	        0.00	     1426.00	   636901.00	        0.00	     1643.00	        1.00
  6.20	        0.00	     1420.00	   638047.00	        0.00	     1643.00	        1.00
  6.21	        0.00	     1415.00	   638988.00	        0.00	     1643.00	        1.00
  6.22	        0.00	     1407.00	   640532.00	        0.00	     1643.00	        1.00
  6.23	        0.00	     1393.00	   643255.00	        0.00	     1643.00	        1.00
  6.24	        0.00	     1382.00	   645399.00	        0.00	     1643.00	        1.00
  6.25	        0.00	     1372.00	   647325.00	        0.00	     1643.00	        1.00
  6.26	        0.00	     1362.00	   649240.00	        0.00	     1643.00	        1.00
  6.27	        0.00	     1351.00	   651355.00	        0.00	     1643.00	        1.00
  6.28	        0.00	     1340.00	   653483.00	        0.00	     1643.00	        1.00
  6.29	        0.00	     1333.00	   654780.00	        0.00	     1643.00	        1.00
  6.30	        0.00	     1322.00	   656916.00	        0.00	     1643.00	        1.00
  6.31	        0.00	     1310.00	   659225.00	        0.00	     1643.00	        1.00
  6.32	        0.00	     1303.00	   660546.00	        0.00	     1643.00	        1.00
  6.33	        0.00	     1295.00	   662053.00	        0.00	     1643.00	        1.00
  6.34	        0.00	     1282.00	   664551.00	        0.00	     1643.00	        1.00
  6.35	        0.00	     1272.00	   666464.00	        0.00	     1643.00	        1.00
  6.36	        0.00	     1259.00	   668973.00	        0.00	     1643.00	        1.00
  6.37	        0.00	     1249.00	   670867.00	        0.00	     1643.00	        1.00
  6.38	        0.00	     1235.00	   673581.00	        0.00	     1643.00	        1.00
  6.39	        0.00	     1225.00	   675498.00	        0.00	     1643.00	        1.00
  6.40	        0.00	     1206.00	   679201.00	        0.00	     1643.00	        1.00
  6.41	        0.00	     1183.00	   683679.00	        0.00	     1643.00	        1.00
  6.42	        0.00	     1178.00	   684557.00	        0.00	     1643.00	        1.00
  6.43	        0.00	     1160.00	   688054.00	        0.00	     1643.00	        1.00
  6.44	        0.00	     1151.00	   689743.00	        0.00	     1643.00	        1.00
  6.45	        0.00	     1140.00	   691813.00	        0.00	     1643.00	        1.00
  6.46	        0.00	     1129.00	   693909.00	        0.00	     1643.00	        1.00
  6.47	        0.00	     1113.00	   696998.00	        0.00	     1643.00	        1.00
  6.48	        0.00	     1103.00	   698875.00	        0.00	     1643.00	        1.00
  6.49	        0.00	     1085.00	   702359.00	        0.00	     1643.00	        1.00
  6.50	        0.00	     1072.00	   704844.00	        0.00	     1643.00	        1.00
  6.51	        0.00	     1056.00	   707933.00	        0.00	     1643.00	        1.00
  6.52	        0.00	     1047.00	   709594.00	        0.00	     1643.00	        1.00
  6.53	        0.00	     1032.00	   712488.00	        0.00	     1643.00	        1.00
  6.54	        0.00	     1019.00	   714937.00	        0.00	     1643.00	        1.00
  6.55	        0.00	     1006.00	   717420.00	        0.00	     1643.00	        1.00
  6.56	        0.00	      990.00	   720499.00	        0.00	     1643.00	        1.00
  6.57	        0.00	      975.00	   723354.00	        0.00	     1643.00	        1.00
  6.58	        0.00	      961.00	   726042.00	        0.00	     1643.00	        1.00
  6.59	        0.00	      945.00	   729113.00	        0.00	     1643.00	        1.00
  6.60	        0.00	      925.00	   732970.00	        0.00	     1643.00	        1.00
  6.61	        0.00	      908.00	   736227.00	        0.00	     1643.00	        1.00
  6.62	        0.00	      891.00	   739476.00	        0.00	     1643.00	        1.00
  6.63	        0.00	      874.00	   742722.00	        0.00	     1643.00	        1.00
  6.64	        0.00	      860.00	   745377.00	        0.00	     1643.00	        1.00
  6.65	        0.00	      844.00	   748434.00	        0.00	     1643.00	        1.00
  6.66	        0.00	      832.00	   750694.00	        0.00	     1643.00	        1.00
  6.67	        0.00	      821.00	   752727.00	        0.00	     1643.00	        1.00
  6.68	        0.00	      811.00	   754546.00	        0.00	     1643.00	        1.00
  6.69	        0.00	      793.00	   757991.00	        0.00	     1643.00	        1.00
  6.70	        0.00	      779.00	   760643.00	        0.00	     1643.00	        1.00
  6.71	        0.00	      758.00	   764692.00	        0.00	     1643.00	        1.00
  6.72	        0.00	      738.00	   768541.00	        0.00	     1643.00	        1.00
  6.73	        0.00	      724.00	   771187.00	        0.00	     1643.00	        1.00
  6.74	        0.00	      710.00	   773841.00	        0.00	     1643.00	        1.00
  6.75	        0.00	      698.00	   776078.00	        0.00	     1643.00	        1.00
  6.76	        0.00	      678.00	   779885.00	        0.00	     1643.00	        1.00
  6.77	        0.00	      664.00	   782538.00	        0.00	     1643.00	        1.00
  6.78	        0.00	      651.00	   784977.00	        0.00	     1643.00	        1.00
  6.79	        0.00	      637.00	   787630.00	        0.00	     1643.00	        1.00
  6.80	        0.00	      616.00	   791671.00	        0.00	     1643.00	        1.00
  6.81	        0.00	      597.00	   795293.00	        0.00	     1643.00	        1.00
  6.82	        0.00	      580.00	   798521.00	        0.00	     1643.00	        1.00
  6.83	        0.00	      567.00	   800951.00	        0.00	     1643.00	        1.00
  6.84	        0.00	      559.00	   802385.00	        0.00	     1643.00	        1.00
  6.85	        0.00	      547.00	   804595.00	        0.00	     1643.00	        1.00
  6.86	        0.00	      530.00	   807823.00	        0.00	     1643.00	        1.00
  6.87	        0.00	      519.00	   809871.00	        0.00	     1643.00	        1.00
  6.88	        0.00	      504.00	   812692.00	        0.00	     1643.00	        1.00
  6.89	        0.00	      489.00	   815483.00	        0.00	     1643.00	        1.00
  6.90	        0.00	      473.00	   818531.00	        0.00	     1643.00	        1.00
  6.91	        0.00	      455.00	   821944.00	        0.00	     1643.00	        1.00
  6.92	        0.00	      439.00	   824998.00	        0.00	     1643.00	        1.00
  6.93	        0.00	      425.00	   827647.00	        0.00	     1643.00	        1.00
  6.94	        0.00	      417.00	   829083.00	        0.00	     1643.00	        1.00
  6.95	        0.00	      408.00	   830704.00	        0.00	     1643.00	        1.00
  6.96	        0.00	      398.00	   832537.00	        0.00	     1643.00	        1.00
  6.97	        0.00	      376.00	   836799.00	        0.00	     1643.00	        1.00
  6.98	        0.00	      366.00	   838639.00	        0.00	     1643.00	        1.00
  6.99	        0.00	      354.00	   840875.00	        0.00	     1643.00	        1.00
  7.00	        0.00	      346.00	   842336.00	        0.00	     1643.00	        1.00
  7.01	        0.00	      339.00	   843576.00	        0.00	     1643.00	        1.00
  7.02	        0.00	      331.00	   845026.00	        0.00	     1643.00	        1.00
  7.03	        0.00	      326.00	   845856.00	        0.00	     1643.00	        1.00
  7.04	        0.00	      321.00	   846718.00	        0.00	     1643.00	        1.00
  7.05	        0.00	      309.00	   848979.00	        0.00	     1643.00	        1.00
  7.06	        0.00	      299.00	   850824.00	        0.00	     1643.00	        1.00
  7.07	        0.00	      285.00	   853476.00	        0.00	     1643.00	        1.00
  7.08	        0.00	      276.00	   855137.00	        0.00	     1643.00	        1.00
  7.09	        0.00	      264.00	   857392.00	        0.00	     1643.00	        1.00
  7.10	        0.00	      251.00	   859824.00	        0.00	     1643.00	        1.00
  7.11	        0.00	      245.00	   860885.00	        0.00	     1643.00	        1.00
  7.12	        0.00	      237.00	   862345.00	        0.00	     1643.00	        1.00
  7.13	        0.00	      226.00	   864415.00	        0.00	     1643.00	        1.00
  7.14	        0.00	      216.00	   866296.00	        0.00	     1643.00	        1.00
  7.15	        0.00	      209.00	   867551.00	        0.00	     1643.00	        1.00
  7.16	        0.00	      204.00	   868412.00	        0.00	     1643.00	        1.00
  7.17	        0.00	      199.00	   869279.00	        0.00	     1643.00	        1.00
  7.18	        0.00	      192.00	   870572.00	        0.00	     1643.00	        1.00
  7.19	        0.00	      186.00	   871645.00	        0.00	     1643.00	        1.00
  7.20	        0.00	      181.00	   872506.00	        0.00	     1643.00	        1.00
  7.21	        0.00	      171.00	   874364.00	        0.00	     1643.00	        1.00
  7.22	        0.00	      165.00	   875437.00	        0.00	     1643.00	        1.00
  7.23	        0.00	      160.00	   876326.00	        0.00	     1643.00	        1.00
  7.24	        0.00	      151.00	   878009.00	        0.00	     1643.00	        1.00
  7.25	        0.00	      147.00	   878699.00	        0.00	     1643.00	        1.00
  7.26	        0.00	      141.00	   879772.00	        0.00	     1643.00	        1.00
  7.27	        0.00	      136.00	   880657.00	        0.00	     1643.00	        1.00
  7.28	        0.00	      127.00	   882324.00	        0.00	     1643.00	        1.00
  7.29	        0.00	      125.00	   882603.00	        0.00	     1643.00	        1.00
  7.30	        0.00	      123.00	   882882.00	        0.00	     1643.00	        1.00
  7.31	        0.00	      120.00	   883368.00	        0.00	     1643.00	        1.00
  7.32	        0.00	      115.00	   884265.00	        0.00	     1643.00	        1.00
  7.33	        0.00	      109.00	   885343.00	        0.00	     1643.00	        1.00
  7.34	        0.00	      106.00	   885826.00	        0.00	     1643.00	        1.00
  7.35	        0.00	      103.00	   886315.00	        0.00	     1643.00	        1.00
  7.36	        0.00	       94.00	   888023.00	        0.00	     1643.00	        1.00
  7.37	        0.00	       91.00	   888506.00	        0.00	     1643.00	        1.00
  7.38	        0.00	       86.00	   889397.00	        0.00	     1643.00	        1.00
  7.39	        0.00	       82.00	   890102.00	        0.00	     1643.00	        1.00
  7.40	        0.00	       80.00	   890402.00	        0.00	     1643.00	        1.00
  7.41	        0.00	       76.00	   891111.00	        0.00	     1643.00	        1.00
  7.42	        0.00	       73.00	   891624.00	        0.00	     1643.00	        1.00
  7.43	        0.00	       70.00	   892112.00	        0.00	     1643.00	        1.00
  7.44	        0.00	       67.00	   892620.00	        0.00	     1643.00	        1.00
  7.45	        0.00	       65.00	   892934.00	        0.00	     1643.00	        1.00
  7.46	        0.00	       65.00	   892834.00	        0.00	     1643.00	        1.00
  7.47	        0.00	       62.00	   893337.00	        0.00	     1643.00	        1.00
  7.48	        0.00	       60.00	   893642.00	        0.00	     1643.00	        1.00
  7.49	        0.00	       58.00	   893954.00	        0.00	     1643.00	        1.00
  7.50	        0.00	       55.00	   894474.00	        0.00	     1643.00	        1.00
  7.51	        0.00	       53.00	   894787.00	        0.00	     1643.00	        1.00
  7.52	        0.00	       50.00	   895297.00	        0.00	     1643.00	        1.00
  7.53	        0.00	       49.00	   895413.00	        0.00	     1643.00	        1.00
  7.54	        0.00	       48.00	   895539.00	        0.00	     1643.00	        1.00
  7.55	        0.00	       44.00	   896273.00	        0.00	     1643.00	        1.00
  7.56	        0.00	       43.00	   896383.00	        0.00	     1643.00	        1.00
  7.57	        0.00	       42.00	   896505.00	        0.00	     1643.00	        1.00
  7.58	        0.00	       41.00	   896634.00	        0.00	     1643.00	        1.00
  7.59	        0.00	       39.00	   896967.00	        0.00	     1643.00	        1.00
  7.60	        0.00	       35.00	   897692.00	        0.00	     1643.00	        1.00
  7.61	        0.00	       35.00	   897603.00	        0.00	     1643.00	        1.00
  7.62	        0.00	       33.00	   897917.00	        0.00	     1643.00	        1.00
  7.63	        0.00	       32.00	   898043.00	        0.00	     1643.00	        1.00
  7.64	        0.00	       29.00	   898593.00	        0.00	     1643.00	        1.00
  7.65	        0.00	       28.00	   898707.00	        0.00	     1643.00	        1.00
  7.66	        0.00	       27.00	   898827.00	        0.00	     1643.00	        1.00
  7.67	        0.00	       26.00	   898958.00	        0.00	     1643.00	        1.00
  7.68	        0.00	       25.00	   899085.00	        0.00	     1643.00	        1.00
  7.69	        0.00	       25.00	   899017.00	        0.00	     1643.00	        1.00
  7.70	        0.00	       22.00	   899551.00	        0.00	     1643.00	        1.00
  7.71	        0.00	       22.00	   899490.00	        0.00	     1643.00	        1.00
  7.72	        0.00	       22.00	   899427.00	        0.00	     1643.00	        1.00
  7.73	        0.00	       22.00	   899369.00	        0.00	     1643.00	        1.00
  7.74	        0.00	       18.00	   900104.00	        0.00	     1643.00	        1.00
  7.75	        0.00	       17.00	   900240.00	        0.00	     1643.00	        1.00
  7.76	        0.00	       17.00	   900187.00	        0.00	     1643.00	        1.00
  7.77	        0.00	       16.00	   900317.00	        0.00	     1643.00	        1.00
  7.78	        0.00	       15.00	   900459.00	        0.00	     1643.00	        1.00
  7.79	        0.00	       15.00	   900404.00	        0.00	     1643.00	        1.00
  7.80	        0.00	       15.00	   900341.00	        0.00	     1643.00	        1.00
  7.81	        0.00	       15.00	   900288.00	        0.00	     1643.00	        1.00
  7.82	        0.00	       14.00	   900421.00	        0.00	     1643.00	        1.00
  7.83	        0.00	       13.00	   900574.00	        0.00	     1643.00	        1.00
  7.84	        0.00	       13.00	   900521.00	        0.00	     1643.00	        1.00
  7.85	        0.00	       12.00	   900673.00	        0.00	     1643.00	        1.00
  7.86	        0.00	       12.00	   900613.00	        0.00	     1643.00	        1.00
  7.87	        0.00	       11.00	   900756.00	        0.00	     1643.00	        1.00
  7.88	        0.00	       10.00	   900908.00	        0.00	     1643.00	        1.00
  7.89	        0.00	        9.00	   901069.00	        0.00	     1643.00	        1.00
  7.90	        0.00	        8.00	   901218.00	        0.00	     1643.00	        1.00
  7.91	        0.00	        8.00	   901175.00	        0.00	     1643.00	        1.00
  7.92	        0.00	        8.00	   901129.00	        0.00	     1643.00	        1.00
  7.93	        0.00	        8.00	   901071.00	        0.00	     1643.00	        1.00
  7.94	        0.00	        8.00	   901016.00	        0.00	     1643.00	        1.00
  7.95	        0.00	        8.00	   900978.00	        0.00	     1643.00	        1.00
  7.96	        0.00	        8.00	   900922.00	        0.00	     1643.00	        1.00
  7.97	        0.00	        8.00	   900874.00	        0.00	     1643.00	        1.00
  7.98	        0.00	        6.00	   901229.00	        0.00	     1643.00	        1.00
  7.99	        0.00	        5.00	   901379.00	        0.00	     1643.00	        1.00
  8.00	        0.00	        5.00	   901344.00	        0.00	     1643.00	        1.00
  8.01	        0.00	        4.00	   901495.00	        0.00	     1643.00	        1.00
  8.02	        0.00	        4.00	   901461.00	        0.00	     1643.00	        1.00
  8.03	        0.00	        4.00	   901426.00	        0.00	     1643.00	        1.00
  8.04	        0.00	        4.00	   901376.00	        0.00	     1643.00	        1.00
  8.05	        0.00	        4.00	   901330.00	        0.00	     1643.00	        1.00
  8.06	        0.00	        4.00	   901284.00	        0.00	     1643.00	        1.00
  8.07	        0.00	        4.00	   901251.00	        0.00	     1643.00	        1.00
  8.08	        0.00	        3.00	   901402.00	        0.00	     1643.00	        1.00
  8.09	        0.00	        2.00	   901550.00	        0.00	     1643.00	        1.00
  8.10	        0.00	        2.00	   901498.00	        0.00	     1643.00	        1.00
  8.11	        0.00	        2.00	   901459.00	        0.00	     1643.00	        1.00
  8.12	        0.00	        2.00	   901423.00	        0.00	     1643.00	        1.00
  8.13	        0.00	        2.00	   901377.00	        0.00	     1643.00	        1.00
  8.14	        0.00	        2.00	   901332.00	        0.00	     1643.00	        1.00
  8.15	        0.00	        2.00	   901286.00	        0.00	     1643.00	        1.00
  8.16	        0.00	        2.00	   901250.00	        0.00	     1643.00	        1.00
  8.17	        0.00	        2.00	   901209.00	        0.00	     1643.00	        1.00
  8.18	        0.00	        2.00	   901171.00	        0.00	     1643.00	        1.00
  8.19	        0.00	        2.00	   901139.00	        0.00	     1643.00	        1.00
  8.20	        0.00	        2.00	   901087.00	        0.00	     1643.00	        1.00
  8.21	        0.00	        2.00	   901043.00	        0.00	     1643.00	        1.00
  8.22	        0.00	        1.00	   901213.00	        0.00	     1643.00	        1.00
  8.23	        0.00	        1.00	   901187.00	        0.00	     1643.00	        1.00
  8.24	        0.00	        1.00	   901156.00	        0.00	     1643.00	        1.00
  8.25	        0.00	        1.00	   901124.00	        0.00	     1643.00	        1.00
  8.26	        0.00	        1.00	   901080.00	        0.00	     1643.00	        1.00
  8.27	        0.00	        1.00	   901042.00	        0.00	     1643.00	        1.00
  8.28	        0.00	        1.00	   901002.00	        0.00	     1643.00	        1.00
  8.29	        0.00	        1.00	   900974.00	        0.00	     1643.00	        1.00
  8.30	        0.00	        1.00	   900944.00	        0.00	     1643.00	        1.00
  8.31	        0.00	        1.00	   900910.00	        0.00	     1643.00	        1.00
  8.32	        0.00	        1.00	   900864.00	        0.00	     1643.00	        1.00
  8.33	        0.00	        1.00	   900843.00	        0.00	     1643.00	        1.00
  8.34	        0.00	        1.00	   900812.00	        0.00	     1643.00	        1.00
  8.35	        0.00	        1.00	   900777.00	        0.00	     1643.00	        1.00
  8.36	        0.00	        1.00	   900735.00	        0.00	     1643.00	        1.00
  8.37	        0.00	        1.00	   900709.00	        0.00	     1643.00	        1.00
  8.38	        0.00	        1.00	   900668.00	        0.00	     1643.00	        1.00
  8.39	        0.00	        1.00	   900643.00	        0.00	     1643.00	        1.00
  8.40	        0.00	        1.00	   900610.00	        0.00	     1643.00	        1.00
  8.41	        0.00	        0.00	   900772.00	        0.00	     1643.00	        0.00
